,weight,grade,cml_weight,weight_pct,cml_weight_pct,yield,cml_yield,cml_grade,recovery,cml_recovery,distributional_heterogeneity
1,0.9100000000000001,0.52,0.9100000000000001,0.03641456582633054,0.03641456582633054,0.47320000000000007,0.47320000000000007,0.52,0.09201750121536219,0.09201750121536219,0.0030916864238768288
4,1.83,0.45,2.74,0.07322929171668668,0.10964385754301723,0.8235,1.2967,0.4732481751824817,0.16013612056392806,0.25215362177929024,0.007552796900283707
6,0.9199999999999999,0.34,3.66,0.03681472589035614,0.14645858343337337,0.3128,1.6095,0.4397540983606557,0.060826446280991736,0.312980068060282,0.0005765627161180652
5,3.04,0.33,6.7,0.12164865946378553,0.2681072428971589,1.0032,2.6127000000000002,0.38995522388059706,0.19508021390374333,0.5080602819640253,0.005392193187468487
8,1.6799999999999997,0.29,8.379999999999999,0.06722689075630252,0.33533413365346143,0.4871999999999999,3.0999000000000003,0.3699164677804297,0.09473991249392318,0.6028001944579485,0.0007569663651347866
3,1.83,0.21,10.209999999999999,0.07322929171668668,0.4085634253701481,0.3843,3.4842000000000004,0.3412536728697356,0.07473018959649975,0.6775303840544483,2.2526944456273902e-06
7,2.8900000000000006,0.21,13.1,0.11564625850340139,0.5242096838735495,0.6069000000000001,4.091100000000001,0.3122977099236642,0.11801652892561985,0.7955469129800682,5.618181874443708e-06
9,2.130000000000001,0.16,15.23,0.08523409363745502,0.6094437775110045,0.34080000000000016,4.431900000000001,0.29099803020354564,0.06627126883811378,0.8618181818181819,0.0003595887243705108
2,1.6799999999999997,0.15,16.91,0.06722689075630252,0.676670668267307,0.25199999999999995,4.6839,0.276989946777055,0.04900340301409819,0.9108215848322802,0.00033209550549027114
13,1.5199999999999996,0.15,18.43,0.060824329731892744,0.7374949979991998,0.22799999999999992,4.9119,0.26651654910472056,0.04433641225085074,0.9551579970831309,0.00027185142286165046
11,1.5300000000000011,0.07,19.96,0.061224489795918415,0.7987194877951183,0.10710000000000008,5.019,0.2514529058116232,0.020826446280991753,0.9759844433641226,0.001632001919833908
14,1.2199999999999989,0.07,21.18,0.048819527811124405,0.8475390156062427,0.08539999999999993,5.1044,0.24100094428706328,0.016606708799222155,0.9925911521633447,0.0010376657086935712
0,0.46,0.01,21.64,0.018407362945178075,0.8659463785514208,0.0046,5.109,0.23609057301293898,0.0008945065629557608,0.9934856587263005,0.00030670013866434474
10,2.4399999999999977,0.01,24.08,0.09763905562224881,0.9635854341736696,0.024399999999999977,5.1334,0.2131810631229236,0.0047447739426349006,0.9982304326689354,0.008629347568771453
12,0.9100000000000001,0.01,24.99,0.03641456582633054,1.0000000000000002,0.009100000000000002,5.1425,0.20578231292517007,0.0017695673310646576,1.0,0.001200275920736975
