,weight,grade,cml_weight,weight_pct,cml_weight_pct,yield,cml_yield,cml_grade,recovery,cml_recovery,distributional_heterogeneity
0,0.61,0.31,0.61,0.01852976913730255,0.01852976913730255,0.1891,0.1891,0.31,0.05284041691116885,0.05284041691116885,0.0011772205506623162
2,1.52,0.22,2.13,0.046172539489671933,0.06470230862697449,0.33440000000000003,0.5235000000000001,0.245774647887324,0.09344175259172324,0.14628216950289208,0.002234378507287139
3,2.14,0.21,4.27,0.06500607533414338,0.12970838396111786,0.4494,0.9729000000000001,0.22784543325526938,0.12557632659904433,0.2718584961019364,0.003668755338293235
14,2.4400000000000013,0.18,6.710000000000001,0.07411907654921024,0.2038274605103281,0.4392000000000002,1.4121000000000004,0.21044709388971686,0.12272612960013417,0.3945846257020706,0.0023626456062953325
1,1.2200000000000002,0.17,7.9300000000000015,0.037059538274605106,0.2408869987849332,0.20740000000000006,1.6195000000000004,0.20422446406052963,0.05795400564450779,0.4525386313465784,0.00043657876667192773
9,1.5199999999999996,0.17,9.450000000000001,0.04617253948967192,0.2870595382746051,0.25839999999999996,1.8779000000000003,0.19871957671957674,0.07220499063905886,0.5247436219856373,0.000677688512845217
7,3.0500000000000007,0.15,12.500000000000002,0.09264884568651277,0.3797083839611179,0.4575000000000001,2.3354000000000004,0.186832,0.12783971833347305,0.6525833403191104,0.001238397517654577
4,2.8900000000000006,0.1,15.390000000000002,0.08778857837181046,0.46749696233292837,0.2890000000000001,2.6244000000000005,0.1705263157894737,0.08075558163578955,0.7333389219548999,4.946304308888096e-05
6,3.049999999999999,0.1,18.44,0.09264884568651272,0.560145808019441,0.30499999999999994,2.9294000000000002,0.15886117136659436,0.08522647888898201,0.818565400843882,5.509152887708654e-05
5,2.59,0.07,21.03,0.07867557715674361,0.6388213851761846,0.18130000000000002,3.1107000000000005,0.14791726105563482,0.050660854500237516,0.8692262553441195,0.0007848246855209563
10,3.0500000000000007,0.05,24.080000000000002,0.09264884568651277,0.7314702308626974,0.15250000000000005,3.2632000000000003,0.13551495016611295,0.042613239444491025,0.9118394947886105,0.0025035618920066457
13,2.59,0.05,26.67,0.07867557715674361,0.810145808019441,0.1295,3.3927000000000005,0.1272103487064117,0.0361863246430268,0.9480258194316373,0.0018053365791743912
8,3.0500000000000007,0.04,29.720000000000002,0.09264884568651277,0.9027946537059538,0.12200000000000003,3.5147000000000004,0.11826043068640646,0.03409059155559282,0.9821164109872301,0.0034290691268614054
11,2.129999999999999,0.02,31.85,0.06470230862697444,0.9674969623329283,0.04259999999999998,3.5573000000000006,0.11168916797488228,0.011903763936625024,0.9940201749238552,0.0027876863214188257
12,1.0700000000000003,0.02,32.92,0.032503037667071695,1.0,0.021400000000000006,3.5787000000000004,0.10870899149453221,0.00597982507614497,1.0000000000000002,0.0007034808061434941
