,weight,grade,cml_weight,weight_pct,cml_weight_pct,yield,cml_yield,cml_grade,recovery,cml_recovery,distributional_heterogeneity
3,2.0,0.368,2.0,0.03007518796992481,0.03007518796992481,0.736,0.736,0.368,0.062486203793320094,0.062486203793320094,0.0010504739467043793
16,2.5,0.311,4.5,0.03759398496240601,0.06766917293233082,0.7775,1.5135,0.3363333333333334,0.06600954273003583,0.12849574652335594,0.0008074439232455073
8,5.0,0.281,9.5,0.07518796992481203,0.14285714285714285,1.4050000000000002,2.9185000000000003,0.3072105263157895,0.11928412544784613,0.24777987197120205,0.0019444709319116095
15,2.5,0.281,12.0,0.03759398496240601,0.18045112781954886,0.7025000000000001,3.6210000000000004,0.30175,0.05964206272392306,0.30742193469512513,0.0004861177329779024
6,3.5,0.227,15.5,0.05263157894736842,0.23308270676691728,0.7945,4.415500000000001,0.28487096774193554,0.06745283819808806,0.3748747728932132,0.00021966972577704263
19,0.5,0.211,16.0,0.007518796992481203,0.24060150375939848,0.1055,4.521000000000001,0.28256250000000005,0.008956921875265311,0.3838316947684785,2.0682031784828078e-06
4,0.5,0.204,16.5,0.007518796992481203,0.24812030075187969,0.102,4.623000000000001,0.28018181818181825,0.008659772808313383,0.3924914675767919,1.3018258123139066e-06
14,5.0,0.199,21.5,0.07518796992481203,0.3233082706766917,0.9950000000000001,5.618000000000001,0.2613023255813954,0.0844752347477629,0.4769667023245548,8.625328789162071e-05
13,5.0,0.18,26.5,0.07518796992481203,0.39849624060150374,0.8999999999999999,6.518000000000001,0.2459622641509434,0.07640976007335337,0.5533764623979082,1.492771167072678e-06
7,0.5,0.177,27.0,0.007518796992481203,0.40601503759398494,0.0885,6.6065000000000005,0.2446851851851852,0.007513626407213082,0.5608900888051213,2.6734952014914118e-11
5,0.5,0.171,27.5,0.007518796992481203,0.41353383458646614,0.0855,6.692,0.24334545454545456,0.007258927206968571,0.5681490160120898,6.75323054223812e-08
18,1.2999999999999972,0.168,28.799999999999997,0.019548872180451086,0.43308270676691724,0.21839999999999954,6.9104,0.23994444444444446,0.01854210177780038,0.5866911177898901,1.013586643653463e-06
10,5.0,0.159,33.8,0.07518796992481203,0.5082706766917293,0.795,7.7054,0.22797041420118344,0.06749528806479549,0.6541864058546856,5.917735419942763e-05
12,5.0,0.159,38.8,0.07518796992481203,0.5834586466165413,0.795,8.5004,0.21908247422680416,0.06749528806479549,0.721681693919481,5.917735419942763e-05
11,5.0,0.147,43.8,0.07518796992481203,0.6586466165413534,0.735,9.2354,0.21085388127853882,0.06240130405990526,0.7840829979793863,0.00016349882394077215
1,1.5,0.145,45.3,0.022556390977443608,0.6812030075187969,0.21749999999999997,9.4529,0.20867328918322298,0.01846569201772706,0.8025486899971134,1.6733817979026016e-05
9,5.0,0.14,50.3,0.07518796992481203,0.756390977443609,0.7000000000000001,10.152899999999999,0.2018469184890656,0.059429813390385965,0.8619785033874994,0.0002483194973634749
20,1.7000000000000028,0.136,52.0,0.025563909774436133,0.7819548872180451,0.2312000000000004,10.3841,0.19969423076923076,0.019628818365510368,0.8816073217530097,3.522531003230442e-05
17,4.0,0.129,56.0,0.06015037593984962,0.8421052631578947,0.516,10.9001,0.19464464285714286,0.043808262442055934,0.9254155841950656,0.0002670646735747706
21,5.0,0.104,61.0,0.07518796992481203,0.9172932330827067,0.52,11.4201,0.18721475409836066,0.04414786137571528,0.9695634455707809,0.0009634883387397091
2,0.5,0.067,61.5,0.007518796992481203,0.9248120300751879,0.0335,11.4536,0.18623739837398373,0.0028441410693970425,0.9724075866401779,2.1852407999225825e-05
0,5.0,0.065,66.5,0.07518796992481203,0.9999999999999999,0.325,11.778599999999999,0.17712180451127818,0.027592413359822054,1.0,0.002265337004731161
