,weight,grade,cml_weight,weight_pct,cml_weight_pct,yield,cml_yield,cml_grade,recovery,cml_recovery,distributional_heterogeneity
16,3.0,0.237,3.0,0.018050541516245487,0.018050541516245487,0.711,0.711,0.237,0.03707585689032118,0.03707585689032118,0.00036196262508304084
19,1.0,0.227,4.0,0.006016847172081829,0.024067388688327317,0.227,0.938,0.2345,0.011837158247683416,0.0489130151380046,3.387602101677049e-05
13,2.5,0.221,6.5,0.015042117930204574,0.039109506618531895,0.5525,1.4905,0.2293076923076923,0.02881070454557307,0.07772371968357766,0.00018957397738490452
4,3.0,0.211,9.5,0.018050541516245487,0.05716004813477738,0.633,2.1235,0.22352631578947368,0.03300846330741675,0.11073218299099441,0.00022373942431079598
11,5.0,0.189,14.5,0.030084235860409148,0.08724428399518652,0.9450000000000001,3.0685000000000002,0.21162068965517242,0.04927803763903448,0.1600102206300289,0.0003684020267171611
25,1.0,0.187,15.5,0.006016847172081829,0.09326113116726835,0.187,3.2555,0.21003225806451614,0.0097513153846555,0.1697615360146844,1.3946252830723188e-05
20,1.5,0.167,17.0,0.009025270758122744,0.1022864019253911,0.2505,3.5060000000000002,0.20623529411764707,0.013062590929712315,0.18282412694439673,1.6299954167924045e-05
2,5.0,0.158,22.0,0.030084235860409148,0.13237063778580024,0.79,4.296,0.1952727272727273,0.04119539654480132,0.22401952348919804,0.00012345789175438216
36,5.0,0.149,27.0,0.030084235860409148,0.1624548736462094,0.745,5.041,0.1867037037037037,0.03884882332389491,0.26286834681309296,7.681799340509174e-05
14,2.5,0.147,29.5,0.015042117930204574,0.17749699157641396,0.3675,5.4085,0.18333898305084745,0.019163681304068966,0.28203202811716194,1.698728464478041e-05
30,5.0,0.145,34.5,0.030084235860409148,0.2075812274368231,0.725,6.1335,0.17778260869565216,0.03780590189238095,0.31983793000954286,5.9624126309307134e-05
3,2.5,0.136,37.0,0.015042117930204574,0.2226233453670277,0.34,6.4735,0.17495945945945945,0.017729664335737274,0.3375675943452801,7.222905681891741e-06
37,5.0,0.135,42.0,0.030084235860409148,0.25270758122743686,0.675,7.148499999999999,0.17020238095238094,0.03519859831359606,0.37276619265887617,2.6156703302568054e-05
32,5.0,0.133,47.0,0.030084235860409148,0.282791817087846,0.665,7.8134999999999994,0.1662446808510638,0.03467713759783908,0.40744333025671525,2.10947463696869e-05
7,4.0,0.127,51.0,0.024067388688327317,0.3068592057761733,0.508,8.3215,0.16316666666666668,0.026490204360454517,0.43393353461716977,5.87003578110516e-06
21,1.5,0.127,52.5,0.009025270758122744,0.3158844765342961,0.1905,8.512,0.16213333333333335,0.009933826635170444,0.4438673612523402,8.254737817179131e-07
22,1.5,0.125,54.0,0.009025270758122744,0.32490974729241884,0.1875,8.6995,0.16110185185185186,0.00977738842044335,0.45364474967278356,5.656809779746116e-07
42,0.9000000000000057,0.125,54.900000000000006,0.005415162454873681,0.3303249097472925,0.11250000000000071,8.812000000000001,0.16051001821493624,0.005866433052266046,0.4595111827250496,2.036451520708628e-07
34,5.000000000000014,0.124,59.90000000000002,0.030084235860409234,0.36040914560770176,0.6200000000000018,9.432000000000002,0.1574624373956594,0.03233056437693277,0.49184174710198236,5.045991804146819e-06
27,5.0,0.124,64.90000000000002,0.030084235860409148,0.3904933814681109,0.62,10.052000000000001,0.15488443759630197,0.03233056437693268,0.5241723114789151,5.045991804146791e-06
40,5.0,0.121,69.90000000000002,0.030084235860409148,0.42057761732852006,0.605,10.657000000000002,0.15246065808297565,0.031548373303297204,0.5557206847822123,2.143698451666783e-06
6,2.5,0.121,72.40000000000002,0.015042117930204574,0.43561973525872466,0.3025,10.959500000000002,0.15137430939226518,0.015774186651648602,0.5714948714338609,5.359246129166957e-07
15,2.0,0.12,74.40000000000002,0.012033694344163659,0.44765342960288834,0.24,11.199500000000002,0.1505309139784946,0.012515057178167487,0.5840099286120284,2.3171017796019653e-07
26,5.0,0.12,79.40000000000002,0.030084235860409148,0.4777376654632975,0.6,11.799500000000002,0.14860831234256924,0.03128764294541872,0.6152975715574471,1.4481886122512282e-06
38,1.0,0.117,80.40000000000002,0.006016847172081829,0.48375451263537933,0.117,11.916500000000003,0.14821517412935323,0.006101090374356651,0.6213986619318038,7.096917129516375e-09
24,1.0,0.115,81.40000000000002,0.006016847172081829,0.48977135980746117,0.115,12.031500000000003,0.1478071253071253,0.005996798231205255,0.6273954601630091,4.0196003027240004e-10
10,5.0,0.112,86.40000000000002,0.030084235860409148,0.5198555956678703,0.56,12.591500000000003,0.1457349537037037,0.029201800082390806,0.6565972602453999,7.786929023268396e-07
35,5.0,0.109,91.40000000000002,0.030084235860409148,0.5499398315282795,0.545,13.136500000000003,0.1437253829321663,0.02841960900875534,0.6850168692541552,2.7709825552468836e-06
18,1.7999999999999972,0.109,93.20000000000002,0.010830324909747276,0.5607701564380267,0.19619999999999968,13.332700000000003,0.1430547210300429,0.010231059243151904,0.6952479284973071,3.5911933915999493e-07
33,5.0,0.108,98.20000000000002,0.030084235860409148,0.590854392298436,0.54,13.872700000000002,0.14126985743380854,0.028158878650876847,0.723406807148184,3.707000384298012e-06
5,4.0,0.106,102.20000000000002,0.024067388688327317,0.6149217809867633,0.424,14.296700000000001,0.13988943248532287,0.022109934348095894,0.7455167414962799,3.8316274940908425e-06
1,5.0,0.102,107.20000000000002,0.030084235860409148,0.6450060168471725,0.51,14.806700000000001,0.1381222014925373,0.026594496503605913,0.7721112379998858,1.2178280778421485e-05
31,5.0,0.101,112.20000000000002,0.030084235860409148,0.6750902527075817,0.505,15.311700000000002,0.13646791443850267,0.02633376614572742,0.7984450041456133,1.406602308074482e-05
28,5.0,0.1,117.20000000000002,0.030084235860409148,0.7051744885679909,0.5,15.811700000000002,0.13491211604095563,0.026073035787848933,0.8245180399334622,1.608972602210707e-05
23,5.0,0.096,122.20000000000002,0.030084235860409148,0.7352587244284001,0.48,16.291700000000002,0.13331996726677578,0.025030114356334975,0.8495481542897971,2.554414417794498e-05
12,1.5,0.095,123.70000000000002,0.009025270758122744,0.7442839951865229,0.14250000000000002,16.4342,0.13285529506871463,0.007430815199536946,0.856978969489334,2.5422885283051518e-06
17,5.0,0.094,128.70000000000002,0.030084235860409148,0.774368231046932,0.47,16.9042,0.13134576534576534,0.024508653640577995,0.881487623129912,3.108711709009728e-05
29,5.0,0.091,133.70000000000002,0.030084235860409148,0.8044524669073412,0.45499999999999996,17.359199999999998,0.12983694839192217,0.023726462566942528,0.9052140856968546,4.0421281251117405e-05
41,5.0,0.091,138.70000000000002,0.030084235860409148,0.8345367027677504,0.45499999999999996,17.814199999999996,0.12843691420331646,0.023726462566942528,0.9289405482637971,4.0421281251117405e-05
43,0.4000000000000057,0.088,139.10000000000002,0.002406738868832766,0.8369434416365832,0.035200000000000495,17.849399999999996,0.1283206326383896,0.0018355417194645905,0.9307760899832617,3.2626618344632955e-07
8,5.0,0.068,144.10000000000002,0.030084235860409148,0.8670276774969923,0.34,18.189399999999996,0.1262276197085357,0.017729664335737274,0.948505754318999,0.00015263543755823309
9,5.0,0.057,149.10000000000002,0.030084235860409148,0.8971119133574015,0.28500000000000003,18.474399999999996,0.12390610328638493,0.014861630399073893,0.9633673847180728,0.00023172771703147395
47,1.0999999999999943,0.055,150.20000000000002,0.006618531889289978,0.9037304452466914,0.060499999999999686,18.534899999999997,0.123401464713715,0.0031548373303297043,0.9665222220484025,1.1997179997771007e-05
0,5.0,0.051,155.20000000000002,0.030084235860409148,0.9338146811071006,0.255,18.789899999999996,0.12106894329896903,0.013297248251802956,0.9798194703002056,0.0002818029529714978
46,1.0999999999999943,0.049,156.3,0.006618531889289978,0.9404332129963906,0.053899999999999726,18.843799999999995,0.12056174024312216,0.0028106732579301005,0.9826301435581356,1.4499787356421922e-05
44,3.3999999999999773,0.039,159.7,0.020457280385078085,0.9608904933814687,0.1325999999999991,18.976399999999995,0.11882529743268626,0.00691456909093749,0.9895447126490731,0.0001834050291964432
39,0.6999999999999886,0.039,160.39999999999998,0.0042117930204572124,0.965102286401926,0.027299999999999557,19.003699999999995,0.11847693266832916,0.0014235877540165287,0.9909683004030896,7.774088607807564e-06
45,1.8000000000000114,0.034,162.2,0.010830324909747361,0.9759326113116733,0.06120000000000039,19.064899999999994,0.11753945745992599,0.0031913395804327297,0.9941596399835223,5.835409686148418e-05
48,4.0,0.028,166.2,0.024067388688327317,1.0000000000000007,0.112,19.176899999999993,0.115384476534296,0.005840360016478161,1.0000000000000004,0.0003322245742044113
