,weight,grade,cml_weight,weight_pct,cml_weight_pct,yield,cml_yield,cml_grade,recovery,cml_recovery,distributional_heterogeneity
26,0.4000000000000057,0.463,0.4000000000000057,0.0038948393378773678,0.0038948393378773678,0.18520000000000264,0.18520000000000264,0.463,0.017756471716203516,0.017756471716203516,0.0001921448521918599
23,0.5999999999999943,0.249,1.0,0.005842259006815913,0.00973709834469328,0.1493999999999986,0.33460000000000123,0.33460000000000123,0.014324065196548285,0.0320805369127518,7.194103624018239e-05
27,4.299999999999997,0.161,5.299999999999997,0.041869522882181084,0.051606621226874365,0.6922999999999996,1.0269000000000008,0.19375471698113234,0.06637583892617446,0.09845637583892626,0.0006005595260480879
5,4.0,0.143,9.299999999999997,0.03894839337877312,0.0905550146056475,0.572,1.5989000000000009,0.17192473118279586,0.05484180249280921,0.15329817833173548,0.00025260045326612533
24,5.0,0.132,14.299999999999997,0.0486854917234664,0.1392405063291139,0.66,2.258900000000001,0.15796503496503506,0.06327900287631832,0.2165771812080538,0.0002129705677684135
11,5.0,0.126,19.299999999999997,0.0486854917234664,0.18792599805258028,0.63,2.888900000000001,0.14968393782383427,0.0604026845637584,0.2769798657718122,0.00013729260805659004
12,5.0,0.124,24.299999999999997,0.0486854917234664,0.23661148977604668,0.62,3.508900000000001,0.14439917695473256,0.05944391179290509,0.3364237775647173,0.00011574360239050113
29,3.0,0.118,27.299999999999997,0.029211295034079845,0.2658227848101265,0.354,3.862900000000001,0.14149816849816854,0.0339405560882071,0.3703643336529244,2.2365910118084852e-05
4,5.0,0.115,32.3,0.0486854917234664,0.3145082765335929,0.5750000000000001,4.437900000000001,0.1373962848297214,0.05512943432406522,0.4254937679769896,4.152439623981209e-05
6,4.5,0.114,36.8,0.043816942551119765,0.3583252190847127,0.513,4.950900000000001,0.13453532608695656,0.0491850431447747,0.4746788111217643,2.8816503983598476e-05
30,2.8999999999999915,0.112,39.69999999999999,0.02823758519961043,0.38656280428432316,0.32479999999999903,5.2757,0.1328891687657431,0.03114093959731535,0.5058197507190797,8.429466758672498e-06
17,0.29999999999999716,0.109,39.999999999999986,0.0029211295034079566,0.3894839337877311,0.03269999999999969,5.308399999999999,0.13271000000000002,0.003135186960690287,0.50895493767977,4.582059501817683e-08
10,1.0,0.107,40.999999999999986,0.00973709834469328,0.3992210321324244,0.107,5.415399999999999,0.1320829268292683,0.010258868648130396,0.5192138063279004,2.72244249548858e-07
9,2.0,0.103,42.999999999999986,0.01947419668938656,0.4186952288218109,0.206,5.6213999999999995,0.13073023255813956,0.019750719079578143,0.5389645254074785,7.64646322772649e-08
28,2.6000000000000085,0.1,45.599999999999994,0.025316455696202615,0.44401168451801354,0.26000000000000084,5.8814,0.1289780701754386,0.024928092042186087,0.5638926174496646,1.5082632776106604e-07
22,0.29999999999999716,0.096,45.89999999999999,0.0029211295034079566,0.4469328140214215,0.02879999999999973,5.9102,0.1287625272331155,0.002761265580057501,0.5666538830297221,2.5556473989000407e-08
25,3.299999999999997,0.094,49.19999999999999,0.0321324245374878,0.47906523855890926,0.31019999999999975,6.2204,0.1264308943089431,0.02974113135186959,0.5963950143815917,5.7182830995840976e-06
3,5.0,0.094,54.19999999999999,0.0486854917234664,0.5277507302823756,0.47,6.6903999999999995,0.12343911439114393,0.04506232023010547,0.6414573346116972,1.3127371670303278e-05
8,3.0,0.093,57.19999999999999,0.029211295034079845,0.5569620253164554,0.279,6.969399999999999,0.12184265734265735,0.026749760306807296,0.6682070949185045,6.059153213568753e-06
0,1.4000000000000004,0.089,58.59999999999999,0.013631937682570597,0.5705939629990261,0.12460000000000003,7.093999999999999,0.12105802047781572,0.01194630872483222,0.6801534036433368,2.8413449831661684e-06
2,5.0,0.084,63.59999999999999,0.0486854917234664,0.6192794547224925,0.42000000000000004,7.513999999999999,0.11814465408805033,0.04026845637583894,0.7204218600191757,7.084648404321026e-05
18,5.0,0.083,68.6,0.0486854917234664,0.6679649464459588,0.41500000000000004,7.928999999999999,0.11558309037900874,0.03978906999041228,0.7602109300095881,7.914631965235773e-05
7,3.0,0.082,71.6,0.029211295034079845,0.6971762414800386,0.246,8.174999999999999,0.11417597765363129,0.023585810162991376,0.7837967401725794,3.1646080034845215e-05
21,4.1000000000000085,0.08,75.7,0.039922103213242535,0.7370983446932812,0.3280000000000007,8.503,0.11232496697490092,0.03144774688398857,0.8152444870565679,7.181471519516679e-05
14,5.0,0.08,80.7,0.0486854917234664,0.7857838364167475,0.4,8.903,0.11032218091697646,0.03835091083413232,0.8535953978907003,0.0001068035621581893
20,5.0,0.074,85.7,0.0486854917234664,0.8344693281402139,0.37,9.273,0.10820303383897316,0.035474592521572396,0.8890699904122726,0.00017452785772260383
19,5.0,0.073,90.7,0.0486854917234664,0.8831548198636803,0.365,9.638,0.10626240352811465,0.03499520613614574,0.9240651965484183,0.00018742391946239997
1,1.0,0.068,91.7,0.00973709834469328,0.8928919182083735,0.068,9.706,0.10584514721919301,0.006519654841802495,0.9305848513902208,1.0351942694294133e-05
13,5.0,0.068,96.7,0.0486854917234664,0.9415774099318399,0.34,10.046,0.10388831437435367,0.03259827420901247,0.9631831255992334,0.00025879856735735334
16,4.0,0.066,100.7,0.03894839337877312,0.980525803310613,0.264,10.309999999999999,0.10238331678252233,0.02531160115052733,0.9884947267497607,0.00018596210227634486
15,2.0,0.06,102.7,0.01947419668938656,0.9999999999999996,0.12,10.429999999999998,0.1015579357351509,0.011505273250239695,1.0000000000000004,6.350374077898433e-05
