,weight,grade,cml_weight,weight_pct,cml_weight_pct,yield,cml_yield,cml_grade,recovery,cml_recovery,distributional_heterogeneity
15,5.0,0.227,5.0,0.047892720306513405,0.047892720306513405,1.135,1.135,0.227,0.09034322465613856,0.09034322465613856,0.0018020453195375448
6,2.6000000000000014,0.219,7.600000000000001,0.024904214559386986,0.07279693486590039,0.5694000000000004,1.7044000000000004,0.22426315789473686,0.045322847682119236,0.13566607233825778,0.00041692057860073843
9,5.0,0.212,12.600000000000001,0.047892720306513405,0.12068965517241378,1.06,2.7644,0.2193968253968254,0.08437340804890474,0.22003948038716253,0.001330840578157861
7,1.3999999999999986,0.209,14.0,0.013409961685823741,0.1340996168582375,0.2925999999999997,3.057,0.21835714285714286,0.02329024452368821,0.24332972491085075,9.761998895619913e-05
8,5.0,0.196,19.0,0.047892720306513405,0.1819923371647509,0.98,4.037,0.21247368421052631,0.07800560366785532,0.32133532857870606,0.0009067857443337831
5,3.5,0.153,22.5,0.033524904214559385,0.2155172413793103,0.5355,4.5725,0.20322222222222222,0.042624490575649515,0.3639598191543556,8.280247194293751e-05
19,0.5,0.133,23.0,0.004789272030651341,0.22030651340996166,0.0665,4.638999999999999,0.20169565217391303,0.005293237391747326,0.3692530565461029,2.539810851846066e-07
2,5.0,0.131,28.0,0.047892720306513405,0.2681992337164751,0.655,5.294,0.18907142857142856,0.05213639836984208,0.421389454915945,1.8008803505177e-05
12,5.0,0.13,33.0,0.047892720306513405,0.3160919540229885,0.65,5.944,0.18012121212121213,0.05173841059602649,0.4731278655119715,1.4789333802855235e-05
17,3.0,0.124,36.0,0.028735632183908046,0.3448275862068966,0.372,6.316,0.17544444444444443,0.029610290371879774,0.5027381558838513,7.650269457859924e-07
13,5.0,0.115,41.0,0.047892720306513405,0.39272030651341,0.5750000000000001,6.891,0.16807317073170733,0.04576859398879267,0.5485067498726439,4.511912613633875e-06
14,5.0,0.112,46.0,0.047892720306513405,0.4406130268199234,0.56,7.4510000000000005,0.16197826086956524,0.044574630667345905,0.5930813805399898,1.100971885355076e-05
4,5.0,0.108,51.0,0.047892720306513405,0.48850574712643685,0.54,7.9910000000000005,0.15668627450980394,0.04298267957208355,0.6360640601120734,2.4108500013760546e-05
3,3.1999999999999993,0.107,54.2,0.030651340996168574,0.5191570881226054,0.3423999999999999,8.333400000000001,0.15375276752767528,0.027254202750891486,0.6633182628629649,1.1540548257524293e-05
1,5.0,0.099,59.2,0.047892720306513405,0.5670498084291188,0.495,8.8284,0.14912837837837836,0.03940078960774325,0.7027190524707082,7.211288699271498e-05
11,5.000000000000007,0.096,64.20000000000002,0.047892720306513474,0.6149425287356323,0.4800000000000007,9.3084,0.14499065420560744,0.03820682628629654,0.7409258787570048,9.381654297087419e-05
10,5.0,0.095,69.20000000000002,0.047892720306513405,0.6628352490421456,0.475,9.7834,0.14137861271676297,0.037808838512480895,0.7787347172694856,0.00010168467203602032
22,5.0,0.092,74.20000000000002,0.047892720306513405,0.710727969348659,0.45999999999999996,10.243400000000001,0.13805121293800537,0.03661487519103413,0.8153495924605197,0.0001271897904487398
0,5.0,0.087,79.20000000000002,0.047892720306513405,0.7586206896551724,0.43499999999999994,10.678400000000002,0.13482828282828282,0.034624936321956186,0.8499745287824759,0.00017603409186087306
16,2.799999999999997,0.085,82.00000000000001,0.026819923371647483,0.7854406130268199,0.23799999999999977,10.916400000000001,0.13312682926829267,0.01894421803362199,0.8689187468160979,6.202673457140324e-05
20,5.0,0.082,87.00000000000001,0.047892720306513405,0.8333333333333333,0.41000000000000003,11.326400000000001,0.13018850574712643,0.03263499745287825,0.9015537442689762,0.00023279810667834066
18,4.0,0.077,91.00000000000001,0.038314176245210725,0.871647509578544,0.308,11.634400000000001,0.12785054945054944,0.024516046867040245,0.9260697911360164,0.00019038837433673134
21,5.0,0.074,96.00000000000001,0.047892720306513405,0.9195402298850573,0.37,12.0044,0.12504583333333333,0.029451095262353538,0.95552088639837,0.00034009353426938446
23,5.0,0.073,101.00000000000001,0.047892720306513405,0.9674329501915707,0.365,12.3694,0.12246930693069306,0.02905310748853795,0.9845739938869079,0.0003549310111312252
24,3.3999999999999915,0.057,104.4,0.03256704980842903,0.9999999999999998,0.19379999999999953,12.5632,0.12033716475095785,0.015426006113092168,1.0,0.00029381537896544784
