,weight,grade,cml_weight,weight_pct,cml_weight_pct,yield,cml_yield,cml_grade,recovery,cml_recovery,distributional_heterogeneity
3,0.6000000000000014,1.5,0.6000000000000014,0.006185567010309292,0.006185567010309292,0.9000000000000021,0.9000000000000021,1.5,0.11479445415237076,0.11479445415237076,0.011795890366237044
27,0.7000000000000028,0.378,1.3000000000000043,0.007216494845360853,0.013402061855670146,0.26460000000000106,1.1646000000000032,0.8958461538461534,0.03374956952079706,0.14854402367316782,0.0007040040517322741
10,3.0,0.137,4.300000000000004,0.030927835051546386,0.04432989690721653,0.41100000000000003,1.5756000000000032,0.36641860465116316,0.052422800729582525,0.20096682440275035,0.0004620335494999516
30,0.5999999999999943,0.124,4.899999999999999,0.006185567010309219,0.05051546391752575,0.0743999999999993,1.6500000000000026,0.3367346938775516,0.00948967487659587,0.21045649927934623,1.0917128792057327e-05
2,1.8999999999999986,0.123,6.799999999999997,0.019587628865979364,0.07010309278350511,0.23369999999999982,1.8837000000000024,0.2770147058823534,0.029808293261565512,0.24026479254091174,0.0001044619806872024
13,4.100000000000001,0.11,10.899999999999999,0.04226804123711341,0.11237113402061852,0.4510000000000002,2.3347000000000024,0.21419266055045896,0.0575247764696879,0.2977895690105996,0.00023276796995687967
14,1.3999999999999986,0.109,12.299999999999997,0.014432989690721633,0.12680412371134014,0.15259999999999985,2.487300000000002,0.20221951219512216,0.01946403744850191,0.3172536064591015,2.531144154106595e-05
23,2.200000000000003,0.106,14.5,0.022680412371134048,0.1494845360824742,0.2332000000000003,2.720500000000002,0.18762068965517256,0.029744518564814255,0.34699812502391575,4.9901596315591106e-05
7,3.0,0.104,17.5,0.030927835051546386,0.1804123711340206,0.312,3.032500000000002,0.1732857142857144,0.03979541077282177,0.38679353579673753,7.863389917255255e-05
6,2.0,0.097,19.5,0.020618556701030924,0.2010309278350515,0.194,3.226500000000002,0.16546153846153855,0.024744582339510972,0.4115381181362485,1.702408756939468e-05
22,2.1000000000000014,0.097,21.6,0.021649484536082484,0.22268041237113398,0.20370000000000013,3.430200000000002,0.15880555555555564,0.025981811456486537,0.43751992959273506,1.8769056545257662e-05
0,3.0,0.096,24.6,0.030927835051546386,0.25360824742268034,0.28800000000000003,3.718200000000002,0.1511463414634147,0.03673422532875856,0.4742541549214936,3.371416805130401e-05
11,2.8999999999999986,0.092,27.5,0.029896907216494826,0.2835051546391752,0.26679999999999987,3.985000000000002,0.144909090909091,0.0340301781865027,0.5082843331079963,1.7083928911509828e-05
8,3.0,0.092,30.5,0.030927835051546386,0.3144329896907216,0.276,4.261000000000002,0.13970491803278695,0.03520363260672695,0.5434879657147232,1.828244473288806e-05
28,1.5,0.09,32.0,0.015463917525773193,0.3298969072164948,0.135,4.396000000000002,0.13737500000000005,0.017219168122855573,0.5607071338375789,3.0809046585580467e-06
1,2.6999999999999993,0.08,34.7,0.02783505154639174,0.35773195876288655,0.21599999999999994,4.612000000000002,0.13291066282420755,0.027550668996568908,0.5882578028341477,8.087343464373515e-08
5,2.0,0.08,36.7,0.020618556701030924,0.37835051546391746,0.16,4.772000000000002,0.1300272479564033,0.02040790296042142,0.6086657057945691,4.4374998432776514e-08
4,1.1999999999999993,0.078,37.900000000000006,0.012371134020618547,0.390721649484536,0.09359999999999995,4.865600000000002,0.12837994722955148,0.011938623231846524,0.6206043290264156,1.8706558240419852e-07
12,2.5,0.075,40.400000000000006,0.025773195876288655,0.4164948453608247,0.1875,5.053100000000002,0.12507673267326735,0.02391551128174385,0.6445198403081595,3.4509920528090995e-06
9,3.8000000000000007,0.071,44.2,0.03917525773195876,0.45567010309278344,0.26980000000000004,5.322900000000002,0.12042760180995479,0.034412826367010624,0.67893266667517,2.2680752505841825e-05
25,2.8999999999999915,0.069,47.099999999999994,0.029896907216494753,0.4855670103092782,0.20009999999999942,5.5230000000000015,0.11726114649681534,0.025522633639876963,0.704455300315047,1.9134269323096577e-05
39,3.0,0.064,50.099999999999994,0.030927835051546386,0.5164948453608246,0.192,5.715000000000002,0.1140718562874252,0.024489483552505704,0.7289447838675527,4.1452370025199414e-05
35,2.0,0.064,52.099999999999994,0.020618556701030924,0.5371134020618555,0.128,5.843000000000002,0.11214971209213057,0.016326322368337136,0.7452711062358898,1.8423275566755293e-05
18,2.6000000000000014,0.064,54.699999999999996,0.02680412371134022,0.5639175257731958,0.1664000000000001,6.009400000000002,0.10986106032906769,0.02122421907883829,0.7664953253147281,3.1135335707816485e-05
34,0.7000000000000028,0.061,55.4,0.007216494845360853,0.5711340206185566,0.042700000000000175,6.052100000000002,0.10924368231046935,0.0054463591025624885,0.7719416844172906,3.1333805479323184e-06
21,2.8000000000000043,0.059,58.2,0.02886597938144334,0.5999999999999999,0.16520000000000024,6.2173000000000025,0.1068264604810997,0.021071159806635147,0.7930128442239257,6.075921220381296e-05
37,3.0,0.058,61.2,0.030927835051546386,0.6309278350515463,0.17400000000000002,6.391300000000003,0.10443300653594775,0.022193594469458296,0.815206438693384,7.628695854579453e-05
40,2.5,0.05,63.7,0.025773195876288655,0.6567010309278349,0.125,6.516300000000003,0.10229670329670333,0.015943674187829233,0.8311501128812133,9.661949662389414e-05
24,5.0,0.048,68.7,0.05154639175257731,0.7082474226804123,0.24,6.756300000000003,0.0983449781659389,0.03061185444063213,0.8617619673218454,0.000438254852465225
19,5.0,0.048,73.7,0.05154639175257731,0.7597938144329897,0.24,6.996300000000003,0.09492944369063776,0.03061185444063213,0.8923738217624775,0.000438254852465225
20,1.2999999999999972,0.047,75.0,0.013402061855670071,0.7731958762886597,0.06109999999999987,7.057400000000003,0.0940986666666667,0.007793267943010913,0.9001670897054884,3.145856915468244e-05
17,3.0,0.046,78.0,0.030927835051546386,0.8041237113402061,0.138,7.195400000000003,0.09224871794871799,0.017601816303363476,0.9177689060088519,0.0001775827756769225
32,4.0,0.045,82.0,0.04123711340206185,0.8453608247422679,0.18,7.375400000000003,0.08994390243902442,0.022958890830474095,0.940727796839326,0.0003340934203765
15,0.8000000000000043,0.044,82.80000000000001,0.008247422680412415,0.8536082474226804,0.03520000000000018,7.410600000000003,0.08950000000000002,0.004489738651292736,0.9452175354906187,1.4120189262701096e-05
26,0.7000000000000028,0.042,83.50000000000001,0.007216494845360853,0.8608247422680412,0.02940000000000012,7.440000000000003,0.08910179640718564,0.0037499521689774514,0.9489674876595962,1.2016918127187397e-05
36,2.0,0.041,85.50000000000001,0.020618556701030924,0.8814432989690721,0.082,7.522000000000003,0.08797660818713453,0.010459050267215978,0.9594265379268121,0.00010321557097872729
31,1.5,0.039,87.00000000000001,0.015463917525773193,0.8969072164948453,0.058499999999999996,7.5805000000000025,0.08713218390804599,0.007461639519904081,0.9668881774467162,6.403645328321653e-05
33,3.299999999999997,0.028,90.30000000000001,0.03402061855670099,0.9309278350515463,0.09239999999999993,7.672900000000002,0.08497120708748616,0.01178556395964336,0.9786737414063595,0.000494397652934134
38,3.299999999999997,0.028,93.60000000000001,0.03402061855670099,0.9649484536082473,0.09239999999999993,7.765300000000002,0.08296260683760685,0.01178556395964336,0.9904593053660029,0.000494397652934134
16,1.6999999999999957,0.023,95.30000000000001,0.017525773195876244,0.9824742268041236,0.0390999999999999,7.804400000000001,0.08189296956977965,0.004987181285952972,0.9954464866519559,0.00015721628708359326
29,1.7000000000000028,0.021,97.00000000000001,0.017525773195876317,0.9999999999999999,0.035700000000000065,7.840100000000001,0.08082577319587629,0.0045535133480440375,0.9999999999999999,0.0001682795255596815
