,weight,grade,cml_weight,weight_pct,cml_weight_pct,yield,cml_yield,cml_grade,recovery,cml_recovery,distributional_heterogeneity
54,0.8000000000000114,4.52,0.8000000000000114,0.004728132387706925,0.004728132387706925,3.616000000000051,3.616000000000051,4.52,0.10457546583222364,0.10457546583222364,0.009969489995980506
7,1.6000000000000014,0.66,2.400000000000013,0.009456264775413723,0.014184397163120649,1.056000000000001,4.672000000000052,1.946666666666678,0.03053973780941004,0.13511520364163368,0.00044451283517524986
13,2.0,0.64,4.400000000000013,0.011820330969267144,0.026004728132387793,1.28,5.952000000000052,1.3527272727272808,0.037017864011406075,0.17213306765303976,0.0006349156714096832
57,2.4000000000000057,0.456,6.8000000000000185,0.014184397163120607,0.0401891252955084,1.0944000000000027,7.046400000000055,1.0362352941176525,0.03165027372975227,0.20378334138279203,0.00030505684424081306
18,3.0,0.44,9.800000000000018,0.017730496453900717,0.05791962174940912,1.32,8.366400000000056,0.8537142857142898,0.03817467226176252,0.24195801364455455,0.00041796432446276167
12,2.0,0.365,11.800000000000018,0.011820330969267144,0.06973995271867627,0.73,9.096400000000056,0.770881355932207,0.02111175056900503,0.2630697642135596,8.633047817839327e-05
26,3.5,0.362,15.300000000000018,0.020685579196217503,0.09042553191489378,1.267,10.363400000000055,0.677346405228761,0.03664190133004023,0.29971166554359985,0.0002546042160383211
45,1.0,0.357,16.30000000000002,0.005910165484633572,0.09633569739952735,0.357,10.720400000000055,0.6576932515337449,0.010324513634431225,0.31003617917803106,1.948646958762196e-05
20,3.700000000000003,0.332,20.00000000000002,0.021867612293144233,0.1182033096926716,1.228400000000001,11.948800000000055,0.5974400000000021,0.0355255813684463,0.34556176054647736,0.0001865401192619075
19,3.0,0.32,23.00000000000002,0.017730496453900717,0.1359338061465723,0.96,12.908800000000056,0.5612521739130454,0.027763398008554558,0.3733251585550319,0.00010065911360537546
22,1.3999999999999915,0.3,24.400000000000013,0.00827423167848695,0.14420803782505925,0.41999999999999743,13.328800000000054,0.5462622950819691,0.012146486628742544,0.38547164518377447,1.4994358399778946e-05
17,3.0,0.292,27.400000000000013,0.017730496453900717,0.16193853427895996,0.8759999999999999,14.204800000000054,0.5184233576642353,0.02533410068280603,0.4108057458665805,5.781479726982678e-05
37,1.7999999999999972,0.285,29.20000000000001,0.010638297872340413,0.17257683215130037,0.5129999999999991,14.717800000000054,0.5040342465753441,0.014836065810821317,0.4256418116774018,1.7621255665338214e-05
5,1.5,0.277,30.70000000000001,0.008865248226950359,0.18144208037825074,0.41550000000000004,15.133300000000053,0.49294136807817746,0.01201634570057752,0.4376581573779793,9.929415288299481e-06
15,2.5,0.264,33.20000000000001,0.01477541371158393,0.19621749408983466,0.66,15.793300000000054,0.47570180722891714,0.01908733613088126,0.45674549350886057,1.859267495003892e-05
41,2.6999999999999886,0.235,35.9,0.015957446808510578,0.21217494089834524,0.6344999999999973,16.42780000000005,0.4575988857938733,0.01834987087127895,0.4750953643801395,5.72369289611312e-06
55,3.0,0.232,38.9,0.017730496453900717,0.22990543735224594,0.6960000000000001,17.123800000000053,0.44020051413881883,0.020128463556202056,0.49522382793634157,5.750246223719476e-06
24,1.5999999999999943,0.23,40.49999999999999,0.009456264775413682,0.23936170212765961,0.3679999999999987,17.49180000000005,0.4318962962962976,0.01064263590327921,0.5058664638396208,1.4074764530329236e-06
35,2.0,0.224,42.49999999999999,0.011820330969267144,0.25118203309692677,0.448,17.93980000000005,0.42211294117647186,0.012956252403992128,0.5188227162436129,1.2903175058676623e-06
27,3.0,0.218,45.49999999999999,0.017730496453900717,0.2689125295508275,0.654,18.59380000000005,0.40865494505494626,0.01891381489332779,0.5377365311369406,1.4002425290881282e-06
62,2.0,0.218,47.49999999999999,0.011820330969267144,0.28073286052009466,0.436,19.02980000000005,0.4006273684210538,0.012609209928885194,0.5503457410658258,6.22330012928057e-07
9,3.0,0.208,50.49999999999999,0.017730496453900717,0.2984633569739954,0.624,19.65380000000005,0.38918415841584264,0.018046208705560462,0.5683919497713863,9.967422584806578e-08
36,2.200000000000003,0.206,52.699999999999996,0.013002364066193876,0.31146572104018927,0.45320000000000055,20.10700000000005,0.38153700189753414,0.01310663747653848,0.5814985872479248,1.087294410489421e-08
32,2.700000000000003,0.205,55.4,0.01595744680851066,0.32742316784869996,0.5535000000000005,20.66050000000005,0.37293321299639076,0.016007334164307253,0.597505921412232,2.4887482683756357e-09
53,1.6999999999999886,0.201,57.09999999999999,0.010047281323877005,0.33747044917257696,0.34169999999999773,21.002200000000048,0.3678143607705789,0.009882034478669822,0.6073879558909019,2.730651985092687e-08
1,0.8000000000000007,0.196,57.89999999999999,0.004728132387706862,0.3421985815602838,0.15680000000000013,21.15900000000005,0.3654404145077729,0.004534688341397248,0.6119226442322991,3.742059905263589e-08
11,3.0,0.194,60.89999999999999,0.017730496453900717,0.35992907801418456,0.5820000000000001,21.74100000000005,0.3569950738916265,0.016831560042686204,0.6287542042749853,8.080866714072336e-07
56,1.6999999999999886,0.192,62.59999999999998,0.010047281323877005,0.36997635933806156,0.3263999999999978,22.06740000000005,0.352514376996806,0.009439555322908485,0.6381937595978938,3.693308922531886e-07
25,3.0,0.192,65.59999999999998,0.017730496453900717,0.3877068557919623,0.5760000000000001,22.64340000000005,0.3451737804878057,0.016658038805132735,0.6548517984030265,1.1501654084009487e-06
43,2.0,0.191,67.59999999999998,0.011820330969267144,0.39952718676122945,0.382,23.02540000000005,0.3406124260355038,0.011047518790904001,0.6658993171939306,5.972386630263872e-07
23,1.3000000000000114,0.189,68.89999999999999,0.007683215130023711,0.4072104018912532,0.24570000000000214,23.271100000000054,0.33775181422351314,0.007105694677814494,0.6730050118717451,3.335298727199385e-07
14,0.5,0.185,69.39999999999999,0.002955082742316786,0.41016548463356994,0.0925,23.363600000000055,0.336651296829972,0.0026751190789492674,0.6756801309506943,7.837965280616148e-08
6,2.1999999999999993,0.179,71.6,0.013002364066193855,0.4231678486997638,0.3937999999999999,23.757400000000054,0.3318072625698332,0.011388777224759146,0.6870689081754535,2.6036624948512387e-06
16,3.0,0.179,74.6,0.017730496453900717,0.44089834515366455,0.5369999999999999,24.294400000000053,0.32566219839142163,0.015530150761035203,0.7025990589364888,4.84152116811181e-06
66,3.0,0.176,77.6,0.017730496453900717,0.4586288416075653,0.528,24.82240000000005,0.3198762886597945,0.015269868904705008,0.7178689278411938,6.054687935860893e-06
38,4.0,0.175,81.6,0.02364066193853429,0.4822695035460996,0.7,25.52240000000005,0.31277450980392224,0.020244144381237696,0.7381130722224315,1.1536331517024012e-05
28,0.5999999999999943,0.169,82.19999999999999,0.0035460992907801097,0.4858156028368797,0.10139999999999905,25.62380000000005,0.31172506082725127,0.0029325089146535477,0.7410455811370851,3.7649314967513613e-07
30,2.0,0.166,84.19999999999999,0.011820330969267144,0.49763593380614685,0.332,25.95580000000005,0.3082636579572453,0.009601508477958452,0.7506470896150436,4.9231732479373146e-06
21,3.0,0.164,87.19999999999999,0.017730496453900717,0.5153664302600476,0.492,26.44780000000005,0.30330045871559697,0.01422874147938421,0.7648758310944278,1.2262287901551094e-05
42,2.0,0.162,89.19999999999999,0.011820330969267144,0.5271867612293147,0.324,26.771800000000052,0.3001322869955163,0.009370146827887163,0.774245977922315,6.003402326669956e-06
33,2.799999999999997,0.156,91.99999999999999,0.016548463356973984,0.5437352245862888,0.4367999999999996,27.20860000000005,0.29574565217391363,0.012632346093892311,0.7868783240162073,1.5335974418206305e-05
29,0.5,0.15,92.49999999999999,0.002955082742316786,0.5466903073286056,0.075,27.28360000000005,0.2949578378378384,0.002169015469418325,0.7890473394856256,6.179017575220242e-07
50,3.0,0.15,95.49999999999999,0.017730496453900717,0.5644208037825063,0.44999999999999996,27.73360000000005,0.29040418848167593,0.013014092816509948,0.8020614323021356,2.224446327079287e-05
31,2.700000000000003,0.148,98.19999999999999,0.01595744680851066,0.5803782505910169,0.3996000000000004,28.13320000000005,0.28648879837067265,0.011556514421060846,0.8136179467231964,1.9368205878904733e-05
63,3.0,0.142,101.19999999999999,0.017730496453900717,0.5981087470449176,0.42599999999999993,28.559200000000047,0.2822055335968384,0.012320007866296083,0.8259379545894925,2.9273386756599978e-05
10,2.1000000000000014,0.139,103.29999999999998,0.01241134751773051,0.6105200945626481,0.2919000000000002,28.85110000000005,0.2792942884801554,0.008441808206976126,0.8343797627964686,1.575724233962439e-05
34,1.2000000000000028,0.137,104.49999999999999,0.0070921985815603035,0.6176122931442084,0.1644000000000004,29.01550000000005,0.2776602870813402,0.004754481908964979,0.8391342447054336,5.464919241330154e-06
51,2.0,0.136,106.49999999999999,0.011820330969267144,0.6294326241134756,0.272,29.287500000000048,0.27500000000000047,0.007866296102423792,0.8470005408078575,1.563439172821293e-05
69,3.0,0.13,109.49999999999999,0.017730496453900717,0.6471631205673762,0.39,29.677500000000048,0.27102739726027447,0.011278880440975289,0.8582794212488327,4.162334917823579e-05
39,0.4000000000000057,0.119,109.89999999999999,0.0023640661938534625,0.6495271867612297,0.047600000000000676,29.725100000000047,0.2704740673339404,0.0013766018179241831,0.8596560230667569,9.750858937294014e-07
72,2.799999999999983,0.118,112.69999999999997,0.0165484633569739,0.6660756501182036,0.330399999999998,30.055500000000045,0.266685891748004,0.009555236147944134,0.8692112592147011,4.8905226797114265e-05
40,3.0,0.118,115.69999999999997,0.017730496453900717,0.6838061465721043,0.354,30.409500000000044,0.2628305963699227,0.010237753015654492,0.8794490122303555,5.614120423138185e-05
48,2.0999999999999943,0.115,117.79999999999997,0.012411347517730468,0.6962174940898347,0.24149999999999935,30.651000000000042,0.2601952461799665,0.006984229811526987,0.8864332420418826,2.9453606596987336e-05
67,3.0,0.114,120.79999999999997,0.017730496453900717,0.7139479905437354,0.342,30.99300000000004,0.25656456953642426,0.009890710540547562,0.8963239525824301,6.146224316721056e-05
59,2.0,0.111,122.79999999999997,0.011820330969267144,0.7257683215130025,0.222,31.215000000000042,0.25419381107491895,0.006420285789478242,0.9027442383719084,2.9160487943761366e-05
65,3.0,0.103,125.79999999999997,0.017730496453900717,0.7434988179669032,0.309,31.524000000000044,0.25058823529411806,0.008936343734003498,0.911680582105912,7.733712206087566e-05
4,2.5,0.102,128.29999999999995,0.01477541371158393,0.7582742316784872,0.255,31.779000000000043,0.24769290724863643,0.007374652596022304,0.9190552347019343,5.477126508960897e-05
46,2.0,0.101,130.29999999999995,0.011820330969267144,0.7700945626477543,0.202,31.981000000000044,0.2454412893323105,0.005841881664300021,0.9248971163662343,3.5741856092061874e-05
64,3.0,0.099,133.29999999999995,0.017730496453900717,0.787825059101655,0.29700000000000004,32.27800000000004,0.24214553638409642,0.008589301258896568,0.9334864176251308,8.356144959316697e-05
58,2.4000000000000057,0.098,135.69999999999996,0.014184397163120607,0.8020094562647756,0.23520000000000058,32.51320000000004,0.23959616801768643,0.0068020325120958834,0.9402884501372267,5.44993078406994e-05
47,1.6000000000000085,0.096,137.29999999999995,0.009456264775413765,0.8114657210401893,0.15360000000000082,32.66680000000004,0.23792279679533904,0.004442143681368753,0.9447305938185955,2.5141410345747153e-05
49,3.0,0.092,140.29999999999995,0.017730496453900717,0.82919621749409,0.276,32.94280000000004,0.23480256593015006,0.007981976927459436,0.9527125707460549,9.503363295740694e-05
44,2.700000000000003,0.083,142.99999999999994,0.01595744680851066,0.8451536643026006,0.22410000000000024,33.16690000000004,0.23193636363636402,0.0064810182226219615,0.9591935889686768,8.980269874344851e-05
61,3.5,0.076,146.49999999999994,0.020685579196217503,0.8658392434988181,0.266,33.43290000000004,0.22821092150170685,0.007692774864870326,0.9668863638335471,0.00016881296439267396
68,3.0,0.075,149.49999999999994,0.017730496453900717,0.8835697399527188,0.22499999999999998,33.65790000000004,0.22513645484949868,0.006507046408254974,0.973393410241802,0.00012596583092710538
71,3.3000000000000114,0.068,152.79999999999995,0.019503546099290857,0.9030732860520096,0.2244000000000008,33.88230000000004,0.22174280104712077,0.006489694284499651,0.9798831045263017,0.0001693603390573443
3,3.0,0.066,155.79999999999995,0.017730496453900717,0.9208037825059103,0.198,34.080300000000044,0.21874390243902472,0.0057262008392643775,0.985609305365566,0.00014410311320357724
60,3.0,0.052,158.79999999999995,0.017730496453900717,0.938534278959811,0.156,34.23630000000004,0.21559382871536556,0.0045115521763901155,0.9901208575419561,0.0001747404878119303
52,2.5,0.041,161.29999999999995,0.01477541371158393,0.953309692671395,0.10250000000000001,34.33880000000004,0.21288778673279635,0.0029643211415383776,0.9930851786834944,0.00013950190769818527
2,2.5999999999999996,0.041,163.89999999999995,0.015366430260047286,0.9686761229314422,0.10659999999999999,34.44540000000004,0.21016107382550367,0.003082893987199912,0.9961680726706944,0.00015088526336635714
8,1.0999999999999979,0.031,164.99999999999994,0.006501182033096917,0.9751773049645391,0.034099999999999936,34.479500000000044,0.208966666666667,0.0009861790334288632,0.9971542517041233,3.0415258086347628e-05
70,3.0,0.03,167.99999999999994,0.017730496453900717,0.9929078014184398,0.09,34.56950000000005,0.20577083333333368,0.0026028185633019895,0.9997570702674253,0.00022884663836170957
0,1.1999999999999993,0.007,169.19999999999993,0.007092198581560283,1.0,0.008399999999999996,34.57790000000005,0.2043611111111115,0.00024292973257485225,1.0000000000000002,4.69124837656822e-05
