,weight,grade,cml_weight,weight_pct,cml_weight_pct,yield,cml_yield,cml_grade,recovery,cml_recovery,distributional_heterogeneity
28,0.8000000000000043,1.16,0.8000000000000043,0.004770992366412239,0.004770992366412239,0.9280000000000049,0.9280000000000049,1.16,0.02717731912146987,0.02717731912146987,0.0005020434786544114
11,1.0,0.84,1.8000000000000043,0.005963740458015267,0.010734732824427506,0.84,1.768000000000005,0.9822222222222227,0.024600159549606218,0.051777478671076085,0.00034731611655741565
37,3.0,0.69,4.800000000000004,0.0178912213740458,0.028625954198473306,2.07,3.8380000000000045,0.7995833333333335,0.06062182174724389,0.11239930041831997,0.0018259042082539566
27,0.8999999999999986,0.66,5.700000000000003,0.005367366412213732,0.033993320610687036,0.5939999999999991,4.432000000000004,0.7775438596491231,0.017395827110078657,0.1297951275283986,0.00014468386676008113
19,0.8999999999999986,0.66,6.600000000000001,0.005367366412213732,0.03936068702290077,0.5939999999999991,5.026000000000003,0.7615151515151518,0.017395827110078657,0.14719095463847726,0.00014468386676008113
48,1.2999999999999972,0.61,7.899999999999999,0.00775286259541983,0.0471135496183206,0.7929999999999983,5.819000000000002,0.736582278481013,0.02322372205099725,0.17041467668947452,0.00023934749229422917
29,2.5,0.57,10.399999999999999,0.014909351145038167,0.06202290076335877,1.4249999999999998,7.2440000000000015,0.6965384615384618,0.041732413521653404,0.21214709021112793,0.0007194766752597917
12,3.0,0.54,13.399999999999999,0.0178912213740458,0.07991412213740456,1.62,8.864,0.6614925373134329,0.04744316484566914,0.25959025505679706,0.0008733173629500211
32,1.0,0.51,14.399999999999999,0.005963740458015267,0.08587786259541982,0.51,9.374,0.6509722222222223,0.014935811155118063,0.2745260662119151,8.049805259381063e-05
59,2.0,0.481,16.4,0.011927480916030533,0.09780534351145036,0.962,10.336,0.6302439024390245,0.028173039865144266,0.30269910607705935,0.00026391818556912916
31,3.0,0.468,19.4,0.0178912213740458,0.11569656488549615,1.4040000000000001,11.74,0.6051546391752578,0.041117409532913256,0.3438165156099726,0.0005394558163911146
35,1.1999999999999886,0.463,20.599999999999987,0.007156488549618253,0.1228530534351144,0.5555999999999948,12.295599999999995,0.5968737864077671,0.016271248387810817,0.3600877639977834,8.307884690792813e-05
7,1.0,0.436,21.599999999999987,0.005963740458015267,0.12881679389312967,0.436,12.731599999999995,0.589425925925926,0.012768654242414657,0.37285641824019805,4.6306851613108815e-05
33,1.5,0.434,23.099999999999987,0.0089456106870229,0.13776240458015257,0.651,13.382599999999995,0.5793333333333335,0.019065123650944822,0.39192154189114287,0.00010240454262698377
30,0.3999999999999986,0.431,23.499999999999986,0.0023854961832060983,0.14014790076335867,0.1723999999999994,13.554999999999994,0.576808510638298,0.005048889888514401,0.39697043177965724,7.09366602947589e-06
24,1.0,0.401,24.499999999999986,0.005963740458015267,0.14611164122137393,0.401,13.955999999999994,0.5696326530612246,0.011743647594514399,0.40871407937417165,3.340732650655358e-05
39,0.7000000000000028,0.354,25.19999999999999,0.0041746183206107035,0.15028625954198463,0.247800000000001,14.203799999999996,0.5636428571428572,0.0072570470671338635,0.4159711264413055,9.501366977392337e-06
38,2.0,0.346,27.19999999999999,0.011927480916030533,0.16221374045801518,0.692,14.895799999999996,0.547639705882353,0.020265845724199406,0.43623697216550494,6.952832767410912e-05
21,1.3999999999999986,0.331,28.599999999999987,0.008349236641221365,0.17056297709923654,0.46339999999999953,15.359199999999996,0.5370349650349652,0.013571088018199418,0.44980806018370434,2.7267731803247573e-05
51,3.700000000000003,0.298,32.29999999999999,0.022065839694656506,0.19262881679389304,1.1026000000000007,16.461799999999997,0.5096532507739938,0.03229063799928075,0.4820986981829851,0.00010454650037024698
62,0.5,0.278,32.79999999999999,0.0029818702290076333,0.1956106870229007,0.139,16.600799999999996,0.5061219512195122,0.004070740687375315,0.48616943887036046,1.1856388751058448e-06
58,3.0,0.259,35.79999999999999,0.0178912213740458,0.2135019083969465,0.777,17.377799999999997,0.4854134078212291,0.022755147583385753,0.5089245864537462,2.3657778169904112e-05
14,2.9999999999999964,0.256,38.79999999999998,0.01789122137404578,0.23139312977099227,0.7679999999999991,18.145799999999998,0.4676752577319589,0.022491574445354233,0.5314161608991004,2.1163248380697094e-05
10,1.4000000000000021,0.249,40.19999999999999,0.008349236641221386,0.23974236641221366,0.3486000000000005,18.4944,0.4600597014925374,0.010209066213086596,0.541625227112187,3.4589660363843292e-06
64,3.0,0.245,43.19999999999999,0.0178912213740458,0.25763358778625944,0.735,19.2294,0.4451250000000001,0.021525139605905443,0.5631503667180924,1.3205361715841888e-05
47,0.5,0.242,43.69999999999999,0.0029818702290076333,0.2606154580152671,0.121,19.350399999999997,0.4428009153318078,0.003543594411312324,0.5666939611294047,3.1553405698587336e-07
69,4.0,0.234,47.69999999999999,0.023854961832061067,0.2844704198473281,0.936,20.286399999999997,0.42529140461215936,0.0274116063552755,0.5941055674846802,1.2649720264511228e-05
45,3.0,0.222,50.69999999999999,0.0178912213740458,0.30236164122137393,0.666,20.952399999999997,0.41326232741617364,0.019504412214330646,0.6136099796990109,2.6023846871789204e-06
13,3.0,0.221,53.69999999999999,0.0178912213740458,0.32025286259541974,0.663,21.615399999999998,0.40252141527001867,0.01941655450165348,0.6330265342006643,2.3266411501774224e-06
40,3.0,0.221,56.69999999999999,0.0178912213740458,0.33814408396946555,0.663,22.278399999999998,0.3929171075837743,0.01941655450165348,0.6524430887023178,2.3266411501774224e-06
36,1.9000000000000057,0.209,58.599999999999994,0.01133110687022904,0.3494751908396946,0.3971000000000012,22.6755,0.3869539249146758,0.011629432568034117,0.664072521270352,8.899822197088528e-08
46,2.299999999999997,0.197,60.89999999999999,0.013716603053435097,0.36319179389312967,0.45309999999999945,23.1286,0.37977996715927753,0.013269443204674481,0.6773419644750265,1.9995193034361691e-07
9,2.299999999999997,0.196,63.19999999999999,0.013716603053435097,0.37690839694656475,0.4507999999999995,23.5794,0.3730917721518988,0.013202085624955322,0.6905440500999818,2.647281842094412e-07
50,3.0,0.193,66.19999999999999,0.0178912213740458,0.39479961832061056,0.579,24.1584,0.3649305135951662,0.016956538546692858,0.7075005886466746,8.736319877484913e-07
15,1.3000000000000043,0.193,67.5,0.007752862595419872,0.4025524809160304,0.25090000000000084,24.4093,0.3616192592592593,0.007347833370233597,0.7148484220169082,1.6404867325499558e-07
26,1.5,0.192,69.0,0.0089456106870229,0.4114980916030533,0.28800000000000003,24.697300000000002,0.35793188405797105,0.008434340417007847,0.7232827624339161,2.6139728900126627e-07
23,2.299999999999997,0.177,71.3,0.013716603053435097,0.42521469465648837,0.40709999999999946,25.104400000000002,0.35209537166900423,0.011922291610291284,0.7352050540442073,3.219553554996833e-06
25,2.0,0.169,73.3,0.011927480916030533,0.4371421755725189,0.338,25.442400000000003,0.34709959072305596,0.009898635628293932,0.7451036896725013,4.1162132015710175e-06
16,3.0,0.149,76.3,0.0178912213740458,0.4550333969465647,0.44699999999999995,25.889400000000002,0.3393106159895151,0.013090799188897594,0.7581944888613988,2.3044053155663083e-05
17,3.0,0.142,79.3,0.0178912213740458,0.4729246183206105,0.42599999999999993,26.3154,0.33184615384615385,0.012475795200157437,0.7706702840615562,2.9326840644835152e-05
22,0.30000000000000426,0.139,79.6,0.0017891221374046055,0.4747137404580151,0.0417000000000006,26.357100000000003,0.3311193467336684,0.001221222206212612,0.7718915062677688,3.225103318478711e-07
34,1.9000000000000057,0.137,81.5,0.01133110687022904,0.48604484732824416,0.2603000000000008,26.617400000000004,0.3265938650306749,0.007623120869955379,0.7795146271377242,1.3749160178225474e-05
18,1.8999999999999986,0.129,83.4,0.011331106870228999,0.49737595419847314,0.24509999999999982,26.862500000000004,0.3220923261390888,0.007177975125724381,0.7866926022634486,1.724850328721197e-05
4,2.3000000000000007,0.128,85.7,0.013716603053435118,0.5110925572519083,0.2944000000000001,27.156900000000004,0.31688331388564767,0.008621770204052468,0.795314372467501,2.5957321763148534e-05
0,2.98,0.119,88.68,0.017771946564885496,0.5288645038167937,0.35462,27.511520000000004,0.310233649075327,0.010385367356525425,0.8056997398240264,5.4561552401377294e-05
6,2.5,0.119,91.18,0.014909351145038167,0.543773854961832,0.2975,27.809020000000004,0.30499034876069314,0.008712556507152202,0.8144122963311786,3.840026378413226e-05
41,3.0,0.118,94.18,0.0178912213740458,0.5616650763358777,0.354,28.163020000000003,0.29903397748991295,0.010367210095905478,0.8247795064270841,5.6610745713582784e-05
20,3.0,0.117,97.18,0.0178912213740458,0.5795562977099235,0.35100000000000003,28.514020000000002,0.2934144885778967,0.010279352383228314,0.8350588588103124,5.794054953336884e-05
44,3.0,0.114,100.18,0.0178912213740458,0.5974475190839692,0.342,28.85602,0.28804172489518864,0.010015779245196818,0.8450746380555092,6.20225887248494e-05
63,3.0,0.112,103.18,0.0178912213740458,0.615338740458015,0.336,29.19202,0.2829232409381663,0.009840063819842489,0.8549147018753517,6.482113796260508e-05
8,2.1000000000000014,0.112,105.28,0.01252385496183207,0.627862595419847,0.23520000000000016,29.42722,0.279513867781155,0.006888044673889746,0.8618027465492414,3.176235760167654e-05
53,4.0,0.11,109.28,0.023854961832061067,0.651717557251908,0.44,29.86722,0.2733091142020498,0.012885797859317543,0.8746885444085589,0.0001203225582609345
60,3.0,0.098,112.28,0.0178912213740458,0.6696087786259538,0.29400000000000004,30.16122,0.2686250445315283,0.008610055842362178,0.8832986002509211,8.614003362651216e-05
65,4.0,0.097,116.28,0.023854961832061067,0.6934637404580148,0.388,30.549220000000002,0.2627211902304782,0.011362930839580015,0.8946615310905012,0.00015605083831710714
57,3.0,0.096,119.28,0.0178912213740458,0.7113549618320606,0.28800000000000003,30.837220000000002,0.25852800134138165,0.008434340417007847,0.903095871507509,8.94325974355871e-05
5,3.0,0.096,122.28,0.0178912213740458,0.7292461832061063,0.28800000000000003,31.125220000000002,0.2545405626431142,0.008434340417007847,0.9115302119245169,8.94325974355871e-05
42,3.0,0.093,125.28,0.0178912213740458,0.7471374045801521,0.279,31.404220000000002,0.25067225415070243,0.008170767278976351,0.9197009792034933,9.448722781435244e-05
49,3.0,0.092,128.28,0.0178912213740458,0.7650286259541978,0.276,31.680220000000002,0.24696149048955413,0.008082909566299187,0.9277838887697925,9.620298051798168e-05
68,4.0,0.092,132.28,0.023854961832061067,0.7888835877862589,0.368,32.04822,0.2422756274569096,0.01077721275506558,0.938561101524858,0.0001710275209208563
55,4.0,0.083,136.28,0.023854961832061067,0.8127385496183199,0.332,32.38022,0.23760067508071617,0.009722920202939602,0.9482840217277977,0.0001997146006072221
54,4.0,0.077,140.28,0.023854961832061067,0.836593511450381,0.308,32.68822,0.23302124322783005,0.00902005850152228,0.95730408022932,0.00022007435682643077
2,1.4000000000000004,0.068,141.68,0.008349236641221376,0.8449427480916023,0.09520000000000003,32.78342,0.23139059853190286,0.002788018082288706,0.9600920983116087,3.092715186021716e-05
43,3.0,0.067,144.68,0.0178912213740458,0.862833969465648,0.201,32.98442,0.22798189106994746,0.00588646674937006,0.9659785650609788,0.0001441141335986736
52,4.0,0.066,148.68,0.023854961832061067,0.8866889312977091,0.264,33.24842,0.2236240247511434,0.007731478715590526,0.9737100437765693,0.0002599667078071106
1,1.7999999999999998,0.062,150.48000000000002,0.01073473282442748,0.8974236641221366,0.11159999999999999,33.360020000000006,0.2216907230196704,0.0032683069115905404,0.9769783506881599,5.5747515911882924e-05
66,4.0,0.061,154.48000000000002,0.023854961832061067,0.9212786259541976,0.244,33.604020000000006,0.21752990678404974,0.007145760631076092,0.9841241113192359,0.00027919740477499777
61,1.5999999999999943,0.052,156.08,0.009541984732824393,0.930820610687022,0.0831999999999997,33.68722,0.21583303434136342,0.002436587231580036,0.986560698550816,5.048667365068956e-05
70,2.0999999999999943,0.049,158.18,0.012523854961832026,0.9433444656488541,0.10289999999999973,33.79012,0.21361815653053484,0.0030135195448267537,0.9895742180956427,9.044647974394488e-05
56,4.0,0.046,162.18,0.023854961832061067,0.9671994274809151,0.184,33.97412,0.20948403009002342,0.00538860637753279,0.9949628244731755,0.0003410062837729863
3,0.4999999999999991,0.034,162.68,0.002981870229007628,0.9701812977099228,0.01699999999999997,33.99112,0.20894467666584707,0.0004978603718372678,0.9954606848450128,6.170304970519514e-06
67,5.0,0.031,167.68,0.029818702290076333,0.9999999999999991,0.155,34.14612,0.2036385973282443,0.004539315154986862,0.9999999999999997,0.0006390474139257271
