,weight,grade,cml_weight,weight_pct,cml_weight_pct,yield,cml_yield,cml_grade,recovery,cml_recovery,distributional_heterogeneity
35,0.7000000000000028,0.92,0.7000000000000028,0.004366812227074253,0.004366812227074253,0.6440000000000027,0.6440000000000027,0.92,0.02282635664410034,0.02282635664410034,0.00034075478008415897
31,3.0,0.886,3.700000000000003,0.018714909544603867,0.02308172177167812,2.658,3.3020000000000027,0.8924324324324325,0.09421188813667461,0.11703824478077496,0.00569979377653159
46,2.0,0.56,5.700000000000003,0.012476606363069244,0.035558328134747366,1.12,4.422000000000002,0.7757894736842106,0.039698011554956954,0.1567362563357319,0.000741004900620931
49,2.0,0.384,7.700000000000003,0.012476606363069244,0.04803493449781661,0.768,5.190000000000002,0.6740259740259741,0.027221493637684765,0.18395774997341668,0.0002174117007411187
29,3.0,0.334,10.700000000000003,0.018714909544603867,0.06674984404242047,1.002,6.192000000000002,0.5786915887850468,0.03551554248041684,0.2194732924538335,0.00028226126704392377
50,1.6999999999999886,0.329,12.399999999999991,0.010605115408608787,0.07735495945102926,0.5592999999999962,6.751299999999998,0.5444596774193551,0.019824194520256494,0.23929748697409,8.499141966681908e-05
48,2.0,0.303,14.399999999999991,0.012476606363069244,0.0898315658140985,0.606,7.357299999999998,0.5109236111111113,0.021479459823485633,0.2607769467975756,8.105137042973136e-05
8,3.0,0.268,17.39999999999999,0.018714909544603867,0.10854647535870236,0.804,8.161299999999997,0.46904022988505756,0.02849750115195124,0.2892744479495269,9.569909855614323e-05
27,2.700000000000003,0.267,20.099999999999994,0.0168434185901435,0.12538989394884587,0.7209000000000008,8.882199999999997,0.4419004975124378,0.025552050473186157,0.31482649842271304,7.584026927434713e-05
43,1.5999999999999943,0.243,21.69999999999999,0.00998128509045536,0.13537117903930124,0.3887999999999986,9.270999999999995,0.42723502304147465,0.013780881154077862,0.3286073795767909,1.4436930246695614e-05
42,2.0,0.231,23.69999999999999,0.012476606363069244,0.14784778540237048,0.462,9.732999999999995,0.41067510548523206,0.01637542976641974,0.3449828093432107,1.5200823930513555e-05
26,3.0,0.229,26.69999999999999,0.018714909544603867,0.16656269494697434,0.687,10.419999999999995,0.39026217228464416,0.024350476730585203,0.3693332860737959,3.175961750770956e-05
7,3.0,0.229,29.69999999999999,0.018714909544603867,0.1852776044915782,0.687,11.106999999999994,0.3739730639730639,0.024350476730585203,0.3936837628043811,3.175961750770956e-05
20,3.0,0.226,32.69999999999999,0.018714909544603867,0.20399251403618207,0.678,11.784999999999995,0.3603975535168195,0.02403147485201858,0.4177152376563997,2.826586666800572e-05
17,3.0,0.217,35.69999999999999,0.018714909544603867,0.22270742358078593,0.651,12.435999999999995,0.3483473389355742,0.023074469216318727,0.4407897068727184,1.900576053124257e-05
30,3.0,0.21,38.69999999999999,0.018714909544603867,0.2414223331253898,0.63,13.065999999999995,0.3376227390180878,0.022330131499663283,0.4631198383723817,1.3069829784343623e-05
36,3.0,0.192,41.69999999999999,0.018714909544603867,0.26013724266999366,0.5760000000000001,13.641999999999996,0.3271462829736211,0.020416120228263574,0.48353595860064524,2.8941177901979265e-06
14,3.0,0.187,44.69999999999999,0.018714909544603867,0.2788521522145975,0.5609999999999999,14.202999999999996,0.31774049217002237,0.01988445043065254,0.5034204090312978,1.3678258841395215e-06
5,1.5,0.183,46.19999999999999,0.009357454772301934,0.28820960698689946,0.27449999999999997,14.477499999999996,0.31336580086580085,0.009729557296281858,0.5131499663275797,1.3846028835223102e-07
41,1.4000000000000057,0.177,47.599999999999994,0.008733624454148506,0.29694323144104795,0.247800000000001,14.725299999999997,0.3093550420168067,0.00878318505653426,0.521933151384114,2.4562533088387345e-09
19,3.0,0.174,50.599999999999994,0.018714909544603867,0.3156581409856518,0.522,15.247299999999997,0.3013300395256917,0.018502108956863866,0.5404352603409779,4.52840901424915e-08
9,3.0000000000000036,0.174,53.599999999999994,0.018714909544603888,0.3343730505302557,0.5220000000000006,15.769299999999998,0.2942033582089552,0.018502108956863883,0.5589373692978418,4.5284090142491614e-08
44,3.0,0.173,56.599999999999994,0.018714909544603867,0.35308796007485954,0.5189999999999999,16.288299999999996,0.2877791519434629,0.018395774997341654,0.5773331442951835,1.0184685925625644e-07
33,0.29999999999999716,0.171,56.89999999999999,0.001871490954460369,0.3549594510293199,0.05129999999999952,16.339599999999997,0.2871634446397188,0.0018183107078297075,0.5791514550030131,2.828138631697989e-09
32,3.4000000000000057,0.164,60.3,0.021210230817217752,0.37616968184653765,0.557600000000001,16.897199999999998,0.2802189054726368,0.019763938609860743,0.5989153936128738,2.0917611490616073e-06
40,3.0,0.158,63.3,0.018714909544603867,0.3948845913911415,0.474,17.371199999999998,0.2744265402843602,0.016800765604508563,0.6157161592173824,3.663947023403564e-06
0,3.3,0.158,66.6,0.020586400499064253,0.41547099189020575,0.5214,17.892599999999998,0.26865765765765764,0.018480842164959422,0.6341970013823418,4.433375898318312e-06
22,3.0,0.15,69.6,0.018714909544603867,0.4341859014348096,0.44999999999999996,18.342599999999997,0.26354310344827586,0.015950093928330914,0.6501470953106727,7.644205391986777e-06
34,3.0999999999999943,0.149,72.69999999999999,0.019338739862757293,0.4535246412975669,0.46189999999999914,18.804499999999997,0.25865887207702887,0.016371885301102305,0.6665189806117751,8.802225990013024e-06
18,3.0,0.144,75.69999999999999,0.018714909544603867,0.4722395508421708,0.43199999999999994,19.236499999999996,0.254114927344782,0.015312090171197678,0.6818310707829728,1.1579179688028483e-05
39,3.0,0.142,78.69999999999999,0.018714909544603867,0.49095446038677465,0.42599999999999993,19.662499999999994,0.24984116899618802,0.015099422252153265,0.696930493035126,1.3071748361871772e-05
16,0.5999999999999943,0.139,79.29999999999998,0.003742981908920738,0.4946974422956954,0.08339999999999921,19.745899999999992,0.24900252206809578,0.002956084074717302,0.6998865771098433,6.192082014740578e-07
52,3.0,0.138,82.29999999999998,0.018714909544603867,0.5134123518402993,0.41400000000000003,20.159899999999993,0.24495625759416764,0.014674086414064445,0.7145606635239077,1.632825157230242e-05
21,3.0,0.136,85.29999999999998,0.018714909544603867,0.5321272613849032,0.40800000000000003,20.567899999999995,0.2411242672919109,0.014461418495020032,0.7290220820189277,1.8092186108889793e-05
51,3.0,0.135,88.29999999999998,0.018714909544603867,0.550842170929507,0.405,20.972899999999996,0.23751868629671574,0.014355084535497825,0.7433771665544255,1.900807411002649e-05
4,2.6999999999999993,0.134,90.99999999999999,0.016843418590143475,0.5676855895196505,0.3617999999999999,21.334699999999994,0.23444725274725273,0.012823875518378054,0.7562010420728036,1.6156726505777398e-05
6,3.0,0.128,93.99999999999999,0.018714909544603867,0.5864004990642544,0.384,21.718699999999995,0.23104999999999998,0.013610746818842383,0.7698117888916459,2.6052477131052906e-05
24,3.0,0.126,96.99999999999999,0.018714909544603867,0.6051154086088583,0.378,22.096699999999995,0.22780103092783502,0.01339807889979797,0.7832098677914439,2.8268688105547085e-05
1,3.0,0.126,99.99999999999999,0.018714909544603867,0.6238303181534621,0.378,22.474699999999995,0.22474699999999997,0.01339807889979797,0.7966079466912418,2.8268688105547085e-05
53,3.0,0.126,102.99999999999999,0.018714909544603867,0.642545227698066,0.378,22.852699999999995,0.22187087378640774,0.01339807889979797,0.8100060255910397,2.8268688105547085e-05
28,0.29999999999999716,0.126,103.29999999999998,0.001871490954460369,0.6444167186525264,0.03779999999999964,22.890499999999996,0.22159244917715393,0.0013398078899797842,0.8113458334810195,2.8268688105546553e-07
3,4.0,0.123,107.29999999999998,0.02495321272613849,0.6693699313786649,0.492,23.382499999999997,0.21791705498602051,0.017438769361641803,0.8287846028426613,5.64668590782283e-05
59,3.0,0.123,110.29999999999998,0.018714909544603867,0.6880848409232687,0.369,23.751499999999997,0.21533544877606528,0.013079077021231351,0.8418636798638927,3.176260823150342e-05
2,3.0,0.122,113.29999999999998,0.018714909544603867,0.7067997504678726,0.366,24.117499999999996,0.21286407766990292,0.012972743061709145,0.8548364229256018,3.297247591727954e-05
23,3.0,0.121,116.29999999999998,0.018714909544603867,0.7255146600124764,0.363,24.480499999999996,0.2104944110060189,0.01286640910218694,0.8677028320277888,3.4204957424951e-05
10,3.0,0.119,119.29999999999998,0.018714909544603867,0.7442295695570803,0.357,24.837499999999995,0.20819362950544842,0.012653741183142527,0.8803565732109313,3.673776190597995e-05
13,3.0,0.112,122.29999999999998,0.018714909544603867,0.7629444791016842,0.336,25.173499999999994,0.20583401471790677,0.011909403466487086,0.8922659766774184,4.631491297928447e-05
25,3.0,0.11,125.29999999999998,0.018714909544603867,0.781659388646288,0.33,25.503499999999992,0.20353950518754985,0.011696735547442673,0.903962712224861,4.925476625442954e-05
15,1.5,0.11,126.79999999999998,0.009357454772301934,0.79101684341859,0.165,25.66849999999999,0.2024329652996845,0.005848367773721336,0.9098110799985824,1.2313691563607386e-05
37,3.0,0.11,129.79999999999998,0.018714909544603867,0.8097317529631939,0.33,25.99849999999999,0.20029661016949146,0.011696735547442673,0.921507815546025,4.925476625442954e-05
38,3.0,0.106,132.79999999999998,0.018714909544603867,0.8284466625077977,0.318,26.31649999999999,0.19816641566265056,0.011271399709353848,0.9327792152553789,5.5405838667463766e-05
61,1.5,0.102,134.29999999999998,0.009357454772301934,0.8378041172800997,0.153,26.46949999999999,0.19709233060312728,0.005423031935632512,0.9382022471910114,1.547968305770586e-05
57,2.6999999999999886,0.1,136.99999999999997,0.01684341859014341,0.8546475358702431,0.26999999999999885,26.73949999999999,0.19517883211678827,0.00957005635699851,0.9477723035480099,5.290179817453855e-05
11,3.0,0.096,139.99999999999997,0.018714909544603867,0.873362445414847,0.28800000000000003,27.02749999999999,0.19305357142857138,0.010208060114131787,0.9579803636621417,7.236648723272315e-05
60,3.0,0.091,142.99999999999997,0.018714909544603867,0.8920773549594508,0.273,27.30049999999999,0.19091258741258738,0.009676390316520758,0.9676567539786625,8.169482983642812e-05
12,3.0,0.089,145.99999999999997,0.018714909544603867,0.9107922645040547,0.267,27.56749999999999,0.18881849315068489,0.009463722397476344,0.9771204763761389,8.558446363117749e-05
54,3.0,0.056,148.99999999999997,0.018714909544603867,0.9295071740486586,0.168,27.735499999999988,0.18614429530201337,0.005954701733243543,0.9830751781093824,0.00016282290338910104
56,3.0,0.056,151.99999999999997,0.018714909544603867,0.9482220835932624,0.168,27.903499999999987,0.1835756578947368,0.005954701733243543,0.9890298798426259,0.00016282290338910104
58,0.30000000000001137,0.045,152.29999999999998,0.0018714909544604575,0.9500935745477229,0.013500000000000512,27.916999999999987,0.18330269205515423,0.00047850281784994565,0.9895083826604758,1.9404159487376267e-06
45,3.0,0.041,155.29999999999998,0.018714909544603867,0.9688084840923268,0.123,28.03999999999999,0.18055376690276878,0.004359692340410451,0.9938680750008863,0.00020607226097957062
55,3.0,0.037,158.29999999999998,0.018714909544603867,0.9875233936369306,0.11099999999999999,28.15099999999999,0.17783322804801005,0.003934356502321626,0.9978024315032079,0.00021846474823571877
47,2.000000000000014,0.031,160.3,0.012476606363069333,1.0,0.06200000000000044,28.21299999999999,0.17600124766063624,0.0021975684967922753,1.0000000000000002,0.00010565861945635761
