,weight,grade,cml_weight,weight_pct,cml_weight_pct,yield,cml_yield,cml_grade,recovery,cml_recovery,distributional_heterogeneity
30,3.000000000000007,1.0,3.000000000000007,0.03891050583657596,0.03891050583657596,3.000000000000007,3.000000000000007,1.0,0.791076655327902,0.791076655327902,0.5657539164406075
34,3.0,0.082,6.000000000000007,0.03891050583657586,0.07782101167315182,0.246,3.246000000000007,0.5410000000000006,0.0648682857368878,0.8559449410647897,0.0006738063373530385
31,3.0999999999999943,0.056,9.100000000000001,0.040207522697794984,0.1180285343709468,0.1735999999999997,3.4196000000000066,0.37578021978022047,0.04577696912164107,0.9017219101864308,3.101873346809187e-05
13,1.5,0.019,10.600000000000001,0.01945525291828793,0.13748378728923474,0.028499999999999998,3.448100000000007,0.32529245283018926,0.00751522822561505,0.9092371384120458,0.00014256418966163815
36,3.0,0.015,13.600000000000001,0.03891050583657586,0.17639429312581062,0.045,3.4931000000000068,0.2568455882352946,0.011866149829918501,0.9211032882419643,0.0007313971918148243
20,2.6000000000000014,0.014,16.200000000000003,0.0337224383916991,0.2101167315175097,0.03640000000000002,3.5295000000000067,0.21787037037037074,0.00959839675131186,0.9307016849932762,0.0005819693850671375
15,1.5,0.014,17.700000000000003,0.01945525291828793,0.22957198443579763,0.021,3.5505000000000067,0.20059322033898339,0.005537536587295301,0.9362392215805715,0.000193702827869979
16,1.5,0.013,19.200000000000003,0.01945525291828793,0.24902723735408555,0.0195,3.5700000000000065,0.1859375000000003,0.00514199825963135,0.9413812198402028,0.00020486925892355436
12,1.5999999999999979,0.011,20.8,0.0207522697795071,0.26977950713359267,0.017599999999999977,3.5876000000000063,0.17248076923076952,0.0046409830445903405,0.9460222028847932,0.00025957356025470475
14,1.5,0.01,22.3,0.01945525291828793,0.2892347600518806,0.015,3.6026000000000065,0.16155156950672675,0.0039553832766395,0.9499775861614327,0.00024024595890809463
18,2.1000000000000014,0.008,24.400000000000002,0.027237354085603124,0.3164721141374837,0.016800000000000013,3.6194000000000064,0.14833606557377074,0.004430029269836244,0.954407615431269,0.0005201740652518958
6,1.0,0.008,25.400000000000002,0.012970168612191954,0.3294422827496757,0.008,3.6274000000000064,0.14281102362204748,0.0021095377475410667,0.95651715317881,0.00011795330277820748
33,3.0999999999999943,0.007,28.499999999999996,0.040207522697794984,0.36964980544747067,0.021699999999999962,3.6491000000000064,0.1280385964912283,0.005722121140205134,0.9622392743190151,0.0011892429205882203
7,1.0,0.007,29.499999999999996,0.012970168612191954,0.38261997405966264,0.007,3.6561000000000066,0.12393559322033922,0.0018458455290984335,0.9640851198481135,0.00012375056405704733
35,3.1000000000000085,0.005,32.60000000000001,0.04020752269779517,0.4228274967574578,0.015500000000000043,3.6716000000000064,0.11262576687116581,0.004087229385860828,0.9681723492339743,0.0013046755889401687
17,1.6000000000000014,0.005,34.20000000000001,0.020752269779507147,0.44357976653696496,0.008000000000000007,3.6796000000000064,0.10759064327485396,0.002109537747541069,0.9702818869815154,0.00034755145761569396
19,2.8999999999999986,0.005,37.10000000000001,0.03761348897535665,0.4811932555123216,0.014499999999999994,3.6941000000000064,0.09957142857142873,0.003823537167418182,0.9741054241489336,0.001141760843182804
11,1.5,0.004,38.60000000000001,0.01945525291828793,0.5006485084306096,0.006,3.700100000000006,0.09585751295336802,0.0015821533106558001,0.9756875774595895,0.0003194476895843398
32,3.0,0.004,41.60000000000001,0.03891050583657586,0.5395590142671854,0.012,3.712100000000006,0.0892331730769232,0.0031643066213116002,0.9788518840809011,0.0012777907583373593
10,3.0,0.003,44.60000000000001,0.03891050583657586,0.5784695201037613,0.009000000000000001,3.721100000000006,0.08343273542600908,0.0023732299659837003,0.9812251140468847,0.001334972528043756
28,1.8999999999999986,0.003,46.50000000000001,0.024643320363164696,0.603112840466926,0.005699999999999996,3.726800000000006,0.08014623655913991,0.001503045645123009,0.9827281596920078,0.000535472314026439
25,0.6999999999999957,0.003,47.2,0.009079118028534313,0.6121919584954604,0.0020999999999999873,3.728900000000006,0.07900211864406792,0.0005537536587295267,0.9832819133507373,7.268183763793694e-05
0,0.9000000000000004,0.003,48.1,0.011673151750972765,0.6238651102464331,0.002700000000000001,3.731600000000006,0.0775800415800417,0.0007119689897951103,0.9839938823405324,0.00012014752752393813
21,4.600000000000001,0.003,52.7,0.05966277561608301,0.6835278858625161,0.013800000000000005,3.745400000000006,0.07107020872865286,0.0036389526145083418,0.9876328349550407,0.003138668743711766
23,1.0,0.002,53.7,0.012970168612191954,0.696498054474708,0.002,3.7474000000000056,0.06978398510242095,0.0005273844368852667,0.988160219391926,0.0001548228780332625
22,2.0999999999999943,0.002,55.8,0.02723735408560303,0.723735408560311,0.0041999999999999885,3.7516000000000056,0.06723297491039437,0.001107507317459057,0.989267726709385,0.0006827688921266839
26,2.1000000000000014,0.002,57.9,0.027237354085603124,0.7509727626459142,0.004200000000000003,3.7558000000000056,0.06486701208981012,0.001107507317459061,0.990375234026844,0.0006827688921266885
27,2.1000000000000014,0.002,60.0,0.027237354085603124,0.7782101167315173,0.004200000000000003,3.7600000000000056,0.06266666666666676,0.001107507317459061,0.991482741344303,0.0006827688921266885
5,1.1999999999999993,0.002,61.2,0.015564202334630337,0.7937743190661476,0.0023999999999999985,3.7624000000000057,0.061477124183006625,0.0006328613242623197,0.9921156026685654,0.00022294494436789775
29,3.0,0.002,64.2,0.03891050583657586,0.8326848249027234,0.006,3.7684000000000055,0.058697819314641825,0.0015821533106558001,0.9936977559792212,0.0013934059022993625
4,1.5,0.002,65.7,0.01945525291828793,0.8521400778210114,0.003,3.7714000000000056,0.05740334855403357,0.0007910766553279001,0.994488832634549,0.00034835147557484063
1,2.1999999999999993,0.002,67.9,0.02853437094682229,0.8806744487678337,0.0043999999999999985,3.7758000000000056,0.05560824742268049,0.0011602457611475864,0.9956490783956966,0.0007493427296809901
8,1.4000000000000021,0.002,69.30000000000001,0.018158236057068764,0.8988326848249025,0.0028000000000000043,3.7786000000000057,0.0545252525252526,0.0007383382116393745,0.996387416607336,0.00030345284094519543
2,3.9000000000000004,0.002,73.20000000000002,0.050583657587548625,0.9494163424124511,0.0078000000000000005,3.7864000000000058,0.05172677595628422,0.00205679930385254,0.9984442159111885,0.002354855974885923
9,1.1999999999999993,0.002,74.40000000000002,0.015564202334630337,0.9649805447470814,0.0023999999999999985,3.788800000000006,0.050924731182795765,0.0006328613242623197,0.9990770772354508,0.00022294494436789775
24,0.8000000000000043,0.002,75.20000000000002,0.010376134889753618,0.975356679636835,0.0016000000000000085,3.7904000000000058,0.050404255319149,0.00042190754950821563,0.999498984784959,9.908664194128906e-05
3,1.9000000000000004,0.001,77.10000000000002,0.024643320363164717,0.9999999999999998,0.0019000000000000004,3.7923000000000058,0.04918677042801563,0.0005010152150410035,1.0,0.0005828508978651208
