,weight,grade,cml_weight,weight_pct,cml_weight_pct,yield,cml_yield,cml_grade,recovery,cml_recovery,distributional_heterogeneity
6,2.0,0.158,2.0,0.023446658851113716,0.023446658851113716,0.316,0.316,0.158,0.20683335515119783,0.20683335515119783,0.03363068037985928
5,2.0000000000000018,0.134,4.000000000000002,0.023446658851113737,0.046893317702227454,0.26800000000000024,0.5840000000000003,0.14600000000000002,0.17541563031810464,0.38224898546930247,0.0230945682887351
18,1.6999999999999957,0.104,5.6999999999999975,0.01992966002344661,0.06682297772567407,0.17679999999999954,0.7607999999999998,0.13347368421052633,0.11572195313522683,0.4979709386045293,0.009176163419613219
7,2.599999999999998,0.091,8.299999999999995,0.030480656506447806,0.09730363423212188,0.2365999999999998,0.9973999999999996,0.1201686746987952,0.15486320198978915,0.6528341405943184,0.015471017620915475
34,2.1000000000000085,0.034,10.400000000000004,0.0246189917936695,0.12192262602579138,0.0714000000000003,1.0688,0.10276923076923072,0.046733865689226536,0.699568006283545,0.0004890676474163899
17,2.700000000000003,0.031,13.100000000000007,0.03165298944900355,0.15357561547479492,0.0837000000000001,1.1525,0.08797709923664118,0.05478465767770657,0.7543526639612516,0.0005350740750427887
16,3.0,0.017,16.10000000000001,0.035169988276670575,0.18874560375146548,0.051000000000000004,1.2035,0.07475155279503101,0.03338133263516168,0.7877339965964132,3.1992890039016116e-06
15,3.0,0.014,19.10000000000001,0.035169988276670575,0.22391559202813605,0.042,1.2455,0.0652094240837696,0.027490509228956676,0.8152245058253699,5.897439844427683e-05
1,1.9999999999999991,0.012,21.10000000000001,0.023446658851113706,0.24736225087924976,0.02399999999999999,1.2695,0.060165876777251166,0.015708862416546662,0.8309333682419165,5.9873493662798446e-05
4,1.4000000000000004,0.011,22.500000000000007,0.016412661195779606,0.26377491207502934,0.015400000000000002,1.2849000000000002,0.05710666666666665,0.010079853383950782,0.8410132216258673,4.010445478156018e-05
8,1.0,0.011,23.500000000000007,0.011723329425556858,0.2754982415005862,0.011,1.2959,0.05514468085106382,0.007199895274250557,0.8482131169001179,2.0461456521204164e-05
19,3.0,0.011,26.500000000000007,0.035169988276670575,0.3106682297772568,0.033,1.3289,0.05014716981132074,0.021599685822751673,0.8698128027228695,0.00018415310869083747
9,2.6999999999999993,0.009,29.200000000000006,0.03165298944900351,0.3423212192262603,0.024299999999999992,1.3532,0.04634246575342465,0.0159052231967535,0.885718025919623,0.0002479921419355044
33,3.0999999999999943,0.008,32.3,0.0363423212192262,0.3786635404454865,0.024799999999999954,1.378,0.0426625386996904,0.01623249116376486,0.9019505170833879,0.0004044052648595358
14,3.0,0.008,35.3,0.035169988276670575,0.41383352872215706,0.024,1.402,0.039716713881019834,0.01570886241654667,0.9176593794999346,0.0003787354197435834
0,2.1000000000000005,0.007,37.4,0.024618991793669408,0.43845252051582645,0.014700000000000005,1.4166999999999998,0.037879679144385024,0.009621678230134838,0.9272810577300694,0.00022491941412297806
20,3.0,0.005,40.4,0.035169988276670575,0.473622508792497,0.015,1.4316999999999998,0.035438118811881185,0.009818039010341669,0.937099096740411,0.0006427213316025147
10,2.400000000000002,0.005,42.8,0.028135990621336485,0.5017584994138335,0.01200000000000001,1.4436999999999998,0.03373130841121495,0.007854431208273342,0.9449535279486844,0.0004113416522256102
2,2.0,0.004,44.8,0.023446658851113716,0.5252051582649473,0.008,1.4516999999999998,0.03240401785714286,0.005236287472182224,0.9501898154208666,0.0003316176257586073
11,2.8999999999999986,0.003,47.699999999999996,0.033997655334114876,0.5592028135990622,0.008699999999999996,1.4603999999999997,0.030616352201257857,0.005694462625998166,0.9558842780468647,0.0008010707174727909
22,3.0,0.003,50.699999999999996,0.035169988276670575,0.5943728018757328,0.009000000000000001,1.4693999999999996,0.028982248520710054,0.005890823406205002,0.9617751014530697,0.0008572694955119055
26,2.700000000000003,0.002,53.4,0.03165298944900355,0.6260257913247363,0.0054000000000000055,1.4747999999999997,0.027617977528089883,0.0035344940437230044,0.9653095954967926,0.0007906497838567834
30,3.1000000000000085,0.002,56.50000000000001,0.03634232121922636,0.6623681125439627,0.006200000000000017,1.4809999999999997,0.026212389380530964,0.004058122790941234,0.9693677182877338,0.0010422694681568882
29,3.0,0.002,59.50000000000001,0.035169988276670575,0.6975381008206333,0.006,1.4869999999999997,0.024991596638655453,0.003927215604136667,0.9732949338918705,0.0009761108442676318
28,2.0999999999999943,0.002,61.6,0.024618991793669335,0.7221570926143026,0.0041999999999999885,1.4911999999999996,0.024207792207792202,0.00274905092289566,0.9760439848147662,0.000478294313691137
27,1.5999999999999943,0.002,63.199999999999996,0.018757327080890906,0.7409144196951936,0.003199999999999989,1.4943999999999997,0.023645569620253163,0.002094514988872882,0.9781384998036391,0.0002776493068139022
13,3.1000000000000014,0.002,66.3,0.03634232121922628,0.7772567409144199,0.006200000000000003,1.5005999999999997,0.022633484162895925,0.004058122790941226,0.9821966225945803,0.0010422694681568832
12,3.1999999999999993,0.002,69.5,0.037514654161781937,0.8147713950762018,0.006399999999999999,1.5069999999999997,0.021683453237410066,0.004189029977745778,0.986385652572326,0.001110597227255616
21,3.0,0.002,72.5,0.035169988276670575,0.8499413833528724,0.006,1.5129999999999997,0.020868965517241374,0.003927215604136667,0.9903128681764627,0.0009761108442676318
3,2.0,0.002,74.5,0.023446658851113716,0.8733880422039861,0.004,1.5169999999999997,0.020362416107382545,0.002618143736091112,0.9929310119125538,0.00043382704189672526
24,3.0,0.001,77.5,0.035169988276670575,0.9085580304806568,0.003,1.5199999999999996,0.019612903225806447,0.0019636078020683337,0.9948946197146221,0.001102663704224045
23,3.000000000000007,0.001,80.5,0.03516998827667066,0.9437280187573274,0.003000000000000007,1.5229999999999997,0.01891925465838509,0.0019636078020683384,0.9968582275166905,0.0011026637042240502
31,1.5,0.001,82.0,0.017584994138335287,0.9613130128956626,0.0015,1.5244999999999997,0.018591463414634142,0.0009818039010341668,0.9978400314177247,0.00027566592605601125
32,1.5,0.001,83.5,0.017584994138335287,0.9788980070339979,0.0015,1.5259999999999998,0.018275449101796404,0.0009818039010341668,0.9988218353187589,0.00027566592605601125
25,1.7999999999999972,0.001,85.3,0.021101992966002313,1.0000000000000002,0.0017999999999999971,1.5277999999999998,0.017910902696365767,0.0011781646812409983,0.9999999999999999,0.0003969589335206549
