,weight,grade,cml_weight,weight_pct,cml_weight_pct,yield,cml_yield,cml_grade,recovery,cml_recovery,distributional_heterogeneity
0,0.7999999999999989,1.56,0.7999999999999989,0.002416918429003018,0.002416918429003018,1.2479999999999984,1.2479999999999984,1.56,0.019717415312279288,0.019717415312279288,0.00029930719240825194
42,3.0,1.0,3.799999999999999,0.00906344410876133,0.011480362537764348,3.0,4.247999999999998,1.1178947368421053,0.04739763296220989,0.06711504827448918,0.0014695100350518595
1,1.700000000000001,0.88,5.5,0.005135951661631423,0.01661631419939577,1.4960000000000009,5.744,1.0443636363636364,0.023635619637155346,0.09075066791164452,0.0003422377152046254
43,3.299999999999997,0.76,8.799999999999997,0.009969788519637453,0.026586102719033222,2.507999999999998,8.251999999999997,0.9377272727272727,0.03962442115640743,0.13037508906805195,0.0008793972368217832
79,2.0,0.58,10.799999999999997,0.006042296072507553,0.03262839879154077,1.16,9.411999999999997,0.8714814814814814,0.01832708474538782,0.14870217381343978,0.00015091603273732738
50,3.0,0.58,13.799999999999997,0.00906344410876133,0.041691842900302103,1.7399999999999998,11.151999999999997,0.8081159420289855,0.027490627118081732,0.1761928009315215,0.0003395610736589866
81,1.0,0.46,14.799999999999997,0.0030211480362537764,0.04471299093655588,0.46,11.611999999999998,0.7845945945945947,0.007267637054205516,0.18346043798572703,1.8032668979584727e-05
35,2.6000000000000085,0.424,17.400000000000006,0.007854984894259844,0.052567975830815725,1.1024000000000036,12.714400000000001,0.7307126436781608,0.01741705019251345,0.20087748817824047,9.143309276806582e-05
98,3.1000000000000227,0.398,20.50000000000003,0.009365558912386775,0.0619335347432025,1.2338000000000091,13.94820000000001,0.6803999999999996,0.01949306651625833,0.2203705546944988,0.00010256641026647617
82,1.4000000000000057,0.386,21.900000000000034,0.004229607250755304,0.0661631419939578,0.5404000000000022,14.488600000000012,0.6615799086757986,0.008537893617592777,0.22890844831209156,1.856133141867762e-05
12,1.5999999999999943,0.375,23.50000000000003,0.004833836858006025,0.07099697885196382,0.5999999999999979,15.08860000000001,0.6420680851063827,0.009479526592441945,0.2383879749045335,2.1582433108643277e-05
40,1.9000000000000057,0.366,25.400000000000034,0.005740181268882192,0.07673716012084601,0.695400000000002,15.784000000000013,0.6214173228346453,0.010986771320640284,0.2493747462251738,2.752670717120698e-05
80,2.5999999999999943,0.352,28.00000000000003,0.007854984894259802,0.08459214501510581,0.9151999999999979,16.699200000000012,0.5963999999999998,0.014459437895671464,0.26383418412084525,4.361879944785552e-05
112,1.1000000000000227,0.352,29.10000000000005,0.0033232628398792226,0.08791540785498504,0.387200000000008,17.08640000000002,0.587161512027491,0.006117454494322682,0.2699516386151679,7.807507001761476e-06
97,3.0,0.352,32.10000000000005,0.00906344410876133,0.09697885196374637,1.056,18.14240000000002,0.5651838006230526,0.016683966802697882,0.2866356054178658,5.8072366128801975e-05
76,1.8000000000000114,0.331,33.90000000000006,0.005438066465256832,0.1024169184290032,0.5958000000000038,18.738200000000024,0.5527492625368728,0.009413169906294943,0.29604877532416074,1.5801447366953036e-05
15,1.1999999999999957,0.326,35.10000000000006,0.0036253776435045187,0.10604229607250772,0.3911999999999986,19.12940000000002,0.5449971509971507,0.006180651338272148,0.3022294266624329,6.529423655171409e-06
10,3.6000000000000014,0.325,38.70000000000006,0.010876132930513599,0.11691842900302131,1.1700000000000006,20.299400000000023,0.5245322997416019,0.018485076855261864,0.32071450351769476,5.789602764996352e-05
73,1.6999999999999886,0.322,40.40000000000005,0.005135951661631386,0.1220543806646527,0.5473999999999963,20.84680000000002,0.5160099009900989,0.008648488094504506,0.3293629916121993,1.233791219226103e-05
4,3.6000000000000014,0.318,44.00000000000005,0.010876132930513599,0.1329305135951663,1.1448000000000005,21.99160000000002,0.4998090909090908,0.0180869367383793,0.3474499283505786,5.199569155553049e-05
48,2.3000000000000114,0.315,46.30000000000006,0.00694864048338372,0.13987915407855003,0.7245000000000036,22.716100000000022,0.4906285097192223,0.011446528360373744,0.3588964567109523,2.0230995353973828e-05
93,0.5,0.315,46.80000000000006,0.0015105740181268882,0.1413897280966769,0.1575,22.87360000000002,0.4887521367521366,0.0024883757305160193,0.36138483244146835,9.560961887511166e-07
39,3.0,0.311,49.80000000000006,0.00906344410876133,0.15045317220543825,0.933,23.80660000000002,0.47804417670682714,0.014740663851247277,0.37612549629271563,3.223082400447219e-05
34,3.0,0.304,52.80000000000006,0.00906344410876133,0.15951661631419958,0.9119999999999999,24.71860000000002,0.46815530303030284,0.014408880420511805,0.39053437671322744,2.857368936298053e-05
6,3.1000000000000014,0.303,55.90000000000006,0.00936555891238671,0.1688821752265863,0.9393000000000004,25.65790000000002,0.4589964221824685,0.014840198880467921,0.4053745755936954,2.997168278011224e-05
78,2.0999999999999943,0.292,58.00000000000006,0.006344410876132914,0.1752265861027192,0.6131999999999983,26.27110000000002,0.45294999999999985,0.009688076177475675,0.4150626517711711,1.1180097647403575e-05
8,1.3999999999999986,0.29,59.400000000000055,0.004229607250755283,0.17945619335347449,0.4059999999999996,26.677100000000017,0.44910942760942746,0.006414479660885731,0.4214771314320568,4.773667448549234e-06
66,3.0,0.29,62.400000000000055,0.00906344410876133,0.18851963746223582,0.8699999999999999,27.547100000000018,0.4414599358974358,0.013745313559040866,0.43522244499109763,2.1919901549460816e-05
7,3.0,0.286,65.40000000000006,0.00906344410876133,0.19758308157099716,0.8579999999999999,28.40510000000002,0.4343287461773699,0.013555723027192027,0.4487781680182897,2.0180569880976878e-05
56,2.299999999999983,0.283,67.70000000000005,0.006948640483383634,0.2045317220543808,0.6508999999999951,29.056000000000015,0.42918759231905457,0.010283706431700729,0.4590618744499904,1.1122664879624196e-05
49,3.6999999999999886,0.277,71.40000000000003,0.011178247734138938,0.21570996978851975,1.024899999999997,30.080900000000014,0.42130112044817924,0.01619261134098959,0.47525448579098,2.5143842381708272e-05
13,0.7000000000000028,0.275,72.10000000000004,0.002114803625377652,0.21782477341389742,0.1925000000000008,30.273400000000017,0.41988072122052705,0.0030413481150751475,0.4782958339060552,8.584846913887913e-07
106,2.8999999999999773,0.271,75.00000000000001,0.008761329305135884,0.2265861027190333,0.7858999999999939,31.05930000000001,0.41412400000000005,0.012416599915000154,0.49071243382105534,1.336100323133752e-05
88,3.8999999999999773,0.264,78.89999999999999,0.011782477341389659,0.23836858006042294,1.029599999999994,32.0889,0.406703422053232,0.01626686763263034,0.5069793014536856,2.010975628417367e-05
52,2.5,0.262,81.39999999999999,0.0075528700906344415,0.24592145015105737,0.655,32.743900000000004,0.40225921375921386,0.010348483196749159,0.5173277846504348,7.81545263908038e-06
83,2.6999999999999886,0.256,84.09999999999998,0.008157099697885162,0.2540785498489425,0.6911999999999972,33.4351,0.39756361474435203,0.010920414634493114,0.5282481992849279,7.6359094388806e-06
5,3.099999999999998,0.255,87.19999999999997,0.0093655589123867,0.26344410876132923,0.7904999999999994,34.2256,0.39249541284403683,0.012489276285542297,0.5407374755704702,9.7576102273541e-06
36,3.5,0.244,90.69999999999997,0.010574018126888218,0.2740181268882175,0.854,35.0796,0.3867651598676958,0.013492526183242416,0.5542300017537126,8.517689275004352e-06
77,3.5999999999999943,0.242,94.29999999999997,0.010876132930513578,0.28489425981873107,0.8711999999999986,35.9508,0.3812386002120892,0.01376427261222573,0.5679942743659383,8.341350821080365e-06
99,3.0,0.236,97.29999999999997,0.00906344410876133,0.2939577039274924,0.708,36.6588,0.3767605344295993,0.011185841379081534,0.5791801157450198,4.50457017306265e-06
74,3.3000000000000114,0.234,100.59999999999998,0.009969788519637496,0.30392749244712985,0.7722000000000027,37.431000000000004,0.3720775347912526,0.012200150724472867,0.5913802664694927,4.974515564758098e-06
38,3.0,0.225,103.59999999999998,0.00906344410876133,0.31299093655589116,0.675,38.106,0.3678185328185329,0.010664467416497226,0.6020447338859899,2.5632756319135884e-06
33,2.0,0.223,105.59999999999998,0.006042296072507553,0.3190332326283987,0.446,38.552,0.36507575757575766,0.007046448100381871,0.6090911819863718,1.0083212950841034e-06
94,3.900000000000034,0.221,109.50000000000001,0.011782477341389831,0.33081570996978854,0.8619000000000075,39.413900000000005,0.3599442922374429,0.01361733995004302,0.6227085219364148,3.366720792633585e-06
51,3.6000000000000227,0.218,113.10000000000004,0.010876132930513665,0.3416918429003022,0.7848000000000049,40.19870000000001,0.35542617152961975,0.012399220782914186,0.635107742719329,2.3197966061300314e-06
65,3.0999999999999943,0.214,116.20000000000003,0.00936555891238669,0.35105740181268885,0.6633999999999988,40.862100000000005,0.35165318416523234,0.010481196569043328,0.6455889392883724,1.2446473809503126e-06
19,2.700000000000003,0.212,118.90000000000003,0.008157099697885205,0.35921450151057405,0.5724000000000006,41.43450000000001,0.34848191757779645,0.009043468369189655,0.654632407657562,7.856494214700176e-07
11,3.1000000000000014,0.21,122.00000000000003,0.00936555891238671,0.36858006042296076,0.6510000000000002,42.08550000000001,0.34496311475409835,0.01028528635279955,0.6649176940103616,8.458985646483516e-07
37,2.299999999999997,0.209,124.30000000000003,0.0069486404833836776,0.37552870090634444,0.4806999999999994,42.56620000000001,0.3424473049074819,0.007594680721644755,0.6725123747320063,4.173679894524296e-07
122,1.6000000000000227,0.206,125.90000000000005,0.004833836858006111,0.38036253776435053,0.32960000000000467,42.895800000000015,0.34071326449563144,0.0052074199414482,0.6777197946734546,1.3956432023409888e-07
27,2.0999999999999943,0.198,128.00000000000006,0.006344410876132914,0.38670694864048344,0.4157999999999989,43.31160000000001,0.33837187499999993,0.0065693119285622735,0.6842891066020168,5.058048338383355e-08
71,0.4000000000000057,0.194,128.40000000000006,0.0012084592145015277,0.38791540785498496,0.0776000000000011,43.38920000000002,0.33792211838006225,0.0012260187726225132,0.6855151253746393,3.0833808140426665e-10
92,1.6999999999999886,0.193,130.10000000000005,0.005135951661631386,0.39305135951661635,0.32809999999999784,43.717300000000016,0.33602843966179863,0.005183721124966987,0.6906988464996063,2.28192162737135e-09
53,2.0999999999999943,0.193,132.20000000000005,0.006344410876132914,0.39939577039274926,0.40529999999999894,44.12260000000001,0.33375642965204233,0.006403420213194539,0.6971022667128008,3.4821018604525023e-09
95,3.0,0.19,135.20000000000005,0.00906344410876133,0.40845921450151057,0.5700000000000001,44.69260000000001,0.33056656804733725,0.00900555026281988,0.7061078169756208,3.3516973978924157e-09
75,2.1999999999999886,0.175,137.40000000000003,0.0066465256797582735,0.41510574018126883,0.384999999999998,45.07760000000001,0.32807569141193593,0.006082696230150238,0.712190513205771,3.179036482453017e-07
26,2.5,0.173,139.90000000000003,0.0075528700906344415,0.42265861027190327,0.4325,45.51010000000001,0.3253045032165833,0.006833158752051926,0.7190236719578229,5.179844108842372e-07
68,3.0,0.172,142.90000000000003,0.00906344410876133,0.4317220543806646,0.516,46.02610000000001,0.32208607417774665,0.008152392869500102,0.727176064827323,8.300143605594217e-07
89,2.200000000000017,0.17,145.10000000000005,0.006646525679758359,0.43836858006042295,0.37400000000000294,46.40010000000001,0.3197801516195727,0.005908904909288879,0.7330849697366119,5.440844010279905e-07
45,4.0,0.168,149.10000000000005,0.012084592145015106,0.45045317220543807,0.672,47.072100000000006,0.31570824949698184,0.010617069783535016,0.7437020395201469,2.1536218814441007e-06
87,3.0,0.167,152.10000000000005,0.00906344410876133,0.4595166163141994,0.501,47.573100000000004,0.312775147928994,0.007915404704689051,0.751617444224836,1.3179944733026304e-06
84,3.6000000000000227,0.165,155.70000000000007,0.010876132930513665,0.470392749244713,0.5940000000000037,48.167100000000005,0.3093583815028901,0.009384731326517617,0.7610021755513536,2.22427874440198e-06
55,2.200000000000017,0.163,157.9000000000001,0.006646525679758359,0.4770392749244714,0.3586000000000028,48.52570000000001,0.3073191893603545,0.005665597060082866,0.7666677726114365,9.622209568984693e-07
96,3.099999999999966,0.16,161.00000000000006,0.009365558912386603,0.486404833836858,0.49599999999999456,49.0217,0.3044826086956521,0.00783640864975195,0.7745041812611885,2.338300525715635e-06
16,1.7000000000000028,0.157,162.70000000000005,0.005135951661631428,0.49154078549848945,0.26690000000000047,49.2886,0.30294161032575284,0.0042168094125379476,0.7787209906737265,8.448224740686241e-07
69,3.0999999999999943,0.156,165.80000000000004,0.00936555891238669,0.5009063444108761,0.4835999999999991,49.7722,0.30019420989143536,0.00764049843350822,0.7863614891072347,2.9758336557884155e-06
67,3.0999999999999943,0.154,168.90000000000003,0.00936555891238669,0.5102719033232628,0.4773999999999991,50.249599999999994,0.2975109532267613,0.007542543325386319,0.793904032432621,3.323385830446304e-06
9,1.1000000000000014,0.154,170.00000000000003,0.0033232628398791584,0.5135951661631419,0.16940000000000022,50.419,0.2965823529411764,0.002676386341266122,0.7965804187738871,4.1844920445786193e-07
3,3.1999999999999993,0.149,173.20000000000002,0.009667673716012083,0.523262839879154,0.4767999999999999,50.895799999999994,0.29385565819861426,0.00753306379879389,0.804113482572681,4.55655949868626e-06
14,1.2000000000000028,0.144,174.40000000000003,0.0036253776435045404,0.5268882175226586,0.1728000000000004,51.068599999999996,0.2928245412844036,0.002730103658623296,0.8068435862313043,8.015155080051428e-07
47,2.5999999999999943,0.142,177.00000000000003,0.007854984894259802,0.5347432024169184,0.36919999999999914,51.437799999999996,0.29060903954802253,0.005833068696549284,0.8126766549278536,4.088145110564159e-06
2,3.5999999999999996,0.139,180.60000000000002,0.010876132930513593,0.545619335347432,0.5004,51.938199999999995,0.2875869324473975,0.007905925178096608,0.8205825801059502,8.822134092517957e-06
91,4.0,0.139,184.60000000000002,0.012084592145015106,0.5577039274924471,0.556,52.49419999999999,0.2843672806067172,0.008784361308996234,0.8293669414149464,1.0891523571009826e-05
31,3.0,0.13,187.60000000000002,0.00906344410876133,0.5667673716012085,0.39,52.88419999999999,0.2818987206823027,0.006161692285087286,0.8355286337000337,8.42016364619564e-06
30,3.0,0.127,190.60000000000002,0.00906344410876133,0.5758308157099699,0.381,53.26519999999999,0.2794606505771248,0.006019499386200656,0.8415481330862343,9.265599474004974e-06
63,3.0999999999999943,0.126,193.70000000000002,0.00936555891238669,0.5851963746223565,0.3905999999999993,53.65579999999999,0.277004646360351,0.006171171811679716,0.847719304897914,1.0204108949163106e-05
44,3.0,0.126,196.70000000000002,0.00906344410876133,0.5942598187311179,0.378,54.03379999999999,0.274701576004067,0.005972101753238446,0.8536914066511525,9.55639755904977e-06
72,2.200000000000017,0.125,198.90000000000003,0.006646525679758359,0.6009063444108762,0.27500000000000213,54.30879999999999,0.2730457516339868,0.00434478302153594,0.8580361896726885,5.29801926468081e-06
17,2.8999999999999986,0.124,201.80000000000004,0.008761329305135948,0.6096676737160122,0.3595999999999998,54.66839999999999,0.2709038652130822,0.005681396271070223,0.8637175859437587,9.485987494329302e-06
32,3.5999999999999943,0.124,205.40000000000003,0.010876132930513578,0.6205438066465258,0.4463999999999993,55.11479999999999,0.2683291139240505,0.0070527677847768205,0.8707703537285355,1.4618121037634659e-05
64,3.0,0.121,208.40000000000003,0.00906344410876133,0.6296072507552871,0.363,55.47779999999999,0.26620825335892506,0.005735113588427396,0.8765054673169629,1.107778405258635e-05
104,2.3000000000000114,0.12,210.70000000000005,0.00694864048338372,0.6365558912386708,0.27600000000000136,55.75379999999999,0.2646122448979591,0.004360582232523331,0.8808660495494862,6.698045509846537e-06
61,3.5,0.118,214.20000000000005,0.010574018126888218,0.647129909365559,0.413,56.16679999999999,0.2622166199813257,0.006525074137797561,0.8873911236872838,1.6393947426793357e-05
58,2.6999999999999886,0.111,216.90000000000003,0.008157099697885162,0.6552870090634442,0.29969999999999875,56.46649999999999,0.26033425541724287,0.004735023532924748,0.8921261472202086,1.1710605278790176e-05
18,2.8999999999999986,0.111,219.80000000000004,0.008761329305135948,0.6640483383685801,0.32189999999999985,56.78839999999999,0.258363967242948,0.005085766016845118,0.8972119132370536,1.3509765486231291e-05
46,3.0999999999999943,0.109,222.90000000000003,0.00936555891238669,0.6734138972809668,0.33789999999999937,57.126299999999986,0.2562866756393,0.005338553392643564,0.9025504666296972,1.6216773456041603e-05
90,2.0999999999999943,0.109,225.00000000000003,0.006344410876132914,0.6797583081570997,0.22889999999999938,57.35519999999998,0.25491199999999986,0.003616439395016605,0.9061669060247138,7.4418284017839075e-06
25,3.0,0.106,228.00000000000003,0.00906344410876133,0.6888217522658611,0.318,57.67319999999998,0.25295263157894726,0.0050241490939942485,0.9111910551187081,1.6315904216322194e-05
59,3.6999999999999886,0.103,231.70000000000002,0.011178247734138938,0.7,0.38109999999999883,58.05429999999998,0.2505580492015536,0.006021079307299377,0.9172121344260075,2.6596386182790835e-05
70,1.5,0.1,233.20000000000002,0.004531722054380665,0.7045317220543806,0.15000000000000002,58.204299999999975,0.2495896226415093,0.002369881648110495,0.9195820160741179,4.673553942182374e-06
62,3.0,0.098,236.20000000000002,0.00906344410876133,0.713595166163142,0.29400000000000004,58.49829999999997,0.2476642675698559,0.00464496803029657,0.9242269841044145,1.9522930855965328e-05
24,2.4000000000000057,0.098,238.60000000000002,0.007250755287009081,0.720845921450151,0.23520000000000058,58.73349999999997,0.24615884325230497,0.003715974424237264,0.9279429585286517,1.2494675747817868e-05
22,2.5,0.094,241.10000000000002,0.0075528700906344415,0.7283987915407855,0.235,58.96849999999997,0.24458108668602224,0.0037128145820397745,0.9316557731106915,1.4746026309088243e-05
110,3.0,0.094,244.10000000000002,0.00906344410876133,0.7374622356495468,0.28200000000000003,59.250499999999974,0.24273043834494046,0.00445537749844773,0.9361111506091392,2.123427788508707e-05
60,2.6000000000000227,0.094,246.70000000000005,0.007854984894259887,0.7453172205438067,0.24440000000000214,59.49489999999997,0.2411629509525738,0.0038613271653213993,0.9399724777744606,1.5949302055910123e-05
103,2.8999999999999773,0.093,249.60000000000002,0.008761329305135884,0.7540785498489425,0.2696999999999979,59.76459999999997,0.23944150641025627,0.004261047203302636,0.9442335249777632,2.0252538996080673e-05
54,2.1999999999999886,0.089,251.8,0.0066465256797582735,0.7607250755287008,0.19579999999999897,59.96039999999997,0.23812708498808566,0.0030934855113335493,0.9473270104890968,1.2624094438439597e-05
57,3.700000000000017,0.089,255.50000000000003,0.011178247734139024,0.7719033232628398,0.3293000000000015,60.289699999999975,0.23596751467710358,0.005202680178151928,0.9525296906672488,3.570740761616559e-05
20,2.799999999999997,0.089,258.3,0.008459214501510565,0.7803625377643504,0.24919999999999973,60.53889999999998,0.2343743708865659,0.003937163378060897,0.9564668540453097,2.044894636309241e-05
107,2.3000000000000114,0.085,260.6,0.00694864048338372,0.7873111782477341,0.19550000000000098,60.73439999999998,0.23305602455871058,0.00308874574803736,0.9595555997933471,1.4898787367954548e-05
100,3.099999999999966,0.084,263.7,0.009365558912386603,0.7966767371601207,0.26039999999999713,60.99479999999998,0.23130375426621153,0.0041141145411197734,0.9636697143344669,2.7577667984510076e-05
109,3.1000000000000227,0.075,266.8,0.009365558912386775,0.8060422960725074,0.2325000000000017,61.22729999999998,0.2294876311844077,0.0036733165545712932,0.9673430308890382,3.2401623060108766e-05
105,1.8000000000000114,0.074,268.6,0.005438066465256832,0.8114803625377642,0.13320000000000085,61.36049999999998,0.2284456440804169,0.0021044549035221325,0.9694474857925603,1.1112966044531265e-05
21,2.1000000000000014,0.07,270.70000000000005,0.006344410876132934,0.8178247734138971,0.1470000000000001,61.50749999999998,0.22721647580347237,0.0023224840151482864,0.9717699698077087,1.6175895675109828e-05
28,1.9000000000000057,0.068,272.6,0.005740181268882192,0.8235649546827793,0.1292000000000004,61.636699999999976,0.22610674981658097,0.002041258059572512,0.9738112278672812,1.3682032908369825e-05
29,3.0,0.067,275.6,0.00906344410876133,0.8326283987915407,0.201,61.83769999999998,0.22437481857764865,0.0031756414084680626,0.9769868692757493,3.466622063758068e-05
23,2.0999999999999943,0.067,277.70000000000005,0.006344410876132914,0.8389728096676736,0.14069999999999963,61.97839999999998,0.22318473172488285,0.002222948985927638,0.979209818261677,1.698644811241444e-05
101,3.0,0.06,280.70000000000005,0.00906344410876133,0.848036253776435,0.18,62.15839999999998,0.2214406840042749,0.0028438579777325932,0.9820536762394095,3.868325164128501e-05
102,3.1000000000000227,0.058,283.80000000000007,0.009365558912386775,0.8574018126888218,0.17980000000000132,62.33819999999998,0.21965539112050728,0.0028406981355351335,0.9848943743749446,4.257380815729702e-05
108,3.0,0.053,286.80000000000007,0.00906344410876133,0.8664652567975831,0.159,62.49719999999998,0.21791213389121325,0.0025120745469971242,0.9874064489219417,4.2920443134810526e-05
111,2.1999999999999886,0.05,289.00000000000006,0.0066465256797582735,0.8731117824773414,0.10999999999999943,62.60719999999998,0.21663391003460195,0.0017379132086143537,0.9891443621305561,2.4094476391869617e-05
125,4.0,0.04,293.00000000000006,0.012084592145015106,0.8851963746223566,0.16,62.767199999999974,0.21422252559726948,0.0025278737579845275,0.9916722358885407,9.133086632900832e-05
124,2.6999999999999886,0.029,295.70000000000005,0.008157099697885162,0.8933534743202417,0.07829999999999968,62.84549999999997,0.21253128170443003,0.0012370782203136729,0.9929093141088544,4.78866972500507e-05
115,3.1000000000000227,0.022,298.80000000000007,0.009365558912386775,0.9027190332326285,0.0682000000000005,62.91369999999997,0.21055455153949115,0.0010775061893409127,0.9939868202981953,6.869181793998795e-05
123,3.6999999999999886,0.02,302.50000000000006,0.011178247734138938,0.9138972809667674,0.07399999999999977,62.98769999999997,0.20822380165289242,0.0011691416130678403,0.9951559619112631,0.00010018220534286294
117,3.0,0.02,305.50000000000006,0.00906344410876133,0.9229607250755287,0.06,63.04769999999997,0.20637545008183292,0.0009479526592441977,0.9961039145705073,6.586120146718568e-05
121,2.1999999999999886,0.019,307.70000000000005,0.0066465256797582735,0.929607250755287,0.04179999999999978,63.08949999999997,0.20503574910627223,0.0006604070192734544,0.9967643215897808,3.583361661740458e-05
113,2.599999999999966,0.017,310.3,0.007854984894259716,0.9374622356495468,0.04419999999999942,63.13369999999997,0.20346019980663863,0.0006983251256432165,0.997462646715424,5.121777904373398e-05
114,2.8000000000000114,0.012,313.1,0.008459214501510609,0.9459214501510574,0.03360000000000014,63.16729999999997,0.20174800383264122,0.0005308534891767529,0.9979935002046008,6.285890834189552e-05
116,3.1999999999999886,0.01,316.3,0.00966767371601205,0.9555891238670695,0.03199999999999989,63.199299999999965,0.19980809358204224,0.0005055747515969037,0.9984990749561976,8.39440574337371e-05
119,4.199999999999989,0.008,320.5,0.012688821752265827,0.9682779456193353,0.03359999999999991,63.232899999999965,0.19729453978159114,0.0005308534891767493,0.9990299284453743,0.0001478161922862812
85,2.1999999999999886,0.008,322.7,0.0066465256797582735,0.9749244712990937,0.01759999999999991,63.25049999999997,0.1960040285094514,0.0002780661133782966,0.9993079945587526,4.055727724861665e-05
86,2.3000000000000114,0.006,325.0,0.00694864048338372,0.9818731117824774,0.01380000000000007,63.26429999999997,0.1946593846153845,0.00021802911162616657,0.9995260236703788,4.530112943763209e-05
41,1.7999999999999972,0.005,326.8,0.005438066465256789,0.9873111782477342,0.008999999999999985,63.27329999999997,0.19361474908200724,0.00014219289888662943,0.9996682165692654,2.804627683097819e-05
118,2.1999999999999886,0.005,329.0,0.0066465256797582735,0.9939577039274925,0.010999999999999944,63.28429999999997,0.1923534954407294,0.00017379132086143537,0.9998420078901269,4.189629008084367e-05
120,2.0,0.005,331.0,0.006042296072507553,1.0,0.01,63.29429999999997,0.19122145015105732,0.00015799210987403297,1.0000000000000009,3.4625033124664546e-05
