,weight,grade,cml_weight,weight_pct,cml_weight_pct,yield,cml_yield,cml_grade,recovery,cml_recovery,distributional_heterogeneity
54,1.9000000000000057,1.42,1.9000000000000057,0.007673667205169651,0.007673667205169651,2.698000000000008,2.698000000000008,1.42,0.06492959542941873,0.06492959542941873,0.003278241316820362
42,3.0,0.96,4.900000000000006,0.012116316639741517,0.019789983844911166,2.88,5.578000000000008,1.1383673469387758,0.0693095755510472,0.13423917098046595,0.0032710688648956475
69,1.9000000000000057,0.72,6.800000000000011,0.007673667205169651,0.027463651050080817,1.368000000000004,6.946000000000012,1.0214705882352941,0.032922048386747525,0.16716121936721348,0.0006374807522902556
71,3.0999999999999943,0.68,9.900000000000006,0.012520193861066212,0.03998384491114703,2.107999999999996,9.05400000000001,0.914545454545455,0.0507307587713914,0.2178919781386049,0.0014600472707661752
46,1.6999999999999886,0.66,11.599999999999994,0.006865912762520147,0.046849757673667176,1.1219999999999926,10.176000000000002,0.8772413793103454,0.027001855475095298,0.24489383361370018,0.00040545618892410824
40,1.5,0.61,13.099999999999994,0.0060581583198707585,0.05290791599353793,0.915,11.091000000000001,0.8466412213740463,0.022020229732363956,0.26691406334606416,0.0002547877237775326
43,1.5999999999999943,0.58,14.699999999999989,0.006462035541195453,0.05936995153473339,0.9279999999999966,12.018999999999998,0.8176190476190481,0.022333085455337354,0.2892471488014015,0.00025189022537718366
39,3.0,0.446,17.69999999999999,0.012116316639741517,0.0714862681744749,1.338,13.357,0.7546327683615823,0.03220007364142402,0.32144722244282553,0.000403357295302631
44,3.0,0.42,20.69999999999999,0.012116316639741517,0.08360258481421641,1.26,14.616999999999999,0.7061352657004835,0.030322939303583155,0.3517701617464087,0.00033148110882351206
53,2.5,0.4,23.19999999999999,0.01009693053311793,0.09369951534733434,1.0,15.616999999999999,0.6731465517241382,0.024065824844113615,0.3758359865905223,0.00019513000827176767
38,3.0,0.392,26.19999999999999,0.012116316639741517,0.10581583198707585,1.1760000000000002,16.793,0.6409541984732827,0.028301410016677613,0.40413739660719994,0.0002619572476201407
45,3.1000000000000227,0.32,29.30000000000001,0.012520193861066327,0.11833602584814218,0.9920000000000073,17.785000000000007,0.6069965870307167,0.023873298245360882,0.4280106948525608,0.0001288929791606883
30,2.700000000000003,0.292,32.000000000000014,0.010904684975767378,0.12924071082390956,0.7884000000000008,18.573400000000007,0.58041875,0.018973496307099193,0.44698419115966004,6.510571630062872e-05
21,3.1000000000000085,0.288,35.10000000000002,0.01252019386106627,0.14176090468497582,0.8928000000000024,19.466200000000008,0.5545925925925924,0.021485968420824692,0.4684701595804847,8.038511345641139e-05
25,3.0,0.275,38.10000000000002,0.012116316639741517,0.15387722132471734,0.8250000000000001,20.291200000000007,0.5325774278215222,0.019854305496393734,0.48832446507687843,5.9876471545673894e-05
0,3.0999999999999996,0.266,41.200000000000024,0.012520193861066233,0.16639741518578358,0.8246,21.115800000000007,0.512519417475728,0.019844679166456086,0.5081691442433345,5.364808498887189e-05
52,3.0999999999999943,0.25,44.30000000000002,0.012520193861066212,0.17891760904684978,0.7749999999999986,21.890800000000006,0.4941489841986455,0.01865101425418802,0.5268201584975225,3.758695869271822e-05
60,0.5,0.244,44.80000000000002,0.0020193861066235864,0.18093699515347336,0.122,22.012800000000006,0.49135714285714277,0.002936030630981861,0.5297561891285044,8.402371840360079e-07
68,3.0,0.228,47.80000000000002,0.012116316639741517,0.1930533117932149,0.684,22.696800000000007,0.47482845188284517,0.016461024193373714,0.5462172133218781,1.8876483726588665e-05
27,2.5999999999999943,0.221,50.40000000000001,0.010500807754442626,0.2035541195476575,0.5745999999999988,23.271400000000007,0.461734126984127,0.013828222955427653,0.5600454362773057,1.1071691919746236e-05
2,3.1000000000000014,0.213,53.500000000000014,0.01252019386106624,0.21607431340872374,0.6603000000000003,23.931700000000006,0.4473214953271028,0.015890664144568228,0.5759361004218739,1.1360069931969967e-05
29,3.0999999999999943,0.21,56.60000000000001,0.012520193861066212,0.22859450726978994,0.6509999999999988,24.582700000000006,0.4343233215547704,0.015666851973517935,0.5916029523953918,9.901457276658239e-06
28,3.9000000000000057,0.199,60.500000000000014,0.015751211631663996,0.24434571890145393,0.7761000000000011,25.358800000000006,0.4191537190082645,0.018677486661516602,0.6102804390569084,8.563085550338893e-06
66,3.299999999999983,0.19,63.8,0.0133279483037156,0.25767366720516954,0.6269999999999968,25.9858,0.4073009404388715,0.01508927217725916,0.6253697112341676,3.1022617875144873e-06
26,2.700000000000003,0.18,66.5,0.010904684975767378,0.2685783521809369,0.4860000000000005,26.4718,0.39807218045112785,0.011695990874239228,0.6370657021084069,6.261650249563451e-07
65,3.8000000000000114,0.175,70.30000000000001,0.015347334410339301,0.2839256865912762,0.6650000000000019,27.136800000000004,0.38601422475106684,0.0160037735213356,0.6530694756297425,4.30912306445613e-07
15,3.0,0.168,73.30000000000001,0.012116316639741517,0.2960420032310177,0.504,27.640800000000006,0.37709140518417467,0.012129175721433261,0.6651986513511757,1.6535598195499326e-10
41,3.0999999999999943,0.166,76.4,0.012520193861066212,0.30856219709208393,0.5145999999999991,28.155400000000004,0.3685261780104712,0.012384273464780843,0.6775829248159566,1.847435412637119e-08
14,3.0999999999999943,0.165,79.5,0.012520193861066212,0.32108239095315017,0.5114999999999991,28.666900000000002,0.3605899371069183,0.012309669407764092,0.6898925942237207,4.432054543815611e-08
4,3.1999999999999993,0.16,82.7,0.012924071082390949,0.33400646203554113,0.5119999999999999,29.178900000000002,0.35282829504232166,0.012321702320186168,0.7022142965439069,3.628481256801189e-07
31,3.1000000000000085,0.156,85.80000000000001,0.01252019386106627,0.3465266558966074,0.4836000000000013,29.662500000000005,0.34571678321678323,0.011638232894613375,0.7138525294385203,7.778551463465199e-07
20,3.0,0.156,88.80000000000001,0.012116316639741517,0.3586429725363489,0.46799999999999997,30.130500000000005,0.33930743243243244,0.01126280602704517,0.7251153354655655,7.284803659852903e-07
22,3.0,0.154,91.80000000000001,0.012116316639741517,0.3707592891760904,0.46199999999999997,30.592500000000005,0.33325163398692814,0.011118411077980488,0.736233746543546,9.958155101935909e-07
67,3.0999999999999943,0.143,94.9,0.012520193861066212,0.38327948303715664,0.44329999999999914,31.035800000000005,0.32703688092729194,0.010668380153395544,0.7469021266969416,3.429214007916979e-06
32,2.6999999999999886,0.14,97.6,0.01090468497576732,0.39418416801292394,0.37799999999999845,31.413800000000005,0.32186270491803287,0.00909688179107491,0.7559990084880165,3.268152354584021e-06
72,3.0,0.136,100.6,0.012116316639741517,0.40630048465266544,0.40800000000000003,31.821800000000007,0.3163200795228629,0.009818856536398355,0.7658178650244148,5.2783229264535695e-06
3,2.8999999999999986,0.129,103.5,0.011712439418416794,0.41801292407108226,0.3740999999999998,32.19590000000001,0.31107149758454117,0.009003025074182899,0.7748208900985978,7.3409260887403865e-06
64,2.5999999999999943,0.125,106.1,0.010500807754442626,0.4285137318255249,0.3249999999999993,32.52090000000001,0.30651178133836016,0.007821393074336908,0.7826422831729347,7.179263027966024e-06
76,1.5,0.12,107.6,0.0060581583198707585,0.43457189014539566,0.18,32.70090000000001,0.3039117100371748,0.00433184847194045,0.7869741316448752,2.9801456910611633e-06
1,3.0,0.114,110.6,0.012116316639741517,0.44668820678513715,0.342,33.04290000000001,0.2987603978300182,0.008230512096686857,0.7952046437415621,1.509947694682424e-05
24,3.0999999999999943,0.114,113.69999999999999,0.012520193861066212,0.4592084006462034,0.3533999999999994,33.39630000000001,0.29372295514511887,0.008504862499909737,0.8037095062414719,1.6122885939886708e-05
5,3.0,0.112,116.69999999999999,0.012116316639741517,0.4713247172859449,0.336,33.73230000000001,0.28905141388174815,0.008086117147622175,0.8117956233890941,1.6242507946279003e-05
48,2.4000000000000057,0.106,119.1,0.009693053311793237,0.4810177705977381,0.25440000000000057,33.98670000000001,0.2853627204030228,0.006122345840342517,0.8179179692294366,1.2749951846673984e-05
16,1.9000000000000057,0.106,121.0,0.007673667205169651,0.48869143780290775,0.2014000000000006,34.18810000000001,0.2825462809917356,0.004846857123604497,0.822764826353041,7.990855237238393e-06
37,3.0999999999999943,0.102,124.1,0.012520193861066212,0.501211631663974,0.3161999999999994,34.504300000000015,0.2780362610797745,0.007609613815708711,0.8303744401687497,2.411379638186327e-05
74,3.0999999999999943,0.101,127.19999999999999,0.012520193861066212,0.5137318255250402,0.31309999999999943,34.81740000000001,0.2737216981132077,0.007535009758691959,0.8379094499274417,2.4852060534564976e-05
73,3.0,0.084,130.2,0.012116316639741517,0.5258481421647817,0.252,35.069400000000016,0.2693502304147467,0.0060645878607166305,0.8439740377881583,3.662342121487804e-05
34,3.0,0.083,133.2,0.012116316639741517,0.5379644588045233,0.249,35.31840000000002,0.2651531531531533,0.00599239038618429,0.8499664281743425,3.750247275900745e-05
55,3.8000000000000114,0.082,137.0,0.015347334410339301,0.5533117932148626,0.31160000000000093,35.63000000000002,0.26007299270073003,0.007498911021425825,0.8574653391957684,6.159774969164409e-05
58,1.5,0.081,138.5,0.0060581583198707585,0.5593699515347333,0.1215,35.751500000000014,0.2581335740072203,0.002923997718559804,0.8603893369143282,9.822962674809841e-06
77,1.5999999999999943,0.08,140.1,0.006462035541195453,0.5658319870759287,0.12799999999999956,35.879500000000014,0.2560992148465383,0.003080425580046532,0.8634697624943747,1.1435285929341606e-05
75,3.0,0.08,143.1,0.012116316639741517,0.5779483037156703,0.24,36.119500000000016,0.2524074074074075,0.005775797962587267,0.869245560456962,4.0202177095341876e-05
33,3.700000000000003,0.079,146.8,0.014943457189014549,0.5928917609046849,0.2923000000000002,36.411800000000014,0.2480367847411445,0.007034440601934415,0.8762800010588964,6.255254337470869e-05
18,2.299999999999997,0.077,149.10000000000002,0.009289176090468485,0.6021809369951534,0.17709999999999979,36.58890000000002,0.24539839034205238,0.004262057579892516,0.8805420586387889,2.5271920519375554e-05
83,3.0999999999999943,0.076,152.20000000000002,0.012520193861066212,0.6147011308562196,0.23559999999999956,36.824500000000015,0.24194809461235223,0.005669908333273157,0.8862119669720621,4.6926411812290965e-05
19,3.0999999999999943,0.075,155.3,0.012520193861066212,0.6272213247172858,0.23249999999999957,37.057000000000016,0.238615582743078,0.005595304276256405,0.8918072712483185,4.795409576180733e-05
7,3.0,0.075,158.3,0.012116316639741517,0.6393376413570273,0.22499999999999998,37.28200000000002,0.23551484523057495,0.005414810589925562,0.897222081838244,4.491018333571984e-05
17,2.5,0.075,160.8,0.01009693053311793,0.6494345718901452,0.1875,37.46950000000002,0.23301927860696528,0.004512342158271303,0.9017344239965154,3.118762731647211e-05
81,3.1000000000000227,0.074,163.90000000000003,0.012520193861066327,0.6619547657512115,0.22940000000000166,37.698900000000016,0.23001159243441127,0.005520700219239703,0.907255124215755,4.899291124197132e-05
57,2.4000000000000057,0.072,166.30000000000004,0.009693053311793237,0.6716478190630047,0.1728000000000004,37.87170000000002,0.22773120865904997,0.004158574533062842,0.911413698748818,3.063045535221708e-05
59,1.299999999999983,0.069,167.60000000000002,0.0052504038772212555,0.6768982229402261,0.08969999999999884,37.96140000000002,0.2265000000000001,0.0021587044885169634,0.9135724032373349,9.558605110114494e-06
12,3.0999999999999943,0.069,170.70000000000002,0.012520193861066212,0.6894184168012922,0.21389999999999962,38.17530000000002,0.223639718804921,0.005147679934155893,0.9187200831714908,5.4353961602486595e-05
10,3.1000000000000014,0.064,173.8,0.01252019386106624,0.7019386106623585,0.1984000000000001,38.37370000000002,0.22079228998849262,0.004774659649072144,0.9234947428205629,5.9993300229171005e-05
49,3.0,0.063,176.8,0.012116316639741517,0.7140549273021001,0.189,38.56270000000002,0.21811481900452498,0.004548440895537473,0.9280431837161004,5.727274327971191e-05
62,3.0,0.062,179.8,0.012116316639741517,0.7261712439418416,0.186,38.74870000000002,0.21551001112347062,0.004476243421005132,0.9325194271371056,5.8370718787652945e-05
51,3.0999999999999943,0.059,182.9,0.012520193861066212,0.7386914378029078,0.18289999999999965,38.93160000000002,0.21285729907053044,0.004401639363988371,0.936921066501094,6.591092712202281e-05
6,3.1000000000000014,0.058,186.0,0.01252019386106624,0.7512116316639741,0.1798000000000001,39.11140000000002,0.2102763440860216,0.00432703530697163,0.9412481018080656,6.712784709253369e-05
89,1.0,0.058,187.0,0.004038772213247173,0.7552504038772213,0.058,39.16940000000002,0.20946203208556158,0.0013958178409585898,0.9426439196490242,6.985207813999336e-06
35,3.1000000000000085,0.057,190.10000000000002,0.01252019386106627,0.7677705977382876,0.1767000000000005,39.34610000000002,0.20697580220936357,0.004252431249954888,0.9468963508989791,6.83558985936913e-05
47,2.0,0.057,192.10000000000002,0.008077544426494346,0.7758481421647819,0.114,39.46010000000002,0.20541436751691836,0.002743504032228952,0.9496398549312081,2.845198692765491e-05
11,3.0,0.056,195.10000000000002,0.012116316639741517,0.7879644588045235,0.168,39.62810000000002,0.20311686314710412,0.004043058573811088,0.9536829135050191,6.517749579911075e-05
61,1.8000000000000114,0.056,196.90000000000003,0.0072697899838449565,0.7952342487883685,0.10080000000000064,39.72890000000002,0.20177196546470294,0.0024258351442866676,0.9561087486493057,2.3463898487680167e-05
88,2.700000000000017,0.055,199.60000000000005,0.010904684975767435,0.8061389337641359,0.14850000000000094,39.877400000000016,0.1997865731462926,0.0035737749893508942,0.9596825236386566,5.374224122894176e-05
78,3.0,0.054,202.60000000000005,0.012116316639741517,0.8182552504038775,0.162,40.039400000000015,0.1976278381046397,0.0038986636247464058,0.963581187263403,6.752982107485825e-05
50,3.0,0.052,205.60000000000005,0.012116316639741517,0.830371567043619,0.156,40.195400000000014,0.19550291828793775,0.003754268675681724,0.9673354559390848,6.992384615323654e-05
79,2.8000000000000114,0.051,208.40000000000006,0.011308562197092129,0.8416801292407111,0.14280000000000057,40.338200000000015,0.19356142034548945,0.0034365997877394377,0.9707720557268242,6.196779217426183e-05
8,3.1000000000000014,0.051,211.50000000000006,0.01252019386106624,0.8542003231017774,0.15810000000000007,40.49630000000001,0.19147186761229315,0.003804806907854364,0.9745768626346786,7.59579697442158e-05
36,3.0,0.045,214.50000000000006,0.012116316639741517,0.866316639741519,0.135,40.63130000000001,0.18942331002331003,0.003248886353955338,0.977825748988634,7.863131987327796e-05
80,3.299999999999983,0.042,217.80000000000004,0.0133279483037156,0.8796445880452346,0.13859999999999928,40.76990000000001,0.18718962350780532,0.0033355233233941296,0.9811612723120281,9.984855698735253e-05
56,2.5999999999999943,0.041,220.40000000000003,0.010500807754442626,0.8901453957996772,0.10659999999999978,40.87650000000001,0.18546506352087114,0.002565416928382506,0.9837266892404106,6.29704275623191e-05
63,2.5,0.04,222.90000000000003,0.01009693053311793,0.9002423263327951,0.1,40.97650000000001,0.18383355764917003,0.0024065824844113617,0.986133271724822,5.914145311024494e-05
84,3.0,0.039,225.90000000000003,0.012116316639741517,0.9123586429725367,0.11699999999999999,41.093500000000006,0.18191013722886232,0.0028157015067612925,0.9889489732315833,8.650144185182075e-05
9,3.0,0.037,228.90000000000003,0.012116316639741517,0.9244749596122782,0.11099999999999999,41.2045,0.1800109217999126,0.0026713065576966107,0.9916202797892799,8.920821544992993e-05
13,2.4000000000000057,0.034,231.30000000000004,0.009693053311793237,0.9341680129240715,0.0816000000000002,41.286100000000005,0.17849589277993946,0.0019637713072796757,0.9935840510965596,5.974180030529717e-05
23,3.0,0.032,234.30000000000004,0.012116316639741517,0.946284329563813,0.096,41.3821,0.17662014511310284,0.002310319185034907,0.9958943702815944,9.615758608171252e-05
82,3.0,0.019,237.30000000000004,0.012116316639741517,0.9584006462035546,0.056999999999999995,41.4391,0.17462747576906867,0.0013717520161144758,0.997266122297709,0.00011544566895129772
85,2.6999999999999886,0.018,240.00000000000003,0.01090468497576732,0.9693053311793219,0.04859999999999979,41.487700000000004,0.17286541666666666,0.0011695990874239165,0.9984357213851328,9.477189725342288e-05
87,2.6999999999999886,0.012,242.70000000000002,0.01090468497576732,0.9802100161550893,0.032399999999999866,41.520100000000006,0.1710758137618459,0.0007797327249492779,0.9992154541100821,0.00010251465808134532
70,1.200000000000017,0.01,243.90000000000003,0.004846526655896676,0.985056542810986,0.01200000000000017,41.53210000000001,0.17028331283312834,0.0002887898981293675,0.9995042440082115,2.0772964353103256e-05
86,1.9000000000000057,0.008,245.80000000000004,0.007673667205169651,0.9927302100161556,0.015200000000000045,41.54730000000001,0.16902888527257934,0.00036580053763052804,0.999870044545842,5.3404915230529356e-05
90,1.799999999999983,0.003,247.60000000000002,0.007269789983844842,1.0000000000000004,0.005399999999999949,41.55270000000001,0.1678218901453958,0.0001299554541582123,1.0000000000000002,5.097723711130549e-05
