,weight,grade,cml_weight,weight_pct,cml_weight_pct,yield,cml_yield,cml_grade,recovery,cml_recovery,distributional_heterogeneity
146,1.1000000000000227,1.25,1.1000000000000227,0.0026790063321968406,0.0026790063321968406,1.3750000000000284,1.3750000000000284,1.25,0.021019386753659348,0.021019386753659348,0.0003363695540039653
148,2.3999999999999773,1.22,3.5,0.00584510472479293,0.008524111056989771,2.9279999999999724,4.303000000000001,1.2294285714285718,0.04475982866524562,0.06577921541890497,0.0015143557393616414
68,1.0,1.1,4.5,0.0024354603019970775,0.010959571358986848,1.1,5.4030000000000005,1.2006666666666668,0.016815509402927132,0.0825947248218321,0.00020678581214515933
71,1.200000000000017,0.82,5.700000000000017,0.0029225523623965344,0.013882123721383383,0.984000000000014,6.387000000000015,1.120526315789473,0.01504223750225503,0.09763696232408713,0.00014688676788930682
70,2.799999999999983,0.76,8.5,0.006819288845591775,0.020701412566975157,2.1279999999999872,8.515000000000002,1.0017647058823531,0.032530367281298836,0.13016732960538596,0.0006610595543270808
147,1.3999999999999773,0.72,9.899999999999977,0.003409644422795853,0.02411105698977101,1.0079999999999836,9.522999999999985,0.9619191919191926,0.015409121343772975,0.14557645094915894,0.00014398744637706263
25,3.1000000000000085,0.58,12.999999999999986,0.00754992693619096,0.03166098392596197,1.798000000000005,11.32099999999999,0.870846153846154,0.027485714460420967,0.17306216540957992,0.00039743562421124483
27,3.0999999999999943,0.58,16.09999999999998,0.007549926936190926,0.0392109108621529,1.7979999999999965,13.118999999999987,0.8148447204968946,0.027485714460420838,0.20054787987000075,0.00039743562421124115
74,3.0999999999999943,0.52,19.199999999999974,0.007549926936190926,0.04676083779834383,1.611999999999997,14.730999999999984,0.7672395833333335,0.02464236468865317,0.2251902445586539,0.00029215142832179664
149,1.5,0.5,20.699999999999974,0.003653190452995616,0.05041402825133944,0.75,15.480999999999984,0.7478743961352659,0.011465120047450317,0.23665536460610423,6.10262439887172e-05
137,3.0,0.46,23.699999999999974,0.007306380905991232,0.05772040915733068,1.3800000000000001,16.860999999999983,0.7114345991561182,0.021095820887308585,0.2577511854934128,0.00019014865499835353
124,3.0,0.44,26.699999999999974,0.007306380905991232,0.0650267900633219,1.32,18.180999999999983,0.680936329588015,0.02017861128351256,0.27792979677692536,0.00016569431489198283
26,3.0,0.426,29.699999999999974,0.007306380905991232,0.07233317096931313,1.278,19.458999999999982,0.6551851851851851,0.01953656456085534,0.2974663613377807,0.0001495773922317052
23,3.0999999999999943,0.418,32.79999999999997,0.007549926936190926,0.07988309790550406,1.2957999999999976,20.754799999999978,0.6327682926829268,0.019808670076648126,0.3172750314144288,0.00015027678338370642
77,2.4000000000000057,0.38,35.199999999999974,0.005845104724792999,0.08572820263029705,0.9120000000000021,21.66679999999998,0.6155340909090908,0.013941585977699619,0.33121661739212843,6.555300867866834e-05
40,2.200000000000003,0.38,37.39999999999998,0.005358012664393577,0.09108621529469063,0.8360000000000011,22.502799999999983,0.6016791443850267,0.012779787146224636,0.34399640453835306,5.50827364591587e-05
73,0.9000000000000057,0.36,38.29999999999998,0.0021919142717973833,0.09327812956648801,0.324000000000002,22.826799999999984,0.5959999999999999,0.004952931860498567,0.3489493363988516,7.623218125117306e-06
69,2.0,0.36,40.29999999999998,0.004870920603994155,0.09814905017048217,0.72,23.546799999999983,0.5842878411910668,0.011006515245552304,0.3599558516444039,3.764552160551708e-05
47,3.0,0.36,43.29999999999998,0.007306380905991232,0.1054554310764734,1.08,24.62679999999998,0.5687482678983832,0.016509772868328457,0.37646562451273236,8.470242361241343e-05
20,2.999999999999993,0.359,46.299999999999976,0.007306380905991215,0.11276181198246461,1.0769999999999975,25.70379999999998,0.5551576673866089,0.016463912388138616,0.39292953690087096,8.386038284652079e-05
24,3.0,0.345,49.299999999999976,0.007306380905991232,0.12006819288845584,1.035,26.73879999999998,0.5423691683569978,0.015821865665481435,0.4087514025663524,7.251348068910996e-05
59,2.8000000000000114,0.34,52.09999999999999,0.0068192888455918445,0.12688748173404768,0.952000000000004,27.690799999999985,0.5314932821497119,0.014553059046896997,0.4233044616132494,5.981120152659553e-05
143,3.0,0.33,55.09999999999999,0.007306380905991232,0.1341938626400389,0.99,28.680799999999984,0.5205226860254082,0.015133958462634418,0.43843842007588385,6.127097040526413e-05
28,3.0,0.329,58.09999999999999,0.007306380905991232,0.14150024354603014,0.9870000000000001,29.667799999999986,0.5106333907056797,0.015088097982444619,0.45352651805832844,6.055512065796624e-05
138,3.0,0.32,61.09999999999999,0.007306380905991232,0.14880662445202136,0.96,30.627799999999986,0.5012733224222585,0.014675353660736405,0.46820187171906485,5.430175946017669e-05
142,3.0,0.3,64.1,0.007306380905991232,0.1561130053580126,0.8999999999999999,31.527799999999985,0.4918533541341652,0.01375814405694038,0.4819600157760052,4.1625247755945285e-05
67,2.1000000000000227,0.3,66.20000000000002,0.005114466634193918,0.1612274719922065,0.6300000000000068,32.157799999999995,0.48576737160120825,0.00963070083985837,0.4915907166158636,2.039637140041363e-05
145,0.6999999999999886,0.3,66.9,0.0017048222113979264,0.16293229420360442,0.20999999999999658,32.36779999999999,0.4838236173393122,0.0032102336132860364,0.49480095022914966,2.266263488934725e-06
42,2.299999999999997,0.3,69.2,0.005601558694593271,0.1685338528981977,0.6899999999999992,33.057799999999986,0.4777138728323697,0.010547910443654279,0.5053488606728039,2.4466395625438892e-05
48,3.1000000000000227,0.29,72.30000000000003,0.007549926936190995,0.1760837798343887,0.8990000000000066,33.956799999999994,0.46966528354080195,0.013742857230210547,0.5190917179030144,3.8352385626585096e-05
39,1.7000000000000028,0.28,74.00000000000003,0.004140282513395039,0.18022406234778374,0.47600000000000087,34.43279999999999,0.46530810810810785,0.007276529523448481,0.5263682474264629,9.836045308069158e-06
75,3.0,0.26,77.00000000000003,0.007306380905991232,0.18753044325377496,0.78,35.212799999999994,0.45730909090909067,0.01192372484934833,0.5382919722758113,2.131986509125648e-05
22,3.0,0.257,80.00000000000003,0.007306380905991232,0.1948368241597662,0.771,35.983799999999995,0.4497974999999998,0.011786143408778926,0.5500781156845902,2.006827208138267e-05
29,3.0999999999999943,0.252,83.10000000000002,0.007549926936190926,0.2023867510959571,0.7811999999999986,36.76499999999999,0.4424187725631767,0.011942069041424228,0.5620201847260144,1.9290912272563227e-05
33,1.7000000000000028,0.248,84.80000000000003,0.004140282513395039,0.20652703360935215,0.4216000000000007,37.18659999999999,0.4385212264150941,0.006444926149340082,0.5684651108753546,5.311382288701994e-06
32,3.0,0.247,87.80000000000003,0.007306380905991232,0.21383341451534338,0.741,37.92759999999999,0.4319772209567196,0.011327538606880913,0.5797926494822355,1.616970925542439e-05
30,3.0,0.243,90.80000000000003,0.007306380905991232,0.2211397954213346,0.729,38.65659999999999,0.4257334801762112,0.011144096686121707,0.5909367461683572,1.4728062409062471e-05
144,3.3999999999999773,0.24,94.2,0.008280565026790008,0.2294203604481246,0.8159999999999945,39.472599999999986,0.4190297239915073,0.012474050611625861,0.6034107967799831,1.7585321350226104e-05
58,3.9000000000000057,0.24,98.10000000000001,0.009498295177788616,0.23891865562591322,0.9360000000000013,40.408599999999986,0.41191233435270114,0.014308469819218015,0.6177192665992011,2.3137780081050464e-05
19,1.5,0.236,99.60000000000001,0.003653190452995616,0.24257184607890883,0.354,40.762599999999985,0.40926305220883513,0.005411536662396549,0.6231308032615976,3.0917813921146315e-06
72,2.0999999999999943,0.22,101.7,0.005114466634193848,0.24768631271310268,0.46199999999999875,41.22459999999998,0.4053549655850539,0.007062513949229376,0.630193317210827,3.7948883416171294e-06
41,2.0,0.22,103.7,0.004870920603994155,0.25255723331709684,0.44,41.66459999999998,0.4017801350048214,0.006726203761170853,0.6369195209719979,3.4420755933035376e-06
21,3.1000000000000085,0.219,106.80000000000001,0.00754992693619096,0.2601071602532878,0.6789000000000018,42.34349999999998,0.39647471910112336,0.010378226666952055,0.64729774763895,7.999279367023285e-06
50,3.0999999999999943,0.21,109.9,0.007549926936190926,0.2676570871894787,0.6509999999999988,42.994499999999974,0.39121474067333917,0.009951724201186857,0.6572494718401368,5.768630102141934e-06
37,1.2999999999999972,0.192,111.2,0.0031660983925961934,0.2708231855820749,0.24959999999999946,43.244099999999975,0.38888579136690626,0.0038155919517914574,0.6610650637919283,4.218418834361316e-07
76,3.0999999999999943,0.19,114.3,0.007549926936190926,0.27837311251826585,0.588999999999999,43.83309999999997,0.3834916885389324,0.009003940943930967,0.6700690047358593,2.114156734704254e-06
62,3.0,0.18,117.3,0.007306380905991232,0.2856794934242571,0.54,44.37309999999997,0.3782872975277065,0.008254886434164228,0.6783238911700236,8.996627369747347e-07
43,1.7999999999999972,0.17,119.1,0.004383828543594732,0.29006332196785184,0.30599999999999955,44.67909999999997,0.3751393786733835,0.004677768979359722,0.6830016601493832,8.640097977771232e-08
66,3.5999999999999943,0.16,122.69999999999999,0.008767657087189464,0.2988309790550413,0.5759999999999991,45.25509999999997,0.36882722086389547,0.00880521219644183,0.691806872345825,1.4103862309571126e-09
94,3.0,0.16,125.69999999999999,0.007306380905991232,0.30613735996103253,0.48,45.73509999999997,0.3638432776451867,0.007337676830368203,0.6991445491761933,9.79434882609109e-10
31,3.1000000000000085,0.155,128.8,0.00754992693619096,0.31368728689722347,0.4805000000000013,46.21559999999997,0.3588167701863351,0.00734532024373319,0.7064898694199265,4.186389859850859e-08
131,3.0,0.15,131.8,0.007306380905991232,0.3209936678032147,0.44999999999999996,46.66559999999997,0.35406373292867954,0.00687907202847019,0.7133689414483967,1.8259287680829268e-07
84,3.0,0.15,134.8,0.007306380905991232,0.3283000487092059,0.44999999999999996,47.11559999999997,0.3495222551928781,0.00687907202847019,0.7202480134768668,1.8259287680829268e-07
34,1.0,0.144,135.8,0.0024354603019970775,0.330735509011203,0.144,47.25959999999997,0.3480088365243002,0.002201303049110461,0.7224493165259773,5.4829619079406887e-08
35,2.299999999999997,0.142,138.10000000000002,0.005601558694593271,0.3363370677057963,0.32659999999999956,47.58619999999997,0.3445778421433741,0.004992677609996358,0.7274419941359737,3.7073617517991265e-07
112,2.8999999999999773,0.14,141.0,0.0070628348757914685,0.34339990258158776,0.40599999999999686,47.99219999999997,0.34037021276595725,0.006206451652353057,0.7336484457883267,7.333922253867648e-07
61,3.0999999999999943,0.14,144.1,0.007549926936190926,0.3509498295177787,0.4339999999999992,48.426199999999966,0.3360596807772378,0.006634482800791238,0.7402829285891179,8.380379650376805e-07
46,3.0999999999999943,0.13,147.2,0.007549926936190926,0.35849975645396964,0.40299999999999925,48.829199999999965,0.33172010869565194,0.006160591172163292,0.7464435197612812,1.930253865206247e-06
36,2.5,0.124,149.7,0.0060886507549926935,0.36458840720896235,0.31,49.13919999999997,0.3282511690046758,0.004738916286279465,0.7511824360475606,1.821783136032582e-06
108,3.0,0.12,152.7,0.007306380905991232,0.3718947881149536,0.36,49.499199999999966,0.32415979043876864,0.005503257622776152,0.7566856936703368,3.251253574472329e-06
111,3.0,0.12,155.7,0.007306380905991232,0.3792011690209448,0.36,49.859199999999966,0.3202260757867692,0.005503257622776152,0.7621889512931129,3.251253574472329e-06
15,3.0,0.119,158.7,0.007306380905991232,0.38650754992693603,0.357,50.216199999999965,0.3164221802142405,0.005457397142586351,0.7676463484356992,3.4187409573348772e-06
109,3.0,0.11,161.7,0.007306380905991232,0.39381393083292726,0.33,50.54619999999996,0.3125924551638835,0.00504465282087814,0.7726910012565774,5.115413930989335e-06
97,3.0,0.11,164.7,0.007306380905991232,0.4011203117389185,0.33,50.87619999999996,0.30890224650880366,0.00504465282087814,0.7777356540774556,5.115413930989335e-06
140,3.0,0.11,167.7,0.007306380905991232,0.4084266926449097,0.33,51.20619999999996,0.305344066785927,0.00504465282087814,0.7827803068983338,5.115413930989335e-06
114,3.3000000000000114,0.1,171.0,0.008037018996590383,0.4164637116415001,0.3300000000000012,51.53619999999996,0.30138128654970736,0.005044652820878157,0.787824959719212,8.95425532954661e-06
104,3.0,0.1,174.0,0.007306380905991232,0.4237700925474913,0.30000000000000004,51.836199999999955,0.2979091954022986,0.004586048018980127,0.7924110077381921,7.400211016154173e-06
116,3.0,0.1,177.0,0.007306380905991232,0.43107647345348254,0.30000000000000004,52.13619999999995,0.2945548022598867,0.004586048018980127,0.7969970557571722,7.400211016154173e-06
102,3.0,0.1,180.0,0.007306380905991232,0.4383828543594738,0.30000000000000004,52.43619999999995,0.2913122222222219,0.004586048018980127,0.8015831037761523,7.400211016154173e-06
52,3.0999999999999943,0.1,183.1,0.007549926936190926,0.4459327812956647,0.30999999999999944,52.74619999999995,0.2880731840524301,0.004738916286279456,0.8063220200624317,7.901780873915703e-06
95,3.0,0.1,186.1,0.007306380905991232,0.45323916220165594,0.30000000000000004,53.04619999999995,0.2850413756045134,0.004586048018980127,0.8109080680814118,7.400211016154173e-06
139,3.0,0.1,189.1,0.007306380905991232,0.46054554310764717,0.30000000000000004,53.346199999999946,0.28210576414595423,0.004586048018980127,0.8154941161003919,7.400211016154173e-06
53,3.0,0.1,192.1,0.007306380905991232,0.4678519240136384,0.30000000000000004,53.64619999999994,0.27926184279021316,0.004586048018980127,0.820080164119372,7.400211016154173e-06
96,3.0,0.1,195.1,0.007306380905991232,0.4751583049196296,0.30000000000000004,53.94619999999994,0.2765053818554584,0.004586048018980127,0.8246662121383521,7.400211016154173e-06
49,3.0,0.1,198.1,0.007306380905991232,0.48246468582562085,0.30000000000000004,54.24619999999994,0.2738324078748104,0.004586048018980127,0.8292522601573322,7.400211016154173e-06
45,3.0,0.1,201.1,0.007306380905991232,0.4897710667316121,0.30000000000000004,54.546199999999935,0.27123918448533035,0.004586048018980127,0.8338383081763123,7.400211016154173e-06
44,3.0999999999999943,0.1,204.2,0.007549926936190926,0.497320993667803,0.30999999999999944,54.85619999999994,0.26863956904995073,0.004738916286279456,0.8385772244625918,7.901780873915703e-06
16,3.1000000000000014,0.097,207.29999999999998,0.0075499269361909436,0.504870920603994,0.30070000000000013,55.156899999999936,0.26607284129281206,0.004596748797691083,0.8431739732602829,8.7212611177135e-06
65,0.5999999999999943,0.09,207.89999999999998,0.0014612761811982325,0.5063321967851921,0.053999999999999486,55.21089999999994,0.2655646945646943,0.000825488643416415,0.8439994619036992,4.0422579319866607e-07
38,2.5,0.086,210.39999999999998,0.0060886507549926935,0.5124208475401848,0.21499999999999997,55.42589999999994,0.26343108365018986,0.0032866677469357572,0.847286129650635,7.851108777439794e-06
93,3.0,0.08,213.39999999999998,0.007306380905991232,0.519727228446176,0.24,55.665899999999944,0.26085238987816284,0.0036688384151841013,0.850954968065819,1.3231715372427341e-05
91,3.0,0.08,216.39999999999998,0.007306380905991232,0.5270336093521673,0.24,55.905899999999946,0.2583451940850275,0.0036688384151841013,0.8546238064810031,1.3231715372427341e-05
90,3.0,0.08,219.39999999999998,0.007306380905991232,0.5343399902581585,0.24,56.14589999999995,0.25590656335460327,0.0036688384151841013,0.8582926448961872,1.3231715372427341e-05
99,3.0,0.08,222.39999999999998,0.007306380905991232,0.5416463711641497,0.24,56.38589999999995,0.25353372302158256,0.0036688384151841013,0.8619614833113712,1.3231715372427341e-05
141,3.0,0.08,225.39999999999998,0.007306380905991232,0.5489527520701409,0.24,56.62589999999995,0.251224046140195,0.0036688384151841013,0.8656303217265553,1.3231715372427341e-05
103,3.0,0.08,228.39999999999998,0.007306380905991232,0.5562591329761322,0.24,56.865899999999954,0.24897504378283694,0.0036688384151841013,0.8692991601417394,1.3231715372427341e-05
117,3.0,0.08,231.39999999999998,0.007306380905991232,0.5635655138821234,0.24,57.105899999999956,0.2467843560933447,0.0036688384151841013,0.8729679985569234,1.3231715372427341e-05
82,3.0,0.08,234.39999999999998,0.007306380905991232,0.5708718947881146,0.24,57.34589999999996,0.2446497440273036,0.0036688384151841013,0.8766368369721075,1.3231715372427341e-05
51,3.0,0.08,237.39999999999998,0.007306380905991232,0.5781782756941058,0.24,57.58589999999996,0.2425690817186182,0.0036688384151841013,0.8803056753872915,1.3231715372427341e-05
78,3.0999999999999943,0.08,240.49999999999997,0.007549926936190926,0.5857282026302968,0.24799999999999955,57.83389999999996,0.24047359667359652,0.0037911330290235647,0.8840968084163151,1.4128531636558475e-05
54,3.0999999999999943,0.08,243.59999999999997,0.007549926936190926,0.5932781295664877,0.24799999999999955,58.081899999999955,0.23843144499178967,0.0037911330290235647,0.8878879414453387,1.4128531636558475e-05
56,3.0999999999999943,0.08,246.69999999999996,0.007549926936190926,0.6008280565026787,0.24799999999999955,58.32989999999995,0.23644061613295486,0.0037911330290235647,0.8916790744743622,1.4128531636558475e-05
60,3.0,0.08,249.69999999999996,0.007306380905991232,0.6081344374086699,0.24,58.569899999999954,0.2345610732879454,0.0036688384151841013,0.8953479128895463,1.3231715372427341e-05
83,3.0,0.08,252.69999999999996,0.007306380905991232,0.6154408183146611,0.24,58.809899999999956,0.23272615749901054,0.0036688384151841013,0.8990167513047304,1.3231715372427341e-05
14,3.1000000000000014,0.078,255.79999999999995,0.0075499269361909436,0.6229907452508521,0.2418000000000001,59.051699999999954,0.2308510555121187,0.003696354703297984,0.9027131060080283,1.4850018954123625e-05
126,3.0,0.07,258.79999999999995,0.007306380905991232,0.6302971261568433,0.21000000000000002,59.261699999999955,0.22898647604327652,0.003210233613286089,0.9059233396213144,1.6778422643535672e-05
79,3.0,0.07,261.79999999999995,0.007306380905991232,0.6376035070628345,0.21000000000000002,59.471699999999956,0.22716462948815877,0.003210233613286089,0.9091335732346005,1.6778422643535672e-05
86,3.0,0.07,264.79999999999995,0.007306380905991232,0.6449098879688258,0.21000000000000002,59.68169999999996,0.22538406344410863,0.003210233613286089,0.9123438068478866,1.6778422643535672e-05
85,3.0,0.06,267.79999999999995,0.007306380905991232,0.652216268874817,0.18,59.861699999999956,0.22353136669156073,0.002751628811388076,0.9150954356592748,2.0745766643291834e-05
106,3.0,0.06,270.79999999999995,0.007306380905991232,0.6595226497808082,0.18,60.041699999999956,0.22171971935007373,0.002751628811388076,0.9178470644706629,2.0745766643291834e-05
55,3.0,0.06,273.79999999999995,0.007306380905991232,0.6668290306867994,0.18,60.221699999999956,0.2199477720964206,0.002751628811388076,0.920598693282051,2.0745766643291834e-05
98,3.0,0.06,276.79999999999995,0.007306380905991232,0.6741354115927907,0.18,60.401699999999956,0.2182142341040461,0.002751628811388076,0.9233503220934391,2.0745766643291834e-05
110,3.0,0.06,279.79999999999995,0.007306380905991232,0.6814417924987819,0.18,60.581699999999955,0.21651786990707636,0.002751628811388076,0.9261019509048273,2.0745766643291834e-05
125,3.0,0.06,282.79999999999995,0.007306380905991232,0.6887481734047731,0.18,60.761699999999955,0.21485749646393199,0.002751628811388076,0.9288535797162154,2.0745766643291834e-05
136,3.0,0.06,285.79999999999995,0.007306380905991232,0.6960545543107644,0.18,60.941699999999955,0.21323198040587812,0.002751628811388076,0.9316052085276035,2.0745766643291834e-05
107,3.0,0.06,288.79999999999995,0.007306380905991232,0.7033609352167556,0.18,61.121699999999954,0.2116402354570636,0.002751628811388076,0.9343568373389917,2.0745766643291834e-05
135,3.0,0.06,291.79999999999995,0.007306380905991232,0.7106673161227468,0.18,61.301699999999954,0.21008122001370788,0.002751628811388076,0.9371084661503798,2.0745766643291834e-05
63,3.0,0.06,294.79999999999995,0.007306380905991232,0.717973697028738,0.18,61.481699999999954,0.20855393487109894,0.002751628811388076,0.9398600949617679,2.0745766643291834e-05
87,3.0,0.06,297.79999999999995,0.007306380905991232,0.7252800779347293,0.18,61.66169999999995,0.2070574210879784,0.002751628811388076,0.942611723773156,2.0745766643291834e-05
127,3.1000000000000227,0.05,300.9,0.007549926936190995,0.7328300048709202,0.15500000000000114,61.816699999999955,0.20543934862080412,0.0023694581431397497,0.9449811819162958,2.683725691577783e-05
80,2.4000000000000057,0.05,303.29999999999995,0.005845104724792999,0.7386751095957133,0.12000000000000029,61.93669999999995,0.20420936366633682,0.001834419207592055,0.9468156011238879,1.6085598317885406e-05
132,3.0,0.05,306.29999999999995,0.007306380905991232,0.7459814905017045,0.15000000000000002,62.08669999999995,0.2026989879203394,0.0022930240094900635,0.9491086251333779,2.513374737169583e-05
128,1.1999999999999886,0.05,307.49999999999994,0.002922552362396465,0.748904042864101,0.059999999999999436,62.14669999999995,0.2021030894308942,0.0009172096037960168,0.950025834737174,4.021399579471256e-06
89,3.0,0.05,310.49999999999994,0.007306380905991232,0.7562104237700922,0.15000000000000002,62.29669999999995,0.20063349436392902,0.0022930240094900635,0.952318858746664,2.513374737169583e-05
8,3.1000000000000014,0.044,313.59999999999997,0.0075499269361909436,0.7637603507062831,0.13640000000000005,62.43309999999995,0.19908514030612232,0.002085123165962965,0.954403981912627,2.9864080247097925e-05
11,0.8999999999999986,0.041,314.49999999999994,0.002191914271797366,0.7659522649780804,0.03689999999999995,62.469999999999956,0.19863275039745618,0.0005640839063345548,0.9549680658189615,2.6498316987227893e-06
5,3.3999999999999986,0.041,317.8999999999999,0.00828056502679006,0.7742328300048705,0.13939999999999994,62.60939999999996,0.19694683862849943,0.0021309836461527645,0.9570990494651143,3.7817351157080885e-05
18,1.6000000000000014,0.041,319.49999999999994,0.003896736483195327,0.7781295664880659,0.06560000000000006,62.67499999999996,0.19616588419405312,0.0010028158334836554,0.9581018652985979,8.374776726827623e-06
133,3.0,0.04,322.49999999999994,0.007306380905991232,0.7854359473940571,0.12,62.79499999999996,0.19471317829457355,0.0018344192075920506,0.95993628450619,2.994236482874765e-05
92,3.0,0.04,325.49999999999994,0.007306380905991232,0.7927423283000483,0.12,62.91499999999996,0.19328725038402447,0.0018344192075920506,0.961770703713782,2.994236482874765e-05
119,3.0,0.04,328.49999999999994,0.007306380905991232,0.8000487092060395,0.12,63.034999999999954,0.19188736681887356,0.0018344192075920506,0.9636051229213741,2.994236482874765e-05
57,1.5,0.04,329.99999999999994,0.003653190452995616,0.8037018996590352,0.06,63.094999999999956,0.1911969696969696,0.0009172096037960253,0.9645223325251702,7.485591207186912e-06
115,3.0,0.04,332.99999999999994,0.007306380905991232,0.8110082805650264,0.12,63.214999999999954,0.18983483483483474,0.0018344192075920506,0.9663567517327623,2.994236482874765e-05
130,3.0,0.04,335.99999999999994,0.007306380905991232,0.8183146614710176,0.12,63.33499999999995,0.18849702380952368,0.0018344192075920506,0.9681911709403543,2.994236482874765e-05
17,3.0,0.04,338.99999999999994,0.007306380905991232,0.8256210423770088,0.12,63.45499999999995,0.1871828908554571,0.0018344192075920506,0.9700255901479464,2.994236482874765e-05
105,3.0,0.04,341.99999999999994,0.007306380905991232,0.8329274232830001,0.12,63.574999999999946,0.18589181286549694,0.0018344192075920506,0.9718600093555385,2.994236482874765e-05
100,3.0,0.04,344.99999999999994,0.007306380905991232,0.8402338041889913,0.12,63.69499999999994,0.18462318840579697,0.0018344192075920506,0.9736944285631306,2.994236482874765e-05
129,2.6000000000000227,0.04,347.59999999999997,0.006332196785192456,0.8465660009741838,0.10400000000000091,63.79899999999994,0.18354142692750272,0.0015898299799131245,0.9752842585430437,2.2490042915815294e-05
13,3.0,0.039,350.59999999999997,0.007306380905991232,0.853872381880175,0.11699999999999999,63.91599999999994,0.18230462065031358,0.0017885587274022493,0.9770728172704459,3.0446361594528462e-05
12,2.8999999999999986,0.039,353.49999999999994,0.0070628348757915205,0.8609352167559665,0.11309999999999995,64.02909999999994,0.1811289957567184,0.0017289401031555071,0.9788017573736014,2.845043344555379e-05
9,3.0,0.039,356.49999999999994,0.007306380905991232,0.8682415976619577,0.11699999999999999,64.14609999999995,0.1799329593267881,0.0017885587274022493,0.9805903161010037,3.0446361594528462e-05
7,3.3000000000000007,0.035,359.79999999999995,0.008037018996590357,0.8762786166585481,0.11550000000000003,64.26159999999994,0.17860366870483588,0.0017656284873073494,0.982355944588311,3.933033891992497e-05
10,2.299999999999997,0.034,362.09999999999997,0.005601558694593271,0.8818801753531413,0.07819999999999991,64.33979999999994,0.17768516984258478,0.0011954298502808182,0.9835513744385919,1.9413971392682185e-05
6,2.400000000000002,0.031,364.49999999999994,0.005845104724792991,0.8877252800779343,0.07440000000000006,64.41419999999994,0.17671934156378585,0.0011373399087070725,0.984688714347299,2.216304956357648e-05
122,2.6999999999999886,0.03,367.19999999999993,0.006575742815392081,0.8943010228933264,0.08099999999999966,64.49519999999994,0.17564052287581686,0.001238232965124629,0.9859269473124236,2.8489011401702076e-05
101,3.0,0.03,370.19999999999993,0.007306380905991232,0.9016074037993176,0.09,64.58519999999994,0.1744602917341976,0.001375814405694038,0.9873027617181176,3.5171619014447305e-05
88,3.0,0.03,373.19999999999993,0.007306380905991232,0.9089137847053088,0.09,64.67519999999995,0.1732990353697748,0.001375814405694038,0.9886785761238116,3.5171619014447305e-05
81,3.0,0.03,376.19999999999993,0.007306380905991232,0.9162201656113,0.09,64.76519999999995,0.17215629984051026,0.001375814405694038,0.9900543905295056,3.5171619014447305e-05
1,2.1000000000000014,0.029,378.29999999999995,0.005114466634193866,0.921334632245494,0.060900000000000044,64.82609999999995,0.17136161776367953,0.0009309677478529664,0.9909853582773586,1.7501662932015548e-05
4,3.1000000000000014,0.029,381.4,0.0075499269361909436,0.9288845591816849,0.08990000000000005,64.91599999999995,0.1702045097011011,0.0013742857230210454,0.9923596440003796,3.8138544393802566e-05
2,3.099999999999998,0.028,384.5,0.007549926936190935,0.9364344861178758,0.08679999999999995,65.00279999999995,0.16905799739921964,0.0013268965601582491,0.9936865405605378,3.8726107061025506e-05
3,3.0,0.026,387.5,0.007306380905991232,0.9437408670238671,0.078,65.08079999999995,0.16795045161290312,0.0011923724849348329,0.9948789130454727,3.738109897274857e-05
64,2.0,0.02,389.5,0.004870920603994155,0.9486117876278612,0.04,65.12079999999996,0.1671907573812579,0.0006114730691973503,0.9954903861146701,1.8142893301686576e-05
118,3.0,0.02,392.5,0.007306380905991232,0.9559181685338525,0.06,65.18079999999996,0.16606573248407633,0.0009172096037960253,0.9964075957184662,4.08215099287948e-05
120,3.0,0.02,395.5,0.007306380905991232,0.9632245494398437,0.06,65.24079999999996,0.16495777496839434,0.0009172096037960253,0.9973248053222622,4.08215099287948e-05
134,3.0,0.02,398.5,0.007306380905991232,0.9705309303458349,0.06,65.30079999999997,0.16386649937264736,0.0009172096037960253,0.9982420149260582,4.08215099287948e-05
123,3.0,0.02,401.5,0.007306380905991232,0.9778373112518262,0.06,65.36079999999997,0.16279153175591524,0.0009172096037960253,0.9991592245298543,4.08215099287948e-05
113,1.8000000000000114,0.01,403.3,0.004383828543594767,0.9822211397954209,0.018000000000000113,65.37879999999997,0.1621095958343664,0.00027516288113880934,0.9994343874109931,1.6881133525844654e-05
121,3.3000000000000114,0.01,406.6,0.008037018996590383,0.9902581587920113,0.03300000000000011,65.41179999999997,0.16087506148548936,0.0005044652820878156,0.9999388526930809,5.673936546186642e-05
0,2.5,0.001,409.1,0.0060886507549926935,0.9963468095470039,0.0025,65.41429999999997,0.15989806893180142,3.821706682483439e-05,0.9999770697599057,3.6607747814916514e-05
150,1.5,0.001,410.6,0.003653190452995616,0.9999999999999996,0.0015,65.41579999999996,0.1593175840233803,2.2930240094900635e-05,1.0000000000000007,1.3178789213369946e-05
