,weight,grade,cml_weight,weight_pct,cml_weight_pct,yield,cml_yield,cml_grade,recovery,cml_recovery,distributional_heterogeneity
94,0.6000000000000227,2.12,0.6000000000000227,0.0013992537313433368,0.0013992537313433368,1.2720000000000482,1.2720000000000482,2.12,0.022807961269500573,0.022807961269500573,0.00045833275845435053
24,3.1000000000000085,0.57,3.7000000000000313,0.00722947761194032,0.008628731343283657,1.7670000000000048,3.039000000000053,0.8213513513513587,0.0316837009144702,0.05449166218397078,0.0005980090373299954
23,3.0,0.56,6.700000000000031,0.00699626865671642,0.015625000000000076,1.6800000000000002,4.719000000000053,0.7043283582089598,0.030123722431414715,0.0846153846153855,0.0005348791181008064
9,3.0,0.53,9.700000000000031,0.00699626865671642,0.022621268656716497,1.59,6.309000000000053,0.650412371134024,0.028509951586874638,0.11312533620226013,0.0004628385532193811
59,0.4000000000000057,0.428,10.100000000000037,0.0009328358208955358,0.023554104477612033,0.17120000000000243,6.480200000000055,0.6416039603960427,0.0030697507620584953,0.11619508696431863,4.5664054657654915e-06
11,3.0,0.355,13.100000000000037,0.00699626865671642,0.030550373134328453,1.065,7.5452000000000545,0.5759694656488575,0.01909628832705754,0.13529137529137616,0.00014641047602264196
10,3.0,0.346,16.100000000000037,0.00699626865671642,0.037546641791044874,1.0379999999999998,8.583200000000055,0.5331180124223625,0.018612157073695516,0.15390353236507168,0.00013492886371570912
17,3.0,0.332,19.100000000000037,0.00699626865671642,0.04454291044776129,0.996,9.579200000000055,0.5015287958115202,0.01785906401291015,0.17176259637798183,0.00011800032295054407
30,3.1000000000000085,0.315,22.200000000000045,0.00722947761194032,0.051772388059701614,0.9765000000000027,10.555700000000058,0.47548198198198366,0.017509413663259848,0.18927201004124167,0.00010567708521921891
19,3.0,0.31,25.200000000000045,0.00699626865671642,0.05876865671641803,0.9299999999999999,11.485700000000058,0.45578174603174754,0.016675632060247428,0.20594764210148908,9.369007589761539e-05
29,3.0,0.305,28.200000000000045,0.00699626865671642,0.06576492537313446,0.915,12.400700000000057,0.4397411347517744,0.016406670252824083,0.22235431235431316,8.855565820002563e-05
33,3.0999999999999943,0.296,31.30000000000004,0.007229477611940287,0.07299440298507474,0.9175999999999983,13.318300000000056,0.4255047923322696,0.0164532902994441,0.23880760265375725,8.507872049415627e-05
125,3.3000000000000114,0.29,34.60000000000005,0.007695895522388088,0.08069029850746283,0.9570000000000032,14.275300000000058,0.4125809248554924,0.017159763313609508,0.25596736596736674,8.95647935697182e-05
40,3.0,0.263,37.60000000000005,0.00699626865671642,0.08768656716417925,0.789,15.064300000000058,0.4006462765957457,0.014147391070467981,0.2701147570378347,5.1138551776459935e-05
42,3.0,0.24,40.60000000000005,0.00699626865671642,0.09468283582089566,0.72,15.784300000000059,0.38877586206896647,0.01291016675632059,0.28302492379415534,3.49741907325018e-05
46,3.0,0.236,43.60000000000005,0.00699626865671642,0.10167910447761208,0.708,16.492300000000057,0.37826376146789076,0.012694997310381912,0.29571992110453726,3.247550826810811e-05
31,3.0,0.233,46.60000000000005,0.00699626865671642,0.1086753731343285,0.6990000000000001,17.19130000000006,0.3689120171673828,0.012533620225927907,0.3082535413304652,3.0662262401048913e-05
4,3.0,0.228,49.60000000000005,0.00699626865671642,0.11567164179104492,0.684,17.87530000000006,0.3603891129032266,0.012264658418504562,0.3205181997489697,2.7755930682114103e-05
73,3.0999999999999943,0.228,52.700000000000045,0.007229477611940287,0.1229011194029852,0.7067999999999988,18.582100000000057,0.35260151802656625,0.012673480365788024,0.33319168011475775,2.963716598390172e-05
32,3.0,0.224,55.700000000000045,0.00699626865671642,0.12989738805970164,0.672,19.254100000000058,0.3456750448833042,0.012049488972565884,0.3452411690873236,2.5535035560513754e-05
27,3.0,0.223,58.700000000000045,0.00699626865671642,0.13689365671641807,0.669,19.92310000000006,0.33940545144804163,0.011995696611081215,0.35723686569840485,2.499427987088416e-05
41,3.0999999999999943,0.212,61.80000000000004,0.007229477611940287,0.14412313432835835,0.6571999999999988,20.580300000000058,0.33301456310679683,0.011784113322574829,0.3690209790209797,2.0744706456587402e-05
35,3.0999999999999943,0.21,64.90000000000003,0.007229477611940287,0.15135261194029864,0.6509999999999988,21.231300000000058,0.3271386748844383,0.011672942442173179,0.38069392146315284,1.974437969751661e-05
38,3.0,0.21,67.90000000000003,0.00699626865671642,0.15834888059701507,0.63,21.861300000000057,0.32196318114874883,0.011296395911780516,0.39199031737493334,1.8491094409745073e-05
88,3.1000000000000227,0.202,71.00000000000006,0.007229477611940353,0.16557835820895542,0.6262000000000046,22.48750000000006,0.31672535211267666,0.011228258920566685,0.4032185762955,1.5990251954219313e-05
26,3.0999999999999943,0.198,74.10000000000005,0.007229477611940287,0.1728078358208957,0.6137999999999989,23.10130000000006,0.3117584345479088,0.011005917159763283,0.4142244934552633,1.426149565836155e-05
39,3.0999999999999943,0.196,77.20000000000005,0.007229477611940287,0.180037313432836,0.6075999999999989,23.708900000000057,0.3071101036269436,0.010894746279361635,0.42511923973462495,1.343419440438065e-05
34,3.000000000000014,0.193,80.20000000000006,0.006996268656716453,0.18703358208955245,0.5790000000000027,24.28790000000006,0.30284164588528734,0.01038192576654119,0.43550116550116613,1.1462674065306793e-05
133,3.0,0.191,83.20000000000006,0.00699626865671642,0.19402985074626888,0.573,24.86090000000006,0.29880889423076973,0.010274341043571802,0.4457755065447379,1.0745758573463746e-05
37,3.0999999999999943,0.19,86.30000000000005,0.007229477611940287,0.20125932835820917,0.588999999999999,25.44990000000006,0.29490034762456596,0.010561233638156687,0.4563367401828946,1.1100598218229282e-05
21,3.0,0.19,89.30000000000005,0.00699626865671642,0.2082555970149256,0.5700000000000001,26.01990000000006,0.29137625979843274,0.010220548682087134,0.46655728886498177,1.0395981682004568e-05
15,3.0,0.186,92.30000000000005,0.00699626865671642,0.21525186567164203,0.558,26.57790000000006,0.2879512459371619,0.010005379236148458,0.47656266810113024,9.054746479249809e-06
20,3.0,0.181,95.30000000000005,0.00699626865671642,0.22224813432835847,0.5429999999999999,27.12090000000006,0.2845844700944391,0.00973641742872511,0.48629908552985535,7.508415292740737e-06
66,1.8000000000000114,0.18,97.10000000000007,0.0041977611940298785,0.22644589552238834,0.324000000000002,27.44490000000006,0.2826457260556132,0.005809575040344302,0.49210866057019964,2.5979438751708954e-06
47,3.0999999999999943,0.175,100.20000000000006,0.007229477611940287,0.23367537313432862,0.542499999999999,27.98740000000006,0.2793153692614775,0.009727452035144316,0.501836112605344,6.239876218981492e-06
75,3.0999999999999943,0.175,103.30000000000005,0.007229477611940287,0.2409048507462689,0.542499999999999,28.52990000000006,0.2761848983543083,0.009727452035144316,0.5115635646404884,6.239876218981492e-06
36,3.0,0.169,106.30000000000005,0.00699626865671642,0.24790111940298534,0.507,29.036900000000063,0.2731599247412987,0.009090909090909082,0.5206544737313974,4.387518548554826e-06
25,3.0,0.165,109.30000000000005,0.00699626865671642,0.25489738805970175,0.495,29.531900000000064,0.27019121683440117,0.008875739644970406,0.5295302133763679,3.532411195688414e-06
49,3.0999999999999943,0.164,112.40000000000005,0.007229477611940287,0.262126865671642,0.5083999999999991,30.040300000000062,0.2672624555160147,0.009116012192935244,0.5386462255693031,3.559012725289818e-06
16,3.0,0.161,115.40000000000005,0.00699626865671642,0.26912313432835844,0.483,30.523300000000063,0.26450000000000046,0.00866057019903173,0.5473067957683349,2.7698996237531164e-06
45,3.0999999999999943,0.16,118.50000000000004,0.007229477611940287,0.2763526119402987,0.4959999999999991,31.01930000000006,0.26176624472573884,0.008893670432131946,0.5562004662004668,2.769537742777465e-06
48,3.0,0.157,121.50000000000004,0.00699626865671642,0.28334888059701513,0.471,31.49030000000006,0.25917942386831316,0.008445400753093052,0.5646458669535599,2.0999838327489334e-06
43,3.1000000000000227,0.155,124.60000000000007,0.007229477611940353,0.2905783582089555,0.48050000000000354,31.970800000000065,0.25658747993579495,0.008615743231127902,0.5732616101846878,1.9217323669414344e-06
28,3.0999999999999943,0.154,127.70000000000006,0.007229477611940287,0.29780783582089576,0.4773999999999991,32.448200000000064,0.25409710258418206,0.008560157790926998,0.5818217679756148,1.7707097387481023e-06
22,3.200000000000003,0.154,130.90000000000006,0.007462686567164188,0.30527052238805996,0.4928000000000004,32.94100000000007,0.25165011459129144,0.00883629191321499,0.5906580598888298,1.8867916466993412e-06
116,3.0,0.153,133.90000000000006,0.00699626865671642,0.3122667910447764,0.45899999999999996,33.40000000000007,0.24943988050784208,0.008230231307154376,0.5988882911959842,1.5226638226758644e-06
12,3.0,0.148,136.90000000000006,0.00699626865671642,0.3192630597014928,0.44399999999999995,33.84400000000007,0.24721694667640656,0.007961269499731029,0.6068495606957153,9.312266270189078e-07
13,2.999999999999993,0.144,139.90000000000006,0.006996268656716403,0.32625932835820926,0.43199999999999894,34.276000000000074,0.24500357398141573,0.007746100053792335,0.6145956607495076,5.622471240408432e-07
63,3.0,0.143,142.90000000000006,0.00699626865671642,0.3332555970149257,0.42899999999999994,34.70500000000008,0.24286214135759315,0.007692307692307684,0.6222879684418152,4.84470339066817e-07
58,3.4000000000000057,0.142,146.30000000000007,0.007929104477611956,0.34118470149253766,0.4828000000000008,35.187800000000074,0.24051811346548227,0.008656984041599432,0.6309449524834146,5.298086596705972e-07
138,3.0,0.14,149.30000000000007,0.00699626865671642,0.3481809701492541,0.42000000000000004,35.607800000000076,0.23849832551908948,0.007530930607853679,0.6384758830912683,2.8586340199389967e-07
86,3.099999999999966,0.139,152.40000000000003,0.0072294776119402205,0.3554104477611943,0.4308999999999953,36.03870000000007,0.2364744094488193,0.007726376187914557,0.646202259279183,2.469081948053233e-07
82,3.1000000000000227,0.136,155.50000000000006,0.007229477611940353,0.36263992537313466,0.42160000000000314,36.460300000000075,0.23447138263665634,0.007559619867312224,0.6537618791464952,1.089939087820249e-07
120,3.1999999999999886,0.135,158.70000000000005,0.007462686567164155,0.3701026119402988,0.4319999999999985,36.89230000000007,0.23246565847511064,0.007746100053792327,0.6615079792002875,8.032320440273703e-08
64,3.0,0.132,161.70000000000005,0.00699626865671642,0.37709888059701524,0.396,37.28830000000007,0.23060173160173197,0.007100591715976325,0.6686085709162638,1.0883300693345579e-08
2,3.0,0.126,164.70000000000005,0.00699626865671642,0.38409514925373167,0.378,37.66630000000007,0.228696417729205,0.00677783754706831,0.6753864084633321,4.771214966210481e-08
80,3.0,0.124,167.70000000000005,0.00699626865671642,0.3910914179104481,0.372,38.03830000000007,0.2268234943351226,0.006670252824098972,0.682056661287431,1.0628632311724832e-07
77,3.200000000000017,0.123,170.90000000000006,0.007462686567164221,0.3985541044776123,0.3936000000000021,38.43190000000007,0.2248794616734936,0.007057557826788627,0.6891142191142197,1.641292962783159e-07
121,3.0,0.118,173.90000000000006,0.00699626865671642,0.40555037313432873,0.354,38.78590000000007,0.22303565267395087,0.006347498655190956,0.6954617177694106,4.2090251487935014e-07
44,3.0,0.118,176.90000000000006,0.00699626865671642,0.41254664179104517,0.354,39.13990000000007,0.2212543810062185,0.006347498655190956,0.7018092164246015,4.2090251487935014e-07
76,3.0,0.117,179.90000000000006,0.00699626865671642,0.4195429104477616,0.35100000000000003,39.49090000000007,0.21951584213451947,0.006293706293706288,0.7081029227183078,4.935938739183808e-07
14,3.0,0.115,182.90000000000006,0.00699626865671642,0.42653917910447803,0.34500000000000003,39.835900000000066,0.21780153089119766,0.00618612157073695,0.7142890442890447,6.563383009210275e-07
95,3.1000000000000227,0.114,186.00000000000009,0.007229477611940353,0.4337686567164184,0.3534000000000026,40.18930000000007,0.21607150537634434,0.00633674018289407,0.7206257844719388,7.969801172201693e-07
118,3.0,0.113,189.00000000000009,0.00699626865671642,0.44076492537313483,0.339,40.528300000000065,0.21443544973544998,0.006078536847767612,0.7267043213197064,8.42231673156453e-07
117,3.0,0.113,192.00000000000009,0.00699626865671642,0.44776119402985126,0.339,40.867300000000064,0.21285052083333358,0.006078536847767612,0.732782858167474,8.42231673156453e-07
78,3.0,0.11,195.00000000000009,0.00699626865671642,0.4547574626865677,0.33,41.19730000000006,0.21126820512820535,0.005917159763313604,0.7387000179307877,1.1644760038210508e-06
87,3.0,0.1,198.00000000000009,0.00699626865671642,0.4617537313432841,0.30000000000000004,41.49730000000006,0.20958232323232345,0.005379236148466913,0.7440792540792546,2.614794132735693e-06
74,3.0,0.099,201.00000000000009,0.00699626865671642,0.46875000000000056,0.29700000000000004,41.79430000000006,0.2079318407960201,0.005325443786982244,0.7494046978662369,2.791655745322228e-06
143,3.0,0.098,204.00000000000009,0.00699626865671642,0.475746268656717,0.29400000000000004,42.088300000000054,0.20631519607843155,0.005271651425497575,0.7546763492917344,2.974304594216957e-06
57,3.0,0.098,207.00000000000009,0.00699626865671642,0.4827425373134334,0.29400000000000004,42.38230000000005,0.2047454106280195,0.005271651425497575,0.759948000717232,2.974304594216957e-06
131,3.0,0.097,210.00000000000009,0.00699626865671642,0.48973880597014985,0.29100000000000004,42.67330000000005,0.20320619047619062,0.005217859064012906,0.765165859781245,3.1627406794198815e-06
81,3.0,0.096,213.00000000000009,0.00699626865671642,0.4967350746268663,0.28800000000000003,42.961300000000044,0.20169624413145554,0.005164066702528237,0.7703299264837732,3.3569640009310002e-06
56,2.5,0.093,215.50000000000009,0.005830223880597016,0.5025652985074633,0.23249999999999998,43.193800000000046,0.20043526682134585,0.004168908015061857,0.774498834498835,2.7599704050788363e-06
126,3.5,0.092,219.00000000000009,0.008162313432835824,0.5107276119402991,0.322,43.51580000000005,0.19870228310502297,0.005773713466021153,0.7802725479648562,5.705409801467046e-06
109,3.0,0.091,222.00000000000009,0.00699626865671642,0.5177238805970156,0.273,43.78880000000005,0.197246846846847,0.004895104895104891,0.7851676528599612,4.414889153109514e-06
130,2.8999999999999773,0.089,224.90000000000006,0.006763059701492486,0.5244869402985081,0.25809999999999794,44.04690000000005,0.19585104490884855,0.004627936166397664,0.7897955890263588,4.558752510115812e-06
90,3.099999999999966,0.088,228.00000000000003,0.0072294776119402205,0.5317164179104483,0.272799999999997,44.31970000000005,0.1943846491228072,0.004891518737672526,0.7946871077640314,5.466051697767073e-06
71,3.0,0.088,231.00000000000003,0.00699626865671642,0.5387126865671648,0.264,44.58370000000005,0.1930030303030305,0.004733727810650883,0.7994208355746822,5.119091080114958e-06
1,3.0,0.085,234.00000000000003,0.00699626865671642,0.5457089552238812,0.255,44.83870000000005,0.19161837606837628,0.004572350726196875,0.8039931863008791,5.875378133894149e-06
69,3.0,0.085,237.00000000000003,0.00699626865671642,0.5527052238805976,0.255,45.093700000000055,0.19026877637130823,0.004572350726196875,0.808565537027076,5.875378133894149e-06
54,2.9000000000000057,0.085,239.90000000000003,0.0067630597014925525,0.5594682835820902,0.2465000000000005,45.34020000000005,0.18899624843684887,0.004419939035323656,0.8129854760623997,5.490214456227776e-06
122,3.0,0.083,242.90000000000003,0.00699626865671642,0.5664645522388067,0.249,45.589200000000055,0.18768711403869925,0.004464766003227537,0.8174502420656272,6.4085056846212525e-06
79,2.9999999999999716,0.083,245.9,0.006996268656716353,0.573460820895523,0.24899999999999767,45.83820000000005,0.18640992273281842,0.004464766003227496,0.8219150080688548,6.408505684621131e-06
68,3.0,0.082,248.9,0.00699626865671642,0.5804570895522394,0.246,46.08420000000005,0.18515146645239072,0.004410973641742868,0.8263259817105977,6.683750314447096e-06
83,3.1000000000000227,0.081,252.00000000000003,0.007229477611940353,0.5876865671641798,0.2511000000000019,46.33530000000005,0.18387023809523828,0.0045024206562668395,0.8308284023668645,7.436839639487299e-06
7,3.0,0.081,255.00000000000003,0.00699626865671642,0.5946828358208962,0.243,46.578300000000056,0.1826600000000002,0.004357181280258199,0.8351855836471227,6.964782180581135e-06
3,3.0,0.08,258.0,0.00699626865671642,0.6016791044776126,0.24,46.81830000000006,0.18146627906976767,0.00430338891877353,0.8394889725658963,7.251601283023369e-06
72,3.0,0.078,261.0,0.00699626865671642,0.6086753731343291,0.23399999999999999,47.05230000000006,0.1802770114942531,0.0041958041958041915,0.8436847767617005,7.842601196832418e-06
145,1.099999999999966,0.076,262.09999999999997,0.0025652985074626077,0.6112406716417916,0.08359999999999741,47.135900000000056,0.17983937428462443,0.0014990138067060665,0.8451837905684065,1.1369630630674668e-06
0,3.0,0.076,265.09999999999997,0.00699626865671642,0.6182369402985081,0.22799999999999998,47.36390000000006,0.17866427763108286,0.0040882194728348534,0.8492720100412414,8.456750055874245e-06
144,5.100000000000023,0.075,270.2,0.011893656716417966,0.630130597014926,0.38250000000000167,47.74640000000006,0.1767076239822356,0.006858526089295344,0.8561305361305368,2.535254043218826e-05
142,3.0,0.075,273.2,0.00699626865671642,0.6371268656716425,0.22499999999999998,47.97140000000006,0.1755907759882872,0.004034427111350184,0.860164963241887,8.772505339857452e-06
53,1.0999999999999943,0.074,274.29999999999995,0.002565298507462674,0.6396921641791051,0.08139999999999957,48.05280000000006,0.17518337586584057,0.0014595660749506813,0.8616245293168376,1.2226442123088888e-06
139,3.0,0.074,277.29999999999995,0.00699626865671642,0.6466884328358216,0.22199999999999998,48.27480000000006,0.17408871258564756,0.0039806347498655146,0.8656051640667032,9.094047860148853e-06
5,3.0,0.073,280.29999999999995,0.00699626865671642,0.653684701492538,0.21899999999999997,48.493800000000064,0.17300677845165918,0.0039268423883808455,0.869532006455084,9.421377616748448e-06
62,3.0,0.072,283.29999999999995,0.00699626865671642,0.6606809701492544,0.21599999999999997,48.709800000000065,0.1719371690787154,0.0038730500268961765,0.8734050564819802,9.75449460965624e-06
60,3.5,0.071,286.79999999999995,0.008162313432835824,0.6688432835820902,0.24849999999999997,48.958300000000065,0.17070536959553723,0.004455800609646759,0.877860857091627,1.3738237308464969e-05
123,2.0,0.071,288.79999999999995,0.004664179104477613,0.6735074626865678,0.142,49.10030000000007,0.17001488919667615,0.002546171776941005,0.880407028868568,4.485955039498766e-06
92,3.1000000000000227,0.069,291.9,0.007229477611940353,0.6807369402985082,0.2139000000000016,49.31420000000007,0.16894210346008934,0.0038353953738569373,0.8842424242424249,1.1519794238873335e-05
98,2.6999999999999886,0.069,294.59999999999997,0.006296641791044751,0.6870335820895529,0.18629999999999924,49.50050000000007,0.1680261371350987,0.003340505648197939,0.8875829298906229,8.73874089504523e-06
51,3.0999999999999943,0.069,297.69999999999993,0.007229477611940287,0.6942630597014932,0.21389999999999962,49.714400000000076,0.1669949613705075,0.0038353953738569017,0.8914183252644798,1.1519794238873121e-05
6,3.0,0.068,300.69999999999993,0.00699626865671642,0.7012593283582096,0.20400000000000001,49.91840000000008,0.1660073162620555,0.003657880580957501,0.8950762058454373,1.1144834944369339e-05
50,3.0,0.068,303.69999999999993,0.00699626865671642,0.708255597014926,0.20400000000000001,50.12240000000008,0.16503918340467597,0.003657880580957501,0.8987340864263949,1.1144834944369339e-05
8,3.0,0.067,306.69999999999993,0.00699626865671642,0.7152518656716425,0.201,50.32340000000008,0.16408020867297063,0.0036040882194728315,0.9023381746458676,1.1506888118818104e-05
91,3.0,0.065,309.69999999999993,0.00699626865671642,0.7222481343283589,0.195,50.51840000000008,0.16312043913464672,0.0034965034965034935,0.9058346781423712,1.2248356176640214e-05
104,1.900000000000034,0.064,311.59999999999997,0.004430970149253812,0.7266791044776127,0.12160000000000218,50.64000000000008,0.16251604621309398,0.002180383718845294,0.9080150618612165,5.065139280738954e-06
100,2.6000000000000227,0.063,314.2,0.00606343283582095,0.7327425373134338,0.16380000000000144,50.80380000000008,0.16169255251432235,0.00293706293706296,0.9109521247982795,9.774188743860047e-06
129,3.0,0.061,317.2,0.00699626865671642,0.7397388059701502,0.183,50.98680000000008,0.1607402269861289,0.0032813340505648166,0.9142334588488443,1.3800739127982767e-05
137,3.0,0.061,320.2,0.00699626865671642,0.7467350746268666,0.183,51.16980000000008,0.15980574640849496,0.0032813340505648166,0.9175147928994092,1.3800739127982767e-05
65,1.8000000000000114,0.061,322.0,0.0041977611940298785,0.7509328358208965,0.10980000000000069,51.27960000000008,0.15925341614906857,0.0019688004303389023,0.919483593329748,4.968266086073859e-06
146,3.0,0.061,325.0,0.00699626865671642,0.757929104477613,0.183,51.46260000000008,0.1583464615384618,0.0032813340505648166,0.9227649273803129,1.3800739127982767e-05
140,3.0,0.06,328.0,0.00699626865671642,0.7649253731343294,0.18,51.64260000000008,0.15744695121951244,0.0032275416890801475,0.925992469069393,1.4203302956588896e-05
70,3.1999999999999886,0.059,331.2,0.007462686567164155,0.7723880597014936,0.18879999999999933,51.83140000000008,0.15649577294686015,0.0033853326161018315,0.9293778016854949,1.662481524224354e-05
114,3.0,0.057,334.2,0.00699626865671642,0.77938432835821,0.171,52.00240000000008,0.15560263315380035,0.0030661646046261405,0.932443966290121,1.544571786025644e-05
124,3.0,0.053,337.2,0.00699626865671642,0.7863805970149265,0.159,52.16140000000008,0.15468979833926477,0.0028509951586874636,0.9352949614488085,1.7183292373461224e-05
134,3.0,0.053,340.2,0.00699626865671642,0.7933768656716429,0.159,52.32040000000008,0.15379306290417424,0.0028509951586874636,0.938145956607496,1.7183292373461224e-05
127,3.0,0.053,343.2,0.00699626865671642,0.8003731343283593,0.159,52.479400000000076,0.15291200466200489,0.0028509951586874636,0.9409969517661835,1.7183292373461224e-05
85,3.0,0.052,346.2,0.00699626865671642,0.8073694029850758,0.156,52.635400000000075,0.15203755054881593,0.0027972027972027946,0.9437941545633862,1.7632154092532906e-05
52,2.1000000000000227,0.052,348.3,0.004897388059701547,0.8122667910447773,0.10920000000000117,52.74460000000008,0.15143439563594624,0.001958041958041977,0.9457521965214282,8.63975550534131e-06
110,3.0,0.051,351.3,0.00699626865671642,0.8192630597014937,0.153,52.897600000000075,0.1505767150583549,0.0027434104357181256,0.9484956069571463,1.8086803047912784e-05
84,3.0,0.051,354.3,0.00699626865671642,0.8262593283582101,0.153,53.050600000000074,0.14973355913068043,0.0027434104357181256,0.9512390173928644,1.8086803047912784e-05
67,3.0,0.049,357.3,0.00699626865671642,0.8332555970149266,0.14700000000000002,53.19760000000007,0.14888776938147236,0.0026358257127487876,0.9538748431056132,1.9013462667597115e-05
108,3.0,0.049,360.3,0.00699626865671642,0.840251865671643,0.14700000000000002,53.34460000000007,0.14805606439078564,0.0026358257127487876,0.956510668818362,1.9013462667597115e-05
141,3.0,0.048,363.3,0.00699626865671642,0.8472481343283594,0.14400000000000002,53.48860000000007,0.14722983759977998,0.0025820333512641186,0.9590927021696262,1.9485473331901574e-05
112,3.0,0.048,366.3,0.00699626865671642,0.8542444029850759,0.14400000000000002,53.63260000000007,0.1464171444171446,0.0025820333512641186,0.9616747355208903,1.9485473331901574e-05
89,3.0,0.045,369.3,0.00699626865671642,0.8612406716417923,0.135,53.767600000000066,0.14559328459247242,0.0024206562668101107,0.9640953917877004,2.0936228742664127e-05
55,2.3999999999999773,0.044,371.7,0.005597014925373083,0.8668376865671654,0.105599999999999,53.87320000000006,0.1449373150390101,0.0018934911242603353,0.9659888829119607,1.3716088545408614e-05
102,3.3000000000000114,0.041,375.0,0.007695895522388088,0.8745335820895536,0.13530000000000048,54.00850000000006,0.14402266666666683,0.0024260355029585862,0.9684149184149193,2.777142462438151e-05
96,3.0,0.041,378.0,0.00699626865671642,0.88152985074627,0.123,54.13150000000006,0.1432050264550266,0.002205486820871434,0.9706204052357907,2.2951590598662245e-05
115,3.0,0.041,381.0,0.00699626865671642,0.8885261194029864,0.123,54.25450000000006,0.14240026246719176,0.002205486820871434,0.9728258920566621,2.2951590598662245e-05
136,3.0,0.041,384.0,0.00699626865671642,0.8955223880597029,0.123,54.377500000000055,0.1416080729166668,0.002205486820871434,0.9750313788775335,2.2951590598662245e-05
107,3.099999999999966,0.04,387.09999999999997,0.0072294776119402205,0.9027518656716431,0.12399999999999864,54.50150000000005,0.14079436838026363,0.002223417608032966,0.9772547964855666,2.5060636762719905e-05
128,3.0,0.04,390.09999999999997,0.00699626865671642,0.9097481343283595,0.12,54.62150000000005,0.14001922583952847,0.002151694459386765,0.9794064909449534,2.3469899153432267e-05
119,3.0,0.04,393.09999999999997,0.00699626865671642,0.916744402985076,0.12,54.741500000000045,0.13925591452556613,0.002151694459386765,0.9815581854043401,2.3469899153432267e-05
97,2.3999999999999773,0.04,395.49999999999994,0.005597014925373083,0.9223414179104491,0.09599999999999909,54.83750000000004,0.13865360303413413,0.0017213555675093957,0.9832795409718496,1.5020735458196366e-05
61,2.6999999999999886,0.038,398.19999999999993,0.006296641791044751,0.9286380597014938,0.10259999999999957,54.940100000000044,0.13797112004018094,0.0018396987627756762,0.9851192397346252,1.9864341157236313e-05
93,2.3999999999999773,0.036,400.5999999999999,0.005597014925373083,0.934235074626867,0.08639999999999917,55.02650000000004,0.13736020968547194,0.001549220010758456,0.9866684597453836,1.638464367078003e-05
99,3.6999999999999886,0.035,404.2999999999999,0.008628731343283558,0.9428638059701505,0.12949999999999962,55.15600000000004,0.1364234479347021,0.0023220369374215436,0.9889904966828051,3.977439432893123e-05
111,3.0,0.033,407.2999999999999,0.00699626865671642,0.949860074626867,0.099,55.25500000000004,0.13566167444144378,0.0017751479289940812,0.9907656446117993,2.7260101653451844e-05
113,3.1000000000000227,0.033,410.3999999999999,0.007229477611940353,0.9570895522388073,0.10230000000000075,55.35730000000004,0.13488620857699818,0.0018343195266272306,0.9925999641384265,2.9107730765519563e-05
135,3.0,0.031,413.3999999999999,0.00699626865671642,0.9640858208955237,0.093,55.45030000000004,0.13413231736816655,0.001667563206024743,0.9942675273444513,2.839510178023119e-05
132,2.3000000000000114,0.028,415.69999999999993,0.005363805970149281,0.969449626865673,0.06440000000000032,55.51470000000004,0.13354510464277136,0.0011547426932042363,0.9954222700376556,1.7716213669327367e-05
105,3.0,0.028,418.69999999999993,0.00699626865671642,0.9764458955223895,0.084,55.59870000000004,0.13278887031287331,0.0015061861215707355,0.9969284561592263,3.0141006242711665e-05
106,3.0,0.021,421.69999999999993,0.00699626865671642,0.9834421641791059,0.063,55.661700000000046,0.1319935973440836,0.0011296395911780516,0.9980580957504044,3.4417336592619587e-05
101,3.0,0.018,424.69999999999993,0.00699626865671642,0.9904384328358223,0.05399999999999999,55.71570000000005,0.13118836825994834,0.0009682625067240441,0.9990263582571284,3.63368581443459e-05
18,3.0,0.017,427.69999999999993,0.00699626865671642,0.9974347014925388,0.051000000000000004,55.76670000000005,0.1303874210895489,0.0009144701452393752,0.9999408284023678,3.6988273134204394e-05
103,1.099999999999966,0.003,428.7999999999999,0.0025652985074626077,1.0000000000000013,0.0032999999999998976,55.77000000000005,0.13006063432835838,5.9171597633134204e-05,1.0000000000000009,6.280672088171426e-06
