,weight,grade,cml_weight,weight_pct,cml_weight_pct,yield,cml_yield,cml_grade,recovery,cml_recovery,distributional_heterogeneity
18,0.9000000000000057,0.69,0.9000000000000057,0.002620087336244558,0.002620087336244558,0.6210000000000039,0.6210000000000039,0.69,0.014112193071163256,0.014112193071163256,0.00013206849422255128
12,3.0,0.56,3.9000000000000057,0.008733624454148471,0.01135371179039303,1.6800000000000002,2.301000000000004,0.5900000000000002,0.03817791362247041,0.05229010669363367,0.0008669661646277608
22,2.0999999999999943,0.472,6.0,0.006113537117903914,0.017467248908296942,0.9911999999999973,3.2922000000000016,0.5487000000000003,0.022524969037257477,0.07481507573089115,0.0002693350976435771
21,3.0,0.458,9.0,0.008733624454148471,0.026200873362445413,1.374,4.666200000000002,0.5184666666666669,0.03122407935552044,0.1060391550864116,0.0005058205616706465
19,2.0,0.376,11.0,0.005822416302765648,0.03202328966521106,0.752,5.4182000000000015,0.4925636363636365,0.017089161335772467,0.12312831642218407,0.00012693954363878388
3,3.0,0.365,14.0,0.008733624454148471,0.040756914119359534,1.095,6.513200000000001,0.4652285714285715,0.024883818700360175,0.14801213512254424,0.0002608287741903697
20,3.0,0.36,17.0,0.008733624454148471,0.049490538573508006,1.08,7.593200000000001,0.44665882352941183,0.02454294447158812,0.17255507959413235,0.00024993459941381795
15,3.0,0.335,20.0,0.008733624454148471,0.05822416302765648,1.0050000000000001,8.598200000000002,0.4299100000000001,0.022838573327727835,0.1953936529218602,0.00019894958272628776
13,3.0,0.326,23.0,0.008733624454148471,0.06695778748180495,0.978,9.576200000000002,0.4163565217391305,0.022224999715938127,0.21761865263779834,0.00018201720645443
23,3.0,0.31,26.0,0.008733624454148471,0.07569141193595341,0.9299999999999999,10.506200000000002,0.40408461538461543,0.021134202183867544,0.2387528548216659,0.0001537743280308047
4,3.3000000000000043,0.3,29.300000000000004,0.009606986899563331,0.08529839883551674,0.9900000000000012,11.496200000000004,0.3923617747440274,0.0224976990989558,0.2612505539206217,0.00016617046100756596
32,3.0,0.296,32.300000000000004,0.008733624454148471,0.0940320232896652,0.8879999999999999,12.384200000000003,0.3834117647058824,0.020179754343305784,0.28143030826392745,0.00013101388943946045
14,2.9000000000000057,0.278,35.20000000000001,0.008442503639010206,0.10247452692867541,0.8062000000000017,13.190400000000006,0.3747272727272728,0.018320853549068872,0.2997511618129963,9.758179694555607e-05
7,3.0,0.276,38.20000000000001,0.008733624454148471,0.11120815138282389,0.8280000000000001,14.018400000000005,0.3669738219895288,0.018816257428217558,0.3185674192412139,0.00010165948768978527
0,3.0,0.267,41.20000000000001,0.008733624454148471,0.11994177583697235,0.801,14.819400000000005,0.3596941747572816,0.018202683816427853,0.33677010305764177,8.966308520637087e-05
29,3.0,0.265,44.20000000000001,0.008733624454148471,0.12867540029112082,0.795,15.614400000000005,0.3532669683257919,0.01806633412491903,0.3548364371825608,8.709946979889437e-05
16,2.8999999999999915,0.256,47.1,0.008442503639010165,0.13711790393013099,0.7423999999999978,16.356800000000003,0.3472781316348196,0.0168710018293583,0.3717074390119191,7.103958174470183e-05
80,3.0,0.251,50.1,0.008733624454148471,0.14585152838427945,0.753,17.109800000000003,0.3415129740518963,0.01711188628435727,0.3888193252962764,7.019527129553373e-05
6,3.0,0.25,53.1,0.008733624454148471,0.15458515283842791,0.75,17.859800000000003,0.33634274952919024,0.01704371143860286,0.4058630367348792,6.905754568919824e-05
24,3.0,0.246,56.1,0.008733624454148471,0.16331877729257638,0.738,18.597800000000003,0.33151158645276296,0.016771012055585212,0.42263404879046446,6.459959945572908e-05
5,3.0,0.243,59.1,0.008733624454148471,0.17205240174672484,0.729,19.326800000000002,0.3270186125211506,0.016566487518321977,0.4392005363087864,6.135374378209362e-05
31,3.0,0.235,62.1,0.008733624454148471,0.1807860262008733,0.705,20.0318,0.322573268921095,0.016021088752286687,0.4552216250610731,5.3107135896639135e-05
17,3.0,0.231,65.1,0.008733624454148471,0.18951965065502177,0.6930000000000001,20.724800000000002,0.3183533026113672,0.015748389369269044,0.47097001443034214,4.9206926814406535e-05
25,3.0,0.228,68.1,0.008733624454148471,0.19825327510917023,0.684,21.408800000000003,0.3143729809104259,0.015543864832005809,0.48651387926234796,4.637937400419846e-05
11,3.0,0.222,71.1,0.008733624454148471,0.2069868995633187,0.666,22.074800000000003,0.3104753867791843,0.015134815757479339,0.5016486950198273,4.0975250101838755e-05
30,3.0,0.21,74.1,0.008733624454148471,0.21572052401746716,0.63,22.704800000000002,0.3064075573549258,0.014316717608426401,0.5159654126282538,3.11709291693451e-05
28,2.1000000000000085,0.202,76.2,0.006113537117903955,0.22183406113537113,0.42420000000000174,23.129000000000005,0.30353018372703416,0.009639923189673816,0.5256053358179276,1.2435398727172484e-05
57,2.8000000000000114,0.195,79.00000000000001,0.00815138282387194,0.22998544395924306,0.5460000000000023,23.675000000000008,0.2996835443037975,0.012407821927302934,0.5380131577452305,1.8117273841216443e-05
8,3.0,0.191,82.00000000000001,0.008733624454148471,0.23871906841339152,0.573,24.248000000000008,0.2957073170731708,0.013021395539092583,0.551034553284323,1.8384980876882832e-05
26,3.0,0.19,85.00000000000001,0.008733624454148471,0.24745269286754,0.5700000000000001,24.81800000000001,0.29197647058823534,0.012953220693338175,0.5639877739776612,1.7804992421783883e-05
2,2.9999999999999964,0.19,88.00000000000001,0.00873362445414846,0.25618631732168845,0.5699999999999993,25.38800000000001,0.28850000000000003,0.012953220693338157,0.5769409946709994,1.7804992421783845e-05
27,3.0,0.176,91.00000000000001,0.008733624454148471,0.26491994177583694,0.528,25.916000000000007,0.28479120879120884,0.011998772852776413,0.5889397675237757,1.0661194065062614e-05
49,3.0,0.162,94.00000000000001,0.008733624454148471,0.27365356622998543,0.486,26.402000000000008,0.28087234042553194,0.011044325012214652,0.5999840925359904,5.339337069047367e-06
9,2.6999999999999957,0.161,96.70000000000002,0.007860262008733613,0.28151382823871907,0.4346999999999993,26.836700000000008,0.2775253360910031,0.009878535149814202,0.6098626276858046,4.073426472007314e-06
64,1.8000000000000114,0.151,98.50000000000003,0.005240174672489116,0.2867540029112082,0.2718000000000017,27.10850000000001,0.2752131979695432,0.006176641025349715,0.6160392687111543,8.769692300400329e-07
55,3.0,0.148,101.50000000000003,0.008733624454148471,0.29548762736535666,0.44399999999999995,27.55250000000001,0.27145320197044337,0.010089877171652892,0.6261291458828072,1.8394214337381283e-06
81,3.1000000000000227,0.147,104.60000000000005,0.009024745269286821,0.3045123726346435,0.4557000000000033,28.008200000000013,0.26776481835564053,0.010355759070095174,0.6364849049529024,1.7715977379422992e-06
61,2.200000000000017,0.127,106.80000000000007,0.006404657933042262,0.3109170305676857,0.27940000000000215,28.287600000000015,0.2648651685393258,0.006349350634594234,0.6428342555874966,3.0588972616191424e-09
66,3.0,0.126,109.80000000000007,0.008733624454148471,0.3196506550218342,0.378,28.665600000000016,0.26107103825136607,0.008590030565055841,0.6514242861525524,2.061920498474644e-08
91,3.0,0.121,112.80000000000007,0.008733624454148471,0.3283842794759827,0.363,29.028600000000015,0.25734574468085103,0.008249156336283784,0.6596734424888362,2.347093572273525e-07
95,3.0,0.12,115.80000000000007,0.008733624454148471,0.3371179039301312,0.36,29.388600000000014,0.25378756476683934,0.008180981490529373,0.6678544239793656,3.054142452377005e-07
33,2.799999999999997,0.12,118.60000000000007,0.008151382823871898,0.3452692867540031,0.33599999999999963,29.724600000000013,0.2506290050590219,0.0076355827244940725,0.6754900067038596,2.660497425181741e-07
70,3.0999999999999943,0.118,121.70000000000006,0.009024745269286738,0.35429403202328985,0.3657999999999993,30.090400000000013,0.2472506162695152,0.008312786192321219,0.6838027928961808,5.06885727273592e-07
52,3.0,0.116,124.70000000000006,0.008733624454148471,0.36302765647743834,0.34800000000000003,30.438400000000012,0.24409302325581395,0.007908282107511728,0.6917110750036926,6.81189989151847e-07
96,1.5,0.114,126.20000000000006,0.004366812227074236,0.3673944687045126,0.171,30.60940000000001,0.2425467511885895,0.0038859662080014522,0.695597041211694,2.3121289405814358e-07
83,3.0,0.114,129.20000000000005,0.008733624454148471,0.3761280931586611,0.342,30.95140000000001,0.23956191950464395,0.0077719324160029045,0.7033689736276969,9.248515762325743e-07
42,3.0,0.114,132.20000000000005,0.008733624454148471,0.3848617176128096,0.342,31.29340000000001,0.23671255673222388,0.0077719324160029045,0.7111409060436998,9.248515762325743e-07
93,3.0,0.11,135.20000000000005,0.008733624454148471,0.39359534206695806,0.33,31.623400000000007,0.23390088757396446,0.007499233032985259,0.7186401390766851,1.5237221806413364e-06
58,3.0,0.109,138.20000000000005,0.008733624454148471,0.40232896652110656,0.327,31.95040000000001,0.23118958031837916,0.007431058187230847,0.726071197263916,1.6966788797117158e-06
54,3.0999999999999943,0.109,141.30000000000004,0.009024745269286738,0.4113537117903933,0.33789999999999937,32.28830000000001,0.22850884642604385,0.007678760126805194,0.7337499573907212,1.8116760037810586e-06
10,3.0,0.108,144.30000000000004,0.008733624454148471,0.4200873362445418,0.324,32.612300000000005,0.22600346500346497,0.007362883341476435,0.7411128407321976,1.8789311979693707e-06
47,1.8000000000000114,0.103,146.10000000000005,0.005240174672489116,0.4253275109170309,0.18540000000000115,32.797700000000006,0.22448802190280626,0.004213205467622653,0.7453260461998202,1.0546657477440545e-06
79,3.1999999999999886,0.101,149.30000000000004,0.009315866084425002,0.43464337700145594,0.3231999999999989,33.120900000000006,0.22184125920964498,0.0073447033826085665,0.7526707495824289,3.885482397032272e-06
43,3.0,0.1,152.30000000000004,0.008733624454148471,0.44337700145560444,0.30000000000000004,33.4209,0.21944123440577804,0.006817484575441145,0.75948823415787,3.67159203477253e-06
1,3.1999999999999993,0.099,155.50000000000003,0.009315866084425034,0.45269286754002946,0.31679999999999997,33.737700000000004,0.21696270096463022,0.007199263711665847,0.7666874978695358,4.480005604369821e-06
89,3.0,0.097,158.50000000000003,0.008733624454148471,0.46142649199417796,0.29100000000000004,34.0287,0.21469211356466875,0.00661296003817791,0.7733004579077137,4.497217565163763e-06
56,3.0,0.093,161.50000000000003,0.008733624454148471,0.47016011644832645,0.279,34.307700000000004,0.21243157894736842,0.006340260655160264,0.779640718562874,5.728190274307265e-06
88,3.0,0.093,164.50000000000003,0.008733624454148471,0.47889374090247494,0.279,34.58670000000001,0.2102534954407295,0.006340260655160264,0.7859809792180342,5.728190274307265e-06
48,2.799999999999983,0.092,167.3,0.008151382823871857,0.4870451237263468,0.25759999999999844,34.844300000000004,0.20827435744172146,0.005853946755445426,0.7918349259734796,5.2782124885066935e-06
65,3.0,0.092,170.3,0.008733624454148471,0.4957787481804953,0.276,35.12030000000001,0.2062260716382854,0.006272085809405852,0.7981070117828855,6.059172499561329e-06
94,3.0,0.092,173.3,0.008733624454148471,0.5045123726346438,0.276,35.39630000000001,0.20424870167339879,0.006272085809405852,0.8043790975922913,6.059172499561329e-06
53,3.0,0.09,176.3,0.008733624454148471,0.5132459970887923,0.27,35.666300000000014,0.2023045944412933,0.00613573611789703,0.8105148337101884,6.749023807631286e-06
51,3.0,0.089,179.3,0.008733624454148471,0.5219796215429408,0.267,35.93330000000002,0.20040881204684893,0.006067561272142618,0.816582394982331,7.107892890447177e-06
69,4.0,0.088,183.3,0.011644832605531296,0.533624454148472,0.352,36.285300000000014,0.19795581014729957,0.007999181901850942,0.8245815768841819,1.3290769053245055e-05
90,3.0,0.086,186.3,0.008733624454148471,0.5423580786026205,0.258,36.543300000000016,0.1961529790660226,0.005863036734879383,0.8304446136190613,8.240273854018505e-06
45,3.0,0.086,189.3,0.008733624454148471,0.551091703056769,0.258,36.80130000000002,0.19440729001584794,0.005863036734879383,0.8363076503539407,8.240273854018505e-06
34,3.200000000000003,0.085,192.5,0.009315866084425044,0.560407569141194,0.27200000000000024,37.07330000000002,0.19258857142857153,0.006181186015066642,0.8424888363690074,9.826219137232791e-06
36,3.0,0.083,195.5,0.008733624454148471,0.5691411935953425,0.249,37.32230000000002,0.1909069053708441,0.005658512197616149,0.8481473485666235,9.456315390275307e-06
37,3.4000000000000057,0.083,198.9,0.009898107714701617,0.5790393013100441,0.2822000000000005,37.60450000000002,0.1890623428858724,0.006412980490631648,0.8545603290572552,1.2146111767953657e-05
72,2.8000000000000114,0.082,201.70000000000002,0.00815138282387194,0.5871906841339161,0.22960000000000094,37.83410000000002,0.18757610312345074,0.005217648195070977,0.8597779772523262,8.606798872225923e-06
63,2.1999999999999886,0.082,203.9,0.006404657933042179,0.5935953420669582,0.1803999999999991,38.01450000000002,0.1864369789112311,0.004099580724698587,0.8638775579770248,5.313380936425089e-06
92,3.0,0.081,206.9,0.008733624454148471,0.6023289665211067,0.243,38.25750000000002,0.18490816819719683,0.005522162506107326,0.8693997204831322,1.0313487843716224e-05
76,2.3999999999999773,0.077,209.29999999999998,0.0069868995633187115,0.6093158660844253,0.18479999999999824,38.44230000000002,0.18367080745341624,0.004199570498471705,0.8735992909816039,7.769203315740886e-06
68,3.0,0.076,212.29999999999998,0.008733624454148471,0.6180494905385738,0.22799999999999998,38.67030000000002,0.1821493170042394,0.0051812882773352685,0.8787805792589392,1.2619092313095838e-05
60,3.6999999999999886,0.073,215.99999999999997,0.010771470160116415,0.6288209606986902,0.2700999999999992,38.94040000000002,0.18027962962962973,0.006138008612755491,0.8849185878716946,2.146896591087229e-05
40,3.0,0.073,218.99999999999997,0.008733624454148471,0.6375545851528387,0.21899999999999997,39.15940000000002,0.17881004566210057,0.004976763740072034,0.8898953516117667,1.4114002424970913e-05
59,3.0,0.073,221.99999999999997,0.008733624454148471,0.6462882096069872,0.21899999999999997,39.37840000000002,0.17738018018018029,0.004976763740072034,0.8948721153518387,1.4114002424970913e-05
35,2.999999999999986,0.072,224.99999999999994,0.00873362445414843,0.6550218340611356,0.21599999999999897,39.59440000000002,0.17597511111111125,0.0049085888943176,0.8997807042461563,1.4630897033970352e-05
71,2.9000000000000057,0.072,227.89999999999995,0.008442503639010206,0.6634643377001458,0.2088000000000004,39.803200000000025,0.17465204036858287,0.0047449692645070455,0.9045256735106634,1.3671760450632476e-05
75,3.0,0.071,230.89999999999995,0.008733624454148471,0.6721979621542943,0.21299999999999997,40.016200000000026,0.17330532698137738,0.004840414048563211,0.9093660875592265,1.5157087262157343e-05
78,3.0,0.062,233.89999999999995,0.008733624454148471,0.6809315866084428,0.186,40.202200000000026,0.17187772552372824,0.004226840436773509,0.913592927996,2.0311102179266403e-05
67,3.0,0.062,236.89999999999995,0.008733624454148471,0.6896652110625913,0.186,40.388200000000026,0.17048628113127917,0.004226840436773509,0.9178197684327735,2.0311102179266403e-05
46,2.8000000000000114,0.061,239.69999999999996,0.00815138282387194,0.6978165938864632,0.1708000000000007,40.559000000000026,0.16920734251147282,0.003881421218284507,0.921701189651058,1.8232572113190807e-05
38,2.200000000000017,0.059,241.89999999999998,0.006404657933042262,0.7042212518195055,0.129800000000001,40.68880000000003,0.1682050434063664,0.0029496983263075575,0.9246508879773655,1.1936745884168424e-05
39,3.3999999999999773,0.059,245.29999999999995,0.009898107714701536,0.714119359534207,0.20059999999999864,40.88940000000003,0.166691398287811,0.0045586246861116135,0.9292095126634771,2.8510079012599794e-05
50,3.0,0.058,248.29999999999995,0.008733624454148471,0.7228529839883555,0.17400000000000002,41.06340000000003,0.16537817156665338,0.003954141053755864,0.933163653717233,2.284346157462849e-05
82,3.0,0.058,251.29999999999995,0.008733624454148471,0.731586608442504,0.17400000000000002,41.23740000000003,0.1640962992439317,0.003954141053755864,0.9371177947709889,2.284346157462849e-05
41,3.0,0.058,254.29999999999995,0.008733624454148471,0.7403202328966525,0.17400000000000002,41.41140000000003,0.1628446716476604,0.003954141053755864,0.9410719358247448,2.284346157462849e-05
44,3.0,0.058,257.29999999999995,0.008733624454148471,0.749053857350801,0.17400000000000002,41.58540000000003,0.1616222308589197,0.003954141053755864,0.9450260768785007,2.284346157462849e-05
97,2.7999999999999545,0.056,260.0999999999999,0.008151382823871775,0.7572052401746727,0.15679999999999747,41.742200000000025,0.16048519800076907,0.00356327193809718,0.9485893488165978,2.105076150016333e-05
73,3.0,0.053,263.0999999999999,0.008733624454148471,0.7659388646288212,0.159,41.901200000000024,0.15925959711136464,0.003613266824983806,0.9522026156415816,2.6218062250544795e-05
84,3.0,0.049,266.0999999999999,0.008733624454148471,0.7746724890829697,0.14700000000000002,42.04820000000002,0.15801653513716662,0.0033405674419661607,0.9555431830835478,2.9085063936648795e-05
77,3.1000000000000227,0.041,269.19999999999993,0.009024745269286821,0.7836972343522566,0.12710000000000093,42.17530000000002,0.15666901931649344,0.0028883409651285856,0.9584315240486764,3.76554577840917e-05
62,2.0999999999999943,0.04,271.29999999999995,0.006113537117903914,0.7898107714701605,0.08399999999999977,42.259300000000025,0.15576594176188732,0.0019088956811235149,0.9603404197297999,1.7679009611890732e-05
111,3.0,0.04,274.29999999999995,0.008733624454148471,0.798544395924309,0.12,42.37930000000002,0.1544998177178273,0.0027269938301764576,0.9630674135599764,3.607961145283842e-05
102,3.0,0.039,277.29999999999995,0.008733624454148471,0.8072780203784575,0.11699999999999999,42.49630000000002,0.15325027046520023,0.002658818984422046,0.9657262325443984,3.690326149501809e-05
85,3.0,0.038,280.29999999999995,0.008733624454148471,0.816011644832606,0.11399999999999999,42.61030000000002,0.1520167677488406,0.0025906441386676343,0.968316876683066,3.7736207156385036e-05
104,3.0,0.038,283.29999999999995,0.008733624454148471,0.8247452692867545,0.11399999999999999,42.724300000000014,0.1508093893399224,0.0025906441386676343,0.9709075208217336,3.7736207156385036e-05
103,3.0,0.036,286.29999999999995,0.008733624454148471,0.833478893740903,0.10799999999999998,42.83230000000001,0.14960635696821523,0.0024542944471588114,0.9733618152688924,3.9429985336680756e-05
112,3.0,0.034,289.29999999999995,0.008733624454148471,0.8422125181950515,0.10200000000000001,42.93430000000001,0.14840753543034918,0.002317944755649989,0.9756797600245424,4.116094599372558e-05
100,3.0,0.031,292.29999999999995,0.008733624454148471,0.8509461426492,0.093,43.02730000000001,0.14720253164556968,0.0021134202183867544,0.9777931802429292,4.3827104123197375e-05
101,3.0,0.029,295.29999999999995,0.008733624454148471,0.8596797671033485,0.08700000000000001,43.114300000000014,0.14600169319336276,0.001977070526877932,0.9797702507698071,4.565102097211496e-05
113,4.0,0.027,299.29999999999995,0.011644832605531296,0.8713245997088798,0.108,43.22230000000001,0.1444112930170398,0.002454294447158812,0.9822245452169659,8.446599164050068e-05
109,3.0,0.027,302.29999999999995,0.008733624454148471,0.8800582241630283,0.081,43.303300000000014,0.14324611313264976,0.0018407208353691089,0.984065266052335,4.751212029778163e-05
99,3.0,0.025,305.29999999999995,0.008733624454148471,0.8887918486171767,0.07500000000000001,43.37830000000002,0.1420841794955782,0.0017043711438602862,0.9857696371961953,4.941040210019742e-05
105,3.599999999999966,0.024,308.8999999999999,0.010480349344978067,0.8992721979621549,0.08639999999999919,43.464700000000015,0.14070799611524773,0.0019634355577270307,0.9877330727539223,7.253782045946678e-05
118,3.0,0.024,311.8999999999999,0.008733624454148471,0.9080058224163033,0.07200000000000001,43.53670000000002,0.13958544405258105,0.0016361962981058748,0.9893692690520282,5.0373486430186224e-05
108,3.0,0.023,314.8999999999999,0.008733624454148471,0.9167394468704518,0.069,43.60570000000002,0.13847475389012395,0.001568021452351463,0.9909372905043796,5.134586637936231e-05
107,1.8999999999999773,0.021,316.7999999999999,0.005531295487627299,0.9222707423580792,0.039899999999999526,43.64560000000002,0.13777020202020213,0.0009067254485336613,0.9918440159529133,2.138664804648253e-05
119,3.1000000000000227,0.018,319.8999999999999,0.009024745269286821,0.931295487627366,0.055800000000000405,43.70140000000002,0.1366095654892155,0.001268052131032062,0.9931120680839454,6.016628844104845e-05
106,2.400000000000034,0.018,322.29999999999995,0.006986899563318876,0.9382823871906849,0.04320000000000061,43.74460000000002,0.13572634191746827,0.0009817177788635386,0.9940937858628089,3.60622082643542e-05
98,0.7000000000000455,0.017,323.0,0.002037845705968109,0.940320232896653,0.011900000000000775,43.756500000000024,0.13546904024767809,0.00027042688815918296,0.9943642127509681,3.1237692775451024e-06
116,3.0,0.017,326.0,0.008733624454148471,0.9490538573508015,0.051000000000000004,43.807500000000026,0.1343788343558283,0.0011589723778249945,0.9955231851287931,5.7375354077351564e-05
117,3.0,0.015,329.0,0.008733624454148471,0.95778748180495,0.045,43.85250000000003,0.13329027355623108,0.0010226226863161716,0.9965458078151093,5.945954826351286e-05
110,3.0,0.014,332.0,0.008733624454148471,0.9665211062590985,0.042,43.89450000000003,0.13221234939759044,0.0009544478405617601,0.997500255655671,6.051558878537442e-05
87,3.0,0.013,335.0,0.008733624454148471,0.975254730713247,0.039,43.93350000000003,0.1311447761194031,0.0008862729948073487,0.9983865286504784,6.158092492642326e-05
115,3.0,0.012,338.0,0.008733624454148471,0.9839883551673955,0.036000000000000004,43.96950000000003,0.13008727810650897,0.0008180981490529374,0.9992046267995314,6.265555668665938e-05
114,2.0,0.011,340.0,0.005822416302765648,0.9898107714701612,0.022,43.99150000000003,0.12938676470588245,0.0004999488688656839,0.9997045756683971,2.832865958492567e-05
86,3.0,0.004,343.0,0.008733624454148471,0.9985443959243097,0.012,44.00350000000003,0.12829008746355694,0.00027269938301764576,0.9999772750514148,7.158725305929017e-05
74,0.5,0.002,343.5,0.001455604075691412,1.000000000000001,0.001,44.00450000000003,0.12810625909752554,2.2724948584803813e-05,0.9999999999999996,2.0531425928977954e-06
