,weight,grade,cml_weight,weight_pct,cml_weight_pct,yield,cml_yield,cml_grade,recovery,cml_recovery,distributional_heterogeneity
41,3.0,0.328,3.0,0.011363636363636364,0.011363636363636364,0.984,0.984,0.328,0.08344074350451129,0.08344074350451129,0.005195109373797165
8,3.0,0.315,6.0,0.011363636363636364,0.022727272727272728,0.9450000000000001,1.929,0.3215,0.08013364086561299,0.16357438437012428,0.004729313519201885
13,3.0,0.31,9.0,0.011363636363636364,0.03409090909090909,0.9299999999999999,2.859,0.31766666666666665,0.07886167831219054,0.24243606268231482,0.0045559856668887806
46,3.5,0.27,12.5,0.013257575757575758,0.04734848484848485,0.9450000000000001,3.8040000000000003,0.30432000000000003,0.08013364086561299,0.3225697035479278,0.004472408084334433
58,2.8000000000000114,0.237,15.300000000000011,0.010606060606060648,0.057954545454545495,0.6636000000000026,4.467600000000003,0.292,0.05627162336340845,0.37884132691133626,0.0020853436219452704
15,3.3999999999999986,0.195,18.70000000000001,0.012878787878787873,0.07083333333333337,0.6629999999999997,5.130600000000002,0.2743636363636363,0.0562207448612713,0.4350620717726076,0.0018785252350714441
34,3.0,0.177,21.70000000000001,0.011363636363636364,0.08219696969696974,0.5309999999999999,5.661600000000002,0.2609032258064516,0.045027474391153954,0.48008954616376154,0.0011332539907429394
14,3.0,0.154,24.70000000000001,0.011363636363636364,0.09356060606060611,0.46199999999999997,6.1236000000000015,0.24791902834008092,0.039176446645410784,0.5192659928091723,0.000773552415769977
7,3.0999999999999996,0.131,27.80000000000001,0.011742424242424242,0.10530303030303034,0.40609999999999996,6.529700000000002,0.23488129496402874,0.0344362661963232,0.5537022590054955,0.0005150104626285446
9,3.1000000000000014,0.098,30.900000000000013,0.011742424242424249,0.11704545454545459,0.3038000000000001,6.833500000000002,0.2211488673139158,0.025761481581982257,0.5794637405874777,0.0001965339686898153
6,7.9,0.074,38.80000000000001,0.029924242424242426,0.14696969696969703,0.5846,7.418100000000002,0.1911881443298969,0.0495726205820501,0.6290363611695279,0.00038605876423221375
59,2.0,0.071,40.80000000000001,0.007575757575757576,0.1545454545454546,0.142,7.560100000000002,0.18529656862745097,0.01204124550573232,0.6410776066752601,1.9940582452750123e-05
12,2.3999999999999986,0.067,43.20000000000001,0.009090909090909085,0.1636363636363637,0.16079999999999992,7.720900000000002,0.17872453703703706,0.013635438572688424,0.6547130452479486,2.0652748210761578e-05
16,2.6000000000000014,0.055,45.80000000000001,0.009848484848484855,0.17348484848484855,0.14300000000000007,7.863900000000002,0.1717008733624454,0.012126043009293822,0.6668390882572425,5.187271175867532e-06
57,3.0,0.051,48.80000000000001,0.011363636363636364,0.1848484848484849,0.153,8.016900000000001,0.16428073770491802,0.012974018044908768,0.6798131063021512,2.593329159377732e-06
10,1.8999999999999986,0.047,50.70000000000001,0.007196969696969691,0.1920454545454546,0.08929999999999993,8.106200000000001,0.15988560157790926,0.007572417068041517,0.6873855233701928,1.4096072844474495e-07
72,3.799999999999983,0.04,54.49999999999999,0.014393939393939329,0.20643939393939392,0.15199999999999933,8.2582,0.1515266055045872,0.012889220541347215,0.70027474391154,2.264178825346129e-06
55,2.1999999999999886,0.039,56.69999999999998,0.00833333333333329,0.21477272727272723,0.08579999999999956,8.344,0.14716049382716054,0.0072756258055762515,0.7075503697171163,1.1187452142739064e-06
20,3.3999999999999986,0.033,60.09999999999998,0.012878787878787873,0.2276515151515151,0.11219999999999995,8.456199999999999,0.14070216306156408,0.00951427989959976,0.717064649616716,1.1319913942020484e-05
23,2.299999999999997,0.033,62.39999999999998,0.0087121212121212,0.2363636363636363,0.07589999999999991,8.5321,0.13673237179487185,0.006436130520317479,0.7235007801370335,5.180133629177185e-06
53,3.0,0.032,65.39999999999998,0.011363636363636364,0.24772727272727266,0.096,8.6281,0.13192813455657496,0.00814056034190354,0.731641340478937,1.038821904186908e-05
42,3.0,0.031,68.39999999999998,0.011363636363636364,0.25909090909090904,0.093,8.7211,0.12750146198830414,0.007886167831219055,0.7395275083101561,1.2092787393952591e-05
33,3.5999999999999943,0.03,71.99999999999997,0.013636363636363615,0.27272727272727265,0.10799999999999983,8.8291,0.12262638888888894,0.009158130384641468,0.7486856386947975,2.005457305682991e-05
32,2.700000000000003,0.03,74.69999999999997,0.010227272727272738,0.2829545454545454,0.08100000000000009,8.9101,0.11927844712182066,0.0068685977884811195,0.7555542364832787,1.1280697344466884e-05
35,3.0,0.029,77.69999999999997,0.011363636363636364,0.29431818181818176,0.08700000000000001,8.9971,0.11579279279279282,0.007377382809850085,0.7629316192931288,1.5890217395073743e-05
43,3.0,0.029,80.69999999999997,0.011363636363636364,0.3056818181818181,0.08700000000000001,9.0841,0.1125662949194548,0.007377382809850085,0.7703090021029789,1.5890217395073743e-05
60,3.0,0.029,83.69999999999997,0.011363636363636364,0.31704545454545446,0.08700000000000001,9.1711,0.10957108721624853,0.007377382809850085,0.777686384912829,1.5890217395073743e-05
18,3.0,0.029,86.69999999999997,0.011363636363636364,0.3284090909090908,0.08700000000000001,9.258099999999999,0.10678316032295274,0.007377382809850085,0.7850637677226792,1.5890217395073743e-05
19,3.200000000000003,0.028,89.89999999999998,0.012121212121212132,0.34053030303030296,0.08960000000000008,9.3477,0.10397886540600669,0.007597856319109978,0.7926616240417892,2.046074771241122e-05
44,3.0,0.028,92.89999999999998,0.011363636363636364,0.3518939393939393,0.084,9.4317,0.10152529601722284,0.007122990299165599,0.7997846143409548,1.7983079044111392e-05
56,3.0,0.027,95.89999999999998,0.011363636363636364,0.36325757575757567,0.081,9.512699999999999,0.0991939520333681,0.006868597788481113,0.806653212129436,2.020537179213375e-05
11,3.0,0.026,98.89999999999998,0.011363636363636364,0.374621212121212,0.078,9.590699999999998,0.0969737108190091,0.006614205277796627,0.8132674174072326,2.2557095639140824e-05
61,3.0,0.025,101.89999999999998,0.011363636363636364,0.3859848484848484,0.07500000000000001,9.665699999999998,0.09485475956820412,0.006359812767112142,0.8196272301743448,2.50382505851326e-05
29,3.0,0.025,104.89999999999998,0.011363636363636364,0.39734848484848473,0.07500000000000001,9.740699999999997,0.09285700667302192,0.006359812767112142,0.825987042941457,2.50382505851326e-05
31,3.0,0.025,107.89999999999998,0.011363636363636364,0.4087121212121211,0.07500000000000001,9.815699999999996,0.09097034291010193,0.006359812767112142,0.8323468557085691,2.50382505851326e-05
40,3.0,0.023,110.89999999999998,0.011363636363636364,0.42007575757575744,0.069,9.884699999999997,0.08913165013525698,0.00585102774574317,0.8381978834543123,3.038885377407031e-05
17,3.0,0.022,113.89999999999998,0.011363636363636364,0.4314393939393938,0.066,9.950699999999998,0.08736347673397717,0.005596635235058684,0.843794518689371,3.325830201701623e-05
25,2.5,0.021,116.39999999999998,0.00946969696969697,0.44090909090909075,0.052500000000000005,10.003199999999998,0.08593814432989691,0.0044518689369784994,0.8482463876263495,2.517859816593532e-05
62,2.0,0.021,118.39999999999998,0.007575757575757576,0.4484848484848483,0.042,10.045199999999998,0.08484121621621621,0.0035614951495827993,0.8518078827759323,1.6114302826198605e-05
36,3.0,0.021,121.39999999999998,0.011363636363636364,0.4598484848484847,0.063,10.108199999999998,0.08326359143327842,0.005342242724374198,0.8571501255003066,3.625718135894686e-05
50,3.0,0.021,124.39999999999998,0.011363636363636364,0.471212121212121,0.063,10.171199999999999,0.08176205787781352,0.005342242724374198,0.8624923682246808,3.625718135894686e-05
49,3.0,0.021,127.39999999999998,0.011363636363636364,0.4825757575757574,0.063,10.2342,0.08033124018838306,0.005342242724374198,0.867834610949055,3.625718135894686e-05
54,2.5,0.02,129.89999999999998,0.00946969696969697,0.49204545454545434,0.05,10.2842,0.07917013086989994,0.004239875178074761,0.8720744861271298,2.7351035972126532e-05
37,3.0,0.02,132.89999999999998,0.011363636363636364,0.5034090909090907,0.06,10.3442,0.07783446200150491,0.005087850213689713,0.8771623363408195,3.9385491799862204e-05
38,3.0,0.019,135.89999999999998,0.011363636363636364,0.514772727272727,0.056999999999999995,10.401200000000001,0.0765356880058867,0.004833457703005227,0.8819957940438248,4.2643233339762265e-05
22,1.9000000000000057,0.019,137.79999999999998,0.007196969696969718,0.5219696969696968,0.036100000000000104,10.4373,0.0757423802612482,0.003061189878569986,0.8850569839223947,1.7104674706282524e-05
80,0.5,0.019,138.29999999999998,0.001893939393939394,0.5238636363636362,0.0095,10.4468,0.07553723788864787,0.0008055762838342045,0.8858625602062289,1.1845342594378406e-06
47,3.0,0.018,141.29999999999998,0.011363636363636364,0.5352272727272726,0.05399999999999999,10.5008,0.07431564048124559,0.004579065192320741,0.8904416253985497,4.603040597864704e-05
45,2.4000000000000057,0.018,143.7,0.009090909090909113,0.5443181818181817,0.0432000000000001,10.544,0.07337508698677801,0.0036632521538566016,0.8941048775524063,2.9459459826334246e-05
28,3.0,0.016,146.7,0.011363636363636364,0.555681818181818,0.048,10.592,0.07220177232447172,0.00407028017095177,0.8981751577233581,5.31930445533707e-05
67,3.0,0.016,149.7,0.011363636363636364,0.5670454545454544,0.048,10.64,0.07107548430193722,0.00407028017095177,0.9022454378943099,5.31930445533707e-05
5,4.800000000000011,0.016,154.5,0.018181818181818226,0.5852272727272726,0.07680000000000019,10.716800000000001,0.06936440129449839,0.006512448273522848,0.9087578861678327,0.00013617419405662965
70,3.0,0.016,157.5,0.011363636363636364,0.596590909090909,0.048,10.764800000000001,0.06834793650793651,0.00407028017095177,0.9128281663387845,5.31930445533707e-05
52,3.0,0.016,160.5,0.011363636363636364,0.6079545454545453,0.048,10.812800000000001,0.06736947040498444,0.00407028017095177,0.9168984465097363,5.31930445533707e-05
48,3.0,0.015,163.5,0.011363636363636364,0.6193181818181817,0.045,10.857800000000001,0.0664085626911315,0.0038158876602672844,0.9207143341700036,5.696851048920962e-05
90,3.0,0.014,166.5,0.011363636363636364,0.630681818181818,0.042,10.8998,0.06546426426426427,0.0035614951495827993,0.9242758293195864,6.0873407524033235e-05
51,3.0,0.014,169.5,0.011363636363636364,0.6420454545454544,0.042,10.9418,0.06455339233038349,0.0035614951495827993,0.9278373244691692,6.0873407524033235e-05
3,3.0,0.014,172.5,0.011363636363636364,0.6534090909090907,0.042,10.9838,0.06367420289855073,0.0035614951495827993,0.931398819618752,6.0873407524033235e-05
66,3.0,0.013,175.5,0.011363636363636364,0.6647727272727271,0.039,11.0228,0.0628079772079772,0.0033071026388983133,0.9347059222576504,6.490773565784158e-05
30,1.2000000000000028,0.013,176.7,0.0045454545454545565,0.6693181818181816,0.015600000000000036,11.0384,0.06246972269383135,0.0013228410555593284,0.9360287633132097,1.0385237705254702e-05
27,3.5999999999999943,0.013,180.29999999999998,0.013636363636363615,0.6829545454545453,0.046799999999999925,11.085199999999999,0.061481974486966164,0.00396852316667797,0.9399972864798877,9.346713934729156e-05
71,3.0,0.013,183.29999999999998,0.011363636363636364,0.6943181818181816,0.039,11.124199999999998,0.060688488816148384,0.0033071026388983133,0.943304389118786,6.490773565784158e-05
87,3.0,0.012,186.29999999999998,0.011363636363636364,0.705681818181818,0.036000000000000004,11.160199999999998,0.05990445517981749,0.003052710128213828,0.9463570992469998,6.907149489063458e-05
85,3.0,0.011,189.29999999999998,0.011363636363636364,0.7170454545454543,0.033,11.193199999999997,0.05912942419440041,0.002798317617529342,0.9491554168645292,7.336468522241235e-05
73,3.0,0.011,192.29999999999998,0.011363636363636364,0.7284090909090907,0.033,11.226199999999997,0.058378575143005706,0.002798317617529342,0.9519537344820586,7.336468522241235e-05
39,3.0,0.011,195.29999999999998,0.011363636363636364,0.739772727272727,0.033,11.259199999999996,0.05765079365079364,0.002798317617529342,0.9547520520995879,7.336468522241235e-05
78,3.0,0.01,198.29999999999998,0.011363636363636364,0.7511363636363634,0.03,11.289199999999996,0.05692990418557739,0.0025439251068448566,0.9572959772064328,7.778730665317481e-05
68,3.0,0.01,201.29999999999998,0.011363636363636364,0.7624999999999997,0.03,11.319199999999995,0.05623050173869844,0.0025439251068448566,0.9598399023132776,7.778730665317481e-05
63,1.9000000000000057,0.01,203.2,0.007196969696969718,0.7696969696969694,0.01900000000000006,11.338199999999995,0.055798228346456674,0.001611152567668414,0.9614510548809461,3.120135300199586e-05
86,3.0,0.01,206.2,0.011363636363636364,0.7810606060606058,0.03,11.368199999999995,0.055131910766246336,0.0025439251068448566,0.9639949799877909,7.778730665317481e-05
84,3.0,0.01,209.2,0.011363636363636364,0.7924242424242421,0.03,11.398199999999994,0.05448470363288716,0.0025439251068448566,0.9665389050946358,7.778730665317481e-05
64,0.4000000000000057,0.009,209.6,0.0015151515151515366,0.7939393939393937,0.003600000000000051,11.401799999999994,0.05439790076335875,0.0003052710128213871,0.9668441761074572,1.463810829918655e-06
89,3.0,0.009,212.6,0.011363636363636364,0.8053030303030301,0.026999999999999996,11.428799999999994,0.053757290686735626,0.0022895325961603706,0.9691337087036176,8.2339359182922e-05
88,3.0,0.009,215.6,0.011363636363636364,0.8166666666666664,0.026999999999999996,11.455799999999993,0.05313450834879403,0.0022895325961603706,0.971423241299778,8.2339359182922e-05
26,2.0,0.009,217.6,0.007575757575757576,0.824242424242424,0.018,11.473799999999994,0.05272886029411762,0.0015263550641069139,0.9729495963638849,3.659527074796533e-05
83,3.0,0.009,220.6,0.011363636363636364,0.8356060606060604,0.026999999999999996,11.500799999999993,0.05213417951042608,0.0022895325961603706,0.9752391289600453,8.2339359182922e-05
65,3.0,0.009,223.6,0.011363636363636364,0.8469696969696967,0.026999999999999996,11.527799999999992,0.05155545617173521,0.0022895325961603706,0.9775286615562057,8.2339359182922e-05
75,3.0,0.009,226.6,0.011363636363636364,0.8583333333333331,0.026999999999999996,11.554799999999991,0.05099205648720208,0.0022895325961603706,0.979818194152366,8.2339359182922e-05
24,3.5,0.009,230.1,0.013257575757575758,0.8715909090909089,0.0315,11.58629999999999,0.050353324641460195,0.002671121362187099,0.9824893155145531,0.00011207301666564384
76,3.0,0.008,233.1,0.011363636363636364,0.8829545454545452,0.024,11.61029999999999,0.04980823680823677,0.002035140085475885,0.984524455600029,8.702084281165389e-05
74,3.0,0.008,236.1,0.011363636363636364,0.8943181818181816,0.024,11.634299999999989,0.049277001270647984,0.002035140085475885,0.9865595956855049,8.702084281165389e-05
82,3.0,0.007,239.1,0.011363636363636364,0.9056818181818179,0.021,11.65529999999999,0.048746549560853156,0.0017807475747913996,0.9883403432602963,9.18317575393705e-05
4,3.0,0.007,242.1,0.011363636363636364,0.9170454545454543,0.021,11.67629999999999,0.048229244114002444,0.0017807475747913996,0.9901210908350877,9.18317575393705e-05
69,3.0999999999999943,0.007,245.2,0.011742424242424221,0.9287878787878785,0.021699999999999962,11.69799999999999,0.04770799347471448,0.001840105827284443,0.9919611966623721,9.805590999481637e-05
77,3.0,0.006,248.2,0.011363636363636364,0.9401515151515148,0.018000000000000002,11.71599999999999,0.04720386784850923,0.001526355064106914,0.9934875517264791,9.677210336607183e-05
79,2.4000000000000057,0.006,250.6,0.009090909090909113,0.949242424242424,0.014400000000000034,11.73039999999999,0.04680925778132478,0.001221084051285534,0.9947086357777646,6.193414615428627e-05
81,3.0999999999999943,0.006,253.7,0.011742424242424221,0.9609848484848482,0.018599999999999967,11.74899999999999,0.0463106030744974,0.0015772335662438083,0.9962858693440084,0.00010333110148310521
1,3.0,0.006,256.7,0.011363636363636364,0.9723484848484846,0.018000000000000002,11.76699999999999,0.045839501363459254,0.001526355064106914,0.9978122244081153,9.677210336607183e-05
21,1.2999999999999972,0.006,258.0,0.0049242424242424135,0.977272727272727,0.007799999999999983,11.77479999999999,0.04563875968992244,0.0006614205277796612,0.998473644935895,1.81716505209623e-05
2,3.0,0.004,261.0,0.011363636363636364,0.9886363636363633,0.012,11.78679999999999,0.045160153256704944,0.0010175700427379425,0.9994912149786329,0.00010704108831642861
0,3.0,0.002,264.0,0.011363636363636364,0.9999999999999997,0.006,11.79279999999999,0.044669696969696936,0.0005087850213689713,1.0000000000000018,0.0001178277976627242
