,weight,grade,cml_weight,weight_pct,cml_weight_pct,yield,cml_yield,cml_grade,recovery,cml_recovery,distributional_heterogeneity
25,3.0,1.54,3.0,0.01012829169480081,0.01012829169480081,4.62,4.62,1.54,0.15326128062737604,0.15326128062737604,0.020487052520772698
15,3.0,0.57,6.0,0.01012829169480081,0.02025658338960162,1.71,6.33,1.055,0.05672657789454827,0.2099878585219243,0.002171400276753574
5,3.0,0.419,9.0,0.01012829169480081,0.030384875084402428,1.257,7.587,0.843,0.04169901076809776,0.25168686929002204,0.0009967103028050359
8,3.0,0.324,12.0,0.01012829169480081,0.04051316677920324,0.972,8.559,0.7132499999999999,0.03224458111900638,0.28393145040902845,0.0004891302578952274
4,3.0,0.323,15.0,0.01012829169480081,0.05064145847400405,0.9690000000000001,9.527999999999999,0.6351999999999999,0.03214506080691069,0.31607651121593916,0.0004847381221359556
60,3.0,0.291,18.0,0.01012829169480081,0.06076975016880486,0.873,10.400999999999998,0.5778333333333332,0.028960410819848327,0.3450369220357875,0.00035464871073998043
16,3.0,0.282,21.0,0.01012829169480081,0.07089804186360567,0.8459999999999999,11.246999999999998,0.5355714285714285,0.028064728010987035,0.37310165004677454,0.0003217157477246041
7,3.0,0.272,24.0,0.01012829169480081,0.08102633355840648,0.8160000000000001,12.062999999999999,0.502625,0.027069524890030054,0.4001711749368046,0.00028700538217513725
9,3.0,0.266,27.0,0.01012829169480081,0.09115462525320729,0.798,12.860999999999999,0.4763333333333333,0.02647240301745586,0.42664357795426044,0.00026712997492734107
14,3.0,0.261,30.0,0.01012829169480081,0.1012829169480081,0.783,13.643999999999998,0.4547999999999999,0.025974801456977368,0.45261837941123784,0.00025111187164275693
29,3.0,0.254,33.0,0.01012829169480081,0.11141120864280891,0.762,14.405999999999999,0.4365454545454545,0.025278159272307477,0.4778965386835453,0.00022951848761598766
23,3.0,0.239,36.0,0.01012829169480081,0.12153950033760973,0.717,15.123,0.4200833333333333,0.023785354590871992,0.5016818932744173,0.0001865153669472442
18,3.0,0.229,39.0,0.01012829169480081,0.13166779203241052,0.687,15.809999999999999,0.40538461538461534,0.022790151469915008,0.5244720447443323,0.0001603226929646549
3,3.0,0.206,42.0,0.01012829169480081,0.14179608372721134,0.618,16.427999999999997,0.39114285714285707,0.020501184291713936,0.5449732290360463,0.00010759690082709509
10,3.0,0.2,45.0,0.01012829169480081,0.15192437542201215,0.6000000000000001,17.028,0.37839999999999996,0.019904062419139747,0.5648772914551861,9.556569325484217e-05
21,3.0,0.198,48.0,0.01012829169480081,0.16205266711681296,0.5940000000000001,17.622,0.367125,0.01970502179494835,0.5845823132501344,9.171375941107185e-05
6,3.0,0.196,51.0,0.01012829169480081,0.17218095881161377,0.5880000000000001,18.21,0.35705882352941176,0.019505981170756952,0.6040882944208914,8.794105990745853e-05
24,3.0,0.189,54.0,0.01012829169480081,0.18230925050641458,0.567,18.777,0.34772222222222227,0.018809338986087058,0.6228976334069785,7.536058207354829e-05
27,3.0,0.183,57.0,0.01012829169480081,0.1924375422012154,0.5489999999999999,19.326,0.3390526315789474,0.01821221711351286,0.6411098505204913,6.534985017529887e-05
19,3.0,0.183,60.0,0.01012829169480081,0.2025658338960162,0.5489999999999999,19.875,0.33125,0.01821221711351286,0.6593220676340041,6.534985017529887e-05
30,3.4000000000000057,0.155,63.400000000000006,0.011478730587440937,0.21404456448345716,0.5270000000000009,20.402,0.3217981072555205,0.017482401491477773,0.6768044691254819,3.604406432397844e-05
13,3.0,0.153,66.4,0.01012829169480081,0.22417285617825797,0.45899999999999996,20.861,0.3141716867469879,0.015226607750641902,0.6920310768761238,2.5992826605247078e-05
2,3.2,0.148,69.60000000000001,0.010803511141120865,0.23497636731937882,0.4736,21.334600000000002,0.3065316091954023,0.015710939936174305,0.7077420168122981,2.4082857378519653e-05
12,3.0,0.147,72.60000000000001,0.01012829169480081,0.24510465901417963,0.44099999999999995,21.7756,0.2999393939393939,0.01462948587806771,0.7223715026903658,2.0260749075475777e-05
28,3.0,0.133,75.60000000000001,0.01012829169480081,0.25523295070898044,0.399,22.1746,0.2933148148148148,0.01323620150872793,0.7356077041990937,9.659103411504501e-06
17,3.0,0.128,78.60000000000001,0.01012829169480081,0.26536124240378123,0.384,22.558600000000002,0.2870050890585242,0.012738599948249437,0.7483463041473432,6.813709178022013e-06
38,3.0,0.123,81.60000000000001,0.01012829169480081,0.275489534098582,0.369,22.9276,0.2809754901960784,0.012240998387770942,0.7605873025351141,4.46352957052079e-06
11,3.0,0.116,84.60000000000001,0.01012829169480081,0.2856178257933828,0.34800000000000003,23.2756,0.2751252955082742,0.011544356203101052,0.7721316587382151,2.0052386916676036e-06
20,3.0,0.114,87.60000000000001,0.01012829169480081,0.2957461174881836,0.342,23.6176,0.269607305936073,0.011345315578909655,0.7834769743171247,1.4811471344913759e-06
26,3.0,0.111,90.60000000000001,0.01012829169480081,0.30587440918298436,0.333,23.950599999999998,0.2643554083885209,0.011046754642622558,0.7945237289597473,8.435741865214134e-07
0,1.7999999999999998,0.105,92.4,0.006076975016880486,0.31195138419986485,0.18899999999999997,24.139599999999998,0.26125108225108223,0.006269779662029018,0.8007935086217763,3.717363119085156e-08
22,3.0,0.104,95.4,0.01012829169480081,0.32207967589466563,0.312,24.4516,0.2563060796645702,0.010350112457952667,0.811143621079729,4.920445096527158e-08
37,3.0,0.104,98.4,0.01012829169480081,0.3322079675894664,0.312,24.7636,0.2516626016260162,0.010350112457952667,0.8214937335376817,4.920445096527158e-08
39,3.0,0.094,101.4,0.01012829169480081,0.3423362592842672,0.28200000000000003,25.0456,0.24699802761341222,0.009354909336995681,0.8308486428746774,5.981202713642239e-07
35,3.0,0.089,104.4,0.01012829169480081,0.352464550979068,0.267,25.3126,0.24245785440613024,0.008857307776517186,0.8397059506511946,1.6154001205355968e-06
43,3.0,0.087,107.4,0.01012829169480081,0.36259284267386876,0.261,25.5736,0.23811545623836125,0.008658267152325788,0.8483642178035203,2.1609721554789e-06
34,2.5,0.079,109.9,0.008440243079000676,0.3710330857528694,0.1975,25.7711,0.23449590536851683,0.006551753879633499,0.8549159716831538,3.5663914561264796e-06
73,3.0,0.078,112.9,0.01012829169480081,0.3811613774476702,0.23399999999999999,26.0051,0.23033746678476524,0.007762584343464499,0.8626785560266184,5.596571272166663e-06
41,3.0,0.078,115.9,0.01012829169480081,0.391289669142471,0.23399999999999999,26.2391,0.22639430543572045,0.007762584343464499,0.8704411403700829,5.596571272166663e-06
36,3.0,0.076,118.9,0.01012829169480081,0.40141796083727177,0.22799999999999998,26.467100000000002,0.22259966358284272,0.007563543719273102,0.8780046840893561,6.577932177973478e-06
44,3.0,0.06,121.9,0.01012829169480081,0.41154625253207255,0.18,26.647100000000002,0.2185980311730927,0.005971218725741923,0.883975902815098,1.7281255670080077e-05
45,3.0,0.059,124.9,0.01012829169480081,0.42167454422687334,0.177,26.8241,0.2147646116893515,0.005871698413646224,0.8898476012287442,1.811858636117037e-05
31,2.1999999999999886,0.058,127.1,0.007427413909520556,0.4291019581363939,0.12759999999999935,26.951700000000002,0.21205114083398902,0.004232930607803697,0.8940805318365479,1.0204723564947844e-05
42,3.0,0.051,130.1,0.01012829169480081,0.4392302498311947,0.153,27.1047,0.20833743274404307,0.005075535916880635,0.8991560677534285,2.5530340951305727e-05
40,3.0,0.046,133.1,0.01012829169480081,0.44935854152599547,0.138,27.242700000000003,0.20467843726521415,0.004577934356402142,0.9037340021098307,3.080646658391597e-05
62,3.0,0.044,136.1,0.01012829169480081,0.45948683322079625,0.132,27.374700000000004,0.2011366642174872,0.0043788937322107434,0.9081128958420415,3.3055576932234816e-05
75,3.0,0.044,139.1,0.01012829169480081,0.46961512491559704,0.132,27.506700000000006,0.19774766355140191,0.0043788937322107434,0.9124917895742523,3.3055576932234816e-05
51,3.0,0.043,142.1,0.01012829169480081,0.4797434166103978,0.129,27.635700000000007,0.1944806474313864,0.004279373420115045,0.9167711629943673,3.420984498395312e-05
72,3.0,0.039,145.1,0.01012829169480081,0.4898717083051986,0.11699999999999999,27.752700000000008,0.19126602343211585,0.0038812921717322497,0.9206524551660996,3.9025003041218834e-05
79,3.0,0.039,148.1,0.01012829169480081,0.4999999999999994,0.11699999999999999,27.86970000000001,0.18818163403106017,0.0038812921717322497,0.9245337473378319,3.9025003041218834e-05
63,3.0,0.034,151.1,0.01012829169480081,0.5101282916948002,0.10200000000000001,27.97170000000001,0.18512045003309074,0.0033836906112537568,0.9279174379490857,4.548964377618409e-05
61,3.0,0.034,154.1,0.01012829169480081,0.520256583389601,0.10200000000000001,28.07370000000001,0.1821784555483453,0.0033836906112537568,0.9313011285603394,4.548964377618409e-05
52,3.0,0.033,157.1,0.01012829169480081,0.5303848750844018,0.099,28.17270000000001,0.17932972628898797,0.003284170299158058,0.9345852988594975,4.68419976782949e-05
56,3.0,0.033,160.1,0.01012829169480081,0.5405131667792026,0.099,28.27170000000001,0.1765877576514679,0.003284170299158058,0.9378694691586555,4.68419976782949e-05
59,3.0,0.033,163.1,0.01012829169480081,0.5506414584740034,0.099,28.37070000000001,0.17394665849172294,0.003284170299158058,0.9411536394578136,4.68419976782949e-05
58,3.0,0.032,166.1,0.01012829169480081,0.5607697501688041,0.096,28.46670000000001,0.17138290186634564,0.0031846499870623593,0.944338289444876,4.821416016544496e-05
57,3.0,0.031,169.1,0.01012829169480081,0.5708980418636049,0.093,28.55970000000001,0.168892371377883,0.00308512967496666,0.9474234191198426,4.960613123763427e-05
49,3.0,0.031,172.1,0.01012829169480081,0.5810263335584057,0.093,28.65270000000001,0.1664886693782685,0.00308512967496666,0.9505085487948093,4.960613123763427e-05
64,3.0,0.029,175.1,0.01012829169480081,0.5911546252532065,0.08700000000000001,28.73970000000001,0.16413306681896064,0.002886089050775263,0.9533946378455845,5.244949913713063e-05
78,3.0,0.029,178.1,0.01012829169480081,0.6012829169480073,0.08700000000000001,28.82670000000001,0.16185682201010673,0.002886089050775263,0.9562807268963598,5.244949913713063e-05
68,3.0,0.028,181.1,0.01012829169480081,0.6114112086428081,0.084,28.91070000000001,0.15963942573164003,0.0027865687386795642,0.9590672956350393,5.39008959644377e-05
54,3.0,0.028,184.1,0.01012829169480081,0.6215395003376089,0.084,28.99470000000001,0.1574942965779468,0.0027865687386795642,0.9618538643737189,5.39008959644377e-05
47,3.0,0.027,187.1,0.01012829169480081,0.6316677920324096,0.081,29.07570000000001,0.15540192410475687,0.0026870484265838655,0.9645409128003027,5.5372101376784006e-05
53,3.0,0.026,190.1,0.01012829169480081,0.6417960837272104,0.078,29.153700000000008,0.15335981062598636,0.0025875281144881667,0.9671284409147909,5.686311537416957e-05
55,3.0,0.026,193.1,0.01012829169480081,0.6519243754220112,0.078,29.231700000000007,0.1513811496633869,0.0025875281144881667,0.969715969029279,5.686311537416957e-05
46,3.0,0.026,196.1,0.01012829169480081,0.662052667116812,0.078,29.309700000000007,0.1494630290668027,0.0025875281144881667,0.9723034971437672,5.686311537416957e-05
74,3.0,0.025,199.1,0.01012829169480081,0.6721809588116128,0.07500000000000001,29.384700000000006,0.14758764439979913,0.0024880078023924684,0.9747915049461596,5.837393795659437e-05
69,2.5,0.025,201.6,0.008440243079000676,0.6806212018906135,0.0625,29.447200000000006,0.14606746031746035,0.0020733398353270567,0.9768648447814867,4.053745691430164e-05
76,3.0,0.024,204.6,0.01012829169480081,0.6907494935854143,0.07200000000000001,29.519200000000005,0.14427761485826004,0.0023884874902967697,0.9792533322717835,5.990456912405842e-05
48,3.0,0.024,207.6,0.01012829169480081,0.700877785280215,0.07200000000000001,29.591200000000004,0.1425394990366089,0.0023884874902967697,0.9816418197620802,5.990456912405842e-05
71,3.0,0.023,210.6,0.01012829169480081,0.7110060769750158,0.069,29.660200000000003,0.14083665716999053,0.002288967178201071,0.9839307869402812,6.145500887656173e-05
50,3.0,0.023,213.6,0.01012829169480081,0.7211343686698166,0.069,29.729200000000002,0.13918164794007493,0.002288967178201071,0.9862197541184823,6.145500887656173e-05
65,3.0,0.022,216.6,0.01012829169480081,0.7312626603646174,0.066,29.7952,0.13755863342566946,0.0021894468661053717,0.9884092009845876,6.30252572141043e-05
80,3.0,0.022,219.6,0.01012829169480081,0.7413909520594182,0.066,29.8612,0.1359799635701275,0.0021894468661053717,0.990598647850693,6.30252572141043e-05
66,3.0,0.021,222.6,0.01012829169480081,0.751519243754219,0.063,29.9242,0.1344303683737646,0.002089926554009673,0.9926885744047026,6.461531413668612e-05
77,3.0,0.018,225.6,0.01012829169480081,0.7616475354490198,0.05399999999999999,29.978199999999998,0.13288209219858155,0.0017913656177225767,0.9944799400224251,6.950433641466706e-05
70,3.0,0.013,228.6,0.01012829169480081,0.7717758271438205,0.039,30.0172,0.13130883639545057,0.0012937640572440834,0.9957737040796693,7.804887857875366e-05
67,1.5,0.013,230.1,0.005064145847400405,0.776839972991221,0.0195,30.0367,0.13053759235115167,0.0006468820286220417,0.9964205861082913,1.9512219644688416e-05
32,3.4000000000000057,0.007,233.5,0.011478730587440937,0.788318703578662,0.02380000000000004,30.0605,0.12873875802997858,0.0007895278092925445,0.9972101139175839,0.00011425905603237532
33,3.5,0.006,237.0,0.011816340310600946,0.8001350438892629,0.021,30.081500000000002,0.12692616033755275,0.0006966421846698911,0.9979067561022538,0.0001236476864118346
1,1.2999999999999998,0.004,238.3,0.004388926401080351,0.8045239702903433,0.0052,30.0867,0.12625556021821233,0.0001725018742992111,0.998079257976553,1.7778235790041556e-05
94,3.0,0.001,241.3,0.01012829169480081,0.8146522619851441,0.003,30.0897,0.12469830087028595,9.952031209569873e-05,0.9981787782886486,0.000100576255446565
92,3.0,0.001,244.3,0.01012829169480081,0.8247805536799449,0.003,30.0927,0.12317928776094965,9.952031209569873e-05,0.9982782986007444,0.000100576255446565
93,3.0,0.001,247.3,0.01012829169480081,0.8349088453747456,0.003,30.0957,0.12169712899312575,9.952031209569873e-05,0.99837781891284,0.000100576255446565
98,3.0,0.001,250.3,0.01012829169480081,0.8450371370695464,0.003,30.0987,0.12025049940071914,9.952031209569873e-05,0.9984773392249358,0.000100576255446565
95,3.0,0.001,253.3,0.01012829169480081,0.8551654287643472,0.003,30.1017,0.11883813659692065,9.952031209569873e-05,0.9985768595370315,0.000100576255446565
96,3.0,0.001,256.3,0.01012829169480081,0.865293720459148,0.003,30.1047,0.11745883730003902,9.952031209569873e-05,0.9986763798491272,0.000100576255446565
97,3.0,0.001,259.3,0.01012829169480081,0.8754220121539488,0.003,30.1077,0.11611145391438488,9.952031209569873e-05,0.9987759001612229,0.000100576255446565
90,3.0,0.001,262.3,0.01012829169480081,0.8855503038487496,0.003,30.1107,0.11479489134578727,9.952031209569873e-05,0.9988754204733186,0.000100576255446565
91,3.0,0.001,265.3,0.01012829169480081,0.8956785955435503,0.003,30.1137,0.11350810403317,9.952031209569873e-05,0.9989749407854143,0.000100576255446565
86,3.0,0.001,268.3,0.01012829169480081,0.9058068872383511,0.003,30.1167,0.11225009317927694,9.952031209569873e-05,0.99907446109751,0.000100576255446565
89,3.0,0.001,271.3,0.01012829169480081,0.9159351789331519,0.003,30.1197,0.11101990416513086,9.952031209569873e-05,0.9991739814096057,0.000100576255446565
88,3.0,0.001,274.3,0.01012829169480081,0.9260634706279527,0.003,30.122700000000002,0.10981662413415968,9.952031209569873e-05,0.9992735017217014,0.000100576255446565
87,3.0,0.001,277.3,0.01012829169480081,0.9361917623227535,0.003,30.125700000000002,0.108639379733141,9.952031209569873e-05,0.9993730220337971,0.000100576255446565
85,3.0,0.001,280.3,0.01012829169480081,0.9463200540175543,0.003,30.128700000000002,0.1074873349982162,9.952031209569873e-05,0.9994725423458928,0.000100576255446565
84,3.0,0.001,283.3,0.01012829169480081,0.956448345712355,0.003,30.131700000000002,0.10635968937522061,9.952031209569873e-05,0.9995720626579885,0.000100576255446565
83,3.0,0.001,286.3,0.01012829169480081,0.9665766374071558,0.003,30.134700000000002,0.10525567586447783,9.952031209569873e-05,0.9996715829700842,0.000100576255446565
82,3.0,0.001,289.3,0.01012829169480081,0.9767049291019566,0.003,30.137700000000002,0.10417455928102316,9.952031209569873e-05,0.9997711032821799,0.000100576255446565
81,3.0,0.001,292.3,0.01012829169480081,0.9868332207967574,0.003,30.140700000000002,0.10311563462196374,9.952031209569873e-05,0.9998706235942756,0.000100576255446565
99,3.8999999999999773,0.001,296.2,0.013166779203240978,0.9999999999999983,0.0038999999999999773,30.144600000000004,0.10177110060769752,0.00012937640572440758,1.0,0.00016997387170469285
