,weight,grade,cml_weight,weight_pct,cml_weight_pct,yield,cml_yield,cml_grade,recovery,cml_recovery,distributional_heterogeneity
37,2.9000000000000057,0.78,2.9000000000000057,0.010618820944708918,0.010618820944708918,2.2620000000000045,2.2620000000000045,0.78,0.05339476957867243,0.05339476957867243,0.0018297817815354838
64,3.1999999999999886,0.467,6.099999999999994,0.011717319663127017,0.022336140607835935,1.4943999999999948,3.7563999999999993,0.615803278688525,0.035275483491762884,0.08867025307043531,0.0005549870829768471
66,3.0,0.41,9.099999999999994,0.010984987184181618,0.033321127792017555,1.23,4.9864,0.5479560439560442,0.029034291150206434,0.11770454422064175,0.0003257773736579591
67,2.5,0.354,11.599999999999994,0.009154155986818015,0.04247528377883557,0.885,5.8713999999999995,0.5061551724137933,0.020890526559294874,0.13859507077993663,0.00013774239421450075
23,3.0,0.35,14.599999999999994,0.010984987184181618,0.053460270963017184,1.0499999999999998,6.921399999999999,0.47406849315068506,0.02478537049407866,0.1633804412740153,0.0001904505795000849
24,3.0,0.338,17.599999999999994,0.010984987184181618,0.0644452581471988,1.014,7.9354,0.45087500000000014,0.02393558636285311,0.18731602763686842,0.00016771801908660675
32,3.0,0.334,20.599999999999994,0.010984987184181618,0.07543024533138042,1.002,8.9374,0.433854368932039,0.023652324985777927,0.21096835262264635,0.0001604614469797508
35,2.0,0.302,22.599999999999994,0.0073233247894544115,0.08275357012083483,0.604,9.5414,0.42218584070796467,0.014257489312784298,0.22522584193543066,4.808263763660678e-05
43,3.0,0.296,25.599999999999994,0.010984987184181618,0.09373855730501644,0.8879999999999999,10.4294,0.40739843750000004,0.02096134190356367,0.24618718383899432,9.952765348693652e-05
42,3.0,0.295,28.599999999999994,0.010984987184181618,0.10472354448919806,0.885,11.3144,0.3956083916083917,0.020890526559294874,0.2670777103982892,9.811971031191909e-05
29,3.0,0.28,31.599999999999994,0.010984987184181618,0.11570853167337967,0.8400000000000001,12.154399999999999,0.3846329113924051,0.019828296395262932,0.28690600679355216,7.820411780279563e-05
28,3.0,0.276,34.599999999999994,0.010984987184181618,0.1266935188575613,0.8280000000000001,12.982399999999998,0.37521387283236995,0.01954503501818775,0.30645104181173993,7.327441892047305e-05
44,3.0,0.254,37.599999999999994,0.010984987184181618,0.13767850604174292,0.762,13.744399999999999,0.36554255319148937,0.017987097444274232,0.32443813925601417,4.9029548094494243e-05
72,3.0,0.248,40.599999999999994,0.010984987184181618,0.14866349322592454,0.744,14.488399999999999,0.3568571428571429,0.017562205378661454,0.3420003446346756,4.325979917779659e-05
0,0.7000000000000002,0.247,41.3,0.0025631636763090446,0.15122665690223358,0.17290000000000005,14.661299999999999,0.3549951573849879,0.004081324341358288,0.3460816689760339,2.3048118049027592e-06
34,3.0,0.243,44.3,0.010984987184181618,0.1622116440864152,0.729,15.390299999999998,0.34741083521444693,0.01720812865731747,0.36328979763335134,3.872748979466349e-05
25,3.0,0.231,47.3,0.010984987184181618,0.1731966312705968,0.6930000000000001,16.083299999999998,0.34002748414376316,0.01635834452609192,0.37964814215944326,2.8872969123861338e-05
57,3.0,0.218,50.3,0.010984987184181618,0.18418161845477843,0.654,16.737299999999998,0.3327495029821073,0.015437745050597569,0.39508588721004084,1.982705261692913e-05
21,3.0,0.213,53.3,0.010984987184181618,0.19516660563896004,0.639,17.376299999999997,0.3260093808630394,0.015083668329253588,0.4101695555392944,1.679918712896847e-05
49,3.0,0.206,56.3,0.010984987184181618,0.20615159282314166,0.618,17.994299999999996,0.31961456483126105,0.014587960919372013,0.42475751645866644,1.2981419736471828e-05
22,3.0,0.202,59.3,0.010984987184181618,0.21713658000732328,0.6060000000000001,18.600299999999997,0.31366441821247887,0.014304699542296831,0.4390622160009633,1.1020490140622865e-05
7,3.0,0.199,62.3,0.010984987184181618,0.2281215671915049,0.597,19.1973,0.3081428571428571,0.01409225350949044,0.45315446951045374,9.6551040163982e-06
73,3.0,0.199,65.3,0.010984987184181618,0.2391065543756865,0.597,19.7943,0.30312863705972437,0.01409225350949044,0.4672467230199442,9.6551040163982e-06
39,3.0,0.195,68.3,0.010984987184181618,0.2500915415598681,0.585,20.3793,0.2983792093704246,0.013808992132415255,0.48105571515235945,7.975003947648077e-06
47,3.0,0.192,71.3,0.010984987184181618,0.26107652874404974,0.5760000000000001,20.9553,0.2939032258064516,0.013596546099608869,0.4946522612519683,6.820239968747554e-06
50,3.0,0.192,74.3,0.010984987184181618,0.27206151592823136,0.5760000000000001,21.5313,0.2897886944818305,0.013596546099608869,0.5082488073515772,6.820239968747554e-06
58,3.0,0.192,77.3,0.010984987184181618,0.283046503112413,0.5760000000000001,22.107300000000002,0.28599353169469605,0.013596546099608869,0.5218453534511861,6.820239968747554e-06
48,3.0,0.189,80.3,0.010984987184181618,0.2940314902965946,0.567,22.674300000000002,0.28236986301369865,0.013384100066802478,0.5352294535179886,5.755742623557378e-06
27,2.700000000000003,0.189,83.0,0.009886488465763467,0.30391797876235804,0.5103000000000005,23.184600000000003,0.279332530120482,0.012045690060122244,0.5472751435781108,4.662151525081486e-06
59,3.0,0.189,86.0,0.010984987184181618,0.31490296594653966,0.567,23.751600000000003,0.27618139534883723,0.013384100066802478,0.5606592436449133,5.755742623557378e-06
63,3.0,0.186,89.0,0.010984987184181618,0.3258879531307213,0.558,24.309600000000003,0.2731415730337079,0.013171654033996092,0.5738308976789094,4.781511912077549e-06
33,3.0,0.185,92.0,0.010984987184181618,0.3368729403149029,0.5549999999999999,24.864600000000003,0.27026739130434785,0.013100838689727293,0.5869317363686367,4.476827593519905e-06
68,3.0,0.178,95.0,0.010984987184181618,0.3478579274990845,0.534,25.398600000000002,0.26735368421052635,0.012605131279845722,0.5995368676484825,2.624866890715253e-06
46,3.0,0.176,98.0,0.010984987184181618,0.3588429146832661,0.528,25.9266,0.2645571428571429,0.01246350059130813,0.6120003682397905,2.186001895052841e-06
45,3.0,0.175,101.0,0.010984987184181618,0.36982790186744774,0.5249999999999999,26.4516,0.2618970297029703,0.01239268524703933,0.6243930534868298,1.9816138361733597e-06
2,3.0,0.164,104.0,0.010984987184181618,0.38081288905162936,0.492,26.9436,0.2590730769230769,0.011613716460082574,0.6360067699469124,3.9530050237494185e-07
51,3.0,0.163,107.0,0.010984987184181618,0.39179787623581097,0.489,27.4326,0.25637943925233647,0.011542901115813778,0.6475496710627262,3.112679551092555e-07
1,3.0,0.159,110.0,0.010984987184181618,0.4027828634199926,0.477,27.9096,0.2537236363636364,0.011259639738738593,0.6588093108014648,7.543402572467262e-08
13,3.0,0.157,113.0,0.010984987184181618,0.4137678506041742,0.471,28.3806,0.2511557522123894,0.011118009050201,0.6699273198516658,1.7694816839278792e-08
80,3.0,0.156,116.0,0.010984987184181618,0.4247528377883558,0.46799999999999997,28.8486,0.2486948275862069,0.011047193705932204,0.680974513557598,3.869651348306276e-09
54,3.0,0.152,119.0,0.010984987184181618,0.43573782497253744,0.45599999999999996,29.3046,0.24625714285714287,0.010763932328857018,0.691738445886455,4.8865249062578865e-08
14,3.0,0.148,122.0,0.010984987184181618,0.44672281215671905,0.44399999999999995,29.7486,0.24384098360655737,0.010480670951781835,0.7022191168382368,2.543348622619117e-07
40,3.0,0.147,125.0,0.010984987184181618,0.45770779934090067,0.44099999999999995,30.1896,0.24151679999999998,0.010409855607513037,0.7126289724457499,3.307763304812855e-07
79,3.0,0.146,128.0,0.010984987184181618,0.4686927865250823,0.43799999999999994,30.627599999999997,0.23927812499999998,0.010339040263244241,0.7229680127089941,4.172474246684757e-07
38,3.0,0.145,131.0,0.010984987184181618,0.4796777737092639,0.43499999999999994,31.062599999999996,0.23711908396946563,0.010268224918975445,0.7332362376279696,5.137481448234821e-07
56,3.0,0.131,134.0,0.010984987184181618,0.4906627608934455,0.393,31.455599999999997,0.23474328358208954,0.0092768100992123,0.742513047727182,2.9178689536142734e-06
53,3.0,0.13,137.0,0.010984987184181618,0.5016477480776271,0.39,31.845599999999997,0.23244963503649632,0.009205994754943504,0.7517190424821255,3.1648140632865225e-06
8,3.0,0.124,140.0,0.010984987184181618,0.5126327352618087,0.372,32.2176,0.23012571428571427,0.008781102689330727,0.7605001451714563,4.857106866644165e-06
60,2.0,0.123,142.0,0.0073233247894544115,0.5199560600512632,0.246,32.4636,0.2286169014084507,0.005806858230041287,0.7663070034014975,2.2996708258182797e-06
15,3.0,0.122,145.0,0.010984987184181618,0.5309410472354448,0.366,32.8296,0.22641103448275862,0.008639472000793135,0.7749464754022907,5.501441475505909e-06
78,3.0,0.121,148.0,0.010984987184181618,0.5419260344196264,0.363,33.1926,0.22427432432432431,0.008568656656524338,0.783515132058815,5.838653218888505e-06
65,3.3000000000000114,0.113,151.3,0.012083485902599821,0.5540095203222262,0.3729000000000013,33.5655,0.2218473231989425,0.008802347292611395,0.7923174793514264,1.076587057795677e-05
77,3.0,0.113,154.3,0.010984987184181618,0.5649945075064078,0.339,33.9045,0.21973104342190536,0.008002133902373969,0.8003196132538003,8.897413700790657e-06
11,4.0,0.11,158.3,0.014646649578908823,0.5796411570853166,0.44,34.3445,0.2169583070120025,0.010386250492756774,0.8107058637465571,1.8151000373285217e-05
69,3.0,0.106,161.3,0.010984987184181618,0.5906261442694982,0.318,34.662499999999994,0.21489460632362054,0.007506426492492396,0.8182122902390495,1.2100384485765397e-05
52,3.0,0.104,164.3,0.010984987184181618,0.6016111314536798,0.312,34.97449999999999,0.212869750456482,0.007364795803954803,0.8255770860430043,1.3105785629468526e-05
41,3.0,0.102,167.3,0.010984987184181618,0.6125961186378615,0.306,35.28049999999999,0.21088164973102203,0.007223165115417211,0.8328002511584215,1.4151305277042922e-05
90,3.0,0.102,170.3,0.010984987184181618,0.6235811058220431,0.306,35.58649999999999,0.20896359365825007,0.007223165115417211,0.8400234162738387,1.4151305277042922e-05
91,3.0,0.102,173.3,0.010984987184181618,0.6345660930062247,0.306,35.892499999999984,0.20711194460473156,0.007223165115417211,0.8472465813892559,1.4151305277042922e-05
31,2.700000000000003,0.102,176.0,0.009886488465763467,0.6444525814719881,0.27540000000000026,36.16789999999998,0.20549943181818173,0.006500848603875496,0.8537474299931314,1.146255727440479e-05
55,3.0,0.097,179.0,0.010984987184181618,0.6554375686561698,0.29100000000000004,36.45889999999998,0.20368100558659205,0.00686908839407323,0.8606165183872045,1.6940622850415684e-05
62,4.0,0.095,183.0,0.014646649578908823,0.6700842182350786,0.38,36.83889999999998,0.20130546448087422,0.00896994360738085,0.8695864619945854,3.222499068718135e-05
74,3.0,0.094,186.0,0.010984987184181618,0.6810692054192602,0.28200000000000003,37.12089999999998,0.1995747311827956,0.006656642361266842,0.8762431043558523,1.8734568906053144e-05
17,3.0,0.093,189.0,0.010984987184181618,0.6920541926034418,0.279,37.39989999999998,0.1978830687830687,0.006585827016998046,0.8828289313728503,1.9352610176534594e-05
10,2.0,0.093,191.0,0.0073233247894544115,0.6993775173928962,0.186,37.58589999999998,0.1967848167539266,0.0043905513446653634,0.8872194827175157,8.601160078459819e-06
70,3.0,0.09,194.0,0.010984987184181618,0.7103625045770778,0.27,37.855899999999984,0.1951335051546391,0.006373380984191657,0.8935928637017074,2.1266911743785843e-05
61,3.0,0.09,197.0,0.010984987184181618,0.7213474917612595,0.27,38.12589999999999,0.19353248730964462,0.006373380984191657,0.8999662446858991,2.1266911743785843e-05
81,3.0,0.082,200.0,0.010984987184181618,0.7323324789454411,0.246,38.37189999999999,0.19185949999999996,0.005806858230041287,0.9057731029159404,2.6813019465706427e-05
82,3.0,0.079,203.0,0.010984987184181618,0.7433174661296227,0.237,38.60889999999999,0.1901916256157635,0.0055944121972348985,0.9113675151131753,2.9058298689895614e-05
19,3.0,0.078,206.0,0.010984987184181618,0.7543024533138043,0.23399999999999999,38.84289999999999,0.18855776699029123,0.005523596852966102,0.9168911119661414,2.9826784349894308e-05
92,2.3999999999999773,0.076,208.39999999999998,0.008787989747345211,0.7630904430611495,0.18239999999999826,39.025299999999994,0.18726151631477927,0.004305572931542767,0.9211966848976841,2.0092060510588514e-05
12,3.0,0.076,211.39999999999998,0.010984987184181618,0.7740754302453311,0.22799999999999998,39.253299999999996,0.18568259224219488,0.005381966164428509,0.9265786510621127,3.139384454779515e-05
16,3.0,0.076,214.39999999999998,0.010984987184181618,0.7850604174295127,0.22799999999999998,39.4813,0.18414785447761195,0.005381966164428509,0.9319606172265412,3.139384454779515e-05
75,3.0,0.071,217.39999999999998,0.010984987184181618,0.7960454046136943,0.21299999999999997,39.6943,0.18258647654093837,0.005027889443084528,0.9369885066696257,3.548701349698403e-05
71,3.0,0.07,220.39999999999998,0.010984987184181618,0.807030391797876,0.21000000000000002,39.9043,0.18105399274047188,0.004957074098815733,0.9419455807684415,3.6335736164725245e-05
83,3.0,0.069,223.39999999999998,0.010984987184181618,0.8180153789820576,0.20700000000000002,40.1113,0.17954923903312445,0.004886258754546937,0.9468318395229884,3.719448845843429e-05
84,3.0,0.068,226.39999999999998,0.010984987184181618,0.8290003661662392,0.20400000000000001,40.3153,0.17807111307420498,0.0048154434102781404,0.9516472829332666,3.806327037811115e-05
20,3.0,0.065,229.39999999999998,0.010984987184181618,0.8399853533504208,0.195,40.5103,0.17659241499564082,0.004602997377471752,0.9562502803107383,4.0729793892948616e-05
85,3.0,0.064,232.39999999999998,0.010984987184181618,0.8509703405346024,0.192,40.7023,0.17513898450946647,0.004532182033202956,0.9607824623439413,4.163869431649674e-05
3,3.0,0.06,235.39999999999998,0.010984987184181618,0.861955327718784,0.18,40.8823,0.17367162276975362,0.004248920656127771,0.9650313830000691,4.53745922703674e-05
9,3.0,0.058,238.39999999999998,0.010984987184181618,0.8729403149029656,0.17400000000000002,41.0563,0.1722160234899329,0.004107289967590179,0.9691386729676592,4.730271900310962e-05
6,3.0,0.057,241.39999999999998,0.010984987184181618,0.8839253020871473,0.171,41.2273,0.17078417564208784,0.004036474623321383,0.9731751475909806,4.8281826808432463e-05
87,3.0,0.056,244.39999999999998,0.010984987184181618,0.8949102892713289,0.168,41.3953,0.1693752045826514,0.0039656592790525864,0.9771408068700331,4.927096423972311e-05
5,3.0,0.054,247.39999999999998,0.010984987184181618,0.9058952764555105,0.162,41.5573,0.16797615198059823,0.0038240285905149943,0.9809648354605481,5.127932798020786e-05
18,3.0,0.048,250.39999999999998,0.010984987184181618,0.9168802636396921,0.14400000000000002,41.701299999999996,0.16653873801916932,0.0033991365249022173,0.9843639719854503,5.754513022488971e-05
4,3.0,0.047,253.39999999999998,0.010984987184181618,0.9278652508238737,0.14100000000000001,41.842299999999994,0.16512352012628256,0.003328321180633421,0.9876922931660838,5.8624534289890704e-05
76,3.0,0.043,256.4,0.010984987184181618,0.9388502380080553,0.129,41.97129999999999,0.16369461778471137,0.003045059803558236,0.9907373529696419,6.304244680957287e-05
88,3.0,0.042,259.4,0.010984987184181618,0.949835225192237,0.126,42.09729999999999,0.162287201233616,0.00297424445928944,0.9937115974289313,6.417199900441293e-05
86,3.0,0.037,262.4,0.010984987184181618,0.9608202123764186,0.11099999999999999,42.20829999999999,0.16085480182926826,0.0026201677379454587,0.9963317651668768,6.997020436813057e-05
89,3.0,0.027,265.4,0.010984987184181618,0.9718051995606002,0.081,42.28929999999999,0.15934174830444608,0.0019120142952574971,0.9982437794621343,8.23188370431521e-05
36,3.0999999999999943,0.013,268.5,0.011351153423654317,0.9831563529842545,0.040299999999999926,42.32959999999999,0.15765214152700183,0.0009512861246774937,0.9991950655868118,0.00010815723983632745
30,1.2999999999999972,0.011,269.8,0.004760161113145357,0.9879165140973999,0.014299999999999967,42.34389999999999,0.15694551519644176,0.00033755314101459435,0.9995326187278264,1.955946127515457e-05
26,3.299999999999997,0.006,273.1,0.012083485902599769,0.9999999999999997,0.019799999999999984,42.36369999999999,0.15512156719150488,0.00046738127217405446,1.0000000000000004,0.00013493388678499768
