,weight,grade,cml_weight,weight_pct,cml_weight_pct,yield,cml_yield,cml_grade,recovery,cml_recovery,distributional_heterogeneity
15,3.0,0.55,3.0,0.014104372355430184,0.014104372355430184,1.6500000000000001,1.6500000000000001,0.55,0.03556586366850028,0.03556586366850028,0.0004605956093809834
31,3.0,0.51,6.0,0.014104372355430184,0.028208744710860368,1.53,3.18,0.53,0.032979255401700255,0.06854511907020053,0.0003562612100103736
23,3.0,0.44,9.0,0.014104372355430184,0.042313117066290554,1.32,4.5,0.5,0.028452690934800223,0.09699781000500075,0.0002058742460550955
37,3.0,0.388,12.0,0.014104372355430184,0.056417489421720736,1.1640000000000001,5.664,0.472,0.0250901001879602,0.12208791019296095,0.00012068621601042458
27,3.0,0.379,15.0,0.014104372355430184,0.07052186177715092,1.137,6.801,0.4534,0.02450811332793019,0.14659602352089113,0.00010823782622287542
14,3.0,0.375,18.0,0.014104372355430184,0.08462623413258111,1.125,7.926,0.44033333333333335,0.02424945250125019,0.1708454760221413,0.00010292265116511128
25,3.0,0.358,21.0,0.014104372355430184,0.0987306064880113,1.0739999999999998,9.0,0.42857142857142855,0.023150143987860177,0.19399562001000148,8.182598442607527e-05
28,3.0,0.348,24.0,0.014104372355430184,0.11283497884344149,1.044,10.044,0.41850000000000004,0.022503491921160176,0.21649911193116167,7.054520947942835e-05
24,3.0,0.34,27.0,0.014104372355430184,0.12693935119887167,1.02,11.064,0.4097777777777778,0.021986170267800174,0.23848528219896184,6.212273833143994e-05
30,3.0,0.335,30.0,0.014104372355430184,0.14104372355430186,1.0050000000000001,12.069,0.40230000000000005,0.02166284423445017,0.260148126433412,5.713049714593594e-05
33,3.0,0.321,33.0,0.014104372355430184,0.15514809590973205,0.9630000000000001,13.032,0.39490909090909093,0.020757531341070164,0.2809056577744822,4.4264524488202e-05
20,3.0,0.32,36.0,0.014104372355430184,0.16925246826516224,0.96,13.992,0.3886666666666667,0.020692866134400162,0.3015985239088823,4.3408250275526115e-05
32,3.0,0.316,39.0,0.014104372355430184,0.18335684062059243,0.948,14.940000000000001,0.3830769230769231,0.02043420530772016,0.3220327292166025,4.006678520389604e-05
40,3.0,0.313,42.0,0.014104372355430184,0.19746121297602262,0.9390000000000001,15.879000000000001,0.3780714285714286,0.020240209687710158,0.34227293890431265,3.764849976820064e-05
36,3.0,0.311,45.0,0.014104372355430184,0.2115655853314528,0.933,16.812,0.37360000000000004,0.020110879274370157,0.3623838181786828,3.6078125367273775e-05
22,3.0,0.302,48.0,0.014104372355430184,0.225669957686883,0.9059999999999999,17.718,0.369125,0.01952889241434015,0.38191271059302295,2.942541786951661e-05
34,3.0,0.302,51.0,0.014104372355430184,0.2397743300423132,0.9059999999999999,18.624,0.36517647058823527,0.01952889241434015,0.4014416030073631,2.942541786951661e-05
29,3.0,0.3,54.0,0.014104372355430184,0.25387870239774335,0.8999999999999999,19.523999999999997,0.3615555555555555,0.01939956200100015,0.4208411650083632,2.80390333825514e-05
35,3.0,0.298,57.0,0.014104372355430184,0.2679830747531735,0.8939999999999999,20.417999999999996,0.3582105263157894,0.01927023158766015,0.4401113965960234,2.6686101607215576e-05
26,3.0,0.29,60.0,0.014104372355430184,0.2820874471086037,0.8699999999999999,21.287999999999997,0.35479999999999995,0.018752909934300146,0.4588643065303235,2.1608901622166207e-05
16,3.0,0.279,63.0,0.014104372355430184,0.29619181946403383,0.8370000000000001,22.124999999999996,0.3511904761904761,0.018041592660930143,0.47690589919125365,1.5501703734041194e-05
4,3.0,0.278,66.0,0.014104372355430184,0.310296191819464,0.8340000000000001,22.958999999999996,0.3478636363636363,0.017976927454260144,0.4948828266455138,1.499668299347391e-05
21,3.0,0.274,69.0,0.014104372355430184,0.32440056417489416,0.8220000000000001,23.780999999999995,0.3446521739130434,0.01771826662758014,0.512601093273094,1.3060231810278264e-05
43,3.0,0.264,72.0,0.014104372355430184,0.3385049365303243,0.792,24.572999999999997,0.3412916666666666,0.017071614560880133,0.5296727078339741,8.804526305803486e-06
42,3.0,0.264,75.0,0.014104372355430184,0.3526093088857545,0.792,25.365,0.3382,0.017071614560880133,0.5467443223948543,8.804526305803486e-06
41,3.0,0.258,78.0,0.014104372355430184,0.36671368124118464,0.774,26.139,0.3351153846153846,0.01668362332086013,0.5634279457157144,6.652535542671316e-06
49,3.0,0.255,81.0,0.014104372355430184,0.3808180535966148,0.765,26.904,0.33214814814814814,0.016489627700850128,0.5799175734165646,5.689443062854424e-06
38,3.0,0.254,84.0,0.014104372355430184,0.39492242595204496,0.762,27.666,0.32935714285714285,0.01642496249418013,0.5963425359107447,5.38513859206349e-06
39,3.0,0.252,87.0,0.014104372355430184,0.4090267983074751,0.756,28.422,0.3266896551724138,0.016295632080840127,0.6126381679915849,4.801619184203663e-06
55,3.0,0.246,90.0,0.014104372355430184,0.4231311706629053,0.738,29.16,0.324,0.015907640840820123,0.628545808832405,3.2517772304005303e-06
56,3.0,0.244,93.0,0.014104372355430184,0.43723554301833545,0.732,29.892,0.32141935483870965,0.015778310427480124,0.6443241192598851,2.8020686690582682e-06
13,3.0999999999999943,0.243,96.1,0.014574518100611163,0.4518100611189466,0.7532999999999986,30.6453,0.3188896982310094,0.016237433394837096,0.6605615526547222,2.7652872757705236e-06
19,3.0,0.241,99.1,0.014104372355430184,0.4659144334743768,0.723,31.368299999999998,0.31653178607467203,0.015584314807470122,0.6761458674621923,2.190229661349983e-06
6,3.0,0.237,102.1,0.014104372355430184,0.48001880582980694,0.711,32.079299999999996,0.3141949069539667,0.015325653980790119,0.6914715214429824,1.4915288084418057e-06
7,3.0,0.225,105.1,0.014104372355430184,0.4941231781852371,0.675,32.75429999999999,0.3116489058039961,0.014549671500750115,0.7060211929437326,1.9829132882266054e-07
54,3.0,0.2,108.1,0.014104372355430184,0.5082275505406673,0.6000000000000001,33.354299999999995,0.30855041628122104,0.012933041334000103,0.7189542342777326,1.372016361764439e-06
47,3.0,0.193,111.1,0.014104372355430184,0.5223319228960974,0.579,33.933299999999996,0.3054302430243024,0.012480384887310098,0.7314346191650427,2.6373352966110867e-06
44,3.0,0.19,114.1,0.014104372355430184,0.5364362952515276,0.5700000000000001,34.503299999999996,0.3023952673093777,0.012286389267300097,0.7437210084323428,3.30506250872701e-06
48,3.0,0.19,117.1,0.014104372355430184,0.5505406676069577,0.5700000000000001,35.073299999999996,0.29951579846285226,0.012286389267300097,0.7560073976996429,3.30506250872701e-06
58,2.0,0.182,119.1,0.009402914903620123,0.5599435825105779,0.364,35.43729999999999,0.29754240134340887,0.00784604507596006,0.763853442775603,2.4238436602782693e-06
59,3.0,0.18,122.1,0.014104372355430184,0.574047954866008,0.54,35.97729999999999,0.2946543816543816,0.011639737200600091,0.775493179976203,6.074426446424358e-06
18,3.0,0.18,125.1,0.014104372355430184,0.5881523272214382,0.54,36.51729999999999,0.29190487609912064,0.011639737200600091,0.7871329171768031,6.074426446424358e-06
1,3.0,0.174,128.1,0.014104372355430184,0.6022566995768683,0.522,37.03929999999999,0.28914363778298197,0.011251745960580088,0.7983846631373832,8.13747734859546e-06
12,2.9000000000000057,0.172,131.0,0.013634226610249205,0.6158909261871175,0.49880000000000096,37.53809999999999,0.28655038167938923,0.010751668362332104,0.8091363314997153,8.309142052634903e-06
57,3.0,0.161,134.0,0.014104372355430184,0.6299952985425477,0.483,38.02109999999999,0.28373955223880587,0.010411098273870082,0.8195474297735854,1.3640273441523618e-05
51,3.0,0.146,137.0,0.014104372355430184,0.6440996708979778,0.43799999999999994,38.45909999999999,0.2807233576642335,0.009441120173820072,0.8289885499474055,2.174592090929146e-05
45,3.0,0.146,140.0,0.014104372355430184,0.658204043253408,0.43799999999999994,38.897099999999995,0.27783642857142854,0.009441120173820072,0.8384296701212255,2.174592090929146e-05
5,3.0,0.144,143.0,0.014104372355430184,0.6723084156088381,0.43199999999999994,39.3291,0.2750286713286713,0.009311789760480072,0.8477414598817056,2.296884792941875e-05
46,3.0,0.138,146.0,0.014104372355430184,0.6864127879642683,0.41400000000000003,39.7431,0.2722130136986301,0.008923798520460071,0.8566652584021657,2.6838345259576946e-05
17,3.0,0.136,149.0,0.014104372355430184,0.7005171603196985,0.40800000000000003,40.1511,0.26947046979865774,0.00879446810712007,0.8654597265092857,2.8195083126221805e-05
50,3.0,0.135,152.0,0.014104372355430184,0.7146215326751286,0.405,40.5561,0.2668164473684211,0.008729802900450069,0.8741895294097358,2.8885996826405252e-05
70,3.0,0.134,155.0,0.014104372355430184,0.7287259050305588,0.402,40.9581,0.26424580645161294,0.008665137693780068,0.8828546671035159,2.9585273704496048e-05
11,3.0,0.134,158.0,0.014104372355430184,0.742830277385989,0.402,41.3601,0.2617727848101266,0.008665137693780068,0.891519804797296,2.9585273704496048e-05
52,3.0,0.129,161.0,0.014104372355430184,0.7569346497414191,0.387,41.7471,0.25929875776397515,0.008341811660430066,0.899861616457726,3.320710576356025e-05
63,3.0,0.126,164.0,0.014104372355430184,0.7710390220968493,0.378,42.1251,0.25686036585365857,0.008147816040420064,0.908009432498146,3.548056313388694e-05
69,3.0,0.123,167.0,0.014104372355430184,0.7851433944522794,0.369,42.4941,0.25445568862275453,0.007953820420410061,0.9159632529185561,3.7829289105379766e-05
62,3.0,0.119,170.0,0.014104372355430184,0.7992477668077096,0.357,42.8511,0.25206529411764705,0.00769515959373006,0.9236584125122861,4.107800822473973e-05
53,3.0,0.118,173.0,0.014104372355430184,0.8133521391631398,0.354,43.2051,0.24974046242774567,0.007630494387060059,0.9312889068993462,4.1911095949348096e-05
67,3.0,0.116,176.0,0.014104372355430184,0.8274565115185699,0.34800000000000003,43.5531,0.24746079545454547,0.007501163973720059,0.9387900708730662,4.3602360932286846e-05
65,3.0,0.112,179.0,0.014104372355430184,0.8415608838740001,0.336,43.8891,0.24519050279329607,0.007242503147040057,0.9460325740201062,4.7085249033052556e-05
60,3.0,0.107,182.0,0.014104372355430184,0.8556652562294302,0.321,44.2101,0.24291263736263735,0.006919177113690054,0.9529517511337963,5.1627030661925004e-05
68,3.0,0.106,185.0,0.014104372355430184,0.8697696285848604,0.318,44.528099999999995,0.2406924324324324,0.0068545119070200534,0.9598062630408163,5.256047652142154e-05
8,3.0,0.099,188.0,0.014104372355430184,0.8838740009402906,0.29700000000000004,44.82509999999999,0.23843138297872335,0.006401855460330051,0.9662081185011463,5.9328766519303005e-05
3,3.0,0.095,191.0,0.014104372355430184,0.8979783732957207,0.28500000000000003,45.11009999999999,0.23617853403141356,0.0061431946336500485,0.9723513131347964,6.338035071776836e-05
61,3.0,0.088,194.0,0.014104372355430184,0.9120827456511509,0.264,45.37409999999999,0.2338871134020618,0.005690538186960045,0.9780418513217565,7.079260541451562e-05
66,3.0,0.088,197.0,0.014104372355430184,0.926187118006581,0.264,45.638099999999994,0.2316654822335025,0.005690538186960045,0.9837323895087166,7.079260541451562e-05
64,3.0,0.085,200.0,0.014104372355430184,0.9402914903620112,0.255,45.8931,0.2294655,0.005496542566950043,0.9892289320756666,7.409473366744608e-05
71,1.1999999999999886,0.076,201.2,0.00564174894217202,0.9459332393041833,0.09119999999999913,45.9843,0.22855019880715705,0.0019658222827679964,0.9911947543584346,1.3512436805317225e-05
9,3.0,0.074,204.2,0.014104372355430184,0.9600376116596134,0.22199999999999998,46.2063,0.2262796278158668,0.004785225293580037,0.9959799796520147,8.684650196039025e-05
10,3.0,0.031,207.2,0.014104372355430184,0.9741419840150436,0.093,46.2993,0.2234522200772201,0.0020046214067700155,0.9979846010587847,0.00014640397301960266
2,3.0,0.022,210.2,0.014104372355430184,0.9882463563704738,0.066,46.365300000000005,0.2205770694576594,0.0014226345467400112,0.9994072356055247,0.00016082647384836184
0,2.5,0.011,212.7,0.011753643629525154,0.9999999999999989,0.027499999999999997,46.39280000000001,0.21811377527033385,0.0005927643944750046,0.9999999999999997,0.0001245652252993736
