,weight,grade,cml_weight,weight_pct,cml_weight_pct,yield,cml_yield,cml_grade,recovery,cml_recovery,distributional_heterogeneity
21,3.0,0.211,3.0,0.016322089227421108,0.016322089227421108,0.633,0.633,0.211,0.03810246131065243,0.03810246131065243,0.0004743846080840023
18,3.0,0.21,6.0,0.016322089227421108,0.032644178454842215,0.63,1.263,0.2105,0.03792188092529389,0.07602434223594631,0.0004665510013914938
23,3.0,0.207,9.0,0.016322089227421108,0.04896626768226332,0.621,1.884,0.20933333333333332,0.03738013976921826,0.11340448200516456,0.0004434414926208833
27,3.0,0.194,12.0,0.016322089227421108,0.06528835690968443,0.5820000000000001,2.466,0.20550000000000002,0.035032594759557216,0.1484370767647218,0.0003500830172680957
24,3.0,0.192,15.0,0.016322089227421108,0.08161044613710554,0.5760000000000001,3.0420000000000003,0.2028,0.03467143398884013,0.1831085107535619,0.0003366984531734156
25,3.0,0.186,18.0,0.016322089227421108,0.09793253536452665,0.558,3.6000000000000005,0.20000000000000004,0.033587951676688876,0.21669646243025079,0.00029811000611703464
22,3.0,0.176,21.0,0.016322089227421108,0.11425462459194775,0.528,4.128,0.19657142857142856,0.03178214782310345,0.24847861025335424,0.00023901341178193136
26,3.0,0.175,24.0,0.016322089227421108,0.13057671381936886,0.5249999999999999,4.6530000000000005,0.19387500000000002,0.0316015674377449,0.28008017769109916,0.00023346245437975968
34,3.0,0.172,27.0,0.016322089227421108,0.14689880304678998,0.516,5.1690000000000005,0.19144444444444447,0.03105982628166928,0.3111400039727684,0.0002172008934801595
14,3.0,0.166,30.0,0.016322089227421108,0.1632208922742111,0.498,5.667000000000001,0.1889,0.029976343969518027,0.34111634794228646,0.00018643867256207621
19,3.0,0.165,33.0,0.016322089227421108,0.17954298150163223,0.495,6.162000000000001,0.18672727272727274,0.029795763584159484,0.37091211152644593,0.0001815399006714293
17,3.0,0.149,36.0,0.016322089227421108,0.19586507072905335,0.44699999999999995,6.609000000000001,0.18358333333333335,0.026906477418422805,0.3978185889448687,0.00011202927337781616
20,2.0,0.148,38.0,0.010881392818280738,0.2067464635473341,0.296,6.905000000000001,0.18171052631578952,0.01781726468870951,0.41563585363357824,4.810631860300508e-05
28,3.0,0.14,41.0,0.016322089227421108,0.22306855277475518,0.42000000000000004,7.325000000000001,0.17865853658536587,0.02528125395019593,0.44091710758377417,8.026663252981282e-05
41,3.0,0.138,44.0,0.016322089227421108,0.2393906420021763,0.41400000000000003,7.739000000000001,0.17588636363636365,0.024920093179478842,0.465837200763253,7.392567195960041e-05
31,3.0,0.119,47.0,0.016322089227421108,0.2557127312295974,0.357,8.096,0.17225531914893616,0.021489065857666537,0.48732626662091955,2.669764749750239e-05
36,3.0,0.111,50.0,0.016322089227421108,0.27203482045701854,0.333,8.429,0.16858,0.0200444227747982,0.5073706893957177,1.3855767037928909e-05
38,2.5,0.11,52.5,0.013601741022850925,0.2856365614798695,0.275,8.704,0.1657904761904762,0.016553201991199716,0.5239238913869174,8.711121847686373e-06
37,3.0,0.109,55.5,0.016322089227421108,0.3019586507072906,0.327,9.031,0.16272072072072072,0.019683262004081114,0.5436071533909985,1.1297482434560327e-05
39,2.5,0.105,58.0,0.013601741022850925,0.31556039173014155,0.2625,9.2935,0.16023275862068964,0.015800783718872453,0.559407937109871,4.835788778925635e-06
40,3.0,0.096,61.0,0.016322089227421108,0.3318824809575627,0.28800000000000003,9.5815,0.1570737704918033,0.017335716994420065,0.5767436541042911,1.027441250031288e-06
49,3.0,0.094,64.0,0.016322089227421108,0.3482045701849838,0.28200000000000003,9.8635,0.1541171875,0.01697455622370298,0.5937182103279941,4.257131812370859e-07
52,3.0,0.091,67.0,0.016322089227421108,0.3645266594124049,0.273,10.1365,0.1512910447761194,0.01643281506762735,0.6101510253956215,1.2260211689378376e-08
54,3.0,0.09,70.0,0.016322089227421108,0.38084874863982604,0.27,10.4065,0.1486642857142857,0.01625223468226881,0.6264032600778903,4.8796574784347005e-09
58,3.0,0.089,73.0,0.016322089227421108,0.39717083786724716,0.267,10.673499999999999,0.14621232876712328,0.01607165429691027,0.6424749143748005,6.271765441997044e-08
33,3.0,0.086,76.0,0.016322089227421108,0.4134929270946683,0.258,10.9315,0.14383552631578947,0.01552991314083464,0.6580048275156352,6.27542952159454e-07
35,3.0,0.086,79.0,0.016322089227421108,0.4298150163220894,0.258,11.189499999999999,0.1416392405063291,0.01552991314083464,0.6735347406564698,6.27542952159454e-07
62,1.0,0.086,80.0,0.005440696409140369,0.43525571273122976,0.086,11.2755,0.14094374999999998,0.005176637713611546,0.6787113783700813,6.972699468438379e-08
30,3.0,0.083,83.0,0.016322089227421108,0.4515778019586509,0.249,11.5245,0.13884939759036144,0.014988171984759014,0.6936995503548403,1.7793352102712457e-06
32,3.0,0.082,86.0,0.016322089227421108,0.467899891186072,0.246,11.7705,0.13686627906976745,0.01480759159940047,0.7085071419542408,2.293703065280137e-06
60,3.0,0.082,89.0,0.016322089227421108,0.4842219804134931,0.246,12.0165,0.13501685393258428,0.01480759159940047,0.7233147335536413,2.293703065280137e-06
56,3.0,0.081,92.0,0.016322089227421108,0.5005440696409142,0.243,12.259500000000001,0.1332554347826087,0.014627011214041927,0.7379417447676833,2.8732894714415067e-06
61,2.0,0.08,94.0,0.010881392818280738,0.511425462459195,0.16,12.419500000000001,0.13212234042553192,0.009630953885788924,0.7475726986534722,1.5635975238912694e-06
53,3.0,0.076,97.0,0.016322089227421108,0.527747551686616,0.22799999999999998,12.6475,0.13038659793814433,0.013724109287249216,0.7612968079407214,6.749499769535548e-06
42,3.0,0.076,100.0,0.016322089227421108,0.5440696409140371,0.22799999999999998,12.8755,0.128755,0.013724109287249216,0.7750209172279706,6.749499769535548e-06
29,3.0,0.075,103.0,0.016322089227421108,0.5603917301414582,0.22499999999999998,13.1005,0.1271893203883495,0.013543528901890672,0.7885644461298613,7.720397482611796e-06
59,3.0,0.073,106.0,0.016322089227421108,0.5767138193688792,0.21899999999999997,13.3195,0.12565566037735848,0.013182368131173587,0.8017468142610349,9.857848562221727e-06
12,3.0,0.071,109.0,0.016322089227421108,0.5930359085963003,0.21299999999999997,13.532499999999999,0.12415137614678898,0.012821207360456503,0.8145680216214914,1.2256173846441577e-05
44,3.0,0.07,112.0,0.016322089227421108,0.6093579978237214,0.21000000000000002,13.7425,0.12270089285714285,0.012640626975097964,0.8272086485965894,1.3553164315280199e-05
57,3.0,0.065,115.0,0.016322089227421108,0.6256800870511424,0.195,13.9375,0.12119565217391304,0.011737725048305251,0.8389463736448947,2.1016394926760606e-05
55,3.0,0.064,118.0,0.016322089227421108,0.6420021762785635,0.192,14.1295,0.11974152542372882,0.01155714466294671,0.8505035183078413,2.2704696702514126e-05
16,3.0,0.062,121.0,0.016322089227421108,0.6583242655059846,0.186,14.3155,0.1183099173553719,0.011195983892229623,0.861699502200071,2.62769559074786e-05
43,3.0,0.062,124.0,0.016322089227421108,0.6746463547334056,0.186,14.5015,0.1169475806451613,0.011195983892229623,0.8728954860923006,2.62769559074786e-05
48,3.0,0.061,127.0,0.016322089227421108,0.6909684439608267,0.183,14.6845,0.1156259842519685,0.011015403506871082,0.8839108895991717,2.8160913336689558e-05
45,3.0,0.061,130.0,0.016322089227421108,0.7072905331882477,0.183,14.8675,0.11436538461538462,0.011015403506871082,0.8949262931060429,2.8160913336689558e-05
51,3.0,0.059,133.0,0.016322089227421108,0.7236126224156688,0.177,15.0445,0.11311654135338345,0.010654242736153997,0.9055805358421969,3.212448384856892e-05
46,3.0,0.059,136.0,0.016322089227421108,0.7399347116430899,0.177,15.221499999999999,0.11192279411764705,0.010654242736153997,0.9162347785783509,3.212448384856892e-05
50,3.0,0.051,139.0,0.016322089227421108,0.756256800870511,0.153,15.3745,0.11060791366906475,0.009209599653285659,0.9254443782316365,5.058750794218548e-05
11,3.0,0.051,142.0,0.016322089227421108,0.772578890097932,0.153,15.5275,0.10934859154929577,0.009209599653285659,0.9346539778849221,5.058750794218548e-05
47,3.0,0.05,145.0,0.016322089227421108,0.7889009793253531,0.15000000000000002,15.6775,0.10812068965517241,0.009029019267927117,0.9436829971528492,5.31888694340737e-05
0,2.8000000000000007,0.047,147.8,0.015233949945593038,0.8041349292709461,0.13160000000000002,15.8091,0.10696278755074425,0.007921459571061391,0.9516044567239106,5.347251547761798e-05
8,3.0,0.044,150.8,0.016322089227421108,0.8204570184983672,0.132,15.9411,0.1057102122015915,0.007945536955775863,0.9595499936796864,7.016662795960515e-05
13,3.0,0.039,153.8,0.016322089227421108,0.8367791077257882,0.11699999999999999,16.0581,0.10440897269180753,0.00704263502898315,0.9665926287086696,8.610827022090783e-05
7,3.0,0.032,156.8,0.016322089227421108,0.8531011969532093,0.096,16.1541,0.1030235969387755,0.005778572331473355,0.972371201040143,0.00011116574853513577
9,3.0,0.029,159.8,0.016322089227421108,0.8694232861806304,0.08700000000000001,16.2411,0.10163391739674592,0.0052368311753977275,0.9776080322155407,0.0001228829460799492
10,3.0,0.029,162.8,0.016322089227421108,0.8857453754080514,0.08700000000000001,16.3281,0.10029545454545453,0.0052368311753977275,0.9828448633909385,0.0001228829460799492
2,3.0,0.025,165.8,0.016322089227421108,0.9020674646354725,0.07500000000000001,16.4031,0.09893305186972254,0.004514509633963559,0.9873593730249021,0.00013941893585583517
1,3.0,0.019,168.8,0.016322089227421108,0.9183895538628936,0.056999999999999995,16.460099999999997,0.09751244075829381,0.003431027321812304,0.9907904003467144,0.00016617947705423847
15,3.0,0.014,171.8,0.016322089227421108,0.9347116430903146,0.042,16.5021,0.09605413271245633,0.0025281253950195925,0.993318525741734,0.00019027343820960115
6,3.0,0.013,174.8,0.016322089227421108,0.9510337323177357,0.039,16.5411,0.0946287185354691,0.00234754500966105,0.995666070751395,0.0001952878860941311
5,3.0,0.013,177.8,0.016322089227421108,0.9673558215451568,0.039,16.5801,0.09325140607424072,0.00234754500966105,0.9980136157610561,0.0001952878860941311
4,3.0,0.007,180.8,0.016322089227421108,0.9836779107725778,0.021,16.601100000000002,0.09182024336283187,0.0012640626975097963,0.9992776784585659,0.00022674416297551288
3,3.0,0.004,183.8,0.016322089227421108,0.9999999999999989,0.012,16.613100000000003,0.09038683351468989,0.0007223215414341694,1.0,0.0002433527518567623
