,weight,grade,cml_weight,weight_pct,cml_weight_pct,yield,cml_yield,cml_grade,recovery,cml_recovery,distributional_heterogeneity
3,2.8999999999999986,0.79,2.8999999999999986,0.0881458966565349,0.0881458966565349,2.290999999999999,2.290999999999999,0.79,0.3338968723584107,0.3338968723584107,0.060393542058423934
2,3.0,0.456,5.899999999999999,0.09118541033434649,0.1793313069908814,1.368,3.658999999999999,0.6201694915254237,0.19937622059637977,0.5332730929547904,0.011705251425155284
1,3.0,0.368,8.899999999999999,0.09118541033434649,0.27051671732522786,1.104,4.762999999999999,0.5351685393258426,0.16090010784970998,0.6941732008045004,0.004860139049658628
0,2.7,0.254,11.599999999999998,0.08206686930091185,0.3525835866261397,0.6858000000000001,5.448799999999999,0.4697241379310345,0.09995044743055355,0.794123648235054,0.00031982236671899885
5,3.0,0.111,14.599999999999998,0.09118541033434649,0.4437689969604862,0.333,5.7818,0.396013698630137,0.048532369487276655,0.8426560177223307,0.0018192818935018084
4,3.1000000000000014,0.092,17.7,0.09422492401215808,0.5379939209726443,0.2852000000000001,6.067,0.3427683615819209,0.041565861194508426,0.8842218789168391,0.0027729768968331723
6,3.0,0.074,20.7,0.09118541033434649,0.6291793313069908,0.22199999999999998,6.289,0.30381642512077295,0.03235491299151776,0.9165767919083568,0.0034610274176045787
9,3.0,0.07,23.7,0.09118541033434649,0.7203647416413372,0.21000000000000002,6.499,0.27421940928270044,0.030605998775760052,0.9471827906841169,0.0036698651047845964
10,3.200000000000003,0.057,26.900000000000002,0.09726443768996967,0.8176291793313069,0.18240000000000017,6.6814,0.2483791821561338,0.026583496079517325,0.9737662867636343,0.004995795506940175
8,3.0,0.032,29.900000000000002,0.09118541033434649,0.9088145896656533,0.096,6.7774,0.22666889632107023,0.013991313726061737,0.9877576004896961,0.005958928551169199
7,3.0,0.028,32.900000000000006,0.09118541033434649,0.9999999999999998,0.084,6.8614,0.20855319148936166,0.01224239951030402,1.0,0.006231998957964888
