,weight,grade,cml_weight,weight_pct,cml_weight_pct,yield,cml_yield,cml_grade,recovery,cml_recovery,distributional_heterogeneity
2,3.0,0.12,3.0,0.09375,0.09375,0.36,0.36,0.12,0.22915340547422025,0.22915340547422025,0.018334082214016098
4,3.0,0.1,6.0,0.09375,0.1875,0.30000000000000004,0.66,0.11,0.1909611712285169,0.42011457670273716,0.00945001181162003
0,6.0,0.055,12.0,0.1875,0.375,0.33,0.99,0.0825,0.21005728835136858,0.6301718650541057,0.0005088312577667878
1,3.0,0.054,15.0,0.09375,0.46875,0.162,1.152,0.0768,0.10311903246339911,0.7332908975175049,8.77787693002264e-05
3,3.0,0.053,18.0,0.09375,0.5625,0.159,1.311,0.07283333333333333,0.10120942075111394,0.8345003182686188,5.564295794214926e-05
8,3.0,0.029,21.0,0.09375,0.65625,0.08700000000000001,1.398,0.06657142857142857,0.055378739656269896,0.8898790579248888,0.0014723536203663146
5,3.0,0.023,24.0,0.09375,0.75,0.069,1.4669999999999999,0.06112499999999999,0.04392106938255889,0.9338001273074477,0.002482922326477761
7,3.0,0.016,27.0,0.09375,0.84375,0.048,1.515,0.056111111111111105,0.0305537873965627,0.9643539147040103,0.003993761287418848
6,3.0,0.014,30.0,0.09375,0.9375,0.042,1.557,0.051899999999999995,0.026734563971992364,0.9910884786760027,0.004491068666023984
9,2.0,0.007,32.0,0.0625,1.0,0.014,1.571,0.04909375,0.008911521323997454,1.0000000000000002,0.0028717250468083795
