,weight,grade,cml_weight,weight_pct,cml_weight_pct,yield,cml_yield,cml_grade,recovery,cml_recovery,distributional_heterogeneity
99,3.0,0.324,3.0,0.009239297813366184,0.009239297813366184,0.972,0.972,0.324,0.049853823665179264,0.049853823665179264,0.0016495397101675927
105,3.0,0.234,6.0,0.009239297813366184,0.018478595626732368,0.7020000000000001,1.674,0.27899999999999997,0.036005539313740585,0.08585936297891986,0.0007164316840563648
106,3.0,0.228,9.0,0.009239297813366184,0.027717893440098552,0.684,2.358,0.262,0.035082320356978,0.12094168333589786,0.0006678618141896288
104,3.0,0.184,12.0,0.009239297813366184,0.036957191253464736,0.552,2.91,0.24250000000000002,0.028312048007385758,0.14925373134328362,0.00036376979996347356
76,3.0,0.162,15.0,0.009239297813366184,0.04619648906683092,0.486,3.396,0.2264,0.024926911832589632,0.17418064317587326,0.0002461012336161361
103,3.0,0.16,18.0,0.009239297813366184,0.05543578688019711,0.48,3.876,0.21533333333333332,0.02461917218033544,0.1987998153562087,0.00023654053554375795
101,3.0,0.158,21.0,0.009239297813366184,0.0646750846935633,0.474,4.35,0.20714285714285713,0.024311432528081246,0.22311124788428993,0.00022716924485851887
95,3.0,0.156,24.0,0.009239297813366184,0.07391438250692949,0.46799999999999997,4.818,0.20074999999999998,0.024003692875827053,0.24711494076011697,0.00021798736156041886
96,3.0,0.143,27.0,0.009239297813366184,0.08315368032029567,0.42899999999999994,5.247,0.19433333333333333,0.022003385136174797,0.26911832589629175,0.00016292192518428355
102,3.0,0.141,30.0,0.009239297813366184,0.09239297813366186,0.42299999999999993,5.67,0.189,0.021695645483920604,0.29081397138021237,0.0001551605972897265
98,3.0,0.137,33.0,0.009239297813366184,0.10163227594702805,0.41100000000000003,6.0809999999999995,0.18427272727272725,0.021080166179412222,0.3118941375596246,0.00014020616366202974
97,3.0,0.13,36.0,0.009239297813366184,0.11087157376039423,0.39,6.470999999999999,0.17974999999999997,0.020003077396522545,0.3318972149561471,0.00011585895091477372
100,3.0,0.128,39.0,0.009239297813366184,0.12011087157376042,0.384,6.8549999999999995,0.17576923076923076,0.019695337744268352,0.35159255270041545,0.00010932877103662061
107,3.6999999999999886,0.12,42.69999999999999,0.011395133969818259,0.1315060055435787,0.4439999999999986,7.298999999999998,0.1709367681498829,0.022772734266810212,0.37436528696722565,0.00012944978851811133
77,3.0,0.12,45.69999999999999,0.009239297813366184,0.14074530335694488,0.36,7.658999999999998,0.1675929978118162,0.01846437913525158,0.3928296661024772,8.510212539539876e-05
75,3.0,0.12,48.69999999999999,0.009239297813366184,0.14998460117031107,0.36,8.018999999999998,0.1646611909650924,0.01846437913525158,0.4112940452377288,8.510212539539876e-05
78,3.0,0.1,51.69999999999999,0.009239297813366184,0.15922389898367725,0.30000000000000004,8.318999999999999,0.16090909090909092,0.015386982612709653,0.42668102785043843,3.779402839207871e-05
63,3.0,0.079,54.69999999999999,0.009239297813366184,0.16846319679704344,0.237,8.556,0.15641681901279708,0.012155716264040623,0.43883674411447904,8.505496579434295e-06
80,3.0,0.074,57.69999999999999,0.009239297813366184,0.17770249461040963,0.22199999999999998,8.777999999999999,0.1521317157712305,0.01138636713340514,0.45022311124788417,4.609906665052544e-06
73,3.0,0.074,60.69999999999999,0.009239297813366184,0.18694179242377582,0.22199999999999998,8.999999999999998,0.14827018121911037,0.01138636713340514,0.4616094783812893,4.609906665052544e-06
64,3.0,0.072,63.69999999999999,0.009239297813366184,0.196181090237142,0.21599999999999997,9.215999999999998,0.14467817896389323,0.011078627481150946,0.47268810586244026,3.3831336267932045e-06
93,3.0,0.071,66.69999999999999,0.009239297813366184,0.2054203880505082,0.21299999999999997,9.428999999999997,0.14136431784107945,0.01092475765502385,0.48361286351746413,2.8407748778406842e-06
66,3.0,0.067,69.69999999999999,0.009239297813366184,0.21465968586387438,0.201,9.629999999999997,0.1381635581061693,0.010309278350515467,0.4939221418679796,1.1448583498782648e-06
11,3.0,0.064,72.69999999999999,0.009239297813366184,0.22389898367724057,0.192,9.821999999999997,0.13510316368638237,0.009847668872134176,0.5037698107401138,3.7011534514648697e-07
94,3.0,0.064,75.69999999999999,0.009239297813366184,0.23313828149060675,0.192,10.013999999999998,0.13228533685601054,0.009847668872134176,0.513617479612248,3.7011534514648697e-07
43,3.0,0.062,78.69999999999999,0.009239297813366184,0.24237757930397294,0.186,10.199999999999998,0.12960609911054635,0.009539929219879983,0.523157408832128,9.037924258246464e-08
57,3.0,0.062,81.69999999999999,0.009239297813366184,0.2516168771173391,0.186,10.385999999999997,0.1271236230110159,0.009539929219879983,0.532697338052008,9.037924258246464e-08
71,3.0,0.061,84.69999999999999,0.009239297813366184,0.2608561749307053,0.183,10.568999999999997,0.12478158205430931,0.009386059393752887,0.542083397445761,2.1538961477602286e-08
65,3.0,0.058,87.69999999999999,0.009239297813366184,0.2700954727440715,0.17400000000000002,10.742999999999997,0.122497149372862,0.008924449915371599,0.5510078473611325,9.912919887161e-08
9,3.0,0.058,90.69999999999999,0.009239297813366184,0.27933477055743766,0.17400000000000002,10.916999999999996,0.12036383682469677,0.008924449915371599,0.5599322972765041,9.912919887161e-08
79,3.0,0.058,93.69999999999999,0.009239297813366184,0.28857406837080385,0.17400000000000002,11.090999999999996,0.11836712913553893,0.008924449915371599,0.5688567471918756,9.912919887161e-08
61,3.0,0.058,96.69999999999999,0.009239297813366184,0.29781336618417004,0.17400000000000002,11.264999999999995,0.11649431230610131,0.008924449915371599,0.5777811971072472,9.912919887161e-08
30,3.0,0.058,99.69999999999999,0.009239297813366184,0.3070526639975362,0.17400000000000002,11.438999999999995,0.11473420260782342,0.008924449915371599,0.5867056470226187,9.912919887161e-08
74,3.0,0.057,102.69999999999999,0.009239297813366184,0.3162919618109024,0.171,11.609999999999994,0.11304771178188895,0.0087705800892445,0.5954762271118632,2.1969630490581092e-07
12,3.0,0.057,105.69999999999999,0.009239297813366184,0.3255312596242686,0.171,11.780999999999993,0.11145695364238406,0.0087705800892445,0.6042468072011077,2.1969630490581092e-07
58,3.0,0.055,108.69999999999999,0.009239297813366184,0.3347705574376348,0.165,11.945999999999993,0.10989880404783803,0.008462840436990308,0.612709647638098,6.028860573285105e-07
60,3.0,0.054,111.69999999999999,0.009239297813366184,0.344009855251001,0.162,12.107999999999993,0.10839749328558634,0.008308970610863211,0.6210186182489612,8.655087037170091e-07
62,3.0,0.053,114.69999999999999,0.009239297813366184,0.35324915306436716,0.159,12.266999999999994,0.10694856146469045,0.008155100784736115,0.6291737190336973,1.1754831968902736e-06
72,3.0,0.053,117.69999999999999,0.009239297813366184,0.36248845087773335,0.159,12.425999999999995,0.10557349192863208,0.008155100784736115,0.6373288198184335,1.1754831968902736e-06
84,3.0,0.053,120.69999999999999,0.009239297813366184,0.37172774869109954,0.159,12.584999999999996,0.10426677713338854,0.008155100784736115,0.6454839206031696,1.1754831968902736e-06
35,3.0,0.052,123.69999999999999,0.009239297813366184,0.3809670465044657,0.156,12.740999999999996,0.10299919159256263,0.008001230958609018,0.6534851515617787,1.5328095368483042e-06
27,3.0,0.052,126.69999999999999,0.009239297813366184,0.3902063443178319,0.156,12.896999999999997,0.10179163378058403,0.008001230958609018,0.6614863825203877,1.5328095368483042e-06
10,3.0,0.052,129.7,0.009239297813366184,0.3994456421311981,0.156,13.052999999999997,0.10063993831919814,0.008001230958609018,0.6694876134789968,1.5328095368483042e-06
59,3.0,0.05,132.7,0.009239297813366184,0.4086849399445643,0.15000000000000002,13.202999999999998,0.09949510173323285,0.007693491306354826,0.6771811047853515,2.3895177571186592e-06
49,3.0,0.05,135.7,0.009239297813366184,0.4179242377579305,0.15000000000000002,13.352999999999998,0.0984008843036109,0.007693491306354826,0.6848745960917063,2.3895177571186592e-06
44,3.0,0.049,138.7,0.009239297813366184,0.42716353557129666,0.14700000000000002,13.499999999999998,0.0973323720259553,0.00753962148022773,0.692414217571934,2.888899637430987e-06
36,3.0,0.048,141.7,0.009239297813366184,0.43640283338466285,0.14400000000000002,13.643999999999998,0.096287932251235,0.007385751654100633,0.6997999692260346,3.435633364528081e-06
19,3.0,0.047,144.7,0.009239297813366184,0.44564213119802903,0.14100000000000001,13.784999999999998,0.09526606772633034,0.007231881827973537,0.7070318510540081,4.029718938409941e-06
32,3.0,0.047,147.7,0.009239297813366184,0.4548814290113952,0.14100000000000001,13.925999999999998,0.09428571428571428,0.007231881827973537,0.7142637328819816,4.029718938409941e-06
85,3.0,0.047,150.7,0.009239297813366184,0.4641207268247614,0.14100000000000001,14.066999999999998,0.09334439283344392,0.007231881827973537,0.7214956147099552,4.029718938409941e-06
92,3.0,0.046,153.7,0.009239297813366184,0.4733600246381276,0.138,14.204999999999998,0.0924202992843201,0.0070780120018464395,0.7285736267118016,4.671156359076566e-06
13,3.0,0.046,156.7,0.009239297813366184,0.4825993224514938,0.138,14.342999999999998,0.091531589023612,0.0070780120018464395,0.735651638713648,4.671156359076566e-06
83,3.0,0.045,159.7,0.009239297813366184,0.49183862026485997,0.135,14.477999999999998,0.09065748278021289,0.006924142175719343,0.7425757808893674,5.359945626527958e-06
8,3.0,0.045,162.7,0.009239297813366184,0.5010779180782261,0.135,14.612999999999998,0.08981561155500921,0.006924142175719343,0.7494999230650867,5.359945626527958e-06
48,3.0,0.044,165.7,0.009239297813366184,0.5103172158915923,0.132,14.744999999999997,0.08898611949305973,0.0067702723495922466,0.756270195414679,6.096086740764114e-06
47,3.0,0.043,168.7,0.009239297813366184,0.5195565137049585,0.129,14.873999999999997,0.08816834617664492,0.00661640252346515,0.7628865979381442,6.879579701785037e-06
29,3.0,0.043,171.7,0.009239297813366184,0.5287958115183247,0.129,15.002999999999997,0.08737914967967383,0.00661640252346515,0.7695030004616094,6.879579701785037e-06
14,3.0,0.043,174.7,0.009239297813366184,0.5380351093316909,0.129,15.131999999999996,0.08661705781339438,0.00661640252346515,0.7761194029850745,6.879579701785037e-06
42,3.0,0.042,177.7,0.009239297813366184,0.547274407145057,0.126,15.257999999999996,0.0858638154192459,0.006462532697338054,0.7825819356824126,7.71042450959072e-06
38,3.0,0.041,180.7,0.009239297813366184,0.5565137049584232,0.123,15.380999999999995,0.08511898173768676,0.006308662871210956,0.7888905985536235,8.588621164181176e-06
41,3.0,0.041,183.7,0.009239297813366184,0.5657530027717894,0.123,15.503999999999994,0.08439847577572125,0.006308662871210956,0.7951992614248344,8.588621164181176e-06
15,3.0,0.04,186.7,0.009239297813366184,0.5749923005851556,0.12,15.623999999999993,0.08368505623995712,0.00615479304508386,0.8013540544699183,9.514169665556395e-06
70,3.0,0.039,189.7,0.009239297813366184,0.5842315983985218,0.11699999999999999,15.740999999999993,0.08297838692672638,0.006000923218956763,0.807354977688875,1.0487070013716382e-05
82,3.0,0.039,192.7,0.009239297813366184,0.593470896211888,0.11699999999999999,15.857999999999993,0.0822937208095485,0.006000923218956763,0.8133559009078317,1.0487070013716382e-05
81,3.0,0.038,195.7,0.009239297813366184,0.6027101940252542,0.11399999999999999,15.971999999999994,0.0816147164026571,0.005847053392829667,0.8192029543006614,1.1507322208661135e-05
0,3.0,0.038,198.7,0.009239297813366184,0.6119494918386204,0.11399999999999999,16.085999999999995,0.08095621540010063,0.005847053392829667,0.825050007693491,1.1507322208661135e-05
31,3.0,0.038,201.7,0.009239297813366184,0.6211887896519865,0.11399999999999999,16.199999999999996,0.08031730292513632,0.005847053392829667,0.8308970610863207,1.1507322208661135e-05
33,3.0,0.038,204.7,0.009239297813366184,0.6304280874653527,0.11399999999999999,16.313999999999997,0.07969711773326818,0.005847053392829667,0.8367441144791503,1.1507322208661135e-05
46,3.0,0.038,207.7,0.009239297813366184,0.6396673852787189,0.11399999999999999,16.427999999999997,0.0790948483389504,0.005847053392829667,0.84259116787198,1.1507322208661135e-05
40,3.0,0.036,210.7,0.009239297813366184,0.6489066830920851,0.10799999999999998,16.535999999999998,0.07848125296630279,0.005539313740575473,0.8481304816125554,1.3689882138904936e-05
91,3.0,0.036,213.7,0.009239297813366184,0.6581459809054513,0.10799999999999998,16.644,0.07788488535329902,0.005539313740575473,0.8536697953531309,1.3689882138904936e-05
34,3.0,0.036,216.7,0.009239297813366184,0.6673852787188175,0.10799999999999998,16.752,0.07730502999538533,0.005539313740575473,0.8592091090937064,1.3689882138904936e-05
45,3.0,0.036,219.7,0.009239297813366184,0.6766245765321837,0.10799999999999998,16.86,0.07674101046882112,0.005539313740575473,0.8647484228342819,1.3689882138904936e-05
87,3.0,0.035,222.7,0.009239297813366184,0.6858638743455499,0.10500000000000001,16.965,0.07617871576111361,0.005385443914448378,0.8701338667487303,1.4852189874203978e-05
18,3.0,0.035,225.7,0.009239297813366184,0.695103172158916,0.10500000000000001,17.07,0.07563136907399202,0.005385443914448378,0.8755193106631787,1.4852189874203978e-05
20,3.0,0.035,228.7,0.009239297813366184,0.7043424699722822,0.10500000000000001,17.175,0.07509838216003499,0.005385443914448378,0.8809047545776271,1.4852189874203978e-05
26,3.0,0.035,231.7,0.009239297813366184,0.7135817677856484,0.10500000000000001,17.28,0.07457919723780752,0.005385443914448378,0.8862901984920755,1.4852189874203978e-05
67,3.0,0.033,234.7,0.009239297813366184,0.7228210655990146,0.099,17.379,0.07404772049424799,0.0050777042621941845,0.8913679027542697,1.7318860885156377e-05
56,3.0,0.033,237.7,0.009239297813366184,0.7320603634123808,0.099,17.478,0.073529659234329,0.0050777042621941845,0.8964456070164639,1.7318860885156377e-05
68,3.0,0.033,240.7,0.009239297813366184,0.741299661225747,0.099,17.577,0.07302451184046532,0.0050777042621941845,0.9015233112786581,1.7318860885156377e-05
22,3.0,0.032,243.7,0.009239297813366184,0.7505389590391132,0.096,17.673000000000002,0.07251949117767749,0.004923834436067088,0.9064471457147253,1.8623224160809724e-05
24,3.0,0.031,246.7,0.009239297813366184,0.7597782568524794,0.093,17.766000000000002,0.07201459262261857,0.0047699646099399915,0.9112171103246652,1.997493928324784e-05
90,3.0,0.031,249.7,0.009239297813366184,0.7690175546658455,0.093,17.859,0.07152182619142973,0.0047699646099399915,0.9159870749346052,1.997493928324784e-05
50,3.0,0.031,252.7,0.009239297813366184,0.7782568524792117,0.093,17.952,0.0710407597942224,0.0047699646099399915,0.9207570395445451,1.997493928324784e-05
7,3.0,0.031,255.7,0.009239297813366184,0.7874961502925779,0.093,18.045,0.07057098161908487,0.0047699646099399915,0.9255270041544851,1.997493928324784e-05
52,3.0,0.031,258.7,0.009239297813366184,0.7967354481059441,0.093,18.138,0.07011209895632008,0.0047699646099399915,0.930296968764425,1.997493928324784e-05
21,3.0,0.031,261.7,0.009239297813366184,0.8059747459193103,0.093,18.231,0.0696637371035537,0.0047699646099399915,0.935066933374365,1.997493928324784e-05
69,3.0,0.03,264.7,0.009239297813366184,0.8152140437326765,0.09,18.321,0.06921420476010579,0.004616094783812895,0.9396830281581778,2.1374006252470715e-05
54,3.0,0.03,267.7,0.009239297813366184,0.8244533415460427,0.09,18.411,0.06877474785207323,0.004616094783812895,0.9442991229419907,2.1374006252470715e-05
86,3.0,0.03,270.7,0.009239297813366184,0.8336926393594088,0.09,18.501,0.06834503140007389,0.004616094783812895,0.9489152177258036,2.1374006252470715e-05
28,3.0,0.029,273.7,0.009239297813366184,0.842931937172775,0.08700000000000001,18.588,0.06791377420533432,0.0044622249576857995,0.9533774426834893,2.2820425068478356e-05
37,3.0,0.029,276.7,0.009239297813366184,0.8521712349861412,0.08700000000000001,18.675,0.0674918684495844,0.0044622249576857995,0.9578396676411751,2.2820425068478356e-05
51,3.0,0.028,279.7,0.009239297813366184,0.8614105327995074,0.084,18.759,0.06706828745084019,0.004308355131558702,0.9621480227727338,2.431419573127077e-05
88,3.0,0.026,282.7,0.009239297813366184,0.8706498306128736,0.078,18.837,0.06663247258577998,0.004000615479304509,0.9661486382520383,2.7443792597209895e-05
89,3.0,0.026,285.7,0.009239297813366184,0.8798891284262398,0.078,18.915,0.06620581029051452,0.004000615479304509,0.9701492537313429,2.7443792597209895e-05
55,3.0,0.026,288.7,0.009239297813366184,0.889128426239606,0.078,18.993,0.06578801524073433,0.004000615479304509,0.9741498692106474,2.7443792597209895e-05
53,3.0,0.023,291.7,0.009239297813366184,0.8983677240529722,0.069,19.061999999999998,0.0653479602331162,0.0035390060009232198,0.9776888752115707,3.24933267470043e-05
17,3.0,0.023,294.7,0.009239297813366184,0.9076070218663383,0.069,19.130999999999997,0.064916864608076,0.0035390060009232198,0.9812278812124939,3.24933267470043e-05
25,3.0,0.022,297.7,0.009239297813366184,0.9168463196797045,0.066,19.196999999999996,0.06448438024857238,0.0033851361747961233,0.98461301738729,3.427120849050531e-05
16,3.0,0.02,300.7,0.009239297813366184,0.9260856174930707,0.06,19.256999999999994,0.06404057199866975,0.00307739652254193,0.9876904139098319,3.796902751786161e-05
1,3.0,0.017,303.7,0.009239297813366184,0.9353249153064369,0.051000000000000004,19.307999999999993,0.06357589726703983,0.002615787044160641,0.9903062009539926,4.3870894909781816e-05
23,3.0,0.017,306.7,0.009239297813366184,0.9445642131198031,0.051000000000000004,19.35899999999999,0.06312031300945546,0.002615787044160641,0.9929219879981532,4.3870894909781816e-05
39,3.0,0.014,309.7,0.009239297813366184,0.9538035109331693,0.042,19.400999999999993,0.06264449467226346,0.002154177565779351,0.9950761655639326,5.0198928922764924e-05
2,3.0,0.012,312.7,0.009239297813366184,0.9630428087465355,0.036000000000000004,19.436999999999994,0.06215861848417011,0.0018464379135251583,0.9969226034774578,5.4654377498677475e-05
3,3.0,0.01,315.7,0.009239297813366184,0.9722821065599017,0.03,19.466999999999995,0.06166297117516628,0.001538698261270965,0.9984613017387287,5.929923346172909e-05
5,3.0,0.004,318.7,0.009239297813366184,0.9815214043732678,0.012,19.478999999999996,0.06112017571383745,0.000615479304508386,0.999076781043237,7.437024567371833e-05
6,3.0,0.003,321.7,0.009239297813366184,0.990760702186634,0.009000000000000001,19.487999999999996,0.060578178427105986,0.0004616094783812896,0.9995383905216183,7.704781250612989e-05
4,3.0,0.003,324.7,0.009239297813366184,1.0000000000000002,0.009000000000000001,19.496999999999996,0.060046196489066825,0.0004616094783812896,0.9999999999999996,7.704781250612989e-05
