,weight,grade,cml_weight,weight_pct,cml_weight_pct,yield,cml_yield,cml_grade,recovery,cml_recovery,distributional_heterogeneity
12,3.0,0.092,3.0,0.01283147989734816,0.01283147989734816,0.276,0.276,0.09200000000000001,0.06286156789504857,0.06286156789504857,0.0025030097050576456
43,3.0,0.062,6.0,0.01283147989734816,0.02566295979469632,0.186,0.462,0.077,0.04236323053796751,0.10522479843301608,0.0008721242958997213
33,3.0,0.044,9.0,0.01283147989734816,0.03849443969204448,0.132,0.5940000000000001,0.066,0.03006422812371888,0.13528902655673497,0.0002969676114334831
40,3.0,0.04,12.0,0.01283147989734816,0.05132591958939264,0.12,0.7140000000000001,0.059500000000000004,0.02733111647610807,0.16262014303284303,0.0002102394609161124
17,3.0,0.039,15.0,0.01283147989734816,0.0641573994867408,0.11699999999999999,0.8310000000000001,0.055400000000000005,0.026647838564205367,0.18926798159704838,0.00019089176681124032
24,3.0,0.039,18.0,0.01283147989734816,0.07698887938408897,0.11699999999999999,0.9480000000000001,0.05266666666666667,0.026647838564205367,0.21591582016125374,0.00019089176681124032
3,3.0,0.038,21.0,0.01283147989734816,0.08982035928143713,0.11399999999999999,1.062,0.05057142857142857,0.025964560652302664,0.2418803808135564,0.00017247781011615643
42,3.0,0.036,24.0,0.01283147989734816,0.10265183917878529,0.10799999999999998,1.17,0.048749999999999995,0.02459800482849726,0.2664783856420537,0.00013845110895535339
44,3.0,0.036,27.0,0.01283147989734816,0.11548331907613345,0.10799999999999998,1.278,0.04733333333333333,0.02459800482849726,0.29107639047055095,0.00013845110895535339
37,3.0,0.036,30.0,0.01283147989734816,0.1283147989734816,0.10799999999999998,1.3860000000000001,0.046200000000000005,0.02459800482849726,0.3156743952990482,0.00013845110895535339
14,3.0,0.034,33.0,0.01283147989734816,0.14114627887082976,0.10200000000000001,1.4880000000000002,0.0450909090909091,0.023231449004691863,0.3389058443037401,0.00010815935743370335
23,3.0,0.033,36.0,0.01283147989734816,0.15397775876817793,0.099,1.5870000000000002,0.044083333333333335,0.02254817109278916,0.36145401539652927,9.441408778756064e-05
69,3.0,0.03,39.0,0.01283147989734816,0.1668092386655261,0.09,1.6770000000000003,0.043000000000000003,0.02049833735708105,0.38195235275361034,5.8780703307861896e-05
6,3.0,0.029,42.0,0.01283147989734816,0.17964071856287428,0.08700000000000001,1.7640000000000002,0.042,0.019815059445178352,0.4017674121987887,4.877038330087215e-05
55,3.0,0.029,45.0,0.01283147989734816,0.19247219846022245,0.08700000000000001,1.8510000000000002,0.04113333333333334,0.019815059445178352,0.42158247164396706,4.877038330087215e-05
38,1.5,0.028,46.5,0.00641573994867408,0.19888793840889654,0.042,1.8930000000000002,0.04070967741935484,0.009565890766637825,0.4311483624106049,9.923450175917653e-06
39,3.0,0.028,49.5,0.01283147989734816,0.2117194183062447,0.084,1.9770000000000003,0.03993939393939395,0.01913178153327565,0.45028014394388055,3.969380070367061e-05
9,3.0,0.027,52.5,0.01283147989734816,0.22455089820359286,0.081,2.0580000000000003,0.039200000000000006,0.018448503621372948,0.4687286475652535,3.155095551625729e-05
20,3.0,0.026,55.5,0.01283147989734816,0.23738237810094104,0.078,2.136,0.03848648648648649,0.017765225709470246,0.48649387327472376,2.434184773863221e-05
32,3.0,0.026,58.5,0.01283147989734816,0.2502138579982892,0.078,2.214,0.03784615384615385,0.017765225709470246,0.504259098984194,2.434184773863221e-05
29,3.0,0.025,61.5,0.01283147989734816,0.2630453378956374,0.07500000000000001,2.289,0.037219512195121957,0.017081947797567547,0.5213410467817615,1.806647737079539e-05
35,3.0,0.024,64.5,0.01283147989734816,0.27587681779298556,0.07200000000000001,2.361,0.0366046511627907,0.016398669885664845,0.5377397166674264,1.2724844412746776e-05
57,3.0,0.024,67.5,0.01283147989734816,0.28870829769033374,0.07200000000000001,2.4330000000000003,0.03604444444444445,0.016398669885664845,0.5541383865530912,1.2724844412746776e-05
45,3.0,0.023,70.5,0.01283147989734816,0.3015397775876819,0.069,2.5020000000000002,0.035489361702127666,0.015715391973762143,0.5698537785268534,8.316948864486394e-06
16,3.0,0.022,73.5,0.01283147989734816,0.3143712574850301,0.066,2.568,0.034938775510204086,0.01503211406185944,0.5848858925887128,4.8427907260142505e-06
2,3.0,0.022,76.5,0.01283147989734816,0.32720273738237826,0.066,2.634,0.03443137254901961,0.01503211406185944,0.5999180066505723,4.8427907260142505e-06
13,3.0,0.021,79.5,0.01283147989734816,0.34003421727972644,0.063,2.697,0.033924528301886796,0.014348836149956736,0.614266842800529,2.3023699973303463e-06
28,3.0,0.021,82.5,0.01283147989734816,0.3528656971770746,0.063,2.7600000000000002,0.03345454545454546,0.014348836149956736,0.6286156789504858,2.3023699973303463e-06
31,3.0,0.02,85.5,0.01283147989734816,0.3656971770744228,0.06,2.8200000000000003,0.032982456140350884,0.013665558238054034,0.6422812371885398,6.956866784346665e-07
47,3.0,0.02,88.5,0.01283147989734816,0.37852865697177096,0.06,2.8800000000000003,0.03254237288135593,0.013665558238054034,0.6559467954265938,6.956866784346665e-07
4,3.0,0.02,91.5,0.01283147989734816,0.39136013686911914,0.06,2.9400000000000004,0.03213114754098361,0.013665558238054034,0.6696123536646479,6.956866784346665e-07
10,3.0,0.019,94.5,0.01283147989734816,0.4041916167664673,0.056999999999999995,2.9970000000000003,0.031714285714285716,0.012982280326151332,0.6825946339907992,2.274076932722089e-08
25,3.0,0.019,97.5,0.01283147989734816,0.4170230966638155,0.056999999999999995,3.0540000000000003,0.031323076923076926,0.012982280326151332,0.6955769143169506,2.274076932722089e-08
48,1.5,0.018,99.0,0.00641573994867408,0.42343883661248954,0.026999999999999996,3.0810000000000004,0.031121212121212126,0.006149501207124315,0.7017264155240749,7.088306750200237e-08
41,3.0,0.018,102.0,0.01283147989734816,0.4362703165098377,0.05399999999999999,3.1350000000000002,0.030735294117647062,0.01229900241424863,0.7140254179383235,2.8353227000800946e-07
0,3.0,0.018,105.0,0.01283147989734816,0.4491017964071859,0.05399999999999999,3.189,0.030371428571428574,0.01229900241424863,0.7263244203525722,2.8353227000800946e-07
34,3.0,0.018,108.0,0.01283147989734816,0.46193327630453407,0.05399999999999999,3.243,0.030027777777777778,0.01229900241424863,0.7386234227668208,2.8353227000800946e-07
27,3.0,0.018,111.0,0.01283147989734816,0.47476475620188224,0.05399999999999999,3.2969999999999997,0.0297027027027027,0.01229900241424863,0.7509224251810694,2.8353227000800946e-07
8,3.0,0.018,114.0,0.01283147989734816,0.4875962360992304,0.05399999999999999,3.3509999999999995,0.029394736842105258,0.01229900241424863,0.7632214275953181,2.8353227000800946e-07
26,3.0,0.017,117.0,0.01283147989734816,0.5004277159965785,0.051000000000000004,3.4019999999999997,0.029076923076923073,0.011615724502345931,0.774837152097664,1.4780611804770264e-06
19,3.0,0.016,120.0,0.01283147989734816,0.5132591958939267,0.048,3.4499999999999997,0.028749999999999998,0.01093244659044323,0.7857695986881073,3.6063275007342805e-06
56,3.0,0.014,123.0,0.01283147989734816,0.5260906757912748,0.042,3.4919999999999995,0.028390243902439022,0.009565890766637825,0.7953354894547451,1.0664072370613483e-05
53,3.0,0.014,126.0,0.01283147989734816,0.5389221556886229,0.042,3.5339999999999994,0.028047619047619043,0.009565890766637825,0.8049013802213829,1.0664072370613483e-05
15,3.0,0.013,129.0,0.01283147989734816,0.551753635585971,0.039,3.5729999999999995,0.027697674418604646,0.008882612854735123,0.813783993076118,1.559355092023544e-05
11,3.0,0.012,132.0,0.01283147989734816,0.5645851154833191,0.036000000000000004,3.6089999999999995,0.027340909090909086,0.008199334942832422,0.8219833280189505,2.1456766879645618e-05
65,3.0,0.012,135.0,0.01283147989734816,0.5774165953806673,0.036000000000000004,3.6449999999999996,0.026999999999999996,0.008199334942832422,0.8301826629617829,2.1456766879645618e-05
36,3.0,0.012,138.0,0.01283147989734816,0.5902480752780154,0.036000000000000004,3.6809999999999996,0.02667391304347826,0.008199334942832422,0.8383819979046153,2.1456766879645618e-05
30,3.0,0.012,141.0,0.01283147989734816,0.6030795551753635,0.036000000000000004,3.7169999999999996,0.02636170212765957,0.008199334942832422,0.8465813328474477,2.1456766879645618e-05
50,3.0,0.011,144.0,0.01283147989734816,0.6159110350727116,0.033,3.7499999999999996,0.026041666666666664,0.00751605703092972,0.8540973898783775,2.8253720248844034e-05
18,3.0,0.011,147.0,0.01283147989734816,0.6287425149700597,0.033,3.7829999999999995,0.025734693877551017,0.00751605703092972,0.8616134469093072,2.8253720248844034e-05
21,3.0,0.011,150.0,0.01283147989734816,0.6415739948674078,0.033,3.8159999999999994,0.025439999999999997,0.00751605703092972,0.8691295039402369,2.8253720248844034e-05
54,3.0,0.011,153.0,0.01283147989734816,0.654405474764756,0.033,3.8489999999999993,0.025156862745098034,0.00751605703092972,0.8766455609711666,2.8253720248844034e-05
1,3.0,0.011,156.0,0.01283147989734816,0.6672369546621041,0.033,3.8819999999999992,0.02488461538461538,0.00751605703092972,0.8841616180020964,2.8253720248844034e-05
58,3.0,0.011,159.0,0.01283147989734816,0.6800684345594522,0.033,3.914999999999999,0.024622641509433957,0.00751605703092972,0.8916776750330261,2.8253720248844034e-05
49,3.0,0.01,162.0,0.01283147989734816,0.6928999144568003,0.03,3.944999999999999,0.024351851851851847,0.006832779119027017,0.8985104541520531,3.598441102783069e-05
68,3.0,0.01,165.0,0.01283147989734816,0.7057313943541484,0.03,3.9749999999999988,0.024090909090909083,0.006832779119027017,0.9053432332710801,3.598441102783069e-05
22,3.0,0.01,168.0,0.01283147989734816,0.7185628742514966,0.03,4.004999999999999,0.02383928571428571,0.006832779119027017,0.9121760123901071,3.598441102783069e-05
59,3.0,0.009,171.0,0.01283147989734816,0.7313943541488447,0.026999999999999996,4.031999999999999,0.023578947368421047,0.006149501207124315,0.9183255135972315,4.464883921660557e-05
72,3.0,0.009,174.0,0.01283147989734816,0.7442258340461928,0.026999999999999996,4.058999999999999,0.023327586206896546,0.006149501207124315,0.9244750148043558,4.464883921660557e-05
7,3.0,0.009,177.0,0.01283147989734816,0.7570573139435409,0.026999999999999996,4.085999999999999,0.023084745762711863,0.006149501207124315,0.9306245160114801,4.464883921660557e-05
46,3.0,0.009,180.0,0.01283147989734816,0.769888793840889,0.026999999999999996,4.1129999999999995,0.02285,0.006149501207124315,0.9367740172186044,4.464883921660557e-05
73,3.0,0.008,183.0,0.01283147989734816,0.7827202737382372,0.024,4.137,0.02260655737704918,0.005466223295221615,0.942240240513826,5.4247004815168674e-05
78,2.8000000000000114,0.007,185.8,0.011976047904191664,0.7946963216424289,0.01960000000000008,4.1566,0.022371367061356295,0.004464082357764337,0.9467043228715903,5.6429626370711244e-05
67,3.0,0.007,188.8,0.01283147989734816,0.807527801539777,0.021,4.1776,0.022127118644067797,0.0047829453833189125,0.9514872682549093,6.477890782352003e-05
77,3.0,0.007,191.8,0.01283147989734816,0.8203592814371251,0.021,4.1986,0.02189051094890511,0.0047829453833189125,0.9562702136382282,6.477890782352003e-05
64,3.0,0.007,194.8,0.01283147989734816,0.8331907613344732,0.021,4.2196,0.0216611909650924,0.0047829453833189125,0.9610531590215471,6.477890782352003e-05
71,3.0,0.007,197.8,0.01283147989734816,0.8460222412318213,0.021,4.2406,0.021438827098078865,0.0047829453833189125,0.965836104404866,6.477890782352003e-05
5,3.0,0.006,200.8,0.01283147989734816,0.8588537211291695,0.018000000000000002,4.2585999999999995,0.021208167330677288,0.004099667471416211,0.9699357718762822,7.62445482416596e-05
52,3.0,0.005,203.8,0.01283147989734816,0.8716852010265176,0.015,4.273599999999999,0.020969578017664373,0.0034163895595135086,0.9733521614357957,8.86439260695874e-05
76,3.0,0.005,206.8,0.01283147989734816,0.8845166809238657,0.015,4.288599999999999,0.02073791102514506,0.0034163895595135086,0.9767685509953092,8.86439260695874e-05
51,3.0,0.004,209.8,0.01283147989734816,0.8973481608212138,0.012,4.300599999999998,0.020498570066730212,0.0027331116476108073,0.97950166264292,0.00010197704130730346
61,3.0,0.004,212.8,0.01283147989734816,0.9101796407185619,0.012,4.312599999999998,0.02026597744360901,0.0027331116476108073,0.9822347742905309,0.00010197704130730346
70,3.0,0.004,215.8,0.01283147989734816,0.9230111206159101,0.012,4.324599999999998,0.020039851714550496,0.0027331116476108073,0.9849678859381417,0.00010197704130730346
63,3.0,0.004,218.8,0.01283147989734816,0.9358426005132582,0.012,4.336599999999997,0.01981992687385739,0.0027331116476108073,0.9877009975857525,0.00010197704130730346
74,3.0,0.004,221.8,0.01283147989734816,0.9486740804106063,0.012,4.348599999999997,0.019605951307484205,0.0027331116476108073,0.9904341092333633,0.00010197704130730346
62,3.0,0.004,224.8,0.01283147989734816,0.9615055603079544,0.012,4.360599999999996,0.019397686832740197,0.0027331116476108073,0.9931672208809741,0.00010197704130730346
60,3.0,0.004,227.8,0.01283147989734816,0.9743370402053025,0.012,4.372599999999996,0.019194907813871797,0.0027331116476108073,0.9959003325285849,0.00010197704130730346
66,3.0,0.003,230.8,0.01283147989734816,0.9871685201026507,0.009000000000000001,4.381599999999996,0.018984402079722688,0.0020498337357081056,0.997950166264293,0.00011624389395480775
75,3.0,0.003,233.8,0.01283147989734816,0.9999999999999988,0.009000000000000001,4.3905999999999965,0.018779298545765596,0.0020498337357081056,1.000000000000001,0.00011624389395480775
