,weight,grade,cml_weight,weight_pct,cml_weight_pct,yield,cml_yield,cml_grade,recovery,cml_recovery,distributional_heterogeneity
19,3.0,0.206,3.0,0.006788866259334691,0.006788866259334691,0.618,0.618,0.206,0.03767017868952882,0.03767017868952882,0.0009536554574112623
52,3.0,0.114,6.0,0.006788866259334691,0.013577732518669382,0.342,0.96,0.16,0.020846603740807212,0.058516782430336034,0.00019761998309799736
129,3.0,0.108,9.0,0.006788866259334691,0.020366598778004074,0.324,1.284,0.14266666666666666,0.019749414070238412,0.07826619650057445,0.00016797579955872116
140,3.0,0.09,12.0,0.006788866259334691,0.027155465037338764,0.27,1.554,0.1295,0.01645784505853201,0.09472404155910646,9.348915101932717e-05
21,3.0,0.088,15.0,0.006788866259334691,0.03394433129667346,0.264,1.818,0.1212,0.01609211516834241,0.11081615672744888,8.655044026295325e-05
75,3.0,0.086,18.0,0.006788866259334691,0.04073319755600815,0.258,2.076,0.11533333333333334,0.01572638527815281,0.1265425420056017,7.987924621173553e-05
146,3.5,0.084,21.5,0.007920343969223807,0.04865354152523196,0.29400000000000004,2.37,0.11023255813953489,0.017920764619290413,0.1444633066248921,0.00010000841317827853
143,3.0,0.084,24.5,0.006788866259334691,0.05544240778456665,0.252,2.622,0.1070204081632653,0.015360655387963208,0.15982396201285531,7.347556886567403e-05
141,3.0,0.081,27.5,0.006788866259334691,0.06223127404390134,0.243,2.8649999999999998,0.10418181818181817,0.014812060552678807,0.17463602256553412,6.437164666874959e-05
138,3.0,0.076,30.5,0.006788866259334691,0.06902014030323603,0.22799999999999998,3.093,0.10140983606557377,0.013897735827204806,0.18853375839273892,5.0536026532989834e-05
130,3.0,0.076,33.5,0.006788866259334691,0.07580900656257072,0.22799999999999998,3.3209999999999997,0.09913432835820894,0.013897735827204806,0.20243149421994372,5.0536026532989834e-05
145,3.0,0.075,36.5,0.006788866259334691,0.08259787282190542,0.22499999999999998,3.546,0.09715068493150684,0.013714870882110005,0.21614636510205373,4.7969540034705025e-05
22,3.0,0.074,39.5,0.006788866259334691,0.08938673908124012,0.22199999999999998,3.768,0.09539240506329114,0.013532005937015206,0.22967837103906893,4.5469932712709274e-05
142,3.0,0.068,42.5,0.006788866259334691,0.09617560534057482,0.20400000000000001,3.972,0.09345882352941176,0.012434816266446408,0.24211318730551534,3.187675148280478e-05
139,3.0,0.064,45.5,0.006788866259334691,0.10296447159990951,0.192,4.164,0.0915164835164835,0.011703356486067207,0.2538165437915825,2.4152214188649403e-05
76,3.0,0.062,48.5,0.006788866259334691,0.10975333785924421,0.186,4.35,0.08969072164948452,0.011337626595877606,0.26515417038746014,2.0691220599306003e-05
136,3.0,0.061,51.5,0.006788866259334691,0.11654220411857891,0.183,4.5329999999999995,0.08801941747572814,0.011154761650782805,0.27630893203824297,1.906104256906788e-05
23,3.0,0.06,54.5,0.006788866259334691,0.1233310703779136,0.18,4.712999999999999,0.08647706422018347,0.010971896705688005,0.28728082874393096,1.7497743715118802e-05
135,3.0,0.06,57.5,0.006788866259334691,0.1301199366372483,0.18,4.892999999999999,0.08509565217391303,0.010971896705688005,0.29825272544961895,1.7497743715118802e-05
53,3.0,0.058,60.5,0.006788866259334691,0.136908802896583,0.17400000000000002,5.066999999999999,0.08375206611570246,0.010606166815498407,0.30885889226511737,1.45717835360878e-05
12,3.0,0.055,63.5,0.006788866259334691,0.1436976691559177,0.165,5.231999999999999,0.08239370078740156,0.010057571980214007,0.3189164642453314,1.0684437089709151e-05
80,3.0,0.054,66.5,0.006788866259334691,0.1504865354152524,0.162,5.393999999999999,0.0811127819548872,0.009874707035119206,0.3287911712804506,9.522413293494366e-06
144,3.0,0.054,69.5,0.006788866259334691,0.1572754016745871,0.162,5.555999999999999,0.07994244604316546,0.009874707035119206,0.3386658783155698,9.522413293494366e-06
120,3.0,0.053,72.5,0.006788866259334691,0.1640642679339218,0.159,5.714999999999999,0.07882758620689653,0.009691842090024405,0.3483577204055942,8.427268673568628e-06
69,3.0,0.053,75.5,0.006788866259334691,0.17085313419325648,0.159,5.873999999999999,0.07780132450331124,0.009691842090024405,0.3580495624956186,8.427268673568628e-06
25,3.0,0.052,78.5,0.006788866259334691,0.17764200045259118,0.156,6.0299999999999985,0.0768152866242038,0.009508977144929605,0.3675585396405482,7.39900322993194e-06
97,3.0,0.051,81.5,0.006788866259334691,0.18443086671192588,0.153,6.182999999999998,0.0758650306748466,0.009326112199834804,0.376884651840383,6.4376169625843e-06
70,3.0,0.05,84.5,0.006788866259334691,0.19121973297126058,0.15000000000000002,6.332999999999998,0.07494674556213016,0.009143247254740007,0.38602789909512303,5.543109871525715e-06
137,3.0,0.05,87.5,0.006788866259334691,0.19800859923059527,0.15000000000000002,6.482999999999999,0.07409142857142856,0.009143247254740007,0.39517114634986306,5.543109871525715e-06
86,3.0,0.05,90.5,0.006788866259334691,0.20479746548992997,0.15000000000000002,6.632999999999999,0.073292817679558,0.009143247254740007,0.4043143936046031,5.543109871525715e-06
68,3.0,0.049,93.5,0.006788866259334691,0.21158633174926467,0.14700000000000002,6.779999999999999,0.07251336898395722,0.008960382309645206,0.41327477591424827,4.715481956756171e-06
133,3.0,0.048,96.5,0.006788866259334691,0.21837519800859936,0.14400000000000002,6.9239999999999995,0.07175129533678756,0.008777517364550406,0.4220522932787987,3.954733218275677e-06
132,3.1999999999999886,0.047,99.69999999999999,0.007241457343290312,0.22561665535188968,0.15039999999999948,7.074399999999999,0.0709568706118355,0.00916762924741928,0.43121992252621794,3.71013820425581e-06
114,3.0,0.046,102.69999999999999,0.006788866259334691,0.23240552161122438,0.138,7.212399999999999,0.07022784810126582,0.008411787474360805,0.43963171000057877,2.633873270181833e-06
67,3.0,0.045,105.69999999999999,0.006788866259334691,0.23919438787055908,0.135,7.347399999999999,0.06951182592242194,0.008228922529266006,0.44786063252984476,2.073762060568484e-06
102,3.0,0.045,108.69999999999999,0.006788866259334691,0.24598325412989377,0.135,7.482399999999998,0.06883532658693652,0.008228922529266006,0.45608955505911075,2.073762060568484e-06
115,3.0,0.044,111.69999999999999,0.006788866259334691,0.25277212038922847,0.132,7.614399999999998,0.0681683079677708,0.008046057584171205,0.46413561264328196,1.580530027244184e-06
20,3.0,0.043,114.69999999999999,0.006788866259334691,0.25956098664856314,0.129,7.743399999999998,0.06751002615518743,0.007863192639076404,0.4719988052823584,1.1541771702089324e-06
119,3.0,0.042,117.69999999999999,0.006788866259334691,0.2663498529078978,0.126,7.869399999999998,0.06685981308411214,0.007680327693981604,0.47967913297633996,7.947034894627317e-07
125,3.0,0.042,120.69999999999999,0.006788866259334691,0.2731387191672325,0.126,7.995399999999998,0.06624192212096106,0.007680327693981604,0.48735946067032154,7.947034894627317e-07
28,3.0,0.041,123.69999999999999,0.006788866259334691,0.27992758542656715,0.123,8.118399999999998,0.06562974939369441,0.007497462748886804,0.49485692341920834,5.021089850055769e-07
45,3.0,0.041,126.69999999999999,0.006788866259334691,0.2867164516859018,0.123,8.241399999999997,0.06504656669297551,0.007497462748886804,0.5023543861680951,5.021089850055769e-07
51,3.0,0.04,129.7,0.006788866259334691,0.2935053179452365,0.12,8.361399999999996,0.06446723207401694,0.007314597803792003,0.5096689839718871,2.7639365683747077e-07
26,3.0,0.04,132.7,0.006788866259334691,0.30029418420457116,0.12,8.481399999999995,0.0639140919366993,0.007314597803792003,0.516983581775679,2.7639365683747077e-07
47,3.0,0.04,135.7,0.006788866259334691,0.3070830504639058,0.12,8.601399999999995,0.06338540899042001,0.007314597803792003,0.524298179579471,2.7639365683747077e-07
107,3.0,0.039,138.7,0.006788866259334691,0.3138719167232405,0.11699999999999999,8.718399999999995,0.06285796683489543,0.007131732858697204,0.5314299124381682,1.1755750495841325e-07
126,3.0,0.039,141.7,0.006788866259334691,0.32066078298257517,0.11699999999999999,8.835399999999996,0.06235285815102327,0.007131732858697204,0.5385616452968653,1.1755750495841325e-07
31,3.0,0.039,144.7,0.006788866259334691,0.32744964924190983,0.11699999999999999,8.952399999999997,0.06186869384934345,0.007131732858697204,0.5456933781555625,1.1755750495841325e-07
49,3.0,0.039,147.7,0.006788866259334691,0.3342385155012445,0.11699999999999999,9.069399999999998,0.06140419769803655,0.007131732858697204,0.5528251110142597,1.1755750495841325e-07
131,2.8000000000000114,0.039,150.5,0.006336275175379071,0.34057479067662355,0.10920000000000045,9.1786,0.06098737541528239,0.006656284001450751,0.5594813950157105,1.0240564876377415e-07
79,3.0,0.038,153.5,0.006788866259334691,0.3473636569359582,0.11399999999999999,9.2926,0.06053811074918567,0.006948867913602403,0.5664302629293129,2.5600529368404325e-08
95,3.0,0.037,156.5,0.006788866259334691,0.3541525231952929,0.11099999999999999,9.4036,0.06008690095846646,0.006766002968507603,0.5731962658978205,5.227300674440342e-10
124,3.0,0.037,159.5,0.006788866259334691,0.36094138945462756,0.11099999999999999,9.514600000000002,0.05965266457680252,0.006766002968507603,0.5799622688663281,5.227300674440342e-10
93,3.0,0.037,162.5,0.006788866259334691,0.36773025571396223,0.11099999999999999,9.625600000000002,0.05923446153846155,0.006766002968507603,0.5867282718348357,5.227300674440342e-10
92,3.0,0.037,165.5,0.006788866259334691,0.3745191219732969,0.11099999999999999,9.736600000000003,0.05883141993957706,0.006766002968507603,0.5934942748033433,5.227300674440342e-10
123,3.0,0.037,168.5,0.006788866259334691,0.38130798823263157,0.11099999999999999,9.847600000000003,0.05844272997032643,0.006766002968507603,0.6002602777718509,5.227300674440342e-10
48,3.0,0.037,171.5,0.006788866259334691,0.38809685449196624,0.11099999999999999,9.958600000000004,0.05806763848396504,0.006766002968507603,0.6070262807403585,5.227300674440342e-10
121,3.0,0.037,174.5,0.006788866259334691,0.3948857207513009,0.11099999999999999,10.069600000000005,0.05770544412607453,0.006766002968507603,0.6137922837088661,5.227300674440342e-10
134,3.0,0.036,177.5,0.006788866259334691,0.4016745870106356,0.10799999999999998,10.177600000000005,0.057338591549295805,0.006583138023412803,0.6203754217322789,4.232410705553237e-08
110,3.0,0.036,180.5,0.006788866259334691,0.40846345326997024,0.10799999999999998,10.285600000000006,0.05698393351800557,0.006583138023412803,0.6269585597556917,4.232410705553237e-08
77,3.0,0.036,183.5,0.006788866259334691,0.4152523195293049,0.10799999999999998,10.393600000000006,0.05664087193460494,0.006583138023412803,0.6335416977791045,4.232410705553237e-08
30,3.0,0.036,186.5,0.006788866259334691,0.4220411857886396,0.10799999999999998,10.501600000000007,0.05630884718498663,0.006583138023412803,0.6401248358025173,4.232410705553237e-08
46,3.0,0.035,189.5,0.006788866259334691,0.42883005204797425,0.10500000000000001,10.606600000000007,0.05597150395778368,0.006400273078318004,0.6465251088808354,1.5100466033266833e-07
59,3.0,0.035,192.5,0.006788866259334691,0.4356189183073089,0.10500000000000001,10.711600000000008,0.05564467532467537,0.006400273078318004,0.6529253819591534,1.5100466033266833e-07
117,3.0,0.035,195.5,0.006788866259334691,0.4424077845666436,0.10500000000000001,10.816600000000008,0.0553278772378517,0.006400273078318004,0.6593256550374714,1.5100466033266833e-07
118,3.0,0.034,198.5,0.006788866259334691,0.44919665082597826,0.10200000000000001,10.918600000000009,0.05500554156171289,0.006217408133223204,0.6655430631706947,3.2656438989885344e-07
88,3.0,0.034,201.5,0.006788866259334691,0.45598551708531293,0.10200000000000001,11.020600000000009,0.05469280397022337,0.006217408133223204,0.6717604713039179,3.2656438989885344e-07
14,3.0,0.034,204.5,0.006788866259334691,0.4627743833446476,0.10200000000000001,11.12260000000001,0.054389242053789776,0.006217408133223204,0.6779778794371412,3.2656438989885344e-07
65,3.0,0.034,207.5,0.006788866259334691,0.46956324960398227,0.10200000000000001,11.22460000000001,0.05409445783132535,0.006217408133223204,0.6841952875703644,3.2656438989885344e-07
108,3.0,0.033,210.5,0.006788866259334691,0.47635211586331694,0.099,11.32360000000001,0.05379382422802855,0.006034543188128403,0.6902298307584928,5.690032957540871e-07
73,3.0,0.033,213.5,0.006788866259334691,0.4831409821226516,0.099,11.42260000000001,0.053501639344262344,0.006034543188128403,0.6962643739466211,5.690032957540871e-07
29,3.0,0.033,216.5,0.006788866259334691,0.4899298483819863,0.099,11.52160000000001,0.053217551963048546,0.006034543188128403,0.7022989171347495,5.690032957540871e-07
24,3.0,0.033,219.5,0.006788866259334691,0.49671871464132095,0.099,11.62060000000001,0.052941230068337175,0.006034543188128403,0.7083334603228778,5.690032957540871e-07
87,3.0,0.032,222.5,0.006788866259334691,0.5035075809006556,0.096,11.71660000000001,0.05265887640449443,0.005851678243033604,0.7141851385659114,8.783213778983696e-07
112,3.0,0.032,225.5,0.006788866259334691,0.5102964471599903,0.096,11.81260000000001,0.05238403547671845,0.005851678243033604,0.7200368168089449,8.783213778983696e-07
106,3.0,0.032,228.5,0.006788866259334691,0.5170853134193251,0.096,11.90860000000001,0.05211641137855585,0.005851678243033604,0.7258884950519785,8.783213778983696e-07
66,3.0,0.032,231.5,0.006788866259334691,0.5238741796786598,0.096,12.00460000000001,0.05185572354211668,0.005851678243033604,0.7317401732950121,8.783213778983696e-07
27,3.0,0.032,234.5,0.006788866259334691,0.5306630459379945,0.096,12.10060000000001,0.05160170575692968,0.005851678243033604,0.7375918515380456,8.783213778983696e-07
50,3.0,0.032,237.5,0.006788866259334691,0.5374519121973292,0.096,12.19660000000001,0.05135410526315794,0.005851678243033604,0.7434435297810792,8.783213778983696e-07
127,3.0,0.032,240.5,0.006788866259334691,0.544240778456664,0.096,12.29260000000001,0.05111268191268196,0.005851678243033604,0.7492952080241128,8.783213778983696e-07
81,3.0,0.032,243.5,0.006788866259334691,0.5510296447159987,0.096,12.388600000000011,0.05087720739219717,0.005851678243033604,0.7551468862671463,8.783213778983696e-07
60,3.0,0.031,246.5,0.006788866259334691,0.5578185109753334,0.093,12.481600000000011,0.050635294117647105,0.005668813297938803,0.7608156995650851,1.2545186363317005e-06
84,3.0,0.031,249.5,0.006788866259334691,0.5646073772346681,0.093,12.57460000000001,0.05039919839679363,0.005668813297938803,0.7664845128630239,1.2545186363317005e-06
100,3.0,0.031,252.5,0.006788866259334691,0.5713962434940029,0.093,12.66760000000001,0.05016871287128717,0.005668813297938803,0.7721533261609627,1.2545186363317005e-06
104,3.0,0.031,255.5,0.006788866259334691,0.5781851097533376,0.093,12.76060000000001,0.049943639921722155,0.005668813297938803,0.7778221394589014,1.2545186363317005e-06
94,3.0,0.031,258.5,0.006788866259334691,0.5849739760126723,0.093,12.85360000000001,0.04972379110251455,0.005668813297938803,0.7834909527568402,1.2545186363317005e-06
62,3.0,0.031,261.5,0.006788866259334691,0.591762842272007,0.093,12.94660000000001,0.04950898661567882,0.005668813297938803,0.789159766054779,1.2545186363317005e-06
103,3.0,0.03,264.5,0.006788866259334691,0.5985517085313418,0.09,13.03660000000001,0.04928771266540647,0.005485948352844002,0.794645714407623,1.6975950710540802e-06
109,3.0,0.03,267.5,0.006788866259334691,0.6053405747906765,0.09,13.12660000000001,0.04907140186915892,0.005485948352844002,0.800131662760467,1.6975950710540802e-06
33,3.0,0.03,270.5,0.006788866259334691,0.6121294410500112,0.09,13.21660000000001,0.04885988909426991,0.005485948352844002,0.805617611113311,1.6975950710540802e-06
113,3.0,0.03,273.5,0.006788866259334691,0.6189183073093459,0.09,13.30660000000001,0.048653016453382124,0.005485948352844002,0.811103559466155,1.6975950710540802e-06
105,3.0,0.03,276.5,0.006788866259334691,0.6257071735686807,0.09,13.39660000000001,0.04845063291139244,0.005485948352844002,0.816589507818999,1.6975950710540802e-06
39,3.0,0.029,279.5,0.006788866259334691,0.6324960398280154,0.08700000000000001,13.48360000000001,0.04824186046511631,0.005303083407749203,0.8218925912267482,2.2075506820655064e-06
101,3.0,0.029,282.5,0.006788866259334691,0.6392849060873501,0.08700000000000001,13.57060000000001,0.04803752212389384,0.005303083407749203,0.8271956746344974,2.2075506820655064e-06
82,3.0,0.029,285.5,0.006788866259334691,0.6460737723466848,0.08700000000000001,13.65760000000001,0.047837478108581466,0.005303083407749203,0.8324987580422466,2.2075506820655064e-06
55,3.0,0.029,288.5,0.006788866259334691,0.6528626386060196,0.08700000000000001,13.744600000000009,0.04764159445407282,0.005303083407749203,0.8378018414499958,2.2075506820655064e-06
98,3.0,0.029,291.5,0.006788866259334691,0.6596515048653543,0.08700000000000001,13.831600000000009,0.0474497427101201,0.005303083407749203,0.843104924857745,2.2075506820655064e-06
72,3.0,0.028,294.5,0.006788866259334691,0.666440371124689,0.084,13.915600000000008,0.04725161290322583,0.005120218462654403,0.8482251433203994,2.784385469365983e-06
40,3.0,0.028,297.5,0.006788866259334691,0.6732292373840237,0.084,13.999600000000008,0.047057478991596666,0.005120218462654403,0.8533453617830539,2.784385469365983e-06
42,3.0,0.028,300.5,0.006788866259334691,0.6800181036433585,0.084,14.083600000000008,0.046867221297836964,0.005120218462654403,0.8584655802457083,2.784385469365983e-06
11,3.0,0.028,303.5,0.006788866259334691,0.6868069699026932,0.084,14.167600000000007,0.04668072487644154,0.005120218462654403,0.8635857987083627,2.784385469365983e-06
99,3.0,0.027,306.5,0.006788866259334691,0.6935958361620279,0.081,14.248600000000007,0.04648809135399676,0.004937353517559603,0.8685231522259224,3.4280994329555085e-06
90,3.0,0.027,309.5,0.006788866259334691,0.7003847024213626,0.081,14.329600000000006,0.04629919224555737,0.004937353517559603,0.873460505743482,3.4280994329555085e-06
116,3.0,0.026,312.5,0.006788866259334691,0.7071735686806974,0.078,14.407600000000006,0.04610432000000002,0.004754488572464802,0.8782149943159469,4.138692572834081e-06
57,3.0,0.026,315.5,0.006788866259334691,0.7139624349400321,0.078,14.485600000000005,0.045913153724247244,0.004754488572464802,0.8829694828884117,4.138692572834081e-06
38,3.0,0.026,318.5,0.006788866259334691,0.7207513011993668,0.078,14.563600000000005,0.04572558869701728,0.004754488572464802,0.8877239714608766,4.138692572834081e-06
122,3.0,0.026,321.5,0.006788866259334691,0.7275401674587015,0.078,14.641600000000004,0.04554152410575429,0.004754488572464802,0.8924784600333414,4.138692572834081e-06
78,3.0,0.026,324.5,0.006788866259334691,0.7343290337180363,0.078,14.719600000000003,0.04536086286594762,0.004754488572464802,0.8972329486058063,4.138692572834081e-06
74,3.0,0.026,327.5,0.006788866259334691,0.741117899977371,0.078,14.797600000000003,0.045183511450381686,0.004754488572464802,0.9019874371782711,4.138692572834081e-06
111,3.0,0.025,330.5,0.006788866259334691,0.7479067662367057,0.07500000000000001,14.872600000000002,0.04500030257186082,0.0045716236273700035,0.9065590608056411,4.916164889001702e-06
71,3.0,0.025,333.5,0.006788866259334691,0.7546956324960404,0.07500000000000001,14.947600000000001,0.044820389805097456,0.0045716236273700035,0.911130684433011,4.916164889001702e-06
56,3.0,0.025,336.5,0.006788866259334691,0.7614844987553752,0.07500000000000001,15.0226,0.044643684992570584,0.0045716236273700035,0.915702308060381,4.916164889001702e-06
89,3.0,0.025,339.5,0.006788866259334691,0.7682733650147099,0.07500000000000001,15.0976,0.04447010309278351,0.0045716236273700035,0.920273931687751,4.916164889001702e-06
61,3.0,0.025,342.5,0.006788866259334691,0.7750622312740446,0.07500000000000001,15.1726,0.04429956204379562,0.0045716236273700035,0.9248455553151209,4.916164889001702e-06
83,3.0,0.025,345.5,0.006788866259334691,0.7818510975333793,0.07500000000000001,15.247599999999998,0.04413198263386396,0.0045716236273700035,0.9294171789424909,4.916164889001702e-06
64,3.0,0.024,348.5,0.006788866259334691,0.7886399637927141,0.07200000000000001,15.319599999999998,0.0439586800573888,0.004388758682275203,0.933805937624766,5.760516381458373e-06
91,3.0,0.023,351.5,0.006788866259334691,0.7954288300520488,0.069,15.388599999999999,0.04377980085348506,0.004205893737180402,0.9380118313619464,6.671747050204092e-06
85,3.0,0.022,354.5,0.006788866259334691,0.8022176963113835,0.066,15.4546,0.04359548660084626,0.0040230287920856025,0.942034860154032,7.64985689523886e-06
63,3.0,0.021,357.5,0.006788866259334691,0.8090065625707182,0.063,15.5176,0.04340587412587413,0.003840163846990802,0.9458750240010229,8.694845916562673e-06
34,3.0,0.019,360.5,0.006788866259334691,0.815795428830053,0.056999999999999995,15.5746,0.04320277392510402,0.0034744339568012015,0.9493494579578241,1.0985461488077452e-05
54,3.0,0.018,363.5,0.006788866259334691,0.8225842950893877,0.05399999999999999,15.6286,0.04299477303988996,0.0032915690117064013,0.9526410269695305,1.2231088038268414e-05
41,3.0,0.018,366.5,0.006788866259334691,0.8293731613487224,0.05399999999999999,15.6826,0.04279017735334243,0.0032915690117064013,0.9559325959812368,1.2231088038268414e-05
2,3.4499999999999993,0.017,369.95,0.0078071961982348935,0.8371803575469573,0.058649999999999994,15.74125,0.04254966887417219,0.0035750096766033416,0.9595076056578401,1.791140275387978e-05
58,3.0,0.017,372.95,0.006788866259334691,0.843969223806292,0.051000000000000004,15.792250000000001,0.042344148009116504,0.003108704066611602,0.9626163097244517,1.354359376474842e-05
96,3.0,0.017,375.95,0.006788866259334691,0.8507580900656267,0.051000000000000004,15.843250000000001,0.04214190716850646,0.003108704066611602,0.9657250137910632,1.354359376474842e-05
128,3.0,0.016,378.95,0.006788866259334691,0.8575469563249615,0.048,15.891250000000001,0.041934951840612224,0.002925839121516802,0.96865085291258,1.4922978667517481e-05
1,3.5,0.015,382.45,0.007920343969223807,0.8654673002941853,0.0525,15.943750000000001,0.041688456007321226,0.0032001365391590014,0.971850989451739,2.2280358182838997e-05
13,3.0,0.014,385.45,0.006788866259334691,0.87225616655352,0.042,15.985750000000001,0.041472953690491636,0.0025601092313272014,0.9744110986830662,1.7882386001922746e-05
37,3.0,0.014,388.45,0.006788866259334691,0.8790450328128547,0.042,16.02775,0.04126078002316901,0.0025601092313272014,0.9769712079143934,1.7882386001922746e-05
35,3.0,0.013,391.45,0.006788866259334691,0.8858338990721895,0.039,16.066750000000003,0.041044194660876235,0.002377244286232401,0.9793484522006258,1.9462408433558954e-05
17,3.0,0.012,394.45,0.006788866259334691,0.8926227653315242,0.036000000000000004,16.102750000000004,0.04082329826340475,0.0021943793411376014,0.9815428315417635,2.1109310041484196e-05
9,3.0,0.011,397.45,0.006788866259334691,0.8994116315908589,0.033,16.135750000000005,0.04059818845137755,0.0020115143960428013,0.9835543459378062,2.28230908256985e-05
10,3.0,0.011,400.45,0.006788866259334691,0.9062004978501936,0.033,16.168750000000006,0.04037645149207144,0.0020115143960428013,0.985565860333849,2.28230908256985e-05
8,3.0,0.01,403.45,0.006788866259334691,0.9129893641095284,0.03,16.198750000000008,0.04015057627958857,0.0018286494509480008,0.9873945097847969,2.4603750786201846e-05
15,3.0,0.008,406.45,0.006788866259334691,0.9197782303688631,0.024,16.22275000000001,0.039913273465370915,0.001462919560758401,0.9888574293455553,2.8365708236075693e-05
36,3.0,0.008,409.45,0.006788866259334691,0.9265670966281978,0.024,16.24675000000001,0.03967944804005375,0.001462919560758401,0.9903203489063137,2.8365708236075693e-05
7,3.0,0.008,412.45,0.006788866259334691,0.9333559628875325,0.024,16.27075000000001,0.039449024124136284,0.001462919560758401,0.9917832684670721,2.8365708236075693e-05
3,2.6999999999999993,0.007,415.15,0.006109979633401221,0.9394659425209337,0.018899999999999997,16.28965000000001,0.03923798627002291,0.0011520491540972404,0.9929353176211694,2.4581074637611403e-05
18,3.0,0.007,418.15,0.006788866259334691,0.9462548087802685,0.021,16.31065000000001,0.0390066961616645,0.0012800546156636007,0.994215372236833,3.0347005725446185e-05
6,3.0,0.006,421.15,0.006788866259334691,0.9530436750396032,0.018000000000000002,16.32865000000001,0.03877157782262854,0.0010971896705688007,0.9953125619074018,3.2395182391105736e-05
0,3.4000000000000004,0.005,424.54999999999995,0.0076940484272459845,0.9607377234668492,0.017,16.34565000000001,0.038501118831704186,0.001036234688870534,0.9963487965962723,4.43264837749009e-05
16,3.0,0.004,427.54999999999995,0.006788866259334691,0.9675265897261839,0.012,16.35765000000001,0.0382590340311075,0.0007314597803792004,0.9970802563766515,3.6692173251291955e-05
4,2.1000000000000014,0.004,429.65,0.004752206381534287,0.9722787961077182,0.008400000000000006,16.366050000000012,0.03809158617479347,0.0005120218462654406,0.997592278222917,1.7979164893133082e-05
44,3.0,0.004,432.65,0.006788866259334691,0.9790676623670529,0.012,16.378050000000012,0.03785519473015142,0.0007314597803792004,0.9983237380032962,3.6692173251291955e-05
32,3.0,0.004,435.65,0.006788866259334691,0.9858565286263876,0.012,16.390050000000013,0.03762205899231037,0.0007314597803792004,0.9990551977836755,3.6692173251291955e-05
43,3.0,0.003,438.65,0.006788866259334691,0.9926453948857223,0.009000000000000001,16.399050000000013,0.03738527299669443,0.0005485948352844004,0.9996037926189598,3.8940987445818644e-05
5,3.25,0.002,441.9,0.007354605114279249,1.0000000000000016,0.006500000000000001,16.405550000000012,0.03712502828694278,0.0003962073810387336,0.9999999999999986,4.8419299013966736e-05
