,weight,grade,cml_weight,weight_pct,cml_weight_pct,yield,cml_yield,cml_grade,recovery,cml_recovery,distributional_heterogeneity
7,3.0,0.015,3.0,0.06342494714587739,0.06342494714587739,0.045,0.045,0.015,0.11565150346954507,0.11565150346954507,0.0027276131854292343
1,3.0,0.012,6.0,0.06342494714587739,0.12684989429175478,0.036000000000000004,0.081,0.0135,0.09252120277563607,0.20817270624518114,0.000846592091672264
5,3.0,0.01,9.0,0.06342494714587739,0.19027484143763218,0.03,0.111,0.012333333333333333,0.07710100231303005,0.2852737085582112,0.00018703448493500335
6,3.0,0.009,12.0,0.06342494714587739,0.25369978858350956,0.026999999999999996,0.138,0.011500000000000002,0.06939090208172703,0.35466461063993826,3.559261829658894e-05
8,3.0,0.009,15.0,0.06342494714587739,0.31712473572938693,0.026999999999999996,0.165,0.011000000000000001,0.06939090208172703,0.4240555127216653,3.559261829658894e-05
10,3.0,0.009,18.0,0.06342494714587739,0.3805496828752643,0.026999999999999996,0.192,0.010666666666666666,0.06939090208172703,0.49344641480339235,3.559261829658894e-05
9,3.0,0.008,21.0,0.06342494714587739,0.4439746300211417,0.024,0.216,0.010285714285714285,0.06168080185042404,0.5551272166538164,3.042042811652011e-06
13,3.0,0.008,24.0,0.06342494714587739,0.5073995771670191,0.024,0.24,0.01,0.06168080185042404,0.6168080185042404,3.042042811652011e-06
0,3.3000000000000007,0.007,27.3,0.06976744186046513,0.5771670190274842,0.023100000000000006,0.2631,0.009637362637362637,0.059367771781033155,0.6761757902852735,0.00010815313776103277
4,3.0,0.007,30.3,0.06342494714587739,0.6405919661733617,0.021,0.2841,0.009376237623762376,0.053970701619121035,0.7301464919043945,8.938275848019234e-05
11,3.0,0.007,33.3,0.06342494714587739,0.7040169133192391,0.021,0.30510000000000004,0.009162162162162164,0.053970701619121035,0.7841171935235155,8.938275848019234e-05
12,3.0,0.007,36.3,0.06342494714587739,0.7674418604651165,0.021,0.32610000000000006,0.008983471074380167,0.053970701619121035,0.8380878951426365,8.938275848019234e-05
3,3.0,0.006,39.3,0.06342494714587739,0.830866807610994,0.018000000000000002,0.3441000000000001,0.008755725190839697,0.04626060138781803,0.8843484965304546,0.00029461476530220996
14,3.0,0.006,42.3,0.06342494714587739,0.8942917547568714,0.018000000000000002,0.3621000000000001,0.008560283687943265,0.04626060138781803,0.9306090979182726,0.00029461476530220996
15,2.0,0.006,44.3,0.042283298097251586,0.936575052854123,0.012,0.3741000000000001,0.008444695259593682,0.03084040092521202,0.9614494988434846,0.0001309398956898711
2,3.0,0.005,47.3,0.06342494714587739,1.0000000000000004,0.015,0.3891000000000001,0.008226215644820298,0.038550501156515024,0.9999999999999997,0.000618738063277705
