,weight,grade,cml_weight,weight_pct,cml_weight_pct,yield,cml_yield,cml_grade,recovery,cml_recovery,distributional_heterogeneity
5,3.0,0.015,3.0,0.11152416356877325,0.11152416356877325,0.045,0.045,0.015,0.19955654101995562,0.19955654101995562,0.007749699479707445
7,3.0,0.012,6.0,0.11152416356877325,0.2230483271375465,0.036000000000000004,0.081,0.0135,0.15964523281596452,0.3592017738359201,0.0023156373054929774
8,3.1000000000000014,0.012,9.100000000000001,0.11524163568773241,0.3382899628252789,0.03720000000000002,0.11820000000000003,0.01298901098901099,0.16496674057649674,0.5241685144124169,0.0024725860561986145
6,3.099999999999998,0.009,12.2,0.11524163568773227,0.45353159851301117,0.02789999999999998,0.1461,0.011975409836065576,0.1237250554323724,0.6478935698447893,7.196841056375003e-05
2,3.0,0.008,15.2,0.11152416356877325,0.5650557620817844,0.024,0.1701,0.011190789473684211,0.106430155210643,0.7543237250554323,2.5948921152700656e-05
4,3.1000000000000014,0.008,18.3,0.11524163568773241,0.6802973977695168,0.024800000000000013,0.19490000000000002,0.010650273224043716,0.10997782705099782,0.8643015521064301,2.77076813641615e-05
1,2.5,0.005,20.8,0.0929368029739777,0.7732342007434945,0.0125,0.20740000000000003,0.009971153846153847,0.05543237250554323,0.9197339246119733,0.0014065823047616354
3,3.0,0.005,23.8,0.11152416356877325,0.8847583643122677,0.015,0.22240000000000004,0.009344537815126052,0.06651884700665187,0.9862527716186252,0.0020254785188567547
0,3.0999999999999996,0.001,26.9,0.11524163568773234,1.0,0.0031,0.22550000000000003,0.00838289962825279,0.01374722838137472,1.0,0.010301114714468816
