,weight,grade,cml_weight,weight_pct,cml_weight_pct,yield,cml_yield,cml_grade,recovery,cml_recovery,distributional_heterogeneity
29,3.0,0.33,3.0,0.020804438280166433,0.020804438280166433,0.99,0.99,0.33,0.05438992632637252,0.05438992632637252,0.001127985007301852
17,2.5,0.27,5.5,0.017337031900138695,0.03814147018030513,0.675,1.665,0.30272727272727273,0.037084040677072175,0.09147396700344469,0.000389944355636288
41,3.0,0.23,8.5,0.020804438280166433,0.05894590846047156,0.6900000000000001,2.355,0.27705882352941175,0.037908130469896,0.1293820974733407,0.0002925362865210162
30,3.0,0.204,11.5,0.020804438280166433,0.079750346740638,0.612,2.967,0.258,0.0336228635472121,0.16300496102055279,0.00016431202632683482
16,3.0,0.195,14.5,0.020804438280166433,0.10055478502080442,0.585,3.552,0.24496551724137933,0.03213950192012921,0.195144462940682,0.00012848366772200636
43,3.0,0.192,17.5,0.020804438280166433,0.12135922330097085,0.5760000000000001,4.128,0.23588571428571428,0.03164504804443492,0.2267895109851169,0.00011751882006115328
37,3.0,0.191,20.5,0.020804438280166433,0.14216366158113727,0.573,4.7010000000000005,0.22931707317073174,0.03148023008587015,0.25826974107098705,0.00011397253067873076
34,3.0,0.18,23.5,0.020804438280166433,0.1629680998613037,0.54,5.2410000000000005,0.2230212765957447,0.029667232541657738,0.2879369736126448,7.854912212152318e-05
33,3.0,0.176,26.5,0.020804438280166433,0.18377253814147013,0.528,5.769,0.21769811320754717,0.029007960707398677,0.3169449343200435,6.729778021410238e-05
31,3.0,0.173,29.5,0.020804438280166433,0.20457697642163655,0.5189999999999999,6.288,0.21315254237288137,0.028513506831704373,0.3454584411517479,5.942973793231136e-05
38,3.0,0.166,32.5,0.020804438280166433,0.22538141470180298,0.498,6.7860000000000005,0.2088,0.027359781121751022,0.3728182222734989,4.297251977071438e-05
18,2.5,0.165,35.0,0.017337031900138695,0.24271844660194167,0.41250000000000003,7.1985,0.2056714285714286,0.022662469302655218,0.3954806915761541,2.836028352812194e-05
44,3.0,0.165,38.0,0.020804438280166433,0.2635228848821081,0.495,7.6935,0.20246052631578948,0.02719496316318626,0.4226756547393404,4.083880828049559e-05
28,3.0,0.164,41.0,0.020804438280166433,0.28432732316227455,0.492,8.185500000000001,0.19964634146341467,0.027030145204621492,0.44970579994396187,3.875942670920772e-05
36,3.0,0.16,44.0,0.020804438280166433,0.305131761442441,0.48,8.665500000000002,0.19694318181818185,0.02637087337036243,0.4760766733143243,3.098519961336537e-05
24,3.0,0.154,47.0,0.020804438280166433,0.3259361997226074,0.46199999999999997,9.127500000000001,0.1942021276595745,0.02538196561897384,0.5014586389332981,2.0953756537529245e-05
20,3.0,0.15,50.0,0.020804438280166433,0.3467406380027738,0.44999999999999996,9.5775,0.19155,0.024722693784714776,0.5261813327180129,1.535272619892343e-05
23,3.0,0.145,53.0,0.020804438280166433,0.36754507628294025,0.43499999999999994,10.012500000000001,0.18891509433962267,0.023898603991890952,0.5500799367099038,9.573861451611713e-06
46,3.0,0.145,56.0,0.020804438280166433,0.3883495145631067,0.43499999999999994,10.447500000000002,0.18656250000000002,0.023898603991890952,0.5739785407017948,9.573861451611713e-06
48,1.200000000000017,0.142,57.20000000000002,0.008321775312066692,0.39667128987517336,0.1704000000000024,10.617900000000004,0.1856276223776224,0.009361660046478796,0.5833402007482735,1.081360260863334e-06
22,3.0,0.141,60.20000000000002,0.020804438280166433,0.4174757281553398,0.42299999999999993,11.040900000000004,0.18340365448504986,0.023239332157631888,0.6065795329059054,5.928708194518782e-06
35,3.0,0.141,63.20000000000002,0.020804438280166433,0.4382801664355062,0.42299999999999993,11.463900000000004,0.18139082278481014,0.023239332157631888,0.6298188650635372,5.928708194518782e-06
42,3.0,0.136,66.20000000000002,0.020804438280166433,0.45908460471567264,0.40800000000000003,11.871900000000004,0.17933383685800605,0.022415242364808068,0.6522341074283453,2.5946897990981845e-06
19,2.999999999999993,0.135,69.20000000000002,0.020804438280166385,0.479889042995839,0.4049999999999991,12.276900000000003,0.17741184971098267,0.022250424406243252,0.6744845318345886,2.0908758768067907e-06
39,3.0,0.134,72.20000000000002,0.020804438280166433,0.5006934812760054,0.402,12.678900000000002,0.17560803324099722,0.022085606447678537,0.6965701382822671,1.6413918734463302e-06
27,3.0,0.131,75.20000000000002,0.020804438280166433,0.5214979195561719,0.393,13.071900000000003,0.1738284574468085,0.021591152571984244,0.7181612908542514,6.189193769503998e-07
25,3.0,0.128,78.20000000000002,0.020804438280166433,0.5423023578363383,0.384,13.455900000000003,0.1720703324808184,0.021096698696289946,0.7392579895505413,8.541615083269008e-08
21,3.0,0.126,81.20000000000002,0.020804438280166433,0.5631067961165047,0.378,13.833900000000003,0.17036822660098522,0.020767062779160416,0.7600250523297017,1.39692807545069e-09
47,3.0,0.119,84.20000000000002,0.020804438280166433,0.5839112343966711,0.357,14.190900000000003,0.16853800475059383,0.01961333706920706,0.7796383893989088,1.4187220947488855e-06
40,3.0,0.115,87.20000000000002,0.020804438280166433,0.6047156726768376,0.34500000000000003,14.535900000000003,0.1666961009174312,0.018954065234948,0.7985924546338569,3.4238804064709345e-06
32,3.0,0.111,90.20000000000002,0.020804438280166433,0.625520110957004,0.333,14.868900000000004,0.16484368070953437,0.018294793400688937,0.8168872480345458,6.298317421087605e-06
26,3.0,0.106,93.20000000000002,0.020804438280166433,0.6463245492371704,0.318,15.186900000000003,0.16294957081545064,0.017470703607865113,0.8343579516424109,1.1113786865303994e-05
7,3.0,0.102,96.20000000000002,0.020804438280166433,0.6671289875173368,0.306,15.492900000000002,0.16104885654885653,0.01681143177360605,0.8511693834160169,1.5944100961433544e-05
45,3.0,0.102,99.20000000000002,0.020804438280166433,0.6879334257975033,0.306,15.798900000000001,0.15926310483870967,0.01681143177360605,0.8679808151896229,1.5944100961433544e-05
15,3.0,0.094,102.20000000000002,0.020804438280166433,0.7087378640776697,0.28200000000000003,16.0809,0.1573473581213307,0.01549288810508793,0.8834737032947109,2.8212565262376467e-05
6,3.0,0.093,105.20000000000002,0.020804438280166433,0.7295423023578361,0.279,16.3599,0.15551235741444863,0.015328070146523164,0.898801773441234,2.999060793518345e-05
3,3.0000000000000018,0.091,108.20000000000002,0.020804438280166447,0.7503467406380026,0.27300000000000013,16.6329,0.15372365988909423,0.014998434229393641,0.9138002076706276,3.3709683037590184e-05
5,3.0,0.09,111.20000000000002,0.020804438280166433,0.771151178918169,0.27,16.9029,0.15200449640287766,0.014833616270828869,0.9286338239414565,3.565071546718987e-05
9,3.0,0.085,114.20000000000002,0.020804438280166433,0.7919556171983354,0.255,17.157899999999998,0.15024430823117335,0.014009526478005041,0.9426433504194616,4.617082639915213e-05
8,3.0,0.085,117.20000000000002,0.020804438280166433,0.8127600554785018,0.255,17.412899999999997,0.14857423208191123,0.014009526478005041,0.9566528768974666,4.617082639915213e-05
2,3.0,0.079,120.20000000000002,0.020804438280166433,0.8335644937586683,0.237,17.649899999999995,0.14683777038269544,0.01302061872661645,0.969673495624083,6.058784684222702e-05
0,3.0,0.078,123.20000000000002,0.020804438280166433,0.8543689320388347,0.23399999999999999,17.883899999999997,0.14516152597402593,0.012855800768051685,0.9825292963921347,6.31808382989977e-05
4,3.0,0.028,126.20000000000002,0.020804438280166433,0.8751733703190011,0.084,17.967899999999997,0.1423763866877971,0.004614902839813426,0.9871441992319482,0.000262101057774446
1,3.0,0.022,129.20000000000002,0.020804438280166433,0.8959778085991675,0.066,18.033899999999996,0.13958126934984516,0.0036259950884248346,0.990770194320373,0.0002950989104918933
14,3.0,0.015,132.20000000000002,0.020804438280166433,0.916782246879334,0.045,18.078899999999997,0.13675416036308619,0.0024722693784714777,0.9932424636988445,0.00033606841664027157
10,3.0,0.014,135.20000000000002,0.020804438280166433,0.9375866851595004,0.042,18.1209,0.13403032544378696,0.002307451419906713,0.9955499151187512,0.0003421385229086207
11,3.0,0.012,138.20000000000002,0.020804438280166433,0.9583911234396668,0.036000000000000004,18.1569,0.13138133140376265,0.0019778155027771827,0.9975277306215284,0.00035444172520211173
13,3.0,0.009,141.20000000000002,0.020804438280166433,0.9791955617198332,0.026999999999999996,18.1839,0.12878116147308782,0.0014833616270828866,0.9990110922486113,0.0003733040030343301
12,3.0,0.006,144.20000000000002,0.020804438280166433,0.9999999999999997,0.018000000000000002,18.201900000000002,0.1262267683772538,0.0009889077513885913,0.9999999999999999,0.0003926552501369265
