,weight,grade,cml_weight,weight_pct,cml_weight_pct,yield,cml_yield,cml_grade,recovery,cml_recovery,distributional_heterogeneity
30,3.0,0.395,3.0,0.017251293847038527,0.017251293847038527,1.185,1.185,0.395,0.04900683614347216,0.04900683614347216,0.0010084144665405855
19,3.0,0.342,6.0,0.017251293847038527,0.034502587694077054,1.026,2.2110000000000003,0.36850000000000005,0.042431235344474634,0.0914380714879468,0.0006340294538143046
8,3.0,0.29,9.0,0.017251293847038527,0.051753881541115584,0.8699999999999999,3.0810000000000004,0.3423333333333334,0.035979702485080825,0.12741777397302761,0.0003507532901134972
21,3.0,0.29,12.0,0.017251293847038527,0.06900517538815411,0.8699999999999999,3.9510000000000005,0.32925000000000004,0.035979702485080825,0.16339747645810843,0.0003507532901134972
45,3.0,0.235,15.0,0.017251293847038527,0.08625646923519263,0.705,4.656000000000001,0.31040000000000006,0.02915596580687584,0.19255344226498428,0.00014172121447133675
9,3.0,0.231,18.0,0.017251293847038527,0.10350776308223116,0.6930000000000001,5.349,0.2971666666666667,0.028659694048460936,0.22121313631344522,0.0001301515951558148
37,3.0,0.22,21.0,0.017251293847038527,0.12075905692926968,0.66,6.009,0.28614285714285714,0.02729494671281994,0.24850808302626515,0.0001008749628883191
20,3.0,0.211,24.0,0.017251293847038527,0.13801035077630822,0.633,6.642,0.27675,0.026178335256386395,0.27468641828265156,7.96920683242115e-05
39,3.0,0.21,27.0,0.017251293847038527,0.15526164462334674,0.63,7.272,0.26933333333333337,0.02605426731678267,0.30074068559943423,7.749234190901915e-05
42,3.0,0.208,30.0,0.017251293847038527,0.17251293847038526,0.624,7.896,0.2632,0.02580613143757521,0.32654681703700944,7.31852462004595e-05
17,3.0,0.191,33.0,0.017251293847038527,0.1897642323174238,0.573,8.469,0.2566363636363636,0.023696976464311854,0.3502437935013213,4.154682440261952e-05
7,3.0,0.191,36.0,0.017251293847038527,0.2070155261644623,0.573,9.042,0.25116666666666665,0.023696976464311854,0.37394076996563314,4.154682440261952e-05
29,3.0,0.178,39.0,0.017251293847038527,0.22426682001150083,0.534,9.576,0.24553846153846154,0.022084093249463404,0.39602486321509656,2.3355950064078223e-05
40,3.0,0.176,42.0,0.017251293847038527,0.24151811385853936,0.528,10.104000000000001,0.2405714285714286,0.02183595737025595,0.4178608205853525,2.1019139621120366e-05
22,3.0,0.175,45.0,0.017251293847038527,0.2587694077055779,0.5249999999999999,10.629000000000001,0.23620000000000002,0.02171188943065222,0.43957271001600473,1.9896912960553982e-05
24,3.0,0.172,48.0,0.017251293847038527,0.27602070155261643,0.516,11.145000000000001,0.23218750000000002,0.021339685611841044,0.46091239562784575,1.6714947222504995e-05
0,3.0,0.172,51.0,0.017251293847038527,0.293271995399655,0.516,11.661000000000001,0.22864705882352943,0.021339685611841044,0.48225208123968677,1.6714947222504995e-05
28,3.0,0.168,54.0,0.017251293847038527,0.31052328924669353,0.504,12.165000000000001,0.2252777777777778,0.020843413853426133,0.5030954950931129,1.29033261402901e-05
18,3.0,0.157,57.0,0.017251293847038527,0.3277745830937321,0.471,12.636000000000001,0.22168421052631582,0.019478666517785136,0.5225741616108981,4.9611890143888815e-06
50,3.0,0.156,60.0,0.017251293847038527,0.34502587694077064,0.46799999999999997,13.104000000000001,0.2184,0.01935459857818141,0.5419287601890795,4.42389079204803e-06
38,3.0,0.156,63.0,0.017251293847038527,0.3622771707878092,0.46799999999999997,13.572000000000001,0.21542857142857144,0.01935459857818141,0.561283358767261,4.42389079204803e-06
53,3.0,0.156,66.0,0.017251293847038527,0.37952846463484774,0.46799999999999997,14.040000000000001,0.21272727272727274,0.01935459857818141,0.5806379573454424,4.42389079204803e-06
27,3.0,0.151,69.0,0.017251293847038527,0.3967797584818863,0.45299999999999996,14.493,0.21004347826086958,0.018734258880162773,0.5993722162256052,2.199185289469197e-06
43,3.0,0.15,72.0,0.017251293847038527,0.41403105232892484,0.44999999999999996,14.943,0.20754166666666665,0.018610190940559046,0.6179824071661643,1.8466013107785149e-06
35,3.0,0.15,75.0,0.017251293847038527,0.4312823461759634,0.44999999999999996,15.392999999999999,0.20523999999999998,0.018610190940559046,0.6365925981067233,1.8466013107785149e-06
41,3.0,0.148,78.0,0.017251293847038527,0.44853364002300194,0.44399999999999995,15.837,0.20303846153846153,0.018362055061351593,0.6549546531680749,1.2337904752222348e-06
36,3.0,0.148,81.0,0.017251293847038527,0.4657849338700405,0.44399999999999995,16.281,0.20099999999999998,0.018362055061351593,0.6733167082294265,1.2337904752222348e-06
25,3.0,0.145,84.0,0.017251293847038527,0.48303622771707905,0.43499999999999994,16.715999999999998,0.19899999999999998,0.017989851242540413,0.6913065594719668,5.454670264505261e-07
51,3.0,0.14,87.0,0.017251293847038527,0.5002875215641176,0.42000000000000004,17.136,0.1969655172413793,0.01736951154452178,0.7086760710164887,1.3975423998241631e-08
32,3.0,0.139,90.0,0.017251293847038527,0.5175388154111561,0.41700000000000004,17.553,0.19503333333333334,0.017245443604918052,0.7259215146214067,3.422533286818354e-11
33,3.0,0.138,93.0,0.017251293847038527,0.5347901092581946,0.41400000000000003,17.967000000000002,0.1931935483870968,0.017121375665314326,0.7430428902867211,1.6878733942522882e-08
10,3.0,0.136,96.0,0.017251293847038527,0.5520414031052331,0.40800000000000003,18.375000000000004,0.19140625000000003,0.016873239786106872,0.759916130072828,1.429248729869167e-07
3,3.0,0.135,99.0,0.017251293847038527,0.5692926969522716,0.405,18.780000000000005,0.18969696969696975,0.016749171846503146,0.7766653019193311,2.5212650342165585e-07
31,3.0,0.132,102.0,0.017251293847038527,0.5865439907993101,0.396,19.176000000000005,0.18800000000000006,0.016376968027691962,0.7930422699470231,7.644456383760422e-07
23,3.0,0.125,105.0,0.017251293847038527,0.6037952846463486,0.375,19.551000000000005,0.18620000000000006,0.015508492450465873,0.808550762397489,3.037356707895595e-06
26,3.0,0.124,108.0,0.017251293847038527,0.6210465784933871,0.372,19.923000000000005,0.18447222222222226,0.015384424510862147,0.8239351869083512,3.4852011183556434e-06
44,3.0,0.119,111.0,0.017251293847038527,0.6382978723404256,0.357,20.280000000000005,0.18270270270270275,0.014764084812843511,0.8386992717211947,6.18620877978131e-06
34,2.999999999999986,0.119,113.99999999999999,0.017251293847038447,0.6555491661874641,0.3569999999999983,20.637000000000004,0.18102631578947373,0.014764084812843442,0.8534633565340382,6.1862087797812515e-06
52,3.0,0.118,116.99999999999999,0.017251293847038527,0.6728004600345026,0.354,20.991000000000003,0.17941025641025646,0.014640016873239783,0.868103373407278,6.818767433891528e-06
46,4.0,0.114,120.99999999999999,0.0230017251293847,0.6958021851638873,0.456,21.447000000000003,0.17724793388429758,0.018858326819766503,0.8869617002270445,1.7167749552146967e-05
4,3.0,0.102,123.99999999999999,0.017251293847038527,0.7130534790109258,0.306,21.753000000000004,0.17542741935483877,0.012654929839580152,0.8996166300666246,2.112656208905882e-05
5,3.0,0.088,126.99999999999999,0.017251293847038527,0.7303047728579642,0.264,22.017000000000003,0.1733622047244095,0.010917978685127975,0.9105346087517526,4.01108809400861e-05
48,3.0,0.084,130.0,0.017251293847038527,0.7475560667050027,0.252,22.269000000000002,0.1713,0.010421706926713067,0.9209563156784657,4.66432575022806e-05
47,3.0,0.079,133.0,0.017251293847038527,0.7648073605520412,0.237,22.506,0.16921804511278196,0.009801367228694432,0.9307576829071601,5.550140661871189e-05
49,3.0,0.077,136.0,0.017251293847038527,0.7820586543990797,0.23099999999999998,22.737000000000002,0.16718382352941177,0.009553231349486978,0.940310914256647,5.9260166216209604e-05
11,3.0,0.063,139.0,0.017251293847038527,0.7993099482461182,0.189,22.926000000000002,0.16493525179856117,0.007816280195034801,0.9481271944516818,8.901948261349672e-05
13,3.0,0.061,142.0,0.017251293847038527,0.8165612420931567,0.183,23.109,0.16273943661971832,0.007568144315827346,0.9556953387675091,9.376338484379533e-05
57,1.9000000000000057,0.057,143.9,0.010925819436457767,0.8274870615296145,0.10830000000000033,23.2173,0.16134329395413483,0.004478852619694558,0.9601741913872037,4.156338113644595e-05
56,3.0,0.056,146.9,0.017251293847038527,0.844738355376653,0.168,23.3853,0.1591919673247107,0.0069478046178087114,0.9671219960050125,0.00010616189029685485
55,3.0,0.048,149.9,0.017251293847038527,0.8619896492236915,0.14400000000000002,23.5293,0.15696664442961974,0.005955261100978896,0.9730772571059914,0.00012760035580005152
54,3.0,0.045,152.9,0.017251293847038527,0.87924094307073,0.135,23.6643,0.15476978417266188,0.005583057282167715,0.978660314388159,0.00013614774453378823
6,3.0,0.045,155.9,0.017251293847038527,0.8964922369177685,0.135,23.799300000000002,0.15265747273893523,0.005583057282167715,0.9842433716703267,0.00013614774453378823
1,3.0,0.038,158.9,0.017251293847038527,0.913743530764807,0.11399999999999999,23.913300000000003,0.15049276274386408,0.004714581704941625,0.9889579533752684,0.00015716915133379987
12,3.0,0.032,161.9,0.017251293847038527,0.9309948246118455,0.096,24.009300000000003,0.1482970969734404,0.003970174067319264,0.9929281274425876,0.00017638814260325023
15,3.0,0.017,164.9,0.017251293847038527,0.948246118458884,0.051000000000000004,24.0603,0.1459084293511219,0.002109154973263359,0.995037282415851,0.00022928436967269313
14,3.0,0.016,167.9,0.017251293847038527,0.9654974123059225,0.048,24.1083,0.14358725431804645,0.001985087033659632,0.9970223694495106,0.0002330570704688562
2,3.0000000000000036,0.012,170.9,0.017251293847038548,0.982748706152961,0.036000000000000046,24.1443,0.14127735517846693,0.0014888152752447258,0.9985111847247553,0.0002484557307262593
16,3.0,0.012,173.9,0.017251293847038527,0.9999999999999994,0.036000000000000004,24.180300000000003,0.13904715353651526,0.001488815275244724,1.0,0.00024845573072625876
