,weight,grade,cml_weight,weight_pct,cml_weight_pct,yield,cml_yield,cml_grade,recovery,cml_recovery,distributional_heterogeneity
21,3.0,0.244,3.0,0.020604395604395604,0.020604395604395604,0.732,0.732,0.244,0.040209617349461116,0.040209617349461116,0.0003843647196731898
22,3.0,0.236,6.0,0.020604395604395604,0.04120879120879121,0.708,1.44,0.24,0.03889126923964272,0.07910088658910383,0.00033440974735149615
38,3.0,0.23,9.0,0.020604395604395604,0.061813186813186816,0.6900000000000001,2.13,0.23666666666666666,0.03790250815727893,0.11700339474638276,0.00029922469789221966
42,3.0,0.217,12.0,0.020604395604395604,0.08241758241758242,0.651,2.7809999999999997,0.23174999999999998,0.03576019247882403,0.15276358722520678,0.00022969817889893443
19,3.0,0.216,15.0,0.020604395604395604,0.10302197802197802,0.648,3.429,0.2286,0.03559539896509673,0.1883589861903035,0.00022473018176055244
18,3.0,0.21,18.0,0.020604395604395604,0.12362637362637362,0.63,4.059,0.2255,0.03460663788273293,0.22296562407303644,0.0001960627888212573
20,3.0,0.207,21.0,0.020604395604395604,0.14423076923076922,0.621,4.68,0.22285714285714284,0.03411225734155103,0.2570778814145875,0.00018246232871010762
26,3.0,0.19,24.0,0.020604395604395604,0.16483516483516483,0.5700000000000001,5.25,0.21875,0.03131076760818694,0.28838864902277445,0.00011462640148356687
27,3.0,0.178,27.0,0.020604395604395604,0.18543956043956045,0.534,5.784,0.2142222222222222,0.029333245443459343,0.3177218944662338,7.619281951292302e-05
28,3.0,0.175,30.0,0.020604395604395604,0.20604395604395606,0.5249999999999999,6.308999999999999,0.2103,0.028838864902277436,0.3465607593685112,6.780648461775861e-05
24,3.0,0.168,33.0,0.020604395604395604,0.22664835164835168,0.504,6.812999999999999,0.20645454545454542,0.027685310306186345,0.37424606967469753,5.0139353014036286e-05
14,3.0,0.165,36.0,0.020604395604395604,0.2472527472527473,0.495,7.307999999999999,0.20299999999999996,0.027190929765004444,0.40143699943970196,4.3382432248867246e-05
35,3.0,0.153,39.0,0.020604395604395604,0.2678571428571429,0.45899999999999996,7.766999999999999,0.19915384615384613,0.025213407600276846,0.4266504070399788,2.124299157817722e-05
30,3.0,0.153,42.0,0.020604395604395604,0.2884615384615385,0.45899999999999996,8.225999999999999,0.19585714285714284,0.025213407600276846,0.45186381464025566,2.124299157817722e-05
39,3.0,0.148,45.0,0.020604395604395604,0.3090659340659341,0.44399999999999995,8.669999999999998,0.19266666666666662,0.02438944003164035,0.476253254671896,1.4326561316216508e-05
37,3.0,0.145,48.0,0.020604395604395604,0.32967032967032966,0.43499999999999994,9.104999999999999,0.18968749999999998,0.023895059490458448,0.5001483141623544,1.0828468811038235e-05
23,3.0,0.143,51.0,0.020604395604395604,0.35027472527472525,0.42899999999999994,9.533999999999999,0.18694117647058822,0.023565472463003848,0.5237137866253583,8.767976162585285e-06
5,3.0,0.14,54.0,0.020604395604395604,0.37087912087912084,0.42000000000000004,9.953999999999999,0.18433333333333332,0.023071091921821957,0.5467848785471803,6.084590722404728e-06
33,3.0,0.138,57.0,0.020604395604395604,0.3914835164835164,0.41400000000000003,10.367999999999999,0.18189473684210525,0.022741504894367357,0.5695263834415476,4.5672361172835685e-06
1,3.0,0.135,60.0,0.020604395604395604,0.412087912087912,0.405,10.772999999999998,0.17954999999999996,0.022247124353185457,0.591773507794733,2.6985577421006763e-06
34,3.0,0.132,63.0,0.020604395604395604,0.4326923076923076,0.396,11.168999999999999,0.17728571428571427,0.021752743812003556,0.6135262516067366,1.3187036059163997e-06
31,3.0,0.131,66.0,0.020604395604395604,0.4532967032967032,0.393,11.562,0.17518181818181816,0.021587950298276256,0.6351142019050128,9.673798358546665e-07
41,3.0,0.129,69.0,0.020604395604395604,0.47390109890109877,0.387,11.949,0.17317391304347826,0.02125836327082166,0.6563725651758344,4.2767370873073873e-07
25,3.0,0.128,72.0,0.020604395604395604,0.49450549450549436,0.384,12.333,0.17129166666666668,0.02109356975709436,0.6774661349329287,2.392913516685442e-07
36,3.0,0.128,75.0,0.020604395604395604,0.51510989010989,0.384,12.717,0.16956000000000002,0.02109356975709436,0.698559704690023,2.392913516685442e-07
40,3.0,0.128,78.0,0.020604395604395604,0.5357142857142856,0.384,13.101,0.16796153846153847,0.02109356975709436,0.7196532744471174,2.392913516685442e-07
29,3.0,0.125,81.0,0.020604395604395604,0.5563186813186812,0.375,13.476,0.1663703703703704,0.02059918921591246,0.7402524636630298,2.7106481037427524e-11
46,3.0,0.123,84.0,0.020604395604395604,0.5769230769230769,0.369,13.845,0.1648214285714286,0.020269602188457858,0.7605220658514876,1.1208663135526388e-07
32,3.0,0.116,87.0,0.020604395604395604,0.5975274725274725,0.34800000000000003,14.193000000000001,0.16313793103448276,0.019116047592366764,0.7796381134438544,2.2151798049102047e-06
45,3.0,0.114,90.0,0.020604395604395604,0.6181318681318682,0.342,14.535000000000002,0.16150000000000003,0.018786460564912164,0.7984245740087665,3.304887807781661e-06
3,3.0,0.103,93.0,0.020604395604395604,0.6387362637362638,0.309,14.844000000000001,0.15961290322580646,0.016973731913911865,0.8153983059226784,1.3181718833397005e-05
13,3.000000000000007,0.096,96.0,0.020604395604395653,0.6593406593406594,0.2880000000000007,15.132000000000001,0.15762500000000002,0.015820177317820806,0.8312184832404992,2.288874461359717e-05
43,3.0,0.096,99.0,0.020604395604395604,0.6799450549450551,0.28800000000000003,15.420000000000002,0.15575757575757576,0.01582017731782077,0.84703866055832,2.288874461359706e-05
44,3.0,0.09,102.0,0.020604395604395604,0.7005494505494507,0.27,15.690000000000001,0.15382352941176472,0.014831416235456972,0.8618700767937769,3.332729079419112e-05
9,3.0,0.088,105.0,0.020604395604395604,0.7211538461538464,0.264,15.954,0.15194285714285716,0.014501829208002371,0.8763719060017793,3.724131662238791e-05
47,3.0,0.075,108.0,0.020604395604395604,0.741758241758242,0.22499999999999998,16.179000000000002,0.14980555555555558,0.012359513529547474,0.8887314195313267,6.797808042815199e-05
8,3.0,0.075,111.0,0.020604395604395604,0.7623626373626377,0.22499999999999998,16.404000000000003,0.14778378378378382,0.012359513529547474,0.9010909330608742,6.797808042815199e-05
0,3.0,0.074,114.0,0.020604395604395604,0.7829670329670333,0.22199999999999998,16.626000000000005,0.14584210526315794,0.012194720015820174,0.9132856530766944,7.07226435050815e-05
17,3.0,0.068,117.0,0.020604395604395604,0.8035714285714289,0.20400000000000001,16.830000000000005,0.1438461538461539,0.011205958933456378,0.9244916120101507,8.833061185765522e-05
6,3.0,0.066,120.0,0.020604395604395604,0.8241758241758246,0.198,17.028000000000006,0.14190000000000005,0.010876371906001778,0.9353679839161525,9.463444507651189e-05
48,1.5999999999999943,0.066,121.6,0.01098901098901095,0.8351648351648355,0.10559999999999962,17.133600000000005,0.14090131578947374,0.005800731683200928,0.9411687155993534,2.6918242155096528e-05
10,3.0,0.065,124.6,0.020604395604395604,0.8557692307692312,0.195,17.328600000000005,0.13907383627608352,0.01071157839227448,0.9518802939916279,9.786783239244001e-05
7,3.0,0.064,127.6,0.020604395604395604,0.8763736263736268,0.192,17.520600000000005,0.13730877742946712,0.01054678487854718,0.9624270788701751,0.00010115553351270129
15,3.0,0.054,130.6,0.020604395604395604,0.8969780219780225,0.162,17.682600000000004,0.13539509954058196,0.008898849741274183,0.9713259286114493,0.0001370198039536391
2,3.0,0.053,133.6,0.020604395604395604,0.9175824175824181,0.159,17.841600000000003,0.13354491017964074,0.008734056227546883,0.9800599848389961,0.00014090495692156533
16,3.0,0.042,136.6,0.020604395604395604,0.9381868131868137,0.126,17.967600000000004,0.1315344070278185,0.006921327576546586,0.9869813124155428,0.000187226350654744
12,3.0,0.031,139.6,0.020604395604395604,0.9587912087912094,0.093,18.060600000000004,0.1293739255014327,0.00510859892554629,0.992089911341089,0.0002401197147122375
4,3.0,0.028,142.6,0.020604395604395604,0.979395604395605,0.084,18.144600000000004,0.12724123422159891,0.004614218384364391,0.9967041297254534,0.0002556857675280052
11,3.0,0.02,145.6,0.020604395604395604,1.0000000000000007,0.06,18.204600000000003,0.12503159340659342,0.0032958702745459934,0.9999999999999994,0.0002995850490940456
