,weight,grade,cml_weight,weight_pct,cml_weight_pct,yield,cml_yield,cml_grade,recovery,cml_recovery,distributional_heterogeneity
45,3.0,0.45,3.0,0.012396694214876033,0.012396694214876033,1.35,1.35,0.45,0.046707954191606386,0.046707954191606386,0.001177262561190778
32,3.0,0.328,6.0,0.012396694214876033,0.024793388429752067,0.984,2.334,0.389,0.0340449088329931,0.08075286302459948,0.0004686451961520574
37,3.0,0.322,9.0,0.012396694214876033,0.0371900826446281,0.966,3.3,0.36666666666666664,0.033422136110438344,0.11417499913503783,0.0004420692069036669
60,3.0,0.29,12.0,0.012396694214876033,0.049586776859504134,0.8699999999999999,4.17,0.3475,0.030100681590146332,0.14427568072518415,0.0003134311689837302
59,3.0,0.256,15.0,0.012396694214876033,0.06198347107438017,0.768,4.938,0.3292,0.026571636162336074,0.17084731688752022,0.00020092897921386232
31,3.0,0.255,18.0,0.012396694214876033,0.0743801652892562,0.765,5.702999999999999,0.3168333333333333,0.02646784070857695,0.19731515759609716,0.00019799716364719163
62,3.0,0.25,21.0,0.012396694214876033,0.08677685950413223,0.75,6.452999999999999,0.3072857142857143,0.02594886343978132,0.22326402103587847,0.0001836612907004701
38,3.0,0.248,24.0,0.012396694214876033,0.09917355371900827,0.744,7.196999999999999,0.29987499999999995,0.025741272532263073,0.24900529356814155,0.00017807777046887632
52,3.0,0.245,27.0,0.012396694214876033,0.1115702479338843,0.735,7.9319999999999995,0.29377777777777775,0.025429886170985697,0.27443517973912723,0.00016986409256480165
36,3.0,0.242,30.0,0.012396694214876033,0.12396694214876033,0.726,8.658,0.28859999999999997,0.02511849980970832,0.29955367954883555,0.0001618443375927061
34,3.0,0.231,33.0,0.012396694214876033,0.13636363636363635,0.6930000000000001,9.350999999999999,0.2833636363636363,0.023976749818357946,0.3235304293671935,0.00013409768777973278
41,3.0,0.23,36.0,0.012396694214876033,0.1487603305785124,0.6900000000000001,10.040999999999999,0.27891666666666665,0.023872954364598818,0.3474033837317923,0.00013170454702411523
47,3.0,0.22,39.0,0.012396694214876033,0.16115702479338845,0.66,10.700999999999999,0.27438461538461534,0.022834999827007565,0.37023838355879984,0.0001089582240522566
35,3.0,0.218,42.0,0.012396694214876033,0.1735537190082645,0.654,11.354999999999999,0.27035714285714285,0.022627408919489313,0.3928657924782892,0.0001046675233671904
61,3.0,0.215,45.0,0.012396694214876033,0.18595041322314054,0.645,11.999999999999998,0.2666666666666666,0.02231602255821194,0.4151818150365011,9.8393074782907e-05
42,3.0,0.215,48.0,0.012396694214876033,0.1983471074380166,0.645,12.644999999999998,0.26343749999999994,0.02231602255821194,0.43749783759471306,9.8393074782907e-05
33,3.0,0.204,51.0,0.012396694214876033,0.21074380165289264,0.612,13.256999999999998,0.2599411764705882,0.02117427256686156,0.4586721101615746,7.704588172524492e-05
54,3.0,0.2,54.0,0.012396694214876033,0.22314049586776868,0.6000000000000001,13.856999999999998,0.25661111111111107,0.02075909075182506,0.4794312009133997,6.992967584117706e-05
67,3.0,0.198,57.0,0.012396694214876033,0.23553719008264473,0.5940000000000001,14.450999999999997,0.25352631578947366,0.02055149984430681,0.4999827007577065,6.650085485379587e-05
46,3.0,0.196,60.0,0.012396694214876033,0.24793388429752078,0.5880000000000001,15.038999999999998,0.25065,0.02034390893678856,0.5203266096944951,6.315822183618317e-05
39,3.0,0.184,63.0,0.012396694214876033,0.2603305785123968,0.552,15.590999999999998,0.24747619047619043,0.019098363491679055,0.5394249731861741,4.491237109564551e-05
50,3.0,0.181,66.0,0.012396694214876033,0.2727272727272729,0.5429999999999999,16.133999999999997,0.2444545454545454,0.018786977130401675,0.5582119503165758,4.0835715740458923e-05
44,3.0,0.181,69.0,0.012396694214876033,0.2851239669421489,0.5429999999999999,16.676999999999996,0.24169565217391298,0.018786977130401675,0.5769989274469774,4.0835715740458923e-05
48,3.0,0.179,72.0,0.012396694214876033,0.29752066115702497,0.5369999999999999,17.213999999999995,0.23908333333333326,0.018579386222883423,0.5955783136698609,3.822568046587849e-05
53,3.0,0.172,75.0,0.012396694214876033,0.309917355371901,0.516,17.729999999999997,0.23639999999999997,0.01785281804656955,0.6134311317164305,2.9769287266773925e-05
68,3.0,0.17,78.0,0.012396694214876033,0.32231404958677706,0.51,18.24,0.23384615384615381,0.0176452271390513,0.6310763588554817,2.7547097856151783e-05
40,3.0,0.161,81.0,0.012396694214876033,0.3347107438016531,0.483,18.723,0.23114814814814813,0.016711068055219172,0.6477874269107009,1.8613821634237206e-05
49,3.0,0.16,84.0,0.012396694214876033,0.34710743801652916,0.48,19.203,0.22860714285714284,0.016607272601460044,0.6643946995121609,1.772897034956843e-05
43,3.0,0.16,87.0,0.012396694214876033,0.3595041322314052,0.48,19.683,0.22624137931034483,0.016607272601460044,0.6810019721136209,1.772897034956843e-05
51,3.0,0.155,90.0,0.012396694214876033,0.37190082644628125,0.46499999999999997,20.148,0.22386666666666666,0.01608829533266442,0.6970902674462853,1.3627918812856463e-05
58,3.0,0.152,93.0,0.012396694214876033,0.3842975206611573,0.45599999999999996,20.604,0.22154838709677419,0.015776908971387043,0.7128671764176724,1.1425851800134787e-05
63,3.0,0.152,96.0,0.012396694214876033,0.39669421487603335,0.45599999999999996,21.06,0.219375,0.015776908971387043,0.7286440853890594,1.1425851800134787e-05
55,3.0,0.15,99.0,0.012396694214876033,0.4090909090909094,0.44999999999999996,21.509999999999998,0.21727272727272726,0.015569318063868793,0.7442134034529282,1.0065542087197633e-05
66,3.0,0.149,102.0,0.012396694214876033,0.42148760330578544,0.44699999999999995,21.956999999999997,0.2152647058823529,0.015465522610109667,0.7596789260630379,9.417707719392242e-06
77,3.0,0.135,105.0,0.012396694214876033,0.4338842975206615,0.405,22.362,0.21297142857142856,0.014012386257481916,0.7736913123205198,2.610460776539966e-06
65,3.0,0.135,108.0,0.012396694214876033,0.44628099173553754,0.405,22.767,0.21080555555555555,0.014012386257481916,0.7877036985780017,2.610460776539966e-06
23,3.0,0.115,111.0,0.012396694214876033,0.4586776859504136,0.34500000000000003,23.112,0.2082162162162162,0.011936477182299409,0.7996401757603011,2.117997170736339e-07
72,3.0,0.108,114.0,0.012396694214876033,0.47107438016528963,0.324,23.436,0.20557894736842106,0.011209909005985532,0.8108500847662866,1.4084591320412733e-06
56,3.0,0.105,117.0,0.012396694214876033,0.4834710743801657,0.315,23.751,0.203,0.010898522644708156,0.8217486074109948,2.2445180536592864e-06
57,3.0,0.104,120.0,0.012396694214876033,0.4958677685950417,0.312,24.063000000000002,0.200525,0.01079472719094903,0.8325433346019437,2.5662983457495417e-06
70,3.0,0.096,123.0,0.012396694214876033,0.5082644628099178,0.28800000000000003,24.351000000000003,0.19797560975609757,0.009964363560876028,0.8425076981628198,5.916232410388093e-06
73,3.0,0.095,126.0,0.012396694214876033,0.5206611570247938,0.28500000000000003,24.636000000000003,0.19552380952380954,0.009860568107116904,0.8523682662699367,6.431935634457479e-06
78,3.0,0.094,129.0,0.012396694214876033,0.5330578512396698,0.28200000000000003,24.918000000000003,0.19316279069767445,0.009756772653357778,0.8621250389232944,6.969185850968988e-06
30,3.0,0.091,132.0,0.012396694214876033,0.5454545454545457,0.273,25.191000000000003,0.19084090909090912,0.009445386292080402,0.8715704252153748,8.71021845515627e-06
79,3.0,0.09,135.0,0.012396694214876033,0.5578512396694217,0.27,25.461000000000002,0.18860000000000002,0.009341590838321277,0.8809120160536961,9.333656641436282e-06
64,3.0,0.089,138.0,0.012396694214876033,0.5702479338842977,0.267,25.728,0.18643478260869567,0.009237795384562151,0.8901498114382582,9.978641820158418e-06
80,2.0,0.089,140.0,0.008264462809917356,0.5785123966942151,0.178,25.906000000000002,0.18504285714285715,0.006158530256374767,0.896308341694633,4.434951920070409e-06
26,3.0,0.088,143.0,0.012396694214876033,0.590909090909091,0.264,26.17,0.18300699300699302,0.009133999930803025,0.905442341625436,1.0645173991322681e-05
71,3.0,0.082,146.0,0.012396694214876033,0.603305785123967,0.246,26.416,0.18093150684931508,0.008511227208248274,0.9139535688336843,1.5096853859592881e-05
74,3.0,0.072,149.0,0.012396694214876033,0.615702479338843,0.21599999999999997,26.632,0.17873825503355706,0.00747327267065702,0.9214268415043413,2.4240079702079932e-05
75,3.0,0.072,152.0,0.012396694214876033,0.628099173553719,0.21599999999999997,26.848000000000003,0.17663157894736844,0.00747327267065702,0.9289001141749983,2.4240079702079932e-05
76,3.0,0.071,155.0,0.012396694214876033,0.640495867768595,0.21299999999999997,27.061000000000003,0.17458709677419357,0.007369477216897895,0.9362695913918961,2.5272910744760326e-05
69,3.0,0.07,158.0,0.012396694214876033,0.652892561983471,0.21000000000000002,27.271000000000004,0.17260126582278484,0.007265681763138771,0.9435352731550349,2.632728877988283e-05
21,3.0,0.06,161.0,0.012396694214876033,0.665289256198347,0.18,27.451000000000004,0.17050310559006213,0.006227727225547517,0.9497630003805825,3.805615371542494e-05
24,3.0,0.054,164.0,0.012396694214876033,0.677685950413223,0.162,27.613000000000003,0.1683719512195122,0.005604954502992766,0.9553679548835753,4.61277283139722e-05
9,3.0,0.043,167.0,0.012396694214876033,0.690082644628099,0.129,27.742000000000004,0.16611976047904195,0.0044632045116423874,0.9598311593952177,6.294025887131428e-05
25,3.0,0.038,170.0,0.012396694214876033,0.702479338842975,0.11399999999999999,27.856000000000005,0.1638588235294118,0.003944227242846761,0.9637753866380644,7.144419791324572e-05
29,3.0,0.035,173.0,0.012396694214876033,0.714876033057851,0.10500000000000001,27.961000000000006,0.16162427745664742,0.0036328408815693857,0.9674082275196337,7.680512524771005e-05
19,3.0,0.034,176.0,0.012396694214876033,0.727272727272727,0.10200000000000001,28.063000000000006,0.15944886363636368,0.00352904542781026,0.970937272947444,7.863519501074907e-05
20,3.0,0.034,179.0,0.012396694214876033,0.739669421487603,0.10200000000000001,28.165000000000006,0.15734636871508384,0.00352904542781026,0.9744663183752543,7.863519501074907e-05
7,3.0,0.032,182.0,0.012396694214876033,0.7520661157024789,0.096,28.261000000000006,0.1552802197802198,0.0033214545202920093,0.9777877728955463,8.235997551415353e-05
27,3.0,0.028,185.0,0.012396694214876033,0.7644628099173549,0.084,28.345000000000006,0.15321621621621626,0.002906272705255508,0.9806940456008018,9.006810043026795e-05
16,3.0,0.027,188.0,0.012396694214876033,0.7768595041322309,0.081,28.426000000000005,0.1512021276595745,0.002802477251496383,0.9834965228522982,9.204899914040184e-05
22,3.0,0.024,191.0,0.012396694214876033,0.7892561983471069,0.07200000000000001,28.498000000000005,0.1492041884816754,0.002491090890219007,0.9859876137425172,9.812097722545632e-05
4,3.0,0.023,194.0,0.012396694214876033,0.8016528925619829,0.069,28.567000000000004,0.14725257731958766,0.002387295436459882,0.9883749091789771,0.00010018806390535873
8,3.0,0.015,197.0,0.012396694214876033,0.8140495867768589,0.045,28.612000000000005,0.14523857868020307,0.0015569318063868793,0.9899318409853639,0.0001175004490724946
15,3.0,0.014,200.0,0.012396694214876033,0.8264462809917349,0.042,28.654000000000007,0.14327000000000004,0.001453136352627754,0.9913849773379917,0.00011976145868437613
6,3.0,0.01,203.0,0.012396694214876033,0.8388429752066109,0.03,28.684000000000008,0.1413004926108375,0.0010379545375912528,0.992422931875583,0.0001290209670563236
18,2.999999999999993,0.01,206.0,0.012396694214876004,0.8512396694214869,0.02999999999999993,28.71400000000001,0.13938834951456316,0.0010379545375912504,0.9934608864131742,0.00012902096705632297
28,3.0,0.009,209.0,0.012396694214876033,0.8636363636363629,0.026999999999999996,28.74100000000001,0.13751674641148331,0.0009341590838321275,0.9943950454970063,0.00013138971163041574
12,3.0,0.008,212.0,0.012396694214876033,0.8760330578512389,0.024,28.76500000000001,0.135683962264151,0.0008303636300730023,0.9952254091270794,0.00013378000319695004
10,3.0,0.007,215.0,0.012396694214876033,0.8884297520661149,0.021,28.786000000000012,0.13388837209302332,0.000726568176313877,0.9959519773033932,0.00013619184175592643
5,3.0,0.006,218.0,0.012396694214876033,0.9008264462809908,0.018000000000000002,28.804000000000013,0.13212844036697252,0.0006227727225547518,0.996574750025948,0.000138625227307345
13,3.0,0.006,221.0,0.012396694214876033,0.9132231404958668,0.018000000000000002,28.822000000000013,0.13041628959276025,0.0006227727225547518,0.9971975227485027,0.000138625227307345
11,3.0,0.006,224.0,0.012396694214876033,0.9256198347107428,0.018000000000000002,28.840000000000014,0.12875000000000006,0.0006227727225547518,0.9978202954710574,0.000138625227307345
14,3.0,0.006,227.0,0.012396694214876033,0.9380165289256188,0.018000000000000002,28.858000000000015,0.12712775330396484,0.0006227727225547518,0.9984430681936122,0.000138625227307345
2,3.0000000000000018,0.004,230.0,0.01239669421487604,0.9504132231404948,0.012000000000000007,28.870000000000015,0.12552173913043485,0.00041518181503650143,0.9988582500086487,0.00014355663938750863
17,3.0,0.004,233.0,0.012396694214876033,0.9628099173553708,0.012,28.882000000000016,0.12395708154506445,0.00041518181503650116,0.9992734318236852,0.00014355663938750847
3,3.0,0.003,236.0,0.012396694214876033,0.9752066115702468,0.009000000000000001,28.891000000000016,0.1224194915254238,0.0003113863612773759,0.9995848181849626,0.00014605466591625338
1,3.0,0.002,239.0,0.012396694214876033,0.9876033057851228,0.006,28.897000000000016,0.12090794979079504,0.00020759090751825058,0.9997924090924808,0.00014857423943744045
0,3.0,0.002,242.0,0.012396694214876033,0.9999999999999988,0.006,28.903000000000016,0.11943388429752073,0.00020759090751825058,0.999999999999999,0.00014857423943744045
