,weight,grade,cml_weight,weight_pct,cml_weight_pct,yield,cml_yield,cml_grade,recovery,cml_recovery,distributional_heterogeneity
63,0.5,0.58,0.5,0.0010269049086054631,0.0010269049086054631,0.29,0.29,0.58,0.009486052232166213,0.009486052232166213,7.155717344170503e-05
152,1.3000000000000114,0.285,1.8000000000000114,0.0026699527623742277,0.0036968576709796907,0.3705000000000032,0.6605000000000032,0.3669444444444439,0.012119249489715907,0.02160530172188212,8.928920864135016e-05
182,3.0,0.258,4.800000000000011,0.006161429451632779,0.009858287122612469,0.774,1.4345000000000032,0.29885416666666664,0.025317946302402243,0.04692324802428437,0.00036697213785381443
193,2.1999999999999886,0.254,7.0,0.0045183815978640145,0.014376668720476483,0.5587999999999971,1.9933000000000003,0.2847571428571429,0.018278641335636045,0.06520188935992041,0.00018934474805095
178,3.0,0.232,10.0,0.006161429451632779,0.020538098172109262,0.6960000000000001,2.6893000000000002,0.26893,0.02276652535719892,0.08796841471711933,0.00027572921003304933
173,3.0,0.229,13.0,0.006161429451632779,0.02669952762374204,0.687,3.3763000000000005,0.2597153846153847,0.022472130632752378,0.11044054534987172,0.00026603897301977637
154,1.0,0.225,14.0,0.0020538098172109263,0.02875333744095297,0.225,3.6013000000000006,0.25723571428571435,0.0073598681111634425,0.11780041346103516,2.8154254618822295e-05
183,3.0,0.2,17.0,0.006161429451632779,0.03491476689258575,0.6000000000000001,4.201300000000001,0.2471352941176471,0.019626314963102517,0.13742672842413767,0.00018130314183698758
174,3.0,0.2,20.0,0.006161429451632779,0.041076196344218524,0.6000000000000001,4.801300000000001,0.24006500000000006,0.019626314963102517,0.1570530433872402,0.00018130314183698758
113,1.3999999999999773,0.2,21.399999999999977,0.00287533374409525,0.043951530088313776,0.2799999999999955,5.081299999999997,0.23744392523364496,0.009158946982781024,0.1662119903700212,3.948379533338712e-05
190,3.0,0.2,24.399999999999977,0.006161429451632779,0.05011295953994656,0.6000000000000001,5.681299999999997,0.2328401639344263,0.019626314963102517,0.18583830533312373,0.00018130314183698758
185,3.0,0.188,27.399999999999977,0.006161429451632779,0.05627438899157934,0.5640000000000001,6.245299999999997,0.22793065693430664,0.018448736065316364,0.2042870413984401,0.0001509779038186723
177,3.0,0.169,30.399999999999977,0.006161429451632779,0.062435818443212124,0.507,6.752299999999996,0.2221151315789474,0.016584236143821623,0.2208712775422617,0.0001086348993427366
180,3.0,0.165,33.39999999999998,0.006161429451632779,0.0685972478948449,0.495,7.2472999999999965,0.2169850299401198,0.016191709844559574,0.2370629873868213,0.00010060652476073171
153,0.6999999999999886,0.162,34.099999999999966,0.001437666872047625,0.07003491476689253,0.11339999999999816,7.360699999999994,0.21585630498533728,0.0037093735280263147,0.2407723609148476,5.160651130817881e-06
191,3.0,0.158,37.099999999999966,0.006161429451632779,0.07619634421852531,0.474,7.8346999999999944,0.21117789757412403,0.015504788820850985,0.2562771497356986,8.729836430235765e-05
192,3.0,0.154,40.099999999999966,0.006161429451632779,0.08235777367015809,0.46199999999999997,8.296699999999994,0.20690024937655863,0.015112262521588935,0.2713894122572875,8.011741264622075e-05
186,3.0,0.146,43.099999999999966,0.006161429451632779,0.08851920312179087,0.43799999999999994,8.734699999999995,0.20266125290023207,0.014327209923064833,0.2857166221803524,6.667997070762111e-05
136,3.0,0.146,46.099999999999966,0.006161429451632779,0.09468063257342366,0.43799999999999994,9.172699999999995,0.19897396963123648,0.014327209923064833,0.30004383210341723,6.667997070762111e-05
171,3.0,0.144,49.099999999999966,0.006161429451632779,0.10084206202505644,0.43199999999999994,9.604699999999996,0.19561507128309577,0.014130946773433808,0.314174778876851,6.351320634248666e-05
143,3.0,0.14,52.099999999999966,0.006161429451632779,0.10700349147668922,0.42000000000000004,10.024699999999996,0.19241266794625725,0.01373842047417176,0.3279131993510228,5.741079295563633e-05
144,3.0,0.138,55.099999999999966,0.006161429451632779,0.113164920928322,0.41400000000000003,10.438699999999995,0.18945009074410166,0.013542157324540735,0.34145535667556354,5.44751439339204e-05
165,1.0,0.137,56.099999999999966,0.0020538098172109263,0.11521873074553293,0.137,10.575699999999996,0.18851515151515155,0.004481341916575074,0.3459366985921386,5.892912093443308e-06
170,3.0,0.136,59.099999999999966,0.006161429451632779,0.12138016019716572,0.40800000000000003,10.983699999999995,0.18584940778341796,0.01334589417490971,0.3592825927670483,5.161653336001067e-05
142,3.0,0.133,62.099999999999966,0.006161429451632779,0.1275415896487985,0.399,11.382699999999996,0.18329629629629635,0.013051499450463171,0.3723340922175115,4.747306458878266e-05
146,3.0,0.132,65.09999999999997,0.006161429451632779,0.13370301910043128,0.396,11.778699999999997,0.1809324116743472,0.012953367875647659,0.3852874600931592,4.613042755560973e-05
172,3.0,0.123,68.09999999999997,0.006161429451632779,0.13986444855206406,0.369,12.147699999999997,0.1783803230543319,0.012070183702308045,0.39735764379546723,3.491337679487303e-05
184,3.0,0.122,71.09999999999997,0.006161429451632779,0.14602587800369685,0.366,12.513699999999996,0.17600140646976092,0.011972052127492533,0.40932969592295976,3.376333588121557e-05
179,3.0,0.12,74.09999999999997,0.006161429451632779,0.15218730745532963,0.36,12.873699999999996,0.17373414304993254,0.011775788977861508,0.4211054849008213,3.1521032889755276e-05
79,1.5,0.12,75.59999999999997,0.0030807147258163897,0.15526802218114602,0.18,13.053699999999996,0.17266798941798944,0.005887894488930754,0.426993379389752,7.880258222438819e-06
129,3.0,0.12,78.59999999999997,0.006161429451632779,0.1614294516327788,0.36,13.413699999999995,0.17065776081424938,0.011775788977861508,0.43876916836761354,3.1521032889755276e-05
135,3.0,0.12,81.59999999999997,0.006161429451632779,0.16759088108441159,0.36,13.773699999999995,0.16879534313725492,0.011775788977861508,0.45054495734547506,3.1521032889755276e-05
187,3.0,0.119,84.59999999999997,0.006161429451632779,0.17375231053604437,0.357,14.130699999999994,0.16702955082742316,0.011677657403045995,0.46222261474852105,3.0428770811952445e-05
137,3.0,0.119,87.59999999999997,0.006161429451632779,0.17991373998767715,0.357,14.487699999999993,0.16538470319634702,0.011677657403045995,0.47390027215156705,3.0428770811952445e-05
1,1.5,0.118,89.09999999999997,0.0030807147258163897,0.18299445471349354,0.177,14.664699999999993,0.16458698092031424,0.005789762914115241,0.4796900350656823,7.33894208652529e-06
141,3.0,0.116,92.09999999999997,0.006161429451632779,0.18915588416512633,0.34800000000000003,15.012699999999993,0.1630043431053203,0.01138326267859946,0.49107329774428177,2.7267542250253242e-05
164,3.0,0.11,95.09999999999997,0.006161429451632779,0.1953173136167591,0.33,15.342699999999994,0.1613322818086225,0.010794473229706383,0.5018677709739882,2.146509464954653e-05
149,1.5,0.11,96.59999999999997,0.0030807147258163897,0.1983980283425755,0.165,15.507699999999993,0.16053519668737057,0.0053972366148531915,0.5072650075888413,5.3662736623866326e-06
169,1.5,0.11,98.09999999999997,0.0030807147258163897,0.2014787430683919,0.165,15.672699999999992,0.15976248725790007,0.0053972366148531915,0.5126622442036944,5.3662736623866326e-06
134,3.0,0.108,101.09999999999997,0.006161429451632779,0.20764017252002467,0.324,15.996699999999992,0.15822650840751729,0.010598210080075358,0.5232604542837698,1.9685022344923318e-05
139,3.0,0.106,104.09999999999997,0.006161429451632779,0.21380160197165746,0.318,16.31469999999999,0.1567214217098943,0.010401946930444333,0.5336624012142142,1.798198848810629e-05
151,1.1000000000000227,0.106,105.19999999999999,0.002259190798932066,0.2160607927705895,0.11660000000000241,16.431299999999993,0.1561910646387832,0.003814047207829667,0.5374764484220438,2.417578452289945e-06
53,0.4000000000000057,0.102,105.6,0.0008215239268843822,0.2168823166974739,0.04080000000000058,16.472099999999994,0.1559857954545454,0.0013345894174909899,0.5388110378395348,2.632361976513989e-07
140,3.0,0.098,108.6,0.006161429451632779,0.2230437461491067,0.29400000000000004,16.766099999999994,0.15438397790055244,0.009616894331920233,0.548427932171455,1.194023753889998e-05
150,1.5,0.098,110.1,0.0030807147258163897,0.22612446087492308,0.14700000000000002,16.913099999999993,0.15361580381471385,0.004808447165960117,0.5532363793374151,2.985059384724995e-06
160,3.0,0.097,113.1,0.006161429451632779,0.23228589032655586,0.29100000000000004,17.204099999999993,0.15211405835543762,0.009518762757104721,0.5627551420945198,1.1271686924031145e-05
175,3.0,0.094,116.1,0.006161429451632779,0.23844731977818864,0.28200000000000003,17.486099999999993,0.15061240310077514,0.009224368032658182,0.571979510127178,9.381592751133905e-06
126,3.0,0.091,119.1,0.006161429451632779,0.24460874922982143,0.273,17.759099999999993,0.14911083123425686,0.008929973308211644,0.5809094834353896,7.66483508580057e-06
181,3.0,0.088,122.1,0.006161429451632779,0.2507701786814542,0.264,18.023099999999992,0.14760933660933656,0.008635578583765107,0.5895450620191547,6.121413928031144e-06
155,0.6999999999999886,0.088,122.79999999999998,0.001437666872047625,0.2522078455535018,0.061599999999998996,18.08469999999999,0.14726954397394132,0.002014968336211825,0.5915600303553665,3.332769805261292e-07
176,3.0,0.087,125.79999999999998,0.006161429451632779,0.25836927500513457,0.261,18.34569999999999,0.14583227344992045,0.008537447008949593,0.6000974773643161,5.645459432677758e-06
188,3.0,0.085,128.79999999999998,0.006161429451632779,0.26453070445676735,0.255,18.60069999999999,0.1444153726708074,0.008341183859318568,0.6084386612236347,4.751329277825628e-06
167,0.39999999999997726,0.082,129.19999999999996,0.0008215239268843239,0.2653522283836517,0.032799999999998136,18.633499999999987,0.14422213622291016,0.0010729052179828764,0.6095115664416175,6.319255351437524e-08
55,0.5,0.082,129.69999999999996,0.0010269049086054631,0.26637913329225715,0.041,18.674499999999988,0.14398226676946796,0.0013411315224786718,0.6108526979640962,9.873836486622254e-08
162,3.0,0.081,132.69999999999996,0.006161429451632779,0.27254056274388994,0.243,18.917499999999986,0.14255840241145434,0.007948657560056518,0.6188013555241527,3.1941843115398965e-06
158,3.0,0.08,135.69999999999996,0.006161429451632779,0.2787019921955227,0.24,19.157499999999985,0.1411753868828297,0.007850525985241006,0.6266518815093938,2.8530470998473263e-06
34,0.29999999999999716,0.08,135.99999999999994,0.000616142945163272,0.279318135140686,0.02399999999999977,19.181499999999986,0.14104044117647055,0.0007850525985240931,0.6274369341079179,2.8530470998472723e-08
145,3.0,0.076,138.99999999999994,0.006161429451632779,0.28547956459231877,0.22799999999999998,19.409499999999987,0.139636690647482,0.007457999685978954,0.6348949337938968,1.6810943725924974e-06
147,3.0,0.076,141.99999999999994,0.006161429451632779,0.29164099404395155,0.22799999999999998,19.63749999999999,0.13829225352112673,0.007457999685978954,0.6423529334798758,1.6810943725924974e-06
159,3.0,0.074,144.99999999999994,0.006161429451632779,0.29780242349558433,0.22199999999999998,19.85949999999999,0.13696206896551721,0.007261736536347929,0.6496146700162237,1.2106756806743534e-06
71,3.0,0.072,147.99999999999994,0.006161429451632779,0.3039638529472171,0.21599999999999997,20.07549999999999,0.13564527027027026,0.007065473386716904,0.6566801434029407,8.172954365623899e-07
161,3.0,0.072,150.99999999999994,0.006161429451632779,0.3101252823988499,0.21599999999999997,20.291499999999992,0.13438079470198674,0.007065473386716904,0.6637456167896576,8.172954365623899e-07
124,3.0,0.071,153.99999999999994,0.006161429451632779,0.3162867118504827,0.21299999999999997,20.504499999999993,0.1331461038961039,0.006967341811901391,0.670712958601559,6.49494732433726e-07
54,1.0999999999999943,0.07,155.09999999999994,0.0022591907989320073,0.3185459026494147,0.07699999999999961,20.58149999999999,0.13269825918762088,0.00251871042026481,0.6732316690218239,6.735043385672118e-08
189,3.0,0.07,158.09999999999994,0.006161429451632779,0.32470733210104746,0.21000000000000002,20.791499999999992,0.13150853889943073,0.00686921023708588,0.6801008792589097,5.00953640256609e-07
51,0.5,0.068,158.59999999999994,0.0010269049086054631,0.3257342370096529,0.034,20.82549999999999,0.13130832282471627,0.0011121578479091425,0.6812130371068189,7.268063659916831e-09
73,3.0,0.066,161.59999999999994,0.006161429451632779,0.3318956664612857,0.198,21.02349999999999,0.13009591584158414,0.0064766839378238295,0.6876897210446428,9.938539106358335e-08
138,3.0,0.065,164.59999999999994,0.006161429451632779,0.3380570959129185,0.195,21.21849999999999,0.12890947752126367,0.006378552363008317,0.6940682734076511,4.7142358644189714e-08
101,2.0999999999999943,0.064,166.69999999999993,0.0043130006161429335,0.3423700965290614,0.13439999999999963,21.35289999999999,0.12809178164367127,0.004396294551734951,0.698464567959386,6.9378797064071586e-09
106,3.0,0.062,169.69999999999993,0.006161429451632779,0.3485315259806942,0.186,21.53889999999999,0.12692339422510313,0.006084157638561779,0.7045487255979478,5.970933095279567e-09
98,2.1999999999999886,0.062,171.89999999999992,0.0045183815978640145,0.3530499075785582,0.1363999999999993,21.67529999999999,0.12609249563699826,0.004461715601611948,0.7090104411995597,3.2110351312392006e-09
148,3.0,0.061,174.89999999999992,0.006161429451632779,0.359211337030191,0.183,21.85829999999999,0.12497598627787307,0.005986026063746266,0.714996467263306,3.076634848206641e-08
68,3.0,0.06,177.89999999999992,0.006161429451632779,0.36537276648182376,0.18,22.03829999999999,0.12388026981450252,0.005887894488930754,0.7208843617522368,7.482137582039837e-08
163,3.0,0.06,180.89999999999992,0.006161429451632779,0.37153419593345655,0.18,22.21829999999999,0.12282089552238805,0.005887894488930754,0.7267722562411676,7.482137582039837e-08
103,3.0,0.056,183.89999999999992,0.006161429451632779,0.37769562538508933,0.168,22.386299999999988,0.12173083197389885,0.005495368189668704,0.7322676244308363,4.436376046891765e-07
104,3.0,0.056,186.89999999999992,0.006161429451632779,0.3838570548367221,0.168,22.554299999999987,0.12067576243980736,0.005495368189668704,0.7377629926205049,4.436376046891765e-07
133,3.0,0.053,189.89999999999992,0.006161429451632779,0.3900184842883549,0.159,22.713299999999986,0.11960663507109003,0.005200973465222167,0.7429639660857271,9.224757018319839e-07
125,3.0,0.053,192.89999999999992,0.006161429451632779,0.3961799137399877,0.159,22.872299999999985,0.11857076205287712,0.005200973465222167,0.7481649395509493,9.224757018319839e-07
108,3.0,0.051,195.89999999999992,0.006161429451632779,0.40234134319162046,0.153,23.025299999999984,0.11753598774885142,0.005004710315591141,0.7531696498665404,1.3379991596849146e-06
100,3.0,0.051,198.89999999999992,0.006161429451632779,0.40850277264325324,0.153,23.178299999999982,0.11653242835595773,0.005004710315591141,0.7581743601821316,1.3379991596849146e-06
128,3.0,0.051,201.89999999999992,0.006161429451632779,0.414664202094886,0.153,23.33129999999998,0.11555869242199103,0.005004710315591141,0.7631790704977227,1.3379991596849146e-06
110,3.0,0.05,204.89999999999992,0.006161429451632779,0.4208256315465188,0.15000000000000002,23.48129999999998,0.11459882869692528,0.004906578740775629,0.7680856492384983,1.5746503065386959e-06
105,3.0,0.049,207.89999999999992,0.006161429451632779,0.4269870609981516,0.14700000000000002,23.628299999999978,0.11365223665223659,0.004808447165960117,0.7728940964044584,1.830561065344024e-06
111,3.0,0.048,210.89999999999992,0.006161429451632779,0.4331484904497844,0.14400000000000002,23.772299999999976,0.11271834992887618,0.004710315591144603,0.777604411995603,2.105731436100897e-06
130,3.0,0.048,213.89999999999992,0.006161429451632779,0.43930991990141716,0.14400000000000002,23.916299999999975,0.11181065918653568,0.004710315591144603,0.7823147275867477,2.105731436100897e-06
69,3.0,0.048,216.89999999999992,0.006161429451632779,0.44547134935304994,0.14400000000000002,24.060299999999973,0.11092807745504833,0.004710315591144603,0.7870250431778923,2.105731436100897e-06
132,3.0,0.047,219.89999999999992,0.006161429451632779,0.4516327788046827,0.14100000000000001,24.201299999999975,0.11005593451568887,0.004612184016329091,0.7916372271942215,2.400161418809315e-06
114,3.0,0.046,222.89999999999992,0.006161429451632779,0.4577942082563155,0.138,24.339299999999977,0.10919380888290707,0.0045140524415135785,0.7961512796357351,2.7138510134692787e-06
72,3.0,0.046,225.89999999999992,0.006161429451632779,0.4639556377079483,0.138,24.47729999999998,0.10835458167330672,0.0045140524415135785,0.8006653320772487,2.7138510134692787e-06
86,0.39999999999997726,0.046,226.2999999999999,0.0008215239268843239,0.4647771616348326,0.018399999999998955,24.495699999999978,0.108244365885992,0.0006018736588684429,0.8012672057361171,4.824624023944836e-08
118,3.0,0.046,229.2999999999999,0.006161429451632779,0.4709385910864654,0.138,24.63369999999998,0.10743000436109895,0.0045140524415135785,0.8057812581776307,2.7138510134692787e-06
123,3.0,0.046,232.2999999999999,0.006161429451632779,0.4771000205380982,0.138,24.77169999999998,0.10663667671114935,0.0045140524415135785,0.8102953106191443,2.7138510134692787e-06
62,2.299999999999983,0.046,234.59999999999988,0.0047237625795850955,0.4818237831176833,0.10579999999999921,24.87749999999998,0.10604219948849102,0.0034607735384937174,0.813756084157638,1.595141317916919e-06
115,3.0,0.045,237.59999999999988,0.006161429451632779,0.4879852125693161,0.135,25.01249999999998,0.10527146464646463,0.004415920866698066,0.8181720050243361,3.0468002200807868e-06
0,1.5,0.045,239.09999999999988,0.0030807147258163897,0.4910659272951325,0.0675,25.07999999999998,0.10489335006273523,0.002207960433349033,0.8203799654576851,7.617000550201967e-07
65,3.0,0.045,242.09999999999988,0.006161429451632779,0.49722735674676527,0.135,25.214999999999982,0.10415117719950431,0.004415920866698066,0.8247958863243832,3.0468002200807868e-06
156,3.0,0.044,245.09999999999988,0.006161429451632779,0.503388786198398,0.132,25.346999999999984,0.10341493268053854,0.0043177892918825535,0.8291136756162657,3.3990090386438407e-06
96,3.0,0.044,248.09999999999988,0.006161429451632779,0.5095502156500308,0.132,25.478999999999985,0.10269649334945585,0.0043177892918825535,0.8334314649081482,3.3990090386438407e-06
87,3.0,0.043,251.09999999999988,0.006161429451632779,0.5157116451016636,0.129,25.607999999999986,0.10198327359617682,0.00421965771706704,0.8376511226252152,3.7704774691584393e-06
95,3.0,0.042,254.09999999999988,0.006161429451632779,0.5218730745532963,0.126,25.733999999999988,0.10127508854781582,0.004121526142251528,0.8417726487674667,4.16120551162458e-06
157,3.0,0.042,257.0999999999999,0.006161429451632779,0.5280345040049291,0.126,25.85999999999999,0.10058343057176196,0.004121526142251528,0.8458941749097182,4.16120551162458e-06
117,3.0,0.042,260.0999999999999,0.006161429451632779,0.5341959334565619,0.126,25.98599999999999,0.09990772779700115,0.004121526142251528,0.8500157010519697,4.16120551162458e-06
109,3.0,0.042,263.0999999999999,0.006161429451632779,0.5403573629081947,0.126,26.11199999999999,0.09924743443557582,0.004121526142251528,0.8541372271942211,4.16120551162458e-06
97,3.0,0.042,266.0999999999999,0.006161429451632779,0.5465187923598275,0.126,26.237999999999992,0.09860202931228862,0.004121526142251528,0.8582587533364726,4.16120551162458e-06
107,3.0,0.041,269.0999999999999,0.006161429451632779,0.5526802218114603,0.123,26.360999999999994,0.0979598662207358,0.004023394567436015,0.8622821479039087,4.571193166042269e-06
112,1.5,0.041,270.5999999999999,0.0030807147258163897,0.5557609365372767,0.0615,26.422499999999992,0.09764412416851442,0.0020116972837180076,0.8642938451876266,1.1427982915105673e-06
120,3.0,0.04,273.5999999999999,0.006161429451632779,0.5619223659889094,0.12,26.542499999999993,0.09701206140350878,0.003925262992620503,0.8682191081802472,5.000440432411503e-06
35,3.0,0.04,276.5999999999999,0.006161429451632779,0.5680837954405422,0.12,26.662499999999994,0.09639370932754882,0.003925262992620503,0.8721443711728677,5.000440432411503e-06
127,3.0,0.039,279.5999999999999,0.006161429451632779,0.574245224892175,0.11699999999999999,26.779499999999995,0.09577789699570817,0.00382713141780499,0.8759715025906727,5.4489473107322815e-06
66,3.0,0.039,282.5999999999999,0.006161429451632779,0.5804066543438078,0.11699999999999999,26.896499999999996,0.09517515923566881,0.00382713141780499,0.8797986340084777,5.4489473107322815e-06
94,3.0,0.037,285.5999999999999,0.006161429451632779,0.5865680837954406,0.11099999999999999,27.007499999999997,0.09456407563025213,0.0036308682681739646,0.8834295022766516,6.403739903228476e-06
91,3.0,0.035,288.5999999999999,0.006161429451632779,0.5927295132470733,0.10500000000000001,27.112499999999997,0.09394490644490647,0.00343460511854294,0.8868641073951946,7.4355709435308455e-06
131,3.0,0.035,291.5999999999999,0.006161429451632779,0.5988909426987061,0.10500000000000001,27.217499999999998,0.09333847736625517,0.00343460511854294,0.8902987125137376,7.4355709435308455e-06
44,0.7999999999999972,0.035,292.3999999999999,0.0016430478537687353,0.6005339905524749,0.027999999999999903,27.245499999999996,0.09317886456908346,0.0009158946982781141,0.8912146072120157,5.287517115399675e-07
70,3.0,0.034,295.3999999999999,0.006161429451632779,0.6066954200041077,0.10200000000000001,27.347499999999997,0.09257786052809751,0.0033364735437274276,0.8945510807557432,7.98037588160935e-06
121,3.0,0.034,298.3999999999999,0.006161429451632779,0.6128568494557405,0.10200000000000001,27.449499999999997,0.09198894101876677,0.0033364735437274276,0.8978875542994706,7.98037588160935e-06
57,3.0,0.034,301.3999999999999,0.006161429451632779,0.6190182789073733,0.10200000000000001,27.551499999999997,0.09141174518911746,0.0033364735437274276,0.9012240278431981,7.98037588160935e-06
93,0.700000000000017,0.032,302.0999999999999,0.0014376668720476834,0.620455945779421,0.022400000000000544,27.5739,0.09127408142999009,0.0007327157586225117,0.9019567436018207,4.969560723193895e-07
122,3.0,0.032,305.0999999999999,0.006161429451632779,0.6266173752310538,0.096,27.6699,0.09069124877089481,0.0031402103940964023,0.905096953995917,9.127764593620994e-06
82,3.0,0.032,308.0999999999999,0.006161429451632779,0.6327788046826865,0.096,27.7659,0.09011976630963975,0.0031402103940964023,0.9082371643900135,9.127764593620994e-06
25,3.0,0.032,311.0999999999999,0.006161429451632779,0.6389402341343193,0.096,27.8619,0.08955930568948893,0.0031402103940964023,0.9113773747841099,9.127764593620994e-06
168,0.6000000000000227,0.032,311.69999999999993,0.0012322858903266024,0.640172520024646,0.019200000000000727,27.8811,0.08944850818094323,0.0006280420788193043,0.9120054168629291,3.6511058374486745e-07
61,0.5,0.031,312.19999999999993,0.0010269049086054631,0.6411994249332514,0.0155,27.8966,0.08935490070467651,0.0005070131365468149,0.9125124299994759,2.702874546542815e-07
64,3.0,0.031,315.19999999999993,0.006161429451632779,0.6473608543848842,0.093,27.9896,0.08879949238578681,0.0030420788192808894,0.9155545088187568,9.730348367554134e-06
92,2.9000000000000057,0.031,318.0999999999999,0.005956048469911698,0.6533169028547959,0.08990000000000017,28.0795,0.0882725558000629,0.002940676191971532,0.9184951850107284,9.092469974570065e-06
99,1.0999999999999943,0.031,319.19999999999993,0.0022591907989320073,0.6555760936537279,0.034099999999999825,28.113599999999998,0.08807518796992482,0.001115428900402987,0.9196106139111313,1.308191280526709e-06
116,3.0,0.03,322.19999999999993,0.006161429451632779,0.6617375231053607,0.09,28.203599999999998,0.0875344506517691,0.002943947244465377,0.9225545611555966,1.0352191753438818e-05
88,3.0,0.03,325.19999999999993,0.006161429451632779,0.6678989525569935,0.09,28.293599999999998,0.08700369003690038,0.002943947244465377,0.925498508400062,1.0352191753438818e-05
60,1.3000000000000114,0.028,326.49999999999994,0.0026699527623742277,0.6705689053193677,0.03640000000000032,28.33,0.08676875957120982,0.001190663107761563,0.9266891715078236,2.1882978822440573e-06
90,3.0,0.028,329.49999999999994,0.006161429451632779,0.6767303347710005,0.084,28.413999999999998,0.08623368740515934,0.002747684094834352,0.929436855602658,1.1653657361062824e-05
67,3.0,0.028,332.49999999999994,0.006161429451632779,0.6828917642226333,0.084,28.497999999999998,0.08570827067669173,0.002747684094834352,0.9321845396974924,1.1653657361062824e-05
59,3.0,0.027,335.49999999999994,0.006161429451632779,0.6890531936742661,0.081,28.578999999999997,0.08518330849478391,0.0026495525200188395,0.9348340922175112,1.2333279582802144e-05
77,3.0,0.026,338.49999999999994,0.006161429451632779,0.6952146231258989,0.078,28.656999999999996,0.08465878877400296,0.0025514209452033266,0.9373855131627146,1.3032161416493009e-05
119,3.0,0.026,341.49999999999994,0.006161429451632779,0.7013760525775317,0.078,28.734999999999996,0.08414348462664714,0.0025514209452033266,0.9399369341079179,1.3032161416493009e-05
40,3.0,0.026,344.49999999999994,0.006161429451632779,0.7075374820291644,0.078,28.812999999999995,0.08363715529753266,0.0025514209452033266,0.9424883550531212,1.3032161416493009e-05
89,3.0,0.026,347.49999999999994,0.006161429451632779,0.7136989114807972,0.078,28.890999999999995,0.08313956834532374,0.0025514209452033266,0.9450397759983246,1.3032161416493009e-05
102,1.3000000000000114,0.025,348.79999999999995,0.0026699527623742277,0.7163688642431715,0.032500000000000286,28.923499999999994,0.08292287844036697,0.0010630920605013954,0.9461028680588259,2.582001315223251e-06
42,2.200000000000003,0.024,350.99999999999994,0.004518381597864044,0.7208872458410355,0.05280000000000007,28.976299999999995,0.08255356125356125,0.0017271157167530235,0.9478299837755789,7.791165219054482e-06
85,0.700000000000017,0.024,351.69999999999993,0.0014376668720476834,0.7223249127130832,0.01680000000000041,28.993099999999995,0.08243702018765994,0.0005495368189668838,0.9483795205945458,7.887749911853042e-07
24,3.0,0.023,354.69999999999993,0.006161429451632779,0.728486342164716,0.069,29.062099999999994,0.08193431068508598,0.0022570262207567892,0.9506365468153025,1.524436458927487e-05
74,3.0,0.023,357.69999999999993,0.006161429451632779,0.7346477716163488,0.069,29.131099999999993,0.08144003354766564,0.0022570262207567892,0.9528935730360593,1.524436458927487e-05
81,3.0,0.023,360.69999999999993,0.006161429451632779,0.7408092010679815,0.069,29.200099999999992,0.0809539783753812,0.0022570262207567892,0.955150599256816,1.524436458927487e-05
83,1.0,0.021,361.69999999999993,0.0020538098172109263,0.7428630108851925,0.021,29.221099999999993,0.08078822228366049,0.000686921023708588,0.9558375202805246,1.868384973802278e-06
78,1.5,0.02,363.19999999999993,0.0030807147258163897,0.7459437256110089,0.03,29.251099999999994,0.08053716960352422,0.0009813157481551257,0.9568188360286797,4.40747606740516e-06
36,3.0,0.017,366.19999999999993,0.006161429451632779,0.7521051550626416,0.051000000000000004,29.302099999999992,0.08001665756417257,0.0016682367718637138,0.9584870728005433,2.0188780457530312e-05
26,3.0,0.017,369.19999999999993,0.006161429451632779,0.7582665845142744,0.051000000000000004,29.35309999999999,0.0795046045503792,0.0016682367718637138,0.960155309572407,2.0188780457530312e-05
22,0.8999999999999986,0.016,370.0999999999999,0.0018484288354898308,0.7601150133497643,0.014399999999999977,29.36749999999999,0.07935017562820858,0.00047103155911445955,0.9606263411315215,1.8972232569662906e-06
10,3.0,0.016,373.0999999999999,0.006161429451632779,0.7662764428013971,0.048,29.415499999999987,0.07884079335298846,0.0015701051970482011,0.9621964463285697,2.108025841073663e-05
75,3.0,0.015,376.0999999999999,0.006161429451632779,0.7724378722530298,0.045,29.46049999999999,0.07833156075511831,0.0014719736222326885,0.9636684199508024,2.1990995975894495e-05
46,0.29999999999999716,0.015,376.3999999999999,0.000616142945163272,0.7730540151981932,0.004499999999999957,29.46499999999999,0.07828108395324122,0.00014719736222326745,0.9638156173130257,2.1990995975894075e-07
7,3.0,0.015,379.3999999999999,0.006161429451632779,0.779215444649826,0.045,29.50999999999999,0.07778070637849235,0.0014719736222326885,0.9652875909352584,2.1990995975894495e-05
50,2.6999999999999886,0.015,382.0999999999999,0.005545286506469477,0.7847607311562954,0.04049999999999983,29.550499999999992,0.07733708453284481,0.0013247762600094141,0.9666123671952678,1.781270674047439e-05
52,0.30000000000001137,0.015,382.3999999999999,0.0006161429451633012,0.7853768741014587,0.0045000000000001705,29.554999999999993,0.07728817991631799,0.00014719736222327444,0.966759564557491,2.199099597589616e-07
27,3.0,0.014,385.3999999999999,0.006161429451632779,0.7915383035530915,0.042,29.596999999999994,0.07679553710430721,0.001373842047417176,0.9681334066049082,2.2920993153003902e-05
20,3.0,0.014,388.3999999999999,0.006161429451632779,0.7976997330047243,0.042,29.638999999999996,0.07631050463439754,0.001373842047417176,0.9695072486523254,2.2920993153003902e-05
30,3.0,0.013,391.3999999999999,0.006161429451632779,0.8038611624563571,0.039,29.677999999999997,0.07582524271844661,0.0012757104726016633,0.9707829591249271,2.387024994206485e-05
17,3.0,0.013,394.3999999999999,0.006161429451632779,0.8100225919079899,0.039,29.717,0.07534736308316431,0.0012757104726016633,0.9720586695975287,2.387024994206485e-05
84,0.5,0.013,394.8999999999999,0.0010269049086054631,0.8110494968165953,0.0065,29.723499999999998,0.07526842238541404,0.00021261841210027722,0.972271288009629,6.630624983906903e-07
18,3.0,0.013,397.8999999999999,0.006161429451632779,0.8172109262682281,0.039,29.7625,0.07479894445840665,0.0012757104726016633,0.9735469984822307,2.387024994206485e-05
11,3.0,0.013,400.8999999999999,0.006161429451632779,0.8233723557198609,0.039,29.8015,0.07433649289099528,0.0012757104726016633,0.9748227089548324,2.387024994206485e-05
80,3.0,0.012,403.8999999999999,0.006161429451632779,0.8295337851714937,0.036000000000000004,29.837500000000002,0.07387348353552861,0.0011775788977861508,0.9760002878526185,2.4838766343077343e-05
9,3.0,0.012,406.8999999999999,0.006161429451632779,0.8356952146231265,0.036000000000000004,29.873500000000003,0.07341730154829199,0.0011775788977861508,0.9771778667504046,2.4838766343077343e-05
33,3.0999999999999943,0.011,409.9999999999999,0.00636681043335386,0.8420620250564803,0.034099999999999936,29.907600000000002,0.07294536585365856,0.0011154289004029908,0.9782932956508076,2.757700800461742e-05
15,3.0,0.011,412.9999999999999,0.006161429451632779,0.8482234545081131,0.033,29.940600000000003,0.07249539951573852,0.0010794473229706384,0.9793727429737782,2.5826542356041388e-05
41,3.0,0.011,415.9999999999999,0.006161429451632779,0.8543848839597459,0.033,29.973600000000005,0.07205192307692311,0.0010794473229706384,0.9804521902967488,2.5826542356041388e-05
29,3.0,0.011,418.9999999999999,0.006161429451632779,0.8605463134113787,0.033,30.006600000000006,0.07161479713603822,0.0010794473229706384,0.9815316376197194,2.5826542356041388e-05
23,1.8000000000000043,0.011,420.7999999999999,0.0036968576709796763,0.8642431710823584,0.019800000000000047,30.026400000000006,0.07135551330798483,0.0006476683937823845,0.9821793060135018,9.297555248174944e-06
14,3.0,0.011,423.7999999999999,0.006161429451632779,0.8704046005339912,0.033,30.059400000000007,0.07092826805096747,0.0010794473229706384,0.9832587533364724,2.5826542356041388e-05
58,3.0,0.01,426.7999999999999,0.006161429451632779,0.8765660299856239,0.03,30.08940000000001,0.07050000000000003,0.0009813157481551257,0.9842400690846275,2.683357798095697e-05
166,2.6000000000000227,0.01,429.3999999999999,0.0053399055247484555,0.8819059355103724,0.026000000000000228,30.115400000000008,0.07013367489520264,0.0008504736484011164,0.9850905427330285,2.015499857236359e-05
49,3.0,0.01,432.3999999999999,0.006161429451632779,0.8880673649620052,0.03,30.14540000000001,0.06971646623496766,0.0009813157481551257,0.9860718584811836,2.683357798095697e-05
28,3.0,0.01,435.3999999999999,0.006161429451632779,0.894228794413638,0.03,30.17540000000001,0.06930500689021593,0.0009813157481551257,0.9870531742293387,2.683357798095697e-05
16,3.0,0.009,438.3999999999999,0.006161429451632779,0.9003902238652708,0.026999999999999996,30.20240000000001,0.0688923357664234,0.000883184173339613,0.9879363584026783,2.78598732178241e-05
45,0.5,0.009,438.8999999999999,0.0010269049086054631,0.9014171287738763,0.0045,30.20690000000001,0.0688241057188426,0.00014719736222326883,0.9880835557649016,7.738853671617806e-07
43,2.1000000000000085,0.009,440.99999999999994,0.004313000616142963,0.9057301293900192,0.018900000000000076,30.22580000000001,0.06853922902494335,0.0006182289213377317,0.9887017846862394,1.3651337876733919e-05
76,3.0,0.009,443.99999999999994,0.006161429451632779,0.911891558841652,0.026999999999999996,30.25280000000001,0.06813693693693697,0.000883184173339613,0.989584968859579,2.78598732178241e-05
39,3.0,0.009,446.99999999999994,0.006161429451632779,0.9180529882932847,0.026999999999999996,30.279800000000012,0.06774004474272934,0.000883184173339613,0.9904681530329187,2.78598732178241e-05
8,3.0,0.009,449.99999999999994,0.006161429451632779,0.9242144177449175,0.026999999999999996,30.306800000000013,0.06734844444444449,0.000883184173339613,0.9913513372062583,2.78598732178241e-05
38,3.0,0.009,452.99999999999994,0.006161429451632779,0.9303758471965503,0.026999999999999996,30.333800000000014,0.0669620309050773,0.000883184173339613,0.992234521379598,2.78598732178241e-05
37,3.0,0.009,455.99999999999994,0.006161429451632779,0.9365372766481831,0.026999999999999996,30.360800000000015,0.066580701754386,0.000883184173339613,0.9931177055529377,2.78598732178241e-05
32,3.0,0.009,458.99999999999994,0.006161429451632779,0.9426987060998159,0.026999999999999996,30.387800000000016,0.06620435729847499,0.000883184173339613,0.9940008897262773,2.78598732178241e-05
21,1.1000000000000014,0.009,460.09999999999997,0.002259190798932022,0.9449578968987479,0.009900000000000011,30.397700000000015,0.0660675940013041,0.00032383419689119183,0.9943247239231685,3.7456051770630275e-06
2,3.0,0.009,463.09999999999997,0.006161429451632779,0.9511193263503807,0.026999999999999996,30.424700000000016,0.06569790541999572,0.000883184173339613,0.9952079080965082,2.78598732178241e-05
13,3.0,0.008,466.09999999999997,0.006161429451632779,0.9572807558020134,0.024,30.448700000000017,0.0653265393692341,0.0007850525985241006,0.9959929606950323,2.890542806664278e-05
48,0.5,0.008,466.59999999999997,0.0010269049086054631,0.9583076607106189,0.004,30.452700000000018,0.06526510930132881,0.00013084209975401675,0.9961238027947863,8.029285574067439e-07
56,1.0,0.008,467.59999999999997,0.0020538098172109263,0.9603614705278298,0.008,30.460700000000017,0.0651426432848589,0.0002616841995080335,0.9963854869942943,3.2117142296269754e-06
6,3.0,0.007,470.59999999999997,0.006161429451632779,0.9665228999794626,0.021,30.481700000000018,0.06477199320017003,0.000686921023708588,0.9970724080180029,2.9970242527413e-05
12,3.0,0.007,473.59999999999997,0.006161429451632779,0.9726843294310954,0.021,30.50270000000002,0.06440603885135139,0.000686921023708588,0.9977593290417115,2.9970242527413e-05
47,1.0,0.007,474.59999999999997,0.0020538098172109263,0.9747381392483063,0.007,30.50970000000002,0.06428508217446276,0.00022897367456952932,0.997988302716281,3.3300269474903337e-06
5,3.0000000000000018,0.006,477.59999999999997,0.006161429451632783,0.9808995686999391,0.018000000000000013,30.52770000000002,0.06391896984924628,0.0005887894488930759,0.9985770921651741,3.1054316600134806e-05
31,3.0,0.006,480.59999999999997,0.006161429451632779,0.9870609981515719,0.018000000000000002,30.54570000000002,0.06355742821473163,0.0005887894488930754,0.9991658816140672,3.1054316600134765e-05
19,0.29999999999999716,0.005,480.9,0.000616142945163272,0.9876771410967352,0.0014999999999999857,30.54720000000002,0.06352089831565819,4.906578740775582e-05,0.9992149474014749,3.215765028480747e-07
3,3.0,0.005,483.9,0.006161429451632779,0.993838570548368,0.015,30.562200000000022,0.06315809051456918,0.0004906578740775629,0.9997056052755524,3.215765028480808e-05
4,3.0,0.003,486.9,0.006161429451632779,1.0000000000000007,0.009000000000000001,30.571200000000022,0.06278743068391872,0.0002943947244465377,0.999999999999999,3.442209649000933e-05
