,weight,grade,cml_weight,weight_pct,cml_weight_pct,yield,cml_yield,cml_grade,recovery,cml_recovery,distributional_heterogeneity
193,3.0,0.38,3.0,0.005555555555555556,0.005555555555555556,1.1400000000000001,1.1400000000000001,0.38000000000000006,0.03352556618505517,0.03352556618505517,0.0007823214946143214
194,3.0,0.37,6.0,0.005555555555555556,0.011111111111111112,1.1099999999999999,2.25,0.375,0.03264331444334319,0.06616888062839836,0.0007337466815629179
42,0.6000000000000085,0.3,6.6000000000000085,0.001111111111111127,0.012222222222222238,0.18000000000000255,2.4300000000000024,0.36818181818181805,0.005293510450271944,0.0714623910786703,1.749246423221284e-05
191,3.0,0.28,9.600000000000009,0.005555555555555556,0.017777777777777795,0.8400000000000001,3.2700000000000022,0.34062499999999996,0.02470304876793539,0.0961654398466057,0.0003666264963181318
82,0.5,0.27,10.100000000000009,0.000925925925925926,0.018703703703703722,0.135,3.405000000000002,0.33712871287128704,0.003970132837703902,0.1001355726843096,9.2671957217168e-06
188,3.0,0.246,13.100000000000009,0.005555555555555556,0.02425925925925928,0.738,4.1430000000000025,0.31625954198473283,0.021703392846114663,0.12183896553042427,0.00026075264916237126
190,3.0,0.245,16.10000000000001,0.005555555555555556,0.029814814814814836,0.735,4.878000000000003,0.30298136645962737,0.021615167671943467,0.14345413320236775,0.00025791114132883334
157,3.0,0.24,19.10000000000001,0.005555555555555556,0.03537037037037039,0.72,5.5980000000000025,0.2930890052356021,0.021174041801087475,0.16462817500345522,0.00024393711260186973
173,3.0,0.238,22.10000000000001,0.005555555555555556,0.04092592592592595,0.714,6.312000000000003,0.2856108597285068,0.02099759145274508,0.1856257664562003,0.00023845647265008984
180,3.0,0.231,25.10000000000001,0.005555555555555556,0.046481481481481506,0.6930000000000001,7.005000000000003,0.2790836653386454,0.020380015233546697,0.20600578168974698,0.0002197646047443852
192,3.0,0.22,28.10000000000001,0.005555555555555556,0.05203703703703706,0.66,7.665000000000003,0.2727758007117438,0.01940953831766352,0.2254153200074105,0.00019193283837278457
167,3.0,0.215,31.10000000000001,0.005555555555555556,0.05759259259259262,0.645,8.310000000000002,0.26720257234726685,0.018968412446807532,0.24438373245421802,0.00017990472998520557
166,3.0,0.212,34.10000000000001,0.005555555555555556,0.06314814814814818,0.636,8.946000000000002,0.26234604105571846,0.01870373692429394,0.26308746937851196,0.00017287467330523906
179,3.0,0.204,37.10000000000001,0.005555555555555556,0.06870370370370373,0.612,9.558000000000002,0.25762803234501347,0.017997935530924356,0.28108540490943634,0.00015481281945145843
178,3.0,0.198,40.10000000000001,0.005555555555555556,0.07425925925925927,0.5940000000000001,10.152000000000001,0.2531670822942643,0.017468584485897172,0.2985539893953335,0.00014192025829515623
152,3.3000000000000114,0.182,43.40000000000002,0.006111111111111132,0.08037037037037041,0.600600000000002,10.752600000000003,0.24775576036866354,0.017662679869073862,0.3162166692644074,0.0001334387407699406
196,3.400000000000091,0.182,46.80000000000011,0.006296296296296465,0.08666666666666688,0.6188000000000166,11.371400000000019,0.2429786324786323,0.01819791259237956,0.33441458185678696,0.00014164847045919056
195,3.0,0.18,49.80000000000011,0.005555555555555556,0.09222222222222243,0.54,11.911400000000018,0.23918473895582312,0.01588053135081561,0.3502951132076026,0.00010660512517270591
175,3.0,0.16,52.80000000000011,0.005555555555555556,0.09777777777777798,0.48,12.391400000000019,0.23468560606060593,0.014116027867391651,0.3644111410749942,7.328168620171241e-05
174,3.0,0.156,55.80000000000011,0.005555555555555556,0.10333333333333353,0.46799999999999997,12.859400000000019,0.23045519713261636,0.01376312717070686,0.3781742682457011,6.736423181783737e-05
158,3.0,0.151,58.80000000000011,0.005555555555555556,0.10888888888888908,0.45299999999999996,13.312400000000018,0.22640136054421756,0.01332200129985087,0.391496269545552,6.0317679499082786e-05
176,1.099999999999966,0.148,59.90000000000008,0.002037037037036974,0.11092592592592605,0.16279999999999495,13.475200000000013,0.22496160267111848,0.004787686118356853,0.39628395566390884,7.566070368565893e-06
163,3.0,0.148,62.90000000000008,0.005555555555555556,0.1164814814814816,0.44399999999999995,13.919200000000014,0.2212909379968203,0.013057325777337276,0.4093412814412461,5.6276556460410954e-05
189,3.0,0.148,65.90000000000008,0.005555555555555556,0.12203703703703715,0.44399999999999995,14.363200000000013,0.21795447647951435,0.013057325777337276,0.42239860721858336,5.6276556460410954e-05
172,3.0,0.145,68.90000000000008,0.005555555555555556,0.1275925925925927,0.43499999999999994,14.798200000000014,0.21477793904208994,0.012792650254823682,0.43519125747340703,5.237553968617481e-05
181,3.0,0.14,71.90000000000008,0.005555555555555556,0.13314814814814827,0.42000000000000004,15.218200000000014,0.2116578581363004,0.012351524383967695,0.4475427818573747,4.618519231674947e-05
168,3.0,0.136,74.90000000000008,0.005555555555555556,0.13870370370370383,0.40800000000000003,15.626200000000013,0.20862750333778368,0.011998623687282904,0.4595414055446576,4.151312695008054e-05
162,3.0,0.132,77.90000000000008,0.005555555555555556,0.1442592592592594,0.396,16.022200000000012,0.20567650834403076,0.011645722990598113,0.47118712853525574,3.7090139386852835e-05
148,3.0,0.13,80.90000000000008,0.005555555555555556,0.14981481481481496,0.39,16.412200000000013,0.20287021013597029,0.011469272642255716,0.48265640117751146,3.4972049781529434e-05
147,1.5,0.128,82.40000000000008,0.002777777777777778,0.15259259259259272,0.192,16.604200000000013,0.20150728155339803,0.005646411146956661,0.48830281232446815,8.229057406766586e-06
156,3.0,0.122,85.40000000000008,0.005555555555555556,0.1581481481481483,0.366,16.970200000000013,0.19871428571428568,0.010763471248886134,0.4990662835733543,2.7122385868838915e-05
182,3.0,0.121,88.40000000000008,0.005555555555555556,0.16370370370370385,0.363,17.333200000000012,0.19607692307692304,0.010675246074714937,0.5097415296480693,2.6211231011970438e-05
170,3.0,0.121,91.40000000000008,0.005555555555555556,0.16925925925925941,0.363,17.69620000000001,0.19361269146608312,0.010675246074714937,0.5204167757227842,2.6211231011970438e-05
137,3.0,0.12,94.40000000000008,0.005555555555555556,0.17481481481481498,0.36,18.05620000000001,0.19127330508474572,0.010587020900543738,0.531003796623328,2.5315643517817044e-05
183,3.0,0.119,97.40000000000008,0.005555555555555556,0.18037037037037054,0.357,18.41320000000001,0.18904722792607798,0.01049879572637254,0.5415025923497006,2.4435623386378724e-05
161,3.0,0.118,100.40000000000008,0.005555555555555556,0.1859259259259261,0.354,18.76720000000001,0.1869243027888446,0.010410570552201343,0.5519131629019018,2.357117061765548e-05
150,3.0,0.114,103.40000000000008,0.005555555555555556,0.19148148148148167,0.342,19.10920000000001,0.1848085106382978,0.010057669855516552,0.5619708327574184,2.0269033169913283e-05
159,3.0,0.114,106.40000000000008,0.005555555555555556,0.19703703703703723,0.342,19.451200000000007,0.1828120300751879,0.010057669855516552,0.572028502612935,2.0269033169913283e-05
119,3.0,0.11,109.40000000000008,0.005555555555555556,0.2025925925925928,0.33,19.781200000000005,0.18081535648994507,0.00970476915883176,0.5817332717717668,1.72159735256123e-05
165,3.0,0.11,112.40000000000008,0.005555555555555556,0.20814814814814836,0.33,20.111200000000004,0.1789252669039145,0.00970476915883176,0.5914380409305986,1.72159735256123e-05
160,3.0,0.11,115.40000000000008,0.005555555555555556,0.21370370370370392,0.33,20.441200000000002,0.17713344887348342,0.00970476915883176,0.6011428100894304,1.72159735256123e-05
154,3.0,0.1,118.40000000000008,0.005555555555555556,0.2192592592592595,0.30000000000000004,20.741200000000003,0.17517905405405396,0.008822517417119783,0.6099653275065502,1.0673039804915195e-05
125,1.0,0.1,119.40000000000008,0.001851851851851852,0.22111111111111134,0.1,20.841200000000004,0.1745494137353433,0.0029408391390399274,0.6129061666455902,1.185893311657244e-06
36,3.0,0.1,122.40000000000008,0.005555555555555556,0.2266666666666669,0.30000000000000004,21.141200000000005,0.17272222222222217,0.008822517417119783,0.62172868406271,1.0673039804915195e-05
187,3.0,0.098,125.40000000000008,0.005555555555555556,0.23222222222222247,0.29400000000000004,21.435200000000005,0.17093460925039866,0.008646067068777387,0.6303747511314873,9.551261413356689e-06
143,0.8999999999999773,0.098,126.30000000000005,0.0016666666666666245,0.2338888888888891,0.08819999999999778,21.523400000000002,0.17041488519398254,0.0025938201206331508,0.6329685712521205,8.596135272020588e-07
135,3.0,0.095,129.30000000000007,0.005555555555555556,0.23944444444444465,0.28500000000000003,21.808400000000002,0.1686651198762567,0.008381391546263793,0.6413499627983843,7.985349046382003e-06
186,3.0,0.095,132.30000000000007,0.005555555555555556,0.24500000000000022,0.28500000000000003,22.093400000000003,0.16699470899470892,0.008381391546263793,0.6497313543446481,7.985349046382003e-06
169,3.0,0.094,135.30000000000007,0.005555555555555556,0.25055555555555575,0.28200000000000003,22.375400000000003,0.16537620103473755,0.008293166372092596,0.6580245207167407,7.494512982820594e-06
164,3.0,0.092,138.30000000000007,0.005555555555555556,0.2561111111111113,0.276,22.651400000000002,0.1637845263919016,0.008116716023750201,0.6661412367404909,6.5595429438430045e-06
31,1.6999999999999886,0.089,140.00000000000006,0.003148148148148127,0.2592592592592594,0.151299999999999,22.8027,0.1628764285714285,0.00444948961736738,0.6705907263578582,1.6934896195097234e-06
142,2.5,0.087,142.50000000000006,0.004629629629629629,0.26388888888888906,0.21749999999999997,23.020200000000003,0.1615452631578947,0.006396325127411841,0.67698705148527,3.121212981883936e-06
155,3.0,0.086,145.50000000000006,0.005555555555555556,0.2694444444444446,0.258,23.278200000000002,0.15998762886597934,0.0075873649787230124,0.6845744164639931,4.12824953207207e-06
146,2.8999999999999773,0.08,148.40000000000003,0.005370370370370328,0.2748148148148149,0.23199999999999818,23.5102,0.15842452830188677,0.006822746802572578,0.6913971632665656,2.1093973008165356e-06
118,1.6000000000000227,0.078,150.00000000000006,0.002962962962963005,0.2777777777777779,0.12480000000000177,23.635,0.1575666666666666,0.0036701672455218813,0.6950673305120875,5.001378972696147e-07
145,3.0,0.077,153.00000000000006,0.005555555555555556,0.28333333333333344,0.23099999999999998,23.866000000000003,0.15598692810457512,0.006793338411182232,0.7018606689232697,1.5321063976833291e-06
67,3.0,0.076,156.00000000000006,0.005555555555555556,0.288888888888889,0.22799999999999998,24.094000000000005,0.15444871794871792,0.006705113237011034,0.7085657821602808,1.3214828629932948e-06
151,3.0,0.073,159.00000000000006,0.005555555555555556,0.2944444444444445,0.21899999999999997,24.313000000000006,0.15291194968553457,0.00644043771449744,0.7150062198747782,7.830164352136507e-07
171,3.0,0.072,162.00000000000006,0.005555555555555556,0.30000000000000004,0.21599999999999997,24.529000000000007,0.15141358024691356,0.006352212540326242,0.7213584324151044,6.346623513839221e-07
184,3.0,0.071,165.00000000000006,0.005555555555555556,0.3055555555555556,0.21299999999999997,24.742000000000008,0.14995151515151514,0.006263987366155044,0.7276224197812595,5.0187563026927e-07
130,2.3000000000000114,0.066,167.30000000000007,0.00425925925925928,0.3098148148148149,0.15180000000000077,24.89380000000001,0.1487973699940227,0.004464193813062632,0.7320866135943221,4.199817134257875e-08
149,3.0,0.066,170.30000000000007,0.005555555555555556,0.3153703703703704,0.198,25.09180000000001,0.14733881385789782,0.0058228614952990565,0.7379094750896212,7.145246542215596e-08
136,1.2000000000000455,0.065,171.5000000000001,0.0022222222222223064,0.3175925925925927,0.07800000000000296,25.169800000000013,0.14676268221574343,0.0022938545284512304,0.7402033296180724,5.1311872956743135e-09
139,3.0,0.064,174.5000000000001,0.005555555555555556,0.32314814814814824,0.192,25.361800000000013,0.14533982808022922,0.005646411146956661,0.7458497407650291,8.254738488844504e-09
140,3.0,0.064,177.5000000000001,0.005555555555555556,0.3287037037037038,0.192,25.553800000000013,0.1439650704225352,0.005646411146956661,0.7514961519119857,8.254738488844504e-09
144,3.0,0.063,180.5000000000001,0.005555555555555556,0.3342592592592593,0.189,25.742800000000013,0.14261939058171744,0.005558185972785463,0.7570543378847712,6.919094803391054e-12
185,2.999999999999943,0.062,183.50000000000006,0.00555555555555545,0.33981481481481474,0.18599999999999647,25.92880000000001,0.14130136239782018,0.005469960798614161,0.7625242986833853,7.326462415838406e-09
111,3.0,0.06,186.50000000000006,0.005555555555555556,0.34537037037037027,0.18,26.10880000000001,0.13999356568364613,0.005293510450271869,0.7678178091336572,6.86676372031385e-08
45,0.19999999999998863,0.058,186.70000000000005,0.0003703703703703493,0.3457407407407406,0.011599999999999342,26.120400000000007,0.13990573111944296,0.0003411373401286122,0.7681589464737858,8.54570057114318e-10
141,3.0,0.058,189.70000000000005,0.005555555555555556,0.35129629629629616,0.17400000000000002,26.294400000000007,0.13861043753294677,0.005117060101929474,0.7732760065757153,1.9227826285074337e-07
110,3.0,0.057,192.70000000000005,0.005555555555555556,0.3568518518518517,0.171,26.465400000000006,0.13733990659055526,0.005028834927758276,0.7783048415034736,2.774346197471606e-07
56,3.0,0.055,195.70000000000005,0.005555555555555556,0.36240740740740723,0.165,26.630400000000005,0.13607766990291262,0.00485238457941588,0.7831572260828894,4.944494216852241e-07
44,2.200000000000017,0.052,197.90000000000006,0.004074074074074106,0.36648148148148135,0.11440000000000088,26.744800000000005,0.1351430015159171,0.0033643199750617026,0.7865215460579511,5.03750881064908e-07
177,0.4000000000000341,0.052,198.3000000000001,0.0007407407407408039,0.36722222222222217,0.020800000000001772,26.765600000000006,0.1349752899646999,0.000611694540920357,0.7871332405988715,1.665292168809871e-08
49,3.0,0.051,201.3000000000001,0.005555555555555556,0.3727777777777777,0.153,26.918600000000005,0.13372379533035267,0.004499483882731089,0.7916327244816026,1.1152873781422684e-06
102,3.0,0.051,204.3000000000001,0.005555555555555556,0.37833333333333324,0.153,27.071600000000004,0.1325090553108174,0.004499483882731089,0.7961322083643337,1.1152873781422684e-06
43,2.1999999999999886,0.05,206.50000000000009,0.004074074074074053,0.3824074074074073,0.10999999999999943,27.181600000000003,0.13163002421307501,0.0032349230529439034,0.7993671314172777,7.041744362637728e-07
55,3.0,0.05,209.50000000000009,0.005555555555555556,0.38796296296296284,0.15000000000000002,27.3316,0.13046109785202858,0.004411258708559892,0.8037783901258375,1.3094152740442192e-06
112,3.0,0.048,212.50000000000009,0.005555555555555556,0.3935185185185184,0.14400000000000002,27.4756,0.12929694117647053,0.004234808360217496,0.808013198486055,1.7443731539933523e-06
134,3.0,0.047,215.50000000000009,0.005555555555555556,0.3990740740740739,0.14100000000000001,27.6166,0.1281512761020881,0.004146583186046298,0.8121597816721013,1.9852031380405333e-06
101,3.0,0.045,218.50000000000009,0.005555555555555556,0.40462962962962945,0.135,27.7516,0.12700961098398164,0.003970132837703902,0.8161299145098052,2.5135651942801253e-06
132,3.0,0.044,221.50000000000009,0.005555555555555556,0.410185185185185,0.132,27.8836,0.1258853273137697,0.0038819076635327045,0.8200118221733379,2.8010972664725357e-06
129,2.3000000000000114,0.044,223.8000000000001,0.00425925925925928,0.4144444444444443,0.1012000000000005,27.984800000000003,0.12504378909740838,0.0029761292087084213,0.8229879513820463,1.646422726626651e-06
120,3.0,0.043,226.8000000000001,0.005555555555555556,0.4199999999999998,0.129,28.113800000000005,0.1239585537918871,0.0037936824893615062,0.8267816338714078,3.1041967013800222e-06
133,3.0,0.043,229.8000000000001,0.005555555555555556,0.42555555555555535,0.129,28.242800000000006,0.12290165361183636,0.0037936824893615062,0.8305753163607693,3.1041967013800222e-06
99,3.0,0.042,232.8000000000001,0.005555555555555556,0.4311111111111109,0.126,28.368800000000007,0.1218591065292096,0.0037054573151903084,0.8342807736759597,3.4228634990025827e-06
123,3.0,0.041,235.8000000000001,0.005555555555555556,0.4366666666666664,0.123,28.49180000000001,0.12083036471586088,0.0036172321410191106,0.8378980058169787,3.7570976593402227e-06
126,3.0,0.04,238.8000000000001,0.005555555555555556,0.44222222222222196,0.12,28.61180000000001,0.1198149078726968,0.003529006966847913,0.8414270127838266,4.106899182392939e-06
114,3.0,0.04,241.8000000000001,0.005555555555555556,0.4477777777777775,0.12,28.73180000000001,0.11882464846980975,0.003529006966847913,0.8449560197506745,4.106899182392939e-06
34,1.5,0.039,243.3000000000001,0.002777777777777778,0.45055555555555526,0.058499999999999996,28.79030000000001,0.11833251130291819,0.0017203908963383575,0.8466764106470128,1.1180670170401826e-06
116,3.0,0.039,246.3000000000001,0.005555555555555556,0.4561111111111108,0.11699999999999999,28.90730000000001,0.11736622005684125,0.003440781792676715,0.8501171924396895,4.472268068160731e-06
128,3.0,0.038,249.3000000000001,0.005555555555555556,0.46166666666666634,0.11399999999999999,29.02130000000001,0.11641115122342559,0.003352556618505517,0.8534697490581951,4.8532043166436e-06
115,3.0,0.038,252.3000000000001,0.005555555555555556,0.4672222222222219,0.11399999999999999,29.13530000000001,0.11547879508521601,0.003352556618505517,0.8568223056767006,4.8532043166436e-06
113,3.0,0.035,255.3000000000001,0.005555555555555556,0.4727777777777774,0.10500000000000001,29.240300000000012,0.11453309831570702,0.003087881095991924,0.8599101867726925,6.089417238382661e-06
53,3.0,0.035,258.30000000000007,0.005555555555555556,0.47833333333333294,0.10500000000000001,29.345300000000012,0.11360936895083239,0.003087881095991924,0.8629980678686844,6.089417238382661e-06
35,0.4000000000000057,0.035,258.70000000000005,0.0007407407407407512,0.4790740740740737,0.0140000000000002,29.35930000000001,0.11348782373405492,0.00041171747946559573,0.8634097853481499,1.082563064601393e-07
127,3.0,0.034,261.70000000000005,0.005555555555555556,0.48462962962962924,0.10200000000000001,29.461300000000012,0.1125766144440199,0.002999655921820726,0.8664094412699707,6.532622937725836e-06
85,3.0,0.034,264.70000000000005,0.005555555555555556,0.4901851851851848,0.10200000000000001,29.563300000000012,0.11168605969021536,0.002999655921820726,0.8694090971917914,6.532622937725836e-06
54,3.0,0.033,267.70000000000005,0.005555555555555556,0.4957407407407403,0.099,29.662300000000013,0.11080425849831904,0.0029114307476495282,0.8723205279394409,6.991395999784086e-06
52,3.0,0.033,270.70000000000005,0.005555555555555556,0.5012962962962959,0.099,29.761300000000013,0.10994200221647583,0.0029114307476495282,0.8752319586870905,6.991395999784086e-06
80,3.0,0.032,273.70000000000005,0.005555555555555556,0.5068518518518514,0.096,29.857300000000013,0.1090876872488126,0.0028232055734783304,0.8780551642605688,7.465736424557412e-06
122,3.0,0.031,276.70000000000005,0.005555555555555556,0.512407407407407,0.093,29.950300000000013,0.10824105529454285,0.0027349803993071326,0.8807901446598759,7.955644212045816e-06
131,1.2999999999999545,0.03,278.0,0.002407407407407323,0.5148148148148143,0.03899999999999863,29.98930000000001,0.10787517985611515,0.0011469272642255315,0.8819370719241014,1.58881019135559e-06
104,3.0,0.03,281.0,0.005555555555555556,0.5203703703703698,0.09,30.07930000000001,0.10704377224199292,0.0026467552251359344,0.8845838271492373,8.461119362249296e-06
121,3.0,0.029,284.0,0.005555555555555556,0.5259259259259254,0.08700000000000001,30.16630000000001,0.10621936619718314,0.002558530050964737,0.8871423572002021,8.982161875167853e-06
153,1.1000000000000227,0.029,285.1,0.0020370370370370794,0.5279629629629624,0.031900000000000664,30.19820000000001,0.10592143107681518,0.0009381276853537564,0.8880804848855558,1.2076017632170611e-06
109,3.0,0.029,288.1,0.005555555555555556,0.533518518518518,0.08700000000000001,30.28520000000001,0.10512044429017706,0.002558530050964737,0.8906390149365205,8.982161875167853e-06
124,2.8999999999999773,0.029,291.0,0.005370370370370328,0.5388888888888883,0.08409999999999934,30.36930000000001,0.10436185567010313,0.0024732457159325595,0.8931122606524531,8.39333126335116e-06
103,3.0,0.029,294.0,0.005555555555555556,0.5444444444444438,0.08700000000000001,30.45630000000001,0.10359285714285718,0.002558530050964737,0.8956707907034178,8.982161875167853e-06
50,3.0,0.028,297.0,0.005555555555555556,0.5499999999999994,0.084,30.54030000000001,0.10282929292929296,0.0024703048767935392,0.8981410955802114,9.518771750801485e-06
117,1.1999999999999886,0.028,298.2,0.002222222222222201,0.5522222222222216,0.033599999999999686,30.57390000000001,0.10252816901408454,0.0009881219507174063,0.8991292175309288,1.5230034801282088e-06
17,3.0,0.027,301.2,0.005555555555555556,0.5577777777777772,0.081,30.65490000000001,0.10177589641434266,0.0023820797026223414,0.9015112972335512,1.0070948989150195e-05
38,3.0,0.027,304.2,0.005555555555555556,0.5633333333333327,0.081,30.735900000000008,0.10103846153846156,0.0023820797026223414,0.9038933769361736,1.0070948989150195e-05
33,3.0,0.027,307.2,0.005555555555555556,0.5688888888888882,0.081,30.816900000000008,0.10031542968750003,0.0023820797026223414,0.9062754566387959,1.0070948989150195e-05
64,6.0,0.027,313.2,0.011111111111111112,0.5799999999999993,0.162,30.978900000000007,0.09891091954022992,0.004764159405244683,0.9110396160440406,4.028379595660078e-05
75,3.0,0.024,316.2,0.005555555555555556,0.5855555555555548,0.07200000000000001,31.050900000000006,0.0982001897533207,0.002117404180108748,0.9131570202241494,1.1820884880486776e-05
106,2.0,0.024,318.2,0.003703703703703704,0.5892592592592585,0.048,31.098900000000004,0.09773381521055942,0.0014116027867391652,0.9145686230108885,5.253726613549679e-06
138,3.0,0.023,321.2,0.005555555555555556,0.594814814814814,0.069,31.167900000000003,0.09703580323785804,0.0020291790059375502,0.9165978020168261,1.243533156969579e-05
100,3.0,0.023,324.2,0.005555555555555556,0.6003703703703696,0.069,31.236900000000002,0.09635070943861815,0.0020291790059375502,0.9186269810227636,1.243533156969579e-05
84,3.0,0.023,327.2,0.005555555555555556,0.6059259259259251,0.069,31.3059,0.09567817848410759,0.0020291790059375502,0.9206561600287012,1.243533156969579e-05
81,3.299999999999983,0.023,330.5,0.006111111111111079,0.6120370370370362,0.0758999999999996,31.381800000000002,0.09495249621785175,0.0022320969065312934,0.9228882569352325,1.5046751199331749e-05
18,3.0,0.022,333.5,0.005555555555555556,0.6175925925925917,0.066,31.4478,0.09429625187406297,0.0019409538317663522,0.9248292107669989,1.3065345621619882e-05
105,2.0,0.022,335.5,0.003703703703703704,0.6212962962962953,0.044,31.4918,0.09386527570789867,0.0012939692211775679,0.9261231799881764,5.806820276275503e-06
91,0.4000000000000057,0.022,335.9,0.0007407407407407512,0.6220370370370361,0.008800000000000124,31.500600000000002,0.0937796963381959,0.00025879384423551727,0.9263819738324119,2.3227281105102673e-07
15,3.0,0.022,338.9,0.005555555555555556,0.6275925925925916,0.066,31.5666,0.09314429035113604,0.0019409538317663522,0.9283229276641783,1.3065345621619882e-05
98,3.0,0.021,341.9,0.005555555555555556,0.6331481481481471,0.063,31.6296,0.09251126060251535,0.0018527286575951542,0.9301756563217735,1.3710927036259044e-05
97,3.0,0.021,344.9,0.005555555555555556,0.6387037037037027,0.063,31.6926,0.09188924325891563,0.0018527286575951542,0.9320283849793686,1.3710927036259044e-05
58,3.0,0.021,347.9,0.005555555555555556,0.6442592592592582,0.063,31.755599999999998,0.09127795343489509,0.0018527286575951542,0.9338811136369637,1.3710927036259044e-05
66,3.0,0.02,350.9,0.005555555555555556,0.6498148148148137,0.06,31.815599999999996,0.09066856654317469,0.0017645034834239564,0.9356456171203876,1.4372075813613287e-05
86,3.0,0.02,353.9,0.005555555555555556,0.6553703703703693,0.06,31.875599999999995,0.090069511161345,0.0017645034834239564,0.9374101206038116,1.4372075813613287e-05
57,3.0,0.02,356.9,0.005555555555555556,0.6609259259259248,0.06,31.935599999999994,0.08948052675819557,0.0017645034834239564,0.9391746240872355,1.4372075813613287e-05
108,3.0,0.019,359.9,0.005555555555555556,0.6664814814814803,0.056999999999999995,31.992599999999992,0.08889302584051124,0.0016762783092527584,0.9408509023964883,1.504879195368261e-05
32,3.0,0.019,362.9,0.005555555555555556,0.6720370370370359,0.056999999999999995,32.04959999999999,0.08831523835767427,0.0016762783092527584,0.942527180705741,1.504879195368261e-05
69,3.0,0.019,365.9,0.005555555555555556,0.6775925925925914,0.056999999999999995,32.10659999999999,0.08774692538945066,0.0016762783092527584,0.9442034590149938,1.504879195368261e-05
1,3.0,0.019,368.9,0.005555555555555556,0.683148148148147,0.056999999999999995,32.163599999999995,0.08718785578747627,0.0016762783092527584,0.9458797373242466,1.504879195368261e-05
71,3.0,0.018,371.9,0.005555555555555556,0.6887037037037025,0.05399999999999999,32.2176,0.08662973917719817,0.0015880531350815606,0.9474677904593282,1.5741075456467006e-05
26,3.0,0.017,374.9,0.005555555555555556,0.694259259259258,0.051000000000000004,32.2686,0.08607255268071486,0.001499827960910363,0.9489676184202386,1.644892632196648e-05
94,3.0,0.017,377.9,0.005555555555555556,0.6998148148148136,0.051000000000000004,32.3196,0.08552421275469702,0.001499827960910363,0.950467446381149,1.644892632196648e-05
61,3.0,0.017,380.9,0.005555555555555556,0.7053703703703691,0.051000000000000004,32.3706,0.08498451037017592,0.001499827960910363,0.9519672743420594,1.644892632196648e-05
79,3.0,0.017,383.9,0.005555555555555556,0.7109259259259246,0.051000000000000004,32.421600000000005,0.08445324303203962,0.001499827960910363,0.9534671023029698,1.644892632196648e-05
21,3.0,0.016,386.9,0.005555555555555556,0.7164814814814802,0.048,32.46960000000001,0.08392246058413029,0.0014116027867391652,0.954878705089709,1.7172344550181027e-05
76,3.0,0.016,389.9,0.005555555555555556,0.7220370370370357,0.048,32.51760000000001,0.08339984611438833,0.0014116027867391652,0.9562903078764481,1.7172344550181027e-05
41,3.799999999999997,0.015,393.7,0.007037037037037032,0.7290740740740728,0.056999999999999953,32.57460000000001,0.08273964947929899,0.0016762783092527573,0.9579665861857009,2.8737734137515268e-05
16,3.0,0.015,396.7,0.005555555555555556,0.7346296296296283,0.045,32.61960000000001,0.08222737585076888,0.0013233776125679672,0.9592899637982688,1.7911330141110652e-05
68,3.0,0.015,399.7,0.005555555555555556,0.7401851851851838,0.045,32.664600000000014,0.08172279209407059,0.0013233776125679672,0.9606133414108368,1.7911330141110652e-05
107,0.4000000000000341,0.015,400.1,0.0007407407407408039,0.7409259259259247,0.006000000000000511,32.670600000000015,0.0816560859785054,0.00017645034834241067,0.9607897917591792,3.1842364695313256e-07
0,2.999999999999999,0.015,403.1,0.005555555555555554,0.7464814814814802,0.044999999999999984,32.715600000000016,0.08116000992309604,0.0013233776125679668,0.9621131693717472,1.791133014111064e-05
95,3.0,0.015,406.1,0.005555555555555556,0.7520370370370357,0.045,32.76060000000002,0.08067126323565628,0.0013233776125679672,0.9634365469843151,1.7911330141110652e-05
39,3.0,0.014,409.1,0.005555555555555556,0.7575925925925913,0.042,32.80260000000002,0.08018235150329997,0.0012351524383967696,0.9646716994227119,1.8665883094755354e-05
11,3.0,0.014,412.1,0.005555555555555556,0.7631481481481468,0.042,32.84460000000002,0.07970055811696194,0.0012351524383967696,0.9659068518611087,1.8665883094755354e-05
20,3.0,0.014,415.1,0.005555555555555556,0.7687037037037023,0.042,32.88660000000002,0.07922572874006269,0.0012351524383967696,0.9671420042995055,1.8665883094755354e-05
23,3.0,0.014,418.1,0.005555555555555556,0.7742592592592579,0.042,32.928600000000024,0.07875771346567813,0.0012351524383967696,0.9683771567379023,1.8665883094755354e-05
59,3.0,0.014,421.1,0.005555555555555556,0.7798148148148134,0.042,32.970600000000026,0.07829636665875095,0.0012351524383967696,0.969612309176299,1.8665883094755354e-05
87,3.0,0.014,424.1,0.005555555555555556,0.7853703703703689,0.042,33.01260000000003,0.07784154680499888,0.0012351524383967696,0.9708474616146958,1.8665883094755354e-05
48,3.0,0.013,427.1,0.005555555555555556,0.7909259259259245,0.039,33.05160000000003,0.0773860922500586,0.0011469272642255716,0.9719943888789214,1.9436003411115135e-05
70,3.0,0.013,430.1,0.005555555555555556,0.79648148148148,0.039,33.09060000000003,0.07693699139734952,0.0011469272642255716,0.973141316143147,1.9436003411115135e-05
12,3.0,0.013,433.1,0.005555555555555556,0.8020370370370355,0.039,33.12960000000003,0.07649411221426929,0.0011469272642255716,0.9742882434073726,1.9436003411115135e-05
19,3.0,0.013,436.1,0.005555555555555556,0.8075925925925911,0.039,33.16860000000003,0.07605732630130711,0.0011469272642255716,0.9754351706715982,1.9436003411115135e-05
22,3.0,0.013,439.1,0.005555555555555556,0.8131481481481466,0.039,33.207600000000035,0.07562650876793449,0.0011469272642255716,0.9765820979358238,1.9436003411115135e-05
83,3.0,0.013,442.1,0.005555555555555556,0.8187037037037022,0.039,33.246600000000036,0.07520153811354904,0.0011469272642255716,0.9777290252000495,1.9436003411115135e-05
46,3.0,0.013,445.1,0.005555555555555556,0.8242592592592577,0.039,33.28560000000004,0.07478229611323306,0.0011469272642255716,0.9788759524642751,1.9436003411115135e-05
51,0.4000000000000057,0.012,445.5,0.0007407407407407512,0.8249999999999984,0.004800000000000068,33.29040000000004,0.07472592592592602,0.0001411602786739185,0.979017112742949,3.594967304922767e-07
88,3.0,0.012,448.5,0.005555555555555556,0.8305555555555539,0.036000000000000004,33.32640000000004,0.07430635451505026,0.001058702090054374,0.9800758148330033,2.022169109018999e-05
14,3.0,0.011,451.5,0.005555555555555556,0.8361111111111095,0.033,33.35940000000004,0.07388571428571439,0.0009704769158831761,0.9810462917488865,2.1022946131979918e-05
74,3.0,0.01,454.5,0.005555555555555556,0.841666666666665,0.03,33.389400000000045,0.07346402640264037,0.0008822517417119782,0.9819285434905984,2.1839768536484922e-05
2,3.0,0.01,457.5,0.005555555555555556,0.8472222222222205,0.03,33.419400000000046,0.07304786885245912,0.0008822517417119782,0.9828107952323104,2.1839768536484922e-05
13,3.0,0.01,460.5,0.005555555555555556,0.8527777777777761,0.03,33.44940000000005,0.0726371335504887,0.0008822517417119782,0.9836930469740224,2.1839768536484922e-05
92,2.9999999999999716,0.01,463.5,0.005555555555555503,0.8583333333333316,0.029999999999999718,33.47940000000005,0.0722317152103561,0.00088225174171197,0.9845752987157343,2.183976853648451e-05
96,3.0,0.01,466.5,0.005555555555555556,0.8638888888888872,0.03,33.50940000000005,0.0718315112540194,0.0008822517417119782,0.9854575504574463,2.1839768536484922e-05
47,3.0,0.01,469.5,0.005555555555555556,0.8694444444444427,0.03,33.53940000000005,0.07143642172523973,0.0008822517417119782,0.9863398021991583,2.1839768536484922e-05
89,3.0,0.009,472.5,0.005555555555555556,0.8749999999999982,0.026999999999999996,33.56640000000005,0.0710400000000001,0.0007940265675407803,0.9871338287666991,2.2672158303705006e-05
93,3.0,0.009,475.5,0.005555555555555556,0.8805555555555538,0.026999999999999996,33.59340000000005,0.07064858044164049,0.0007940265675407803,0.9879278553342399,2.2672158303705006e-05
63,0.700000000000017,0.009,476.20000000000005,0.001296296296296328,0.8818518518518501,0.006300000000000153,33.599700000000055,0.07055795884082329,0.00018527286575951993,0.9881131281999994,1.2343730632017772e-06
24,3.0,0.009,479.20000000000005,0.005555555555555556,0.8874074074074056,0.026999999999999996,33.626700000000056,0.0701725792988315,0.0007940265675407803,0.9889071547675402,2.2672158303705006e-05
8,3.0000000000000036,0.009,482.20000000000005,0.005555555555555562,0.8929629629629612,0.02700000000000003,33.65370000000006,0.06979199502281222,0.0007940265675407813,0.989701181335081,2.267215830370506e-05
9,3.0,0.009,485.20000000000005,0.005555555555555556,0.8985185185185167,0.026999999999999996,33.68070000000006,0.0694161170651279,0.0007940265675407803,0.9904952079026218,2.2672158303705006e-05
73,3.0,0.008,488.20000000000005,0.005555555555555556,0.9040740740740723,0.024,33.70470000000006,0.06903871364195013,0.0007058013933695826,0.9912010092959914,2.3520115433640167e-05
3,3.0,0.008,491.20000000000005,0.005555555555555556,0.9096296296296278,0.024,33.72870000000006,0.06866592019543985,0.0007058013933695826,0.991906810689361,2.3520115433640167e-05
62,0.799999999999983,0.008,492.0,0.00148148148148145,0.9111111111111092,0.006399999999999864,33.73510000000006,0.06856727642276435,0.00018821370489855135,0.9920950243942596,1.672541541947674e-06
78,3.0,0.008,495.0,0.005555555555555556,0.9166666666666647,0.024,33.75910000000006,0.06820020202020215,0.0007058013933695826,0.9928008257876292,2.3520115433640167e-05
30,0.7000000000000028,0.008,495.7,0.0012962962962963015,0.9179629629629611,0.0056000000000000225,33.76470000000006,0.06811519063949982,0.0001646869917862366,0.9929655127794155,1.280539618053753e-06
37,3.0,0.008,498.7,0.005555555555555556,0.9235185185185166,0.024,33.78870000000006,0.06775355925406068,0.0007058013933695826,0.9936713141727851,2.3520115433640167e-05
6,3.0,0.007,501.7,0.005555555555555556,0.9290740740740722,0.021,33.80970000000006,0.06739027307155683,0.0006175762191983848,0.9942888903919834,2.4383639926290404e-05
65,0.4000000000000057,0.007,502.1,0.0007407407407407512,0.9298148148148129,0.00280000000000004,33.812500000000064,0.06734216291575396,8.234349589311914e-05,0.9943712338878765,4.3348693202295283e-07
4,3.0,0.007,505.1,0.005555555555555556,0.9353703703703684,0.021,33.833500000000065,0.06698376559097222,0.0006175762191983848,0.9949888101070749,2.4383639926290404e-05
25,3.0,0.007,508.1,0.005555555555555556,0.940925925925924,0.021,33.854500000000066,0.06662960047234809,0.0006175762191983848,0.9956063863262732,2.4383639926290404e-05
7,3.0,0.006,511.1,0.005555555555555556,0.9464814814814795,0.018000000000000002,33.872500000000066,0.0662737233418119,0.000529351045027187,0.9961357373713003,2.5262731781655718e-05
5,3.0,0.006,514.1,0.005555555555555556,0.952037037037035,0.018000000000000002,33.89050000000007,0.06592199961097076,0.000529351045027187,0.9966650884163275,2.5262731781655718e-05
72,3.0,0.006,517.1,0.005555555555555556,0.9575925925925906,0.018000000000000002,33.90850000000007,0.06557435699091098,0.000529351045027187,0.9971944394613547,2.5262731781655718e-05
40,3.0,0.006,520.1,0.005555555555555556,0.9631481481481461,0.018000000000000002,33.92650000000007,0.06523072486060386,0.000529351045027187,0.9977237905063818,2.5262731781655718e-05
90,1.9000000000000057,0.006,522.0,0.003518518518518529,0.9666666666666646,0.011400000000000035,33.93790000000007,0.065015134099617,0.00033525566185055273,0.9980590461682324,1.0133162414641966e-05
60,3.0,0.005,525.0,0.005555555555555556,0.9722222222222201,0.015,33.95290000000007,0.0646721904761906,0.0004411258708559891,0.9985001720390884,2.6157390999736105e-05
77,3.0,0.005,528.0,0.005555555555555556,0.9777777777777756,0.015,33.96790000000007,0.06433314393939407,0.0004411258708559891,0.9989412979099443,2.6157390999736105e-05
10,3.0,0.004,531.0,0.005555555555555556,0.9833333333333312,0.012,33.97990000000007,0.0639922787193975,0.0003529006966847913,0.9992941986066292,2.7067617580531565e-05
27,3.0,0.003,534.0,0.005555555555555556,0.9888888888888867,0.009000000000000001,33.98890000000007,0.06364962546816492,0.0002646755225135935,0.9995588741291428,2.7993411524042112e-05
29,3.0,0.003,537.0,0.005555555555555556,0.9944444444444422,0.009000000000000001,33.99790000000007,0.06331080074487909,0.0002646755225135935,0.9998235496516564,2.7993411524042112e-05
28,3.0,0.002,540.0,0.005555555555555556,0.9999999999999978,0.006,34.00390000000007,0.06297018518518532,0.00017645034834239565,0.9999999999999988,2.8934772830267725e-05
