,weight,grade,cml_weight,weight_pct,cml_weight_pct,yield,cml_yield,cml_grade,recovery,cml_recovery,distributional_heterogeneity
6,3.0,0.36,3.0,0.12396694214876033,0.12396694214876033,1.08,1.08,0.36000000000000004,0.16931615087950339,0.16931615087950339,0.0020565507325045005
3,3.0,0.31,6.0,0.12396694214876033,0.24793388429752067,0.9299999999999999,2.01,0.33499999999999996,0.14580001881290566,0.3151161696924091,0.0004766832366224482
2,3.0,0.28,9.0,0.12396694214876033,0.371900826446281,0.8400000000000001,2.8499999999999996,0.31666666666666665,0.13169033957294707,0.44680650926535614,5.9650867771934496e-05
1,3.0,0.272,12.0,0.12396694214876033,0.49586776859504134,0.8160000000000001,3.6659999999999995,0.30549999999999994,0.12792775844229146,0.5747342677076476,1.5688065711101558e-05
5,3.0,0.258,15.0,0.12396694214876033,0.6198347107438017,0.774,4.4399999999999995,0.296,0.12134324146364409,0.6960775091712916,6.88380528507945e-06
7,3.0,0.246,18.0,0.12396694214876033,0.7438016528925621,0.738,5.177999999999999,0.2876666666666666,0.11569936976766064,0.8117768789389522,6.835275307672247e-05
4,3.0,0.218,21.0,0.12396694214876033,0.8677685950413224,0.654,5.831999999999999,0.2777142857142857,0.10253033581036594,0.9143072147493182,0.00045952809130729095
8,3.0,0.179,24.0,0.12396694214876033,0.9917355371900828,0.5369999999999999,6.368999999999999,0.26537499999999997,0.08418775279841972,0.9984949675477379,0.001582383905370251
0,0.20000000000000018,0.048,24.2,0.008264462809917363,1.0000000000000002,0.00960000000000001,6.378599999999999,0.26357851239669416,0.0015050324522622538,1.0000000000000002,4.5689898759989476e-05
