,weight,grade,cml_weight,weight_pct,cml_weight_pct,yield,cml_yield,cml_grade,recovery,cml_recovery,distributional_heterogeneity
84,3.0,0.845,3.0,0.011476664116296864,0.011476664116296864,2.535,2.535,0.8450000000000001,0.04118361882976787,0.04118361882976787,0.0008825031583482174
36,3.0,0.812,6.0,0.011476664116296864,0.022953328232593728,2.436,4.971,0.8285,0.0395752644849367,0.08075888331470457,0.000789531342676527
11,3.0,0.785,9.0,0.011476664116296864,0.03442999234889059,2.355,7.3260000000000005,0.8140000000000001,0.038259338202802105,0.11901822151750668,0.0007173116312239594
29,3.0,0.666,12.0,0.011476664116296864,0.045906656465187455,1.9980000000000002,9.324000000000002,0.7770000000000001,0.03245951495932001,0.1514777364768267,0.0004402800295005569
80,3.0,0.656,15.0,0.011476664116296864,0.05738332058148432,1.968,11.292000000000002,0.7528000000000001,0.03197213485482571,0.18344987133165241,0.00042006432079389215
33,3.0,0.635,18.0,0.011476664116296864,0.06885998469778118,1.905,13.197000000000001,0.7331666666666667,0.03094863663538769,0.2143985079670401,0.0003791577137842283
13,3.0,0.569,21.0,0.011476664116296864,0.08033664881407804,1.7069999999999999,14.904,0.7097142857142857,0.027731927945725345,0.24213043591276545,0.0002642336021643259
28,3.0,0.551,24.0,0.011476664116296864,0.0918133129303749,1.653,16.557,0.6898749999999999,0.02685464375763562,0.2689850796704011,0.00023648225784942927
23,3.0,0.533,27.0,0.011476664116296864,0.10328997704667175,1.5990000000000002,18.156,0.6724444444444444,0.02597735956954589,0.29496243923994697,0.00021027016862787697
22,3.0,0.489,30.0,0.011476664116296864,0.11476664116296861,1.467,19.622999999999998,0.6540999999999999,0.023832887109770995,0.31879532634971797,0.00015267624666445877
0,3.0,0.467,33.0,0.011476664116296864,0.12624330527926547,1.401,21.023999999999997,0.637090909090909,0.022760650879883545,0.3415559772296015,0.00012732835728079944
1,3.0,0.407,36.0,0.011476664116296864,0.13771996939556233,1.2209999999999999,22.244999999999997,0.6179166666666666,0.019836370252917776,0.3613923474825193,6.988468669065736e-05
37,3.0,0.402,39.0,0.011476664116296864,0.1491966335118592,1.206,23.450999999999997,0.6013076923076922,0.01959268020067063,0.3809850276831899,6.586971708181373e-05
30,3.0,0.372,42.0,0.011476664116296864,0.16067329762815605,1.116,24.566999999999997,0.5849285714285714,0.01813053988718775,0.3991155675703777,4.427406277444877e-05
34,3.0,0.37,45.0,0.011476664116296864,0.1721499617444529,1.1099999999999999,25.676999999999996,0.5705999999999999,0.018033063866288886,0.4171486314366666,4.29863776816955e-05
83,0.4000000000000057,0.364,45.400000000000006,0.001530221882172937,0.17368018362662585,0.14560000000000206,25.822599999999998,0.5687797356828193,0.0023654181071456754,0.4195140495438123,6.975527342087131e-07
31,3.0,0.356,48.400000000000006,0.011476664116296864,0.1851568477429227,1.068,26.8906,0.555590909090909,0.01735073171999688,0.4368647812638092,3.450467021283802e-05
32,3.0,0.33,51.400000000000006,0.011476664116296864,0.19663351185921957,0.99,27.880599999999998,0.5424241245136185,0.016083543448311713,0.4529483247121209,2.1223337179745587e-05
2,3.0000000000000018,0.315,54.400000000000006,0.01147666411629687,0.20811017597551643,0.9450000000000006,28.825599999999998,0.5298823529411764,0.015352473291570282,0.4683007980036912,1.5021896763133548e-05
18,2.999999999999993,0.305,57.4,0.011476664116296836,0.21958684009181326,0.9149999999999978,29.740599999999997,0.5181289198606271,0.014865093187075941,0.48316589119076714,1.1481451567700947e-05
4,3.0,0.299,60.4,0.011476664116296864,0.23106350420811012,0.897,30.637599999999996,0.5072450331125827,0.014572665124379401,0.4977385563151465,9.585222242048079e-06
20,3.0,0.297,63.4,0.011476664116296864,0.24254016832440697,0.891,31.528599999999997,0.49729652996845425,0.014475189103480541,0.5122137454186271,8.991152098764868e-06
3,3.0,0.283,66.4,0.011476664116296864,0.25401683244070383,0.849,32.377599999999994,0.4876144578313252,0.013792856957188529,0.5260066023758156,5.364749276197798e-06
19,3.0,0.281,69.4,0.011476664116296864,0.2654934965570007,0.8430000000000001,33.2206,0.47868299711815554,0.013695380936289673,0.5397019833121053,4.922704327318998e-06
21,3.0,0.271,72.4,0.011476664116296864,0.2769701606732976,0.8130000000000001,34.0336,0.4700773480662983,0.013208000831795377,0.5529099841439007,2.99752682243318e-06
38,3.0,0.264,75.4,0.011476664116296864,0.2884468247895945,0.792,34.8256,0.4618779840848806,0.012866834758649371,0.56577681890255,1.932574414858782e-06
47,2.4000000000000057,0.258,77.80000000000001,0.009181331293037514,0.297628156082632,0.6192000000000015,35.4448,0.45558868894601534,0.01005952535676226,0.5758363442593123,7.712248135613833e-07
39,3.0,0.249,80.80000000000001,0.011476664116296864,0.3091048201989289,0.747,36.1918,0.4479183168316831,0.012135764601907928,0.5879721088612202,4.3441345013274134e-07
6,3.0,0.246,83.80000000000001,0.011476664116296864,0.32058148431522576,0.738,36.9298,0.440689737470167,0.01198955057055964,0.5999616594317798,2.6305251496624297e-07
14,3.0,0.245,86.80000000000001,0.011476664116296864,0.33205814843152265,0.735,37.6648,0.43392626728110595,0.01194081256011021,0.6119024719918901,2.1543377789435158e-07
79,3.0,0.244,89.80000000000001,0.011476664116296864,0.34353481254781953,0.732,38.3968,0.4275812917594654,0.011892074549660781,0.6237945465415509,1.7256582814759763e-07
56,3.0,0.24,92.80000000000001,0.011476664116296864,0.3550114766641164,0.72,39.1168,0.4215172413793103,0.011697122507863063,0.6354916690494139,4.860190241195572e-08
77,3.0,0.238,95.80000000000001,0.011476664116296864,0.3664881407804133,0.714,39.830799999999996,0.4157703549060542,0.011599646486964205,0.6470913155363781,1.5124663494959137e-08
17,3.0,0.234,98.80000000000001,0.011476664116296864,0.3779648048967102,0.7020000000000001,40.532799999999995,0.4102510121457489,0.011404694445166489,0.6584960099815446,5.1796335626144826e-09
26,3.0,0.219,101.80000000000001,0.011476664116296864,0.3894414690130071,0.657,41.18979999999999,0.4046149312377209,0.010673624288425046,0.6691696342699696,6.448729651483995e-07
61,3.0,0.212,104.80000000000001,0.011476664116296864,0.40091813312930397,0.636,41.825799999999994,0.39910114503816785,0.01033245821527904,0.6795020924852486,1.3092071439240118e-06
24,3.0,0.211,107.80000000000001,0.011476664116296864,0.41239479724560085,0.633,42.4588,0.39386641929499067,0.01028372020482961,0.6897858126900782,1.4231151759067916e-06
5,3.0,0.21,110.80000000000001,0.011476664116296864,0.42387146136189774,0.63,43.0888,0.3888880866425992,0.01023498219438018,0.7000207948844583,1.5417739952147089e-06
12,3.0,0.206,113.80000000000001,0.011476664116296864,0.4353481254781946,0.618,43.7068,0.3840667838312829,0.010040030152582462,0.7100608250370408,2.063917145697752e-06
9,3.0,0.206,116.80000000000001,0.011476664116296864,0.4468247895944915,0.618,44.3248,0.3794931506849315,0.010040030152582462,0.7201008551896233,2.063917145697752e-06
57,3.0,0.204,119.80000000000001,0.011476664116296864,0.4583014537107884,0.612,44.936800000000005,0.3750984974958264,0.009942554131683604,0.730043409321307,2.353493444890098e-06
51,3.0,0.201,122.80000000000001,0.011476664116296864,0.4697781178270853,0.603,45.53980000000001,0.3708452768729642,0.009796340100335315,0.7398397494216423,2.8234887986171427e-06
66,3.0,0.199,125.80000000000001,0.011476664116296864,0.48125478194338217,0.597,46.13680000000001,0.36674721780604136,0.009698864079436457,0.7495386135010788,3.1605729710608625e-06
7,3.0,0.197,128.8,0.011476664116296864,0.49273144605967906,0.591,46.72780000000001,0.3627934782608696,0.009601388058537597,0.7591400015596164,3.5166602928051316e-06
16,3.0,0.185,131.8,0.011476664116296864,0.5042081101759759,0.5549999999999999,47.28280000000001,0.35874658573596363,0.009016531933144443,0.7681565334927608,6.052250358582288e-06
53,3.0,0.181,134.8,0.011476664116296864,0.5156847742922728,0.5429999999999999,47.82580000000001,0.35479080118694367,0.008821579891346727,0.7769781133841075,7.0494722415790694e-06
87,3.0,0.178,137.8,0.011476664116296864,0.5271614384085697,0.534,48.35980000000001,0.35094194484760527,0.00867536585999844,0.7856534792441059,7.847271920740598e-06
74,3.0,0.169,140.8,0.011476664116296864,0.5386381025248665,0.507,48.866800000000005,0.3470653409090909,0.008236723765953574,0.7938902030100594,1.0497213473782596e-05
71,3.0,0.157,143.8,0.011476664116296864,0.5501147666411634,0.471,49.3378,0.3431001390820584,0.00765186764056042,0.8015420706506199,1.4629068080805916e-05
55,3.0,0.156,146.8,0.011476664116296864,0.5615914307574603,0.46799999999999997,49.805800000000005,0.3392765667574932,0.007603129630110991,0.8091452002807309,1.5004269415671251e-05
25,3.0,0.154,149.8,0.011476664116296864,0.5730680948737572,0.46199999999999997,50.26780000000001,0.33556608811749,0.007505653609212132,0.8166508538899431,1.5768924447377334e-05
27,3.0,0.153,152.8,0.011476664116296864,0.5845447589900541,0.45899999999999996,50.72680000000001,0.3319816753926702,0.007456915598762702,0.8241077694887058,1.6158378144218084e-05
78,3.0,0.153,155.8,0.011476664116296864,0.596021423106351,0.45899999999999996,51.185800000000015,0.32853530166880623,0.007456915598762702,0.8315646850874685,1.6158378144218084e-05
60,3.0,0.152,158.8,0.011476664116296864,0.6074980872226479,0.45599999999999996,51.64180000000002,0.32520025188916885,0.007408177588313273,0.8389728626757817,1.655258262838397e-05
59,3.0,0.151,161.8,0.011476664116296864,0.6189747513389448,0.45299999999999996,52.09480000000002,0.32197033374536477,0.007359439577863843,0.8463323022536456,1.6951537899874992e-05
35,3.0,0.148,164.8,0.011476664116296864,0.6304514154552416,0.44399999999999995,52.53880000000002,0.31880339805825253,0.007213225546515555,0.8535455278001612,1.817690843829889e-05
8,3.0,0.141,167.8,0.011476664116296864,0.6419280795715385,0.42299999999999993,52.961800000000025,0.3156245530393327,0.006872059473369549,0.8604175872735308,2.1202383917667783e-05
63,3.0,0.133,170.8,0.011476664116296864,0.6534047436878354,0.399,53.360800000000026,0.31241686182669803,0.006482155389774115,0.8668997426633049,2.4945117419311893e-05
72,3.0,0.13,173.8,0.011476664116296864,0.6648814078041323,0.39,53.75080000000003,0.30926812428078265,0.006335941358425827,0.8732356840217308,2.6427030473293207e-05
52,3.0,0.126,176.8,0.011476664116296864,0.6763580719204292,0.378,54.12880000000003,0.30615837104072413,0.006140989316628109,0.8793766733383589,2.8469425567820216e-05
76,3.0,0.123,179.8,0.011476664116296864,0.6878347360367261,0.369,54.497800000000026,0.3031023359288099,0.00599477528527982,0.8853714486236387,3.005110515562941e-05
58,3.0,0.121,182.8,0.011476664116296864,0.699311400153023,0.363,54.860800000000026,0.300113785557987,0.0058972992643809615,0.8912687478880197,3.1129312150794565e-05
10,3.0,0.12,185.8,0.011476664116296864,0.7107880642693198,0.36,55.220800000000025,0.2972055974165771,0.005848561253931532,0.8971173091419512,3.167554182936485e-05
88,3.0,0.116,188.8,0.011476664116296864,0.7222647283856167,0.34800000000000003,55.568800000000024,0.2943262711864408,0.005653609212133814,0.9027709183540851,3.3907968416897345e-05
81,3.0,0.112,191.8,0.011476664116296864,0.7337413925019136,0.336,55.90480000000002,0.29147445255474463,0.005458657170336096,0.9082295755244212,3.6216407601632046e-05
54,3.0,0.111,194.8,0.011476664116296864,0.7452180566182105,0.333,56.23780000000002,0.28869507186858323,0.005409919159886667,0.9136394946843078,3.6805394366128564e-05
50,3.0,0.109,197.8,0.011476664116296864,0.7566947207345074,0.327,56.56480000000002,0.28596966632962595,0.005312443138987808,0.9189519378232957,3.799762025709702e-05
62,3.0,0.104,200.8,0.011476664116296864,0.7681713848508043,0.312,56.87680000000002,0.28325099601593634,0.005068753086740661,0.9240206909100364,4.1061323762708055e-05
65,3.0,0.104,203.8,0.011476664116296864,0.7796480489671012,0.312,57.188800000000015,0.28061236506378806,0.005068753086740661,0.9290894439967771,4.1061323762708055e-05
64,3.0,0.102,206.8,0.011476664116296864,0.791124713083398,0.306,57.49480000000001,0.2780212765957447,0.004971277065841802,0.9340607210626188,4.232006067622843e-05
67,3.0,0.101,209.8,0.011476664116296864,0.8026013771996949,0.30300000000000005,57.79780000000001,0.2754899904671116,0.004922539055392373,0.9389832601180113,4.2956555313976294e-05
75,3.0,0.101,212.8,0.011476664116296864,0.8140780413159918,0.30300000000000005,58.10080000000001,0.27303007518796996,0.004922539055392373,0.9439057991734037,4.2956555313976294e-05
48,3.0,0.1,215.8,0.011476664116296864,0.8255547054322887,0.30000000000000004,58.400800000000004,0.2706246524559778,0.004873801044942944,0.9487796002183466,4.359780073904933e-05
43,3.0,0.096,218.8,0.011476664116296864,0.8370313695485856,0.28800000000000003,58.6888,0.26823034734917733,0.004678849003145226,0.9534584492214918,4.621029031259282e-05
49,3.0,0.094,221.8,0.011476664116296864,0.8485080336648825,0.28200000000000003,58.9708,0.2658737601442741,0.004581372982246367,0.9580398222037382,4.7545039823315394e-05
41,3.0,0.091,224.8,0.011476664116296864,0.8599846977811794,0.273,59.2438,0.2635400355871886,0.004435158950898079,0.9624749811546363,4.9582794994337777e-05
42,3.0,0.081,227.8,0.011476664116296864,0.8714613618974762,0.243,59.4868,0.26113608428446006,0.003947778846403784,0.96642276000104,5.668411340721298e-05
15,3.0,0.074,230.8,0.011476664116296864,0.8829380260137731,0.22199999999999998,59.708800000000004,0.25870363951473135,0.0036066127732577776,0.9700293727742978,6.193770814207131e-05
82,3.0,0.072,233.8,0.011476664116296864,0.89441469013007,0.21599999999999997,59.924800000000005,0.2563079555175364,0.0035091367523589186,0.9735385095266567,6.348149229509993e-05
85,3.0,0.072,236.8,0.011476664116296864,0.9058913542463669,0.21599999999999997,60.140800000000006,0.253972972972973,0.0035091367523589186,0.9770476462790155,6.348149229509993e-05
44,3.0,0.07,239.8,0.011476664116296864,0.9173680183626638,0.21000000000000002,60.35080000000001,0.2516713928273561,0.0034116607314600604,0.9804593070104756,6.50442795974291e-05
70,3.0,0.069,242.8,0.011476664116296864,0.9288446824789607,0.20700000000000002,60.55780000000001,0.24941433278418454,0.003362922721010631,0.9838222297314863,6.583279942958139e-05
40,3.0,0.068,245.8,0.011476664116296864,0.9403213465952576,0.20400000000000001,60.76180000000001,0.24720016273393006,0.0033141847105612014,0.9871364144420475,6.662607004905881e-05
73,3.0,0.064,248.8,0.011476664116296864,0.9517980107115545,0.192,60.95380000000001,0.24499115755627013,0.003119232668763484,0.9902556471108109,6.98466604002199e-05
45,2.5999999999999943,0.063,251.4,0.009946442234123927,0.9617444529456783,0.16379999999999964,61.11760000000001,0.24310898965791572,0.002661095370538841,0.9929167424813498,5.307627892274905e-05
68,3.0,0.051,254.4,0.011476664116296864,0.9732211170619752,0.153,61.27060000000001,0.24084355345911954,0.002485638532920901,0.9954023810142707,8.083854104092109e-05
69,3.0,0.05,257.4,0.011476664116296864,0.9846977811782721,0.15000000000000002,61.42060000000001,0.23861926961926966,0.002436900522471472,0.9978392815367422,8.171732583225098e-05
46,1.0,0.049,258.4,0.003825554705432288,0.9885233358837044,0.049,61.46960000000001,0.23788544891640873,0.0007960541706740141,0.9986353357074161,9.177873490100668e-06
86,3.0,0.028,261.4,0.011476664116296864,1.0000000000000013,0.084,61.55360000000001,0.23547666411629692,0.001364664292584024,1.0000000000000002,0.0001022525404347685
