,weight,grade,cml_weight,weight_pct,cml_weight_pct,yield,cml_yield,cml_grade,recovery,cml_recovery,distributional_heterogeneity
33,2.4000000000000057,1.424,2.4000000000000057,0.020425531914893665,0.020425531914893665,3.4176000000000077,3.4176000000000077,1.424,0.13976542179908744,0.13976542179908744,0.014242009317571497
31,1.0,0.751,3.4000000000000057,0.00851063829787234,0.028936170212766003,0.751,4.168600000000008,1.2260588235294119,0.03071273167460043,0.17047815347368786,0.0004929329503089531
37,3.0,0.715,6.400000000000006,0.02553191489361702,0.05446808510638303,2.145,6.313600000000008,0.9865000000000004,0.08772145065515036,0.25819960412883824,0.003867538358235033
35,3.0,0.63,9.400000000000006,0.02553191489361702,0.08000000000000004,1.8900000000000001,8.203600000000009,0.8727234042553196,0.07729302645139123,0.3354926305802295,0.002679212669696346
12,3.0,0.533,12.400000000000006,0.02553191489361702,0.10553191489361706,1.5990000000000002,9.802600000000009,0.7905322580645164,0.06539235412474846,0.40088498470497796,0.0015888546156987212
1,3.0,0.533,15.400000000000006,0.02553191489361702,0.13106382978723408,1.5990000000000002,11.401600000000009,0.7403636363636367,0.06539235412474846,0.46627733882972644,0.0015888546156987212
27,3.0,0.337,18.400000000000006,0.02553191489361702,0.1565957446808511,1.0110000000000001,12.412600000000008,0.6745978260869567,0.04134563478431563,0.5076229736140421,0.00025007373678147667
0,3.0,0.27,21.400000000000006,0.02553191489361702,0.18212765957446814,0.81,13.222600000000009,0.6178785046728974,0.03312558276488196,0.540748556378924,5.766379173908132e-05
38,3.0,0.246,24.400000000000006,0.02553191489361702,0.20765957446808517,0.738,13.960600000000008,0.5721557377049182,0.03018108651911467,0.5709296428980387,2.161479680333243e-05
7,3.0,0.198,27.400000000000006,0.02553191489361702,0.2331914893617022,0.5940000000000001,14.554600000000008,0.531189781021898,0.024292094027580105,0.5952217369256189,1.5371557798605417e-06
34,3.0,0.175,30.400000000000006,0.02553191489361702,0.2587234042553192,0.5249999999999999,15.079600000000008,0.4960394736842107,0.02147028512538645,0.6166920220510053,1.649683637417673e-05
5,3.0,0.173,33.400000000000006,0.02553191489361702,0.2842553191489362,0.5189999999999999,15.598600000000008,0.46702395209580855,0.021224910438239174,0.6379169324892444,1.855028737864461e-05
41,2.0,0.171,35.400000000000006,0.01702127659574468,0.3012765957446809,0.342,15.940600000000009,0.45029943502824876,0.013986357167394605,0.651903289656639,9.210735936576761e-06
40,3.0,0.166,38.400000000000006,0.02553191489361702,0.3268085106382979,0.498,16.438600000000008,0.4280885416666668,0.02036609903322372,0.6722693886898627,2.668565350349098e-05
8,3.0,0.165,41.400000000000006,0.02553191489361702,0.3523404255319149,0.495,16.93360000000001,0.40902415458937214,0.020243411689650083,0.6925128003795128,2.796826613836857e-05
39,3.0,0.165,44.400000000000006,0.02553191489361702,0.3778723404255319,0.495,17.42860000000001,0.3925360360360362,0.020243411689650083,0.7127562120691628,2.796826613836857e-05
24,3.0,0.149,47.400000000000006,0.02553191489361702,0.4034042553191489,0.44699999999999995,17.87560000000001,0.3771223628691985,0.01828041419247189,0.7310366262616347,5.2584262418708315e-05
11,1.5,0.141,48.900000000000006,0.01276595744680851,0.41617021276595745,0.21149999999999997,18.08710000000001,0.3698793456032721,0.008649457721941398,0.739686083983576,1.6945569984831013e-05
20,3.0,0.136,51.900000000000006,0.02553191489361702,0.44170212765957445,0.40800000000000003,18.49510000000001,0.35636030828516396,0.016685478726014617,0.7563715627095907,7.825943286746397e-05
2,3.0,0.128,54.900000000000006,0.02553191489361702,0.46723404255319145,0.384,18.87910000000001,0.34388160291438996,0.01570397997742552,0.7720755426870163,9.658830471689607e-05
18,3.0,0.128,57.900000000000006,0.02553191489361702,0.49276595744680846,0.384,19.263100000000012,0.33269602763385164,0.01570397997742552,0.7877795226644418,9.658830471689607e-05
10,3.0,0.12,60.900000000000006,0.02553191489361702,0.5182978723404255,0.36,19.62310000000001,0.32221839080459785,0.014722481228836423,0.8025020038932783,0.00011684385615329212
22,3.0,0.11,63.900000000000006,0.02553191489361702,0.5438297872340425,0.33,19.95310000000001,0.3122550860719876,0.013495607793100056,0.8159976116863784,0.00014487268861795513
23,3.0,0.109,66.9,0.02553191489361702,0.5693617021276596,0.327,20.28010000000001,0.30314050822122585,0.01337292044952642,0.8293705321359048,0.00014784114589142617
36,3.0,0.105,69.9,0.02553191489361702,0.5948936170212766,0.315,20.595100000000013,0.29463662374821187,0.01288217107523187,0.8422527032111367,0.00016001601867077334
28,3.0,0.104,72.9,0.02553191489361702,0.6204255319148937,0.312,20.907100000000014,0.2867914951989028,0.012759483731658234,0.8550121869427949,0.0001631349977869759
32,2.8999999999999915,0.103,75.8,0.024680851063829716,0.6451063829787234,0.29869999999999913,21.205800000000014,0.2797598944591031,0.012215569841815075,0.86722775678461,0.00015538323594391083
15,3.0,0.098,78.8,0.02553191489361702,0.6706382978723404,0.29400000000000004,21.499800000000015,0.2728401015228428,0.012023359670216414,0.8792511164548263,0.00018248106422366387
14,3.0,0.097,81.8,0.02553191489361702,0.6961702127659575,0.29100000000000004,21.790800000000015,0.26639119804400996,0.011900672326642778,0.8911517887814692,0.0001858107739196906
16,3.0,0.094,84.8,0.02553191489361702,0.7217021276595745,0.28200000000000003,22.072800000000015,0.26029245283018887,0.011532610295921867,0.9026843990773911,0.00019598052921904871
29,1.2000000000000028,0.093,86.0,0.010212765957446832,0.7319148936170213,0.11160000000000027,22.184400000000014,0.2579581395348839,0.004563969180939303,0.9072483682583303,3.1908905022281875e-05
21,3.0,0.092,89.0,0.02553191489361702,0.7574468085106384,0.276,22.460400000000014,0.25236404494382036,0.011287235608774593,0.9185356038671049,0.00020291088792801905
13,3.0,0.091,92.0,0.02553191489361702,0.7829787234042555,0.273,22.733400000000014,0.24710217391304362,0.011164548265200957,0.9297001521323058,0.00020642122383532366
6,3.0,0.09,95.0,0.02553191489361702,0.8085106382978725,0.27,23.003400000000013,0.2421410526315791,0.011041860921627318,0.9407420130539331,0.0002099616641111746
9,3.0,0.087,98.0,0.02553191489361702,0.8340425531914896,0.261,23.264400000000013,0.237391836734694,0.010673798890906408,0.9514158119448395,0.00022076361115000524
17,3.0,0.086,101.0,0.02553191489361702,0.8595744680851066,0.258,23.52240000000001,0.2328950495049506,0.010551111547332771,0.9619669234921723,0.0002244244689000414
19,3.0,0.073,104.0,0.02553191489361702,0.8851063829787237,0.21899999999999997,23.741400000000013,0.22828269230769244,0.00895617608087549,0.9709230995730478,0.0002747551171882261
3,3.0,0.072,107.0,0.02553191489361702,0.9106382978723407,0.21599999999999997,23.957400000000014,0.22390093457943938,0.008833488737301854,0.9797565883103496,0.0002788374360979106
26,3.0,0.065,110.0,0.02553191489361702,0.9361702127659578,0.195,24.152400000000014,0.21956727272727286,0.007974677332286398,0.987731265642636,0.00030825659078499896
4,3.0,0.05,113.0,0.02553191489361702,0.9617021276595749,0.15000000000000002,24.302400000000013,0.21506548672566383,0.0061343671786818444,0.9938656328213179,0.00037626485735318683
25,3.0,0.035,116.0,0.02553191489361702,0.9872340425531919,0.10500000000000001,24.407400000000013,0.2104086206896553,0.0042940570250772905,0.9981596898463951,0.000451046606844295
30,1.5,0.03,117.5,0.01276595744680851,1.0000000000000004,0.045,24.452400000000015,0.20810553191489375,0.0018403101536045529,0.9999999999999997,0.00011936976877549497
