,weight,grade,cml_weight,weight_pct,cml_weight_pct,yield,cml_yield,cml_grade,recovery,cml_recovery,distributional_heterogeneity
9,0.5,0.449,0.5,0.003679175864606328,0.003679175864606328,0.2245,0.2245,0.449,0.00846470275508165,0.00846470275508165,2.290126761946239e-05
24,3.0,0.39,3.5,0.022075055187637967,0.025754231052244295,1.17,1.3944999999999999,0.3984285714285714,0.04411448651868832,0.05257918927376997,0.00048573653339608426
21,2.999999999999993,0.376,6.499999999999993,0.022075055187637915,0.04782928623988221,1.1279999999999972,2.5224999999999973,0.3880769230769231,0.04253088956673531,0.09511007884050528,0.00041844116014506293
22,3.0,0.366,9.499999999999993,0.022075055187637967,0.06990434142752018,1.0979999999999999,3.620499999999997,0.3811052631578947,0.04139974888676904,0.13650982772727432,0.0003734437865652363
6,3.0,0.335,12.499999999999993,0.022075055187637967,0.09197939661515815,1.0050000000000001,4.625499999999997,0.37004,0.03789321277887331,0.17440304050614763,0.00025021410958115623
19,3.0,0.315,15.499999999999993,0.022075055187637967,0.11405445180279612,0.9450000000000001,5.570499999999997,0.35938709677419356,0.035630931418940574,0.21003397192508821,0.0001837617803983949
1,2.999999999999999,0.282,18.499999999999993,0.02207505518763796,0.13612950699043408,0.8459999999999996,6.416499999999997,0.34683783783783784,0.03189816717505155,0.24193213910013978,9.649352911726849e-05
31,3.0,0.275,21.499999999999993,0.022075055187637967,0.15820456217807205,0.8250000000000001,7.241499999999998,0.3368139534883721,0.031106368699075102,0.2730385077992149,8.156462374186697e-05
18,3.0,0.272,24.499999999999993,0.022075055187637967,0.18027961736571002,0.8160000000000001,8.057499999999997,0.32887755102040817,0.030767026495085194,0.3038055342943001,7.555036520948586e-05
20,3.0,0.263,27.499999999999993,0.022075055187637967,0.202354672553348,0.789,8.846499999999997,0.3216909090909091,0.02974899988311546,0.33355453417741554,5.888942718924718e-05
35,3.0,0.248,30.499999999999993,0.022075055187637967,0.22442972774098596,0.744,9.590499999999997,0.31444262295081965,0.02805228886316591,0.36160682304058145,3.572732241186528e-05
27,3.0,0.247,33.49999999999999,0.022075055187637967,0.24650478292862393,0.741,10.331499999999997,0.3084029850746268,0.02793917479516927,0.3895459978357507,3.438789877143311e-05
23,3.0,0.246,36.49999999999999,0.022075055187637967,0.2685798381162619,0.738,11.069499999999996,0.3032739726027397,0.027826060727172634,0.41737205856292336,3.307406471575844e-05
28,3.0,0.245,39.49999999999999,0.022075055187637967,0.2906548933038999,0.735,11.804499999999996,0.29884810126582273,0.027712946659175997,0.4450850052220994,3.178582024484127e-05
0,3.0,0.245,42.49999999999999,0.022075055187637967,0.31272994849153785,0.735,12.539499999999995,0.29504705882352933,0.027712946659175997,0.4727979518812754,3.178582024484127e-05
25,3.0,0.243,45.49999999999999,0.022075055187637967,0.3348050036791758,0.729,13.268499999999994,0.29161538461538455,0.027486718523182727,0.5002846704044581,2.9286100057279415e-05
13,3.0,0.235,48.49999999999999,0.022075055187637967,0.3568800588668138,0.705,13.973499999999994,0.2881134020618556,0.02658180597920963,0.5268664763836678,2.0310802697331815e-05
26,3.0,0.226,51.49999999999999,0.022075055187637967,0.37895511405445176,0.678,14.651499999999995,0.2844951456310679,0.025563779367239903,0.5524302557509077,1.2171196401339195e-05
5,3.0,0.226,54.49999999999999,0.022075055187637967,0.40103016924208973,0.678,15.329499999999996,0.28127522935779814,0.025563779367239903,0.5779940351181475,1.2171196401339195e-05
14,3.0,0.218,57.49999999999999,0.022075055187637967,0.4231052244297277,0.654,15.983499999999996,0.27797391304347824,0.024658866823266807,0.6026529019414143,6.676082568410983e-06
12,3.0,0.208,60.49999999999999,0.022075055187637967,0.44518027961736567,0.624,16.607499999999995,0.2745041322314049,0.02352772614330044,0.6261806280847148,2.1102529054253195e-06
17,3.0,0.202,63.49999999999999,0.022075055187637967,0.46725533480500364,0.6060000000000001,17.213499999999996,0.2710787401574803,0.022849041735320624,0.6490296698200354,5.990551759937134e-07
33,4.0,0.183,67.5,0.029433406916850625,0.4966887417218543,0.732,17.945499999999996,0.2658592592592592,0.027599832591179364,0.6766295024112148,3.3619948077608195e-06
34,3.0,0.176,70.5,0.022075055187637967,0.5187637969094923,0.528,18.473499999999994,0.2620354609929077,0.019908075967408064,0.6965375783786228,4.695798940908201e-06
30,3.0,0.176,73.5,0.022075055187637967,0.5408388520971302,0.528,19.001499999999993,0.25852380952380943,0.019908075967408064,0.7164456543460309,4.695798940908201e-06
29,3.0,0.175,76.5,0.022075055187637967,0.5629139072847682,0.5249999999999999,19.52649999999999,0.25524836601307177,0.019794961899411424,0.7362406162454423,5.1988254030157176e-06
16,3.0,0.171,79.5,0.022075055187637967,0.5849889624724062,0.513,20.039499999999993,0.25206918238993703,0.019342505627424882,0.7555831218728672,7.466827099020722e-06
2,3.0,0.167,82.5,0.022075055187637967,0.6070640176600441,0.501,20.540499999999994,0.24897575757575752,0.018890049355438334,0.7744731712283056,1.014426215114567e-05
4,3.0,0.167,85.5,0.022075055187637967,0.6291390728476821,0.501,21.041499999999996,0.24609941520467832,0.018890049355438334,0.793363220583744,1.014426215114567e-05
46,1.5,0.153,87.0,0.011037527593818984,0.640176600441501,0.22949999999999998,21.270999999999997,0.2444942528735632,0.00865322620174271,0.8020164467854867,5.684893128256858e-06
32,3.0,0.146,90.0,0.022075055187637967,0.662251655629139,0.43799999999999994,21.708999999999996,0.24121111111111107,0.01651465392750896,0.8185311007129956,3.0918062173644235e-05
8,0.9000000000000021,0.141,90.9,0.006622516556291406,0.6688741721854304,0.1269000000000003,21.835899999999995,0.24021892189218916,0.004784725076257745,0.8233158257892533,3.3774775240843154e-06
15,3.0,0.138,93.9,0.022075055187637967,0.6909492273730684,0.41400000000000003,22.249899999999997,0.23695314164004255,0.01560974138353587,0.8389255671727892,4.180028258551313e-05
45,3.0,0.137,96.9,0.022075055187637967,0.7130242825607064,0.41100000000000003,22.660899999999998,0.23385861713106293,0.015496627315539234,0.8544221944883285,4.3275713268405475e-05
10,3.0,0.135,99.9,0.022075055187637967,0.7350993377483444,0.405,23.0659,0.23088988988988987,0.01527039917954596,0.8696925936678744,4.630334338846265e-05
3,3.0,0.133,102.9,0.022075055187637967,0.7571743929359823,0.399,23.4649,0.22803595724003886,0.015044171043552686,0.8847367647114271,4.943333184754982e-05
40,3.0,0.131,105.9,0.022075055187637967,0.7792494481236203,0.393,23.8579,0.22528706326723325,0.014817942907559412,0.8995547076189866,5.266567864566696e-05
7,3.0,0.129,108.9,0.022075055187637967,0.8013245033112583,0.387,24.2449,0.22263452708907255,0.01459171477156614,0.9141464223905528,5.600038378281409e-05
11,3.0,0.114,111.9,0.022075055187637967,0.8233995584988962,0.342,24.5869,0.21972207327971402,0.012895003751616589,0.9270414261421693,8.42733443679982e-05
38,3.0,0.109,114.9,0.022075055187637967,0.8454746136865342,0.327,24.9139,0.21683115752828547,0.012329433411633403,0.9393708595538027,9.497714380093434e-05
37,3.0,0.106,117.9,0.022075055187637967,0.8675496688741722,0.318,25.231900000000003,0.21401102629346905,0.011990091207643494,0.9513609507614462,0.00010170649847778599
43,3.0,0.104,120.9,0.022075055187637967,0.8896247240618101,0.312,25.543900000000004,0.21128122415219192,0.01176386307165022,0.9631248138330964,0.00010632068285280791
36,3.0,0.088,123.9,0.022075055187637967,0.9116997792494481,0.264,25.807900000000004,0.20829620661824053,0.009954037983704032,0.9730788518168004,0.00014691905805806245
39,3.0,0.087,126.9,0.022075055187637967,0.9337748344370861,0.261,26.068900000000003,0.2054286840031521,0.009840923915707397,0.9829197757325078,0.00014967396797882957
41,3.0,0.059,129.9,0.022075055187637967,0.9558498896247241,0.177,26.245900000000002,0.20204695919938415,0.006673730011801567,0.9895935057443094,0.00023720081717185215
44,3.0,0.05,132.9,0.022075055187637967,0.977924944812362,0.15000000000000002,26.3959,0.19861474793077502,0.0056557033998318375,0.9952492091441412,0.0002695951131317323
42,3.0,0.042,135.9,0.022075055187637967,1.0,0.126,26.521900000000002,0.19515746872700515,0.004750790855858743,0.9999999999999999,0.00030013013463735786
