,weight,grade,cml_weight,weight_pct,cml_weight_pct,yield,cml_yield,cml_grade,recovery,cml_recovery,distributional_heterogeneity
11,3.0999999999999943,0.342,3.0999999999999943,0.0709382151029747,0.0709382151029747,1.060199999999998,1.060199999999998,0.34199999999999997,0.11870479432115887,0.11870479432115887,0.0022816460902070636
4,3.0999999999999996,0.272,6.199999999999994,0.07093821510297482,0.14187643020594953,0.8432,1.903399999999998,0.307,0.09440849138992768,0.21311328571108656,0.000550853868985902
8,3.1999999999999993,0.249,9.399999999999993,0.0732265446224256,0.21510297482837515,0.7967999999999998,2.700199999999998,0.28725531914893615,0.08921333721477036,0.30232662292585694,0.00025557753739064885
10,3.0,0.243,12.399999999999993,0.06864988558352403,0.2837528604118992,0.729,3.429199999999998,0.2765483870967742,0.08162214210538103,0.383948765031238,0.00016827943926886154
2,3.0999999999999996,0.227,15.499999999999993,0.07093821510297482,0.354691075514874,0.7037,4.132899999999998,0.2666387096774193,0.07878943950556465,0.46273820453680264,6.164172461982199e-05
9,3.0000000000000036,0.21,18.499999999999996,0.0686498855835241,0.4233409610983981,0.6300000000000007,4.762899999999998,0.257454054054054,0.07053765367131702,0.5332758582081196,3.5636683532893182e-06
14,3.0,0.203,21.499999999999996,0.06864988558352403,0.4919908466819221,0.609,5.371899999999998,0.24985581395348833,0.06818639854893971,0.6014622567570593,2.1482023122775885e-07
7,3.0,0.196,24.499999999999996,0.06864988558352403,0.5606407322654461,0.5880000000000001,5.959899999999998,0.2432612244897959,0.06583514342656249,0.6672974001836218,7.92277341017653e-06
12,2.6000000000000014,0.195,27.099999999999998,0.059496567505720854,0.6201372997711669,0.5070000000000003,6.466899999999999,0.23863099630996307,0.05676601652596462,0.7240634167095864,7.4559086530477405e-06
3,3.0,0.187,30.099999999999998,0.06864988558352403,0.688787185354691,0.5609999999999999,7.027899999999999,0.23348504983388702,0.06281210112636318,0.7868755178359496,3.4079727368268735e-05
1,3.000000000000001,0.181,33.1,0.06864988558352404,0.757437070938215,0.5430000000000001,7.570899999999999,0.22872809667673713,0.060796739592897,0.8476722574288466,6.167190195010167e-05
6,3.0,0.141,36.1,0.06864988558352403,0.826086956521739,0.42299999999999993,7.993899999999999,0.22143767313019388,0.04736099603645565,0.8950332534653022,0.00045321681814727686
0,1.5,0.133,37.6,0.034324942791762014,0.860411899313501,0.1995,8.193399999999999,0.21790957446808507,0.022336923662583698,0.9173701771278858,0.00014371260264154517
5,3.0,0.122,40.6,0.06864988558352403,0.9290617848970251,0.366,8.559399999999998,0.21082266009852213,0.04097901784714603,0.9583491949750319,0.0007656769212841246
13,3.1000000000000014,0.12,43.7,0.07093821510297485,0.9999999999999999,0.37200000000000016,8.931399999999998,0.2043798627002288,0.04165080502496812,1.0,0.0008577523890773309
