,weight,grade,cml_weight,weight_pct,cml_weight_pct,yield,cml_yield,cml_grade,recovery,cml_recovery,distributional_heterogeneity
6,3.0000000000000036,0.219,3.0000000000000036,0.039735099337748395,0.039735099337748395,0.6570000000000008,0.6570000000000008,0.219,0.09561926939310153,0.09561926939310153,0.003123040462775628
18,2.9000000000000057,0.147,5.900000000000009,0.03841059602649014,0.07814569536423854,0.4263000000000008,1.0833000000000017,0.18361016949152542,0.06204337068840062,0.15766264008150216,0.0005585080382206379
8,3.0,0.123,8.90000000000001,0.039735099337748346,0.1178807947019869,0.369,1.4523000000000017,0.1631797752808989,0.053703973220782984,0.21136661330228515,0.00019512943756012718
17,6.0,0.119,14.90000000000001,0.07947019867549669,0.19735099337748357,0.714,2.1663000000000014,0.14538926174496644,0.10391500509387276,0.3152816183961579,0.0005975485608318799
4,3.6999999999999993,0.109,18.60000000000001,0.049006622516556284,0.24635761589403987,0.40329999999999994,2.569600000000001,0.1381505376344086,0.058695968563527844,0.37397758695968575,9.388342681796333e-05
14,4.600000000000001,0.102,23.20000000000001,0.06092715231788081,0.3072847682119207,0.4692000000000001,3.0388000000000015,0.13098275862068967,0.06828700334740212,0.44226459030708787,5.416740717674582e-05
7,3.0999999999999943,0.1,26.300000000000004,0.04105960264900655,0.34834437086092723,0.30999999999999944,3.348800000000001,0.1273307984790875,0.045117159074370444,0.4873817493814583,1.6463764145011873e-05
9,5.600000000000001,0.1,31.900000000000006,0.0741721854304636,0.42251655629139084,0.5600000000000002,3.908800000000001,0.12253291536050158,0.08150196477950808,0.5688837141609664,5.372566530567893e-05
15,3.5,0.092,35.400000000000006,0.046357615894039736,0.4688741721854306,0.322,4.230800000000001,0.11951412429378533,0.04686362974821713,0.6157473439091835,2.560500206194604e-07
19,3.200000000000003,0.091,38.60000000000001,0.042384105960264935,0.5112582781456956,0.29120000000000024,4.522000000000001,0.11715025906735752,0.042381021685344224,0.6581283655945277,9.512751786553105e-12
2,3.0999999999999996,0.082,41.70000000000001,0.04105960264900662,0.5523178807947022,0.2542,4.776200000000001,0.11453717026378897,0.03699607044098383,0.6951244360355116,1.6512294005638544e-05
3,3.0,0.082,44.70000000000001,0.039735099337748346,0.5920529801324506,0.246,5.0222000000000016,0.11235346756152126,0.03580264881385532,0.7309270848493669,1.546416712286649e-05
16,2.5999999999999943,0.079,47.300000000000004,0.034437086092715154,0.6264900662251657,0.20539999999999956,5.227600000000001,0.1105200845665962,0.029893756367340926,0.7608208412167078,2.06418449934691e-05
13,4.100000000000001,0.076,51.400000000000006,0.05430463576158942,0.6807947019867551,0.3116000000000001,5.539200000000001,0.10776653696498055,0.04535002183088342,0.8061708630475912,8.018511064799395e-05
0,4.9,0.074,56.300000000000004,0.06490066225165564,0.7456953642384108,0.36260000000000003,5.9018000000000015,0.1048277087033748,0.05277252219473147,0.8589433852423227,0.00014709178124036859
5,5.5,0.064,61.800000000000004,0.0728476821192053,0.8185430463576161,0.352,6.253800000000002,0.10119417475728158,0.051229806432833626,0.9101731916751563,0.0004673325491914191
11,3.8000000000000043,0.061,65.60000000000001,0.05033112582781463,0.8688741721854307,0.23180000000000026,6.4856000000000025,0.0988658536585366,0.03373599184980355,0.9439091835249599,0.0002753984717481378
1,6.6,0.053,72.2,0.08741721854304635,0.9562913907284771,0.34979999999999994,6.835400000000003,0.09467313019390584,0.05090962014262841,0.9948188036675883,0.001332804740966198
12,2.299999999999997,0.012,74.5,0.03046357615894036,0.9867549668874175,0.027599999999999965,6.863000000000002,0.09212080536912755,0.004016882549847178,0.9988356862174356,0.00069942760285325
10,1.0,0.008,75.5,0.013245033112582781,1.0000000000000002,0.008,6.871000000000002,0.09100662251655632,0.0011643137825644008,1.0,0.00014594377953067975
