,weight,grade,cml_weight,weight_pct,cml_weight_pct,yield,cml_yield,cml_grade,recovery,cml_recovery,distributional_heterogeneity
12,4.0,0.47,4.0,0.06279434850863422,0.06279434850863422,1.88,1.88,0.47,0.21698984302862423,0.21698984302862423,0.023776250530264276
21,2.200000000000003,0.386,6.200000000000003,0.03453689167974887,0.09733124018838309,0.8492000000000011,2.729200000000001,0.44019354838709673,0.09801477377654677,0.315004616805171,0.004029441515494977
6,3.1000000000000014,0.226,9.300000000000004,0.04866562009419154,0.14599686028257464,0.7006000000000003,3.429800000000001,0.36879569892473113,0.08086334256694373,0.3958679593721147,0.0010366933324323716
9,2.5000000000000036,0.225,11.800000000000008,0.039246467817896445,0.1852433281004711,0.5625000000000008,3.992300000000002,0.3383305084745762,0.06492382271468154,0.4607917820867963,0.0006593265544954542
11,1.3999999999999986,0.195,13.200000000000006,0.021978021978021955,0.20722135007849304,0.27299999999999974,4.265300000000002,0.32312878787878785,0.0315096952908587,0.49230147737765495,9.085279614264429e-05
2,2.5,0.156,15.700000000000006,0.03924646781789639,0.24646781789638944,0.39,4.655300000000001,0.29651592356687895,0.04501385041551248,0.5373153277931675,3.326270202728494e-05
1,3.0,0.142,18.700000000000006,0.04709576138147566,0.2935635792778651,0.42599999999999993,5.0813000000000015,0.2717272727272727,0.04916897506925208,0.5864843028624196,4.298214995183518e-06
19,3.5,0.125,22.200000000000006,0.054945054945054944,0.34850863422292,0.4375,5.5188000000000015,0.2485945945945946,0.05049630655586335,0.6369806094182829,1.9791362230334707e-05
5,3.0,0.109,25.200000000000006,0.04709576138147566,0.39560439560439564,0.327,5.845800000000001,0.23197619047619047,0.03774238227146815,0.6747229916897511,8.748570077552486e-05
0,2.9999999999999996,0.108,28.200000000000006,0.047095761381475656,0.4427001569858713,0.32399999999999995,6.169800000000001,0.21878723404255318,0.03739612188365651,0.7121191135734076,9.408300638765318e-05
3,3.5999999999999996,0.106,31.800000000000004,0.05651491365777079,0.49921507064364207,0.38159999999999994,6.551400000000001,0.2060188679245283,0.044044321329639896,0.7561634349030475,0.00015551567301443713
10,1.5,0.104,33.300000000000004,0.02354788069073783,0.5227629513343799,0.156,6.707400000000001,0.20142342342342343,0.01800554016620499,0.7741689750692525,3.0717538489878967e-05
4,2.8000000000000007,0.104,36.10000000000001,0.043956043956043966,0.5667189952904239,0.29120000000000007,6.998600000000001,0.1938670360110803,0.033610341643582654,0.8077793167128352,0.0001070335563380672
8,2.6999999999999993,0.087,38.80000000000001,0.04238618524332809,0.609105180533752,0.23489999999999991,7.2335,0.18643041237113397,0.027112188365650967,0.8348915050784862,0.00023329498061929035
7,2.8999999999999986,0.084,41.70000000000001,0.04552590266875979,0.6546310832025117,0.2435999999999999,7.4771,0.1793069544364508,0.028116343490304705,0.8630078485687909,0.0003030927507881295
13,4.100000000000001,0.08,45.80000000000001,0.0643642072213501,0.7189952904238618,0.3280000000000001,7.8051,0.17041703056768556,0.03785780240073871,0.9008656509695295,0.0007025894965141304
18,4.5,0.068,50.30000000000001,0.07064364207221349,0.7896389324960753,0.30600000000000005,8.1111,0.16125447316103378,0.03531855955678672,0.9361842105263163,0.0012478614547217107
14,1.8999999999999986,0.061,52.20000000000001,0.029827315541601233,0.8194662480376765,0.1158999999999999,8.227,0.1576053639846743,0.013377192982456133,0.9495614035087724,0.00027060653221089445
16,3.8000000000000043,0.057,56.000000000000014,0.059654631083202576,0.8791208791208791,0.21660000000000026,8.4436,0.1507785714285714,0.025000000000000036,0.9745614035087724,0.0012009434555128675
15,3.1999999999999957,0.052,59.20000000000001,0.05023547880690731,0.9293563579277864,0.16639999999999977,8.61,0.14543918918918916,0.01920590951061863,0.993767313019391,0.0009628341707131811
17,0.5,0.028,59.70000000000001,0.007849293563579277,0.9372056514913657,0.014,8.623999999999999,0.1444556113902847,0.0016158818097876274,0.9953831948291787,3.885542209230789e-05
20,3.999999999999993,0.01,63.7,0.0627943485086341,0.9999999999999998,0.03999999999999993,8.663999999999998,0.13601255886970168,0.0046168051708217845,1.0000000000000004,0.0033846265488230304
