,weight,grade,cml_weight,weight_pct,cml_weight_pct,yield,cml_yield,cml_grade,recovery,cml_recovery,distributional_heterogeneity
7,3.0,0.053,3.0,0.030643513789581203,0.030643513789581203,0.159,0.159,0.053,0.07651956302035712,0.07651956302035712,0.0021046118930245755
5,3.0,0.048,6.0,0.030643513789581203,0.061287027579162406,0.14400000000000002,0.30300000000000005,0.05050000000000001,0.06930073632032344,0.14582029934068055,0.0014943808537913248
8,4.0,0.044,10.0,0.04085801838610827,0.10214504596527069,0.176,0.47900000000000004,0.047900000000000005,0.08470089994706197,0.2305211992877425,0.001922198263567814
22,3.5,0.043,13.5,0.035750766087844735,0.1378958120531154,0.1505,0.6295000000000001,0.04662962962962963,0.0724288945570047,0.3029500938447472,0.0013452851080002022
27,3.0,0.037,16.5,0.030643513789581203,0.1685393258426966,0.11099999999999999,0.7405,0.04487878787878788,0.05341931758024931,0.3563694114249965,0.0005187372383110118
4,4.0,0.031,20.5,0.04085801838610827,0.20939734422880488,0.124,0.8645,0.042170731707317076,0.05967563405361184,0.4160450454786083,0.000354102659409876
9,7.0,0.031,27.5,0.07150153217568947,0.28089887640449435,0.217,1.0815000000000001,0.03932727272727273,0.10443235959382073,0.520477405072429,0.0010844393944427452
24,3.0,0.027,30.5,0.030643513789581203,0.31154239019407554,0.081,1.1625,0.03811475409836066,0.03898166418018193,0.5594590692526109,6.952475193627507e-05
14,3.0,0.024,33.5,0.030643513789581203,0.3421859039836567,0.07200000000000001,1.2345000000000002,0.03685074626865672,0.03465036816016172,0.5941094374127727,1.605488194704017e-05
23,3.0,0.022,36.5,0.030643513789581203,0.3728294177732379,0.066,1.3005000000000002,0.035630136986301374,0.03176283748014824,0.6258722748929209,1.2528855242646088e-06
18,3.0,0.021,39.5,0.030643513789581203,0.4034729315628191,0.063,1.3635000000000002,0.03451898734177215,0.0303190721401415,0.6561913470330624,1.0526238389115254e-07
19,3.0,0.018,42.5,0.030643513789581203,0.4341164453524003,0.05399999999999999,1.4175000000000002,0.03335294117647059,0.02598777612012128,0.6821791231531836,2.1675893246828065e-05
3,3.0,0.018,45.5,0.030643513789581203,0.4647599591419815,0.05399999999999999,1.4715000000000003,0.03234065934065935,0.02598777612012128,0.7081668992733049,2.1675893246828065e-05
26,3.0,0.017,48.5,0.030643513789581203,0.49540347293156267,0.051000000000000004,1.5225000000000002,0.03139175257731959,0.02454401078011455,0.7327109100534195,3.720393696249274e-05
25,3.0,0.017,51.5,0.030643513789581203,0.5260469867211439,0.051000000000000004,1.5735000000000001,0.03055339805825243,0.02454401078011455,0.7572549208335341,3.720393696249274e-05
21,3.0,0.017,54.5,0.030643513789581203,0.5566905005107251,0.051000000000000004,1.6245,0.029807339449541285,0.02454401078011455,0.7817989316136487,3.720393696249274e-05
20,3.0,0.017,57.5,0.030643513789581203,0.5873340143003063,0.051000000000000004,1.6755,0.02913913043478261,0.02454401078011455,0.8063429423937633,3.720393696249274e-05
6,5.5,0.017,63.0,0.056179775280898875,0.6435137895812052,0.0935,1.769,0.02807936507936508,0.04499735309687667,0.8513402954906399,0.00012504656590171172
15,3.0,0.013,66.0,0.030643513789581203,0.6741573033707864,0.039,1.8079999999999998,0.02739393939393939,0.018768949420087597,0.8701092449107275,0.00014100527896524713
12,5.0,0.013,71.0,0.051072522982635336,0.7252298263534217,0.065,1.8729999999999998,0.026380281690140842,0.03128158236681266,0.9013908272775402,0.0003916813304590198
16,4.400000000000006,0.012,75.4,0.044943820224719155,0.7701736465781408,0.05280000000000007,1.9257999999999997,0.025541114058355432,0.025410269984118626,0.9268010972616588,0.0003815595850020651
10,3.0,0.011,78.4,0.030643513789581203,0.800817160367722,0.033,1.9587999999999997,0.024984693877551013,0.01588141874007412,0.9426825160017329,0.00021791945025068159
17,3.0999999999999943,0.009,81.5,0.03166496424923385,0.8324821246169558,0.027899999999999946,1.9866999999999997,0.024376687116564412,0.013427017662062639,0.9561095336637956,0.0003326226957165101
13,3.0,0.008,84.5,0.030643513789581203,0.863125638406537,0.024,2.0106999999999995,0.023795266272189343,0.011550122720053905,0.9676596563838495,0.0003645575825339048
2,6.0,0.008,90.5,0.061287027579162406,0.9244126659856994,0.048,2.0586999999999995,0.022748066298342536,0.02310024544010781,0.9907599018239573,0.0014582303301356192
1,2.5,0.003,93.0,0.025536261491317668,0.9499489274770171,0.0075,2.0661999999999994,0.022217204301075263,0.003609413350016845,0.9943693151739742,0.00048078666941166746
0,1.9,0.003,94.9,0.019407558733401428,0.9693564862104185,0.0057,2.0718999999999994,0.02183245521601685,0.0027431541460128024,0.997112469319987,0.0002777023802521791
11,3.0,0.002,97.9,0.030643513789581203,0.9999999999999997,0.006,2.077899999999999,0.021224719101123585,0.002887530680013476,1.0000000000000004,0.0007703945983786088
