,weight,grade,cml_weight,weight_pct,cml_weight_pct,yield,cml_yield,cml_grade,recovery,cml_recovery,distributional_heterogeneity
20,1.6999999999999886,0.75,1.6999999999999886,0.019230769230769103,0.019230769230769103,1.2749999999999915,1.2749999999999915,0.75,0.3844646141784503,0.3844646141784503,0.1333957614952668
7,4.0,0.091,5.699999999999989,0.04524886877828055,0.06447963800904966,0.364,1.6389999999999914,0.2875438596491219,0.10976087808702498,0.4942254922654753,0.004161799345051526
19,3.9000000000000057,0.079,9.599999999999994,0.044117647058823595,0.10859728506787325,0.30810000000000043,1.9470999999999918,0.20282291666666594,0.09290474323794627,0.5871302355034216,0.0023801807535909656
8,3.0,0.061,12.599999999999994,0.03393665158371041,0.14253393665158365,0.183,2.1300999999999917,0.16905555555555496,0.05518197991737794,0.6423122154207995,0.0004513639760053361
10,4.5,0.046,17.099999999999994,0.05090497737556562,0.19343891402714927,0.207,2.3370999999999915,0.13667251461988258,0.06241896089014882,0.7047311763109484,0.0001325718163740936
5,3.0,0.045,20.099999999999994,0.03393665158371041,0.2273755656108597,0.135,2.4720999999999913,0.12299004975124338,0.04070801797183619,0.7454391942827846,4.585140276223944e-05
4,4.5,0.042,24.599999999999994,0.05090497737556562,0.2782805429864253,0.189,2.6610999999999914,0.10817479674796715,0.05699122516057066,0.8024304194433552,3.704241210047879e-05
0,3.3,0.029,27.899999999999995,0.03733031674208145,0.3156108597285067,0.0957,2.7567999999999913,0.09881003584229361,0.028857461628923872,0.8312878810722791,7.17892737685605e-05
6,3.0,0.024,30.899999999999995,0.03393665158371041,0.3495475113122171,0.07200000000000001,2.8287999999999913,0.09154692556634278,0.021710942918312635,0.8529988239905918,0.00014946795237118235
9,2.0,0.02,32.89999999999999,0.022624434389140274,0.37217194570135737,0.04,2.8687999999999914,0.08719756838905751,0.01206163495461813,0.8650604589452099,0.00011157273189394135
16,4.5,0.013,37.39999999999999,0.05090497737556562,0.42307692307692296,0.058499999999999996,2.9272999999999914,0.07827005347593562,0.01764014112112901,0.8827006000663389,0.0011065493310344799
12,3.5,0.013,40.89999999999999,0.03959276018099548,0.46266968325791846,0.0455,2.9727999999999914,0.07268459657701692,0.013720109760878122,0.896420709827217,0.000669394039761599
2,6.0,0.013,46.89999999999999,0.06787330316742082,0.5305429864253393,0.078,3.0507999999999913,0.0650490405117269,0.02352018816150535,0.9199408979887224,0.0019671988107279647
13,2.0,0.012,48.89999999999999,0.022624434389140274,0.5531674208144796,0.024,3.0747999999999913,0.06287934560327181,0.007236980972770877,0.9271778789614933,0.0002367737226409382
11,5.0,0.011,53.89999999999999,0.056561085972850686,0.6097285067873303,0.05499999999999999,3.1297999999999915,0.05806679035250449,0.016584748062599925,0.9437626270240932,0.0015981075927145522
3,3.0,0.01,56.89999999999999,0.03393665158371041,0.6436651583710407,0.03,3.1597999999999913,0.055532513181019184,0.009046226215963597,0.9528088532400568,0.0006195332749873739
21,3.9000000000000057,0.008,60.8,0.044117647058823595,0.6877828054298643,0.031200000000000047,3.1909999999999914,0.052483552631578806,0.009408075264602155,0.962216928504659,0.0012047543741382125
22,4.5,0.008,65.3,0.05090497737556562,0.7386877828054299,0.036000000000000004,3.2269999999999914,0.049418070444104005,0.010855471459156317,0.9730723999638153,0.0016039629241485036
15,3.5,0.006,68.8,0.03959276018099548,0.7782805429864253,0.021,3.2479999999999913,0.04720930232558127,0.006332358351174518,0.9794047583149899,0.0011062543298811576
18,4.5,0.006,73.3,0.05090497737556562,0.829185520361991,0.027,3.2749999999999915,0.044679399727148586,0.008141603594367237,0.9875463619093571,0.001828706137150485
14,5.0,0.004,78.3,0.056561085972850686,0.8857466063348417,0.02,3.2949999999999915,0.04208173690932301,0.006030817477309065,0.9935771793866661,0.0025533080342315254
1,3.0,0.003,81.3,0.03393665158371041,0.9196832579185521,0.009000000000000001,3.3039999999999914,0.04063960639606386,0.0027138678647890793,0.9962910472514552,0.0009748622231585388
23,2.5999999999999943,0.003,83.89999999999999,0.02941176470588229,0.9490950226244343,0.007799999999999983,3.3117999999999914,0.03947318235995222,0.00235201881615053,0.9986430660676058,0.0007322298476168548
17,4.5,0.001,88.39999999999999,0.05090497737556562,1.0,0.0045000000000000005,3.3162999999999916,0.03751470588235285,0.0013569339323945397,1.0000000000000002,0.002455008609046368
