,weight,grade,cml_weight,weight_pct,cml_weight_pct,yield,cml_yield,cml_grade,recovery,cml_recovery,distributional_heterogeneity
4,2.0,0.299,2.0,0.023529411764705882,0.023529411764705882,0.598,0.598,0.299,0.152317880794702,0.152317880794702,0.016586469755090264
6,1.5,0.174,3.5,0.01764705882352941,0.041176470588235294,0.261,0.859,0.2454285714285714,0.06647987773815589,0.21879775853285788,0.0023846442031487006
5,2.5,0.13,6.0,0.029411764705882353,0.07058823529411765,0.325,1.184,0.19733333333333333,0.08278145695364239,0.30157921548650024,0.002848324050620618
0,4.4,0.076,10.4,0.05176470588235295,0.1223529411764706,0.33440000000000003,1.5184,0.146,0.08517575140091697,0.38675496688741723,0.001116297962643557
1,4.5,0.068,14.9,0.052941176470588235,0.17529411764705882,0.30600000000000005,1.8244,0.12244295302013422,0.07794192562404484,0.46469689251146207,0.0006250374582340609
8,4.5,0.066,19.4,0.052941176470588235,0.22823529411764706,0.29700000000000004,2.1214,0.10935051546391752,0.07564951604686705,0.5403464085583292,0.0005156686863115903
2,5.0,0.064,24.4,0.058823529411764705,0.28705882352941176,0.32,2.4414,0.10005737704918033,0.0815078960774325,0.6218543046357616,0.0005145804910224603
7,4.5,0.055,28.9,0.052941176470588235,0.33999999999999997,0.2475,2.6889,0.09304152249134948,0.0630412633723892,0.6848955680081509,0.0001020117554239314
3,3.0,0.052,31.9,0.03529411764705882,0.3752941176470588,0.156,2.8449,0.08918181818181818,0.039735099337748346,0.7246306673458992,1.9722318377039527e-05
13,4.0,0.044,35.9,0.047058823529411764,0.42235294117647054,0.176,3.0209,0.08414763231197772,0.04482934284258787,0.7694600101884871,4.970584132920736e-06
11,3.0,0.034,38.9,0.03529411764705882,0.45764705882352935,0.10200000000000001,3.1229,0.080280205655527,0.02598064187468161,0.7954406520631687,8.674083096265731e-05
9,4.5,0.031,43.4,0.052941176470588235,0.5105882352941176,0.1395,3.2624,0.0751705069124424,0.03553234844625573,0.8309730005094245,0.0003030672931807848
16,3.5,0.028,46.9,0.041176470588235294,0.5517647058823528,0.098,3.3604,0.07165031982942431,0.024961793173713703,0.8559347936831382,0.00026291576365699654
10,3.0,0.027,49.9,0.03529411764705882,0.5870588235294116,0.081,3.4414,0.06896593186372746,0.020631686194600103,0.8765664798777383,0.00021498689609805076
14,4.0,0.023,53.9,0.047058823529411764,0.6341176470588235,0.092,3.5334,0.06555473098330242,0.023433520122261842,0.9000000000000001,0.0005581549610798897
12,1.5,0.017,55.4,0.01764705882352941,0.6517647058823529,0.025500000000000002,3.5589,0.06424007220216607,0.006495160468670403,0.9064951604686705,0.00012436483691710709
17,6.5,0.016,61.9,0.07647058823529412,0.7282352941176471,0.10400000000000001,3.6629,0.05917447495961228,0.026490066225165563,0.9329852266938361,0.0024980525804049448
19,3.0,0.016,64.9,0.03529411764705882,0.7635294117647059,0.048,3.7109,0.05717873651771956,0.012226184411614875,0.9452114111054509,0.0005321295437548995
15,6.0,0.014,70.9,0.07058823529411765,0.8341176470588235,0.084,3.7949,0.053524682651622,0.021395822720326033,0.966607233825777,0.0024198934548301317
20,4.0,0.014,74.9,0.047058823529411764,0.8811764705882352,0.056,3.8509,0.05141388518024032,0.014263881813550688,0.9808711156393276,0.0010755082021467251
21,4.099999999999994,0.011,79.0,0.048235294117646994,0.9294117647058823,0.04509999999999993,3.8960000000000004,0.049316455696202535,0.011487519103413125,0.9923586347427408,0.0013503989684967503
18,6.0,0.005,85.0,0.07058823529411765,0.9999999999999999,0.03,3.926,0.04618823529411765,0.007641365257259296,1.0,0.003962308447437135
