,weight,grade,cml_weight,weight_pct,cml_weight_pct,yield,cml_yield,cml_grade,recovery,cml_recovery,distributional_heterogeneity
2,3.0,0.298,3.0,0.026315789473684213,0.026315789473684213,0.8939999999999999,0.8939999999999999,0.298,0.09847767178515561,0.09847767178515561,0.005207337258734651
3,4.0,0.25,7.0,0.03508771929824562,0.061403508771929835,1.0,1.894,0.2705714285714286,0.11015399528540896,0.20863166707056457,0.005634945790580979
0,3.9000000000000004,0.244,10.9,0.03421052631578948,0.09561403508771932,0.9516000000000001,2.8456,0.26106422018348624,0.10482254191359519,0.31345420898415977,0.004986056746784756
1,3.0,0.176,13.9,0.026315789473684213,0.12192982456140353,0.528,3.3736,0.24270503597122303,0.05816130951069594,0.3716155184948557,0.0010141371464277152
4,3.5,0.142,17.4,0.030701754385964918,0.15263157894736845,0.49699999999999994,3.8706,0.22244827586206897,0.054746535656848255,0.4263620541517039,0.0005781515063646223
23,4.900000000000006,0.11,22.300000000000004,0.042982456140350934,0.19561403508771938,0.5390000000000006,4.409600000000001,0.19773991031390137,0.0593730034588355,0.4857350576105394,0.00026865004139948193
10,3.299999999999997,0.098,25.6,0.02894736842105261,0.224561403508772,0.32339999999999974,4.7330000000000005,0.18488281250000002,0.035623802075301234,0.5213588596858406,4.457476633958363e-05
21,4.5,0.097,30.1,0.03947368421052632,0.2640350877192983,0.4365,5.1695,0.17174418604651162,0.04808221894208101,0.5694410786279216,7.410687022438355e-05
16,3.0,0.088,33.1,0.026315789473684213,0.2903508771929825,0.264,5.4335,0.16415407854984895,0.02908065475534797,0.5985217333832695,7.644480025749591e-06
15,3.0,0.082,36.1,0.026315789473684213,0.31666666666666676,0.246,5.679500000000001,0.1573268698060942,0.027097882840210606,0.6256196162234802,6.11670033964591e-07
17,3.0,0.08,39.1,0.026315789473684213,0.342982456140351,0.24,5.919500000000001,0.15139386189258314,0.026436958868498152,0.6520565750919783,1.4682022239576742e-08
14,4.0,0.078,43.1,0.03508771929824562,0.3780701754385966,0.312,6.231500000000001,0.14458236658932716,0.0343680465290476,0.6864246216210259,5.179288947251434e-07
8,2.3000000000000043,0.074,45.400000000000006,0.020175438596491267,0.3982456140350879,0.1702000000000003,6.401700000000002,0.14100660792951544,0.01874820999757664,0.7051728316186026,2.0369814735598072e-06
19,3.0,0.051,48.400000000000006,0.026315789473684213,0.42456140350877214,0.153,6.554700000000001,0.13542768595041324,0.01685356127866757,0.7220263928972701,8.95337624145679e-05
20,3.0,0.05,51.400000000000006,0.026315789473684213,0.4508771929824564,0.15000000000000002,6.704700000000002,0.13044163424124516,0.016523099292811348,0.7385494921900815,9.589678097856386e-05
5,4.0,0.05,55.400000000000006,0.03508771929824562,0.485964912280702,0.2,6.904700000000002,0.12463357400722024,0.022030799057081794,0.7605802912471633,0.00017048316618411354
25,4.599999999999994,0.047,60.0,0.04035087719298241,0.5263157894736844,0.21619999999999973,7.120900000000002,0.1186816666666667,0.02381529378070539,0.7843955850278687,0.0002734255187843709
18,3.0,0.046,63.0,0.026315789473684213,0.5526315789473686,0.138,7.2589000000000015,0.11522063492063495,0.015201251349386439,0.7995968363772551,0.00012353295771646872
13,3.0,0.044,66.0,0.026315789473684213,0.5789473684210528,0.132,7.390900000000001,0.11198333333333335,0.014540327377673985,0.8141371637549291,0.00013866150757457362
6,5.699999999999999,0.044,71.7,0.05,0.6289473684210528,0.25079999999999997,7.641700000000001,0.10657880055788006,0.027626622017580565,0.8417637857725097,0.0005005680423442108
28,11.599999999999994,0.043,83.3,0.10175438596491225,0.7307017543859651,0.4987999999999997,8.140500000000001,0.09772509003601443,0.05494481284836196,0.8967085986208716,0.0021911361353536664
9,4.0,0.043,87.3,0.03508771929824562,0.7657894736842107,0.172,8.312500000000002,0.09521764032073313,0.018946487189090342,0.9156550858099619,0.0002605393740016253
24,2.9000000000000057,0.041,90.2,0.02543859649122812,0.7912280701754388,0.11890000000000024,8.431400000000002,0.09347450110864747,0.013097310039435154,0.9287523958493971,0.0001523073512852087
11,1.8999999999999986,0.04,92.1,0.016666666666666656,0.8078947368421054,0.07599999999999994,8.507400000000002,0.09237133550488602,0.008371703641691075,0.9371240994910881,6.880641158571204e-05
12,6.100000000000001,0.038,98.19999999999999,0.05350877192982458,0.8614035087719301,0.23180000000000006,8.739200000000002,0.08899389002036663,0.025533696107157805,0.9626577955982459,0.0007826048672839552
26,6.0,0.028,104.19999999999999,0.052631578947368425,0.9140350877192985,0.168,8.907200000000001,0.08548176583493285,0.018505871207948707,0.9811636668061946,0.0011645639287162911
27,6.0,0.026,110.19999999999999,0.052631578947368425,0.966666666666667,0.156,9.063200000000002,0.08224319419237752,0.0171840232645238,0.9983476900707184,0.0012565292038883707
22,1.5999999999999943,0.008,111.79999999999998,0.014035087719298197,0.9807017543859652,0.012799999999999956,9.076000000000002,0.08118067978533099,0.0014099711396532298,0.9997576612103717,0.00015939356864962624
7,2.1999999999999993,0.001,113.99999999999999,0.019298245614035085,1.0000000000000002,0.0021999999999999993,9.078200000000002,0.07963333333333336,0.00024233878962789964,0.9999999999999996,0.0003631275849004884
