,weight,grade,cml_weight,weight_pct,cml_weight_pct,yield,cml_yield,cml_grade,recovery,cml_recovery,distributional_heterogeneity
1,3.8000000000000007,0.016,3.8000000000000007,0.03079416531604539,0.03079416531604539,0.060800000000000014,0.060800000000000014,0.016,0.06580086580086579,0.06580086580086579,0.0012254690788339254
17,6.0,0.014,9.8,0.04862236628849271,0.0794165316045381,0.084,0.1448,0.014775510204081632,0.09090909090909088,0.1567099567099567,0.0017881670791383036
6,3.8000000000000007,0.014,13.600000000000001,0.03079416531604539,0.1102106969205835,0.05320000000000001,0.198,0.014558823529411765,0.05757575757575757,0.21428571428571425,0.0007172536839654753
7,4.5,0.013,18.1,0.036466774716369534,0.14667747163695302,0.058499999999999996,0.2565,0.014171270718232043,0.06331168831168829,0.2775974025974025,0.0007206493859401298
21,6.0,0.012,24.1,0.04862236628849271,0.19529983792544572,0.07200000000000001,0.3285,0.01363070539419087,0.0779220779220779,0.3555194805194804,0.0008584731018112474
20,6.0,0.011,30.1,0.04862236628849271,0.24392220421393843,0.066,0.3945,0.013106312292358804,0.07142857142857141,0.4269480519480518,0.0005201229928913519
12,3.0,0.011,33.1,0.024311183144246355,0.2682333873581848,0.033,0.4275,0.012915407854984894,0.035714285714285705,0.4626623376623375,0.00013003074822283796
16,6.0,0.009,39.1,0.04862236628849271,0.3168557536466775,0.05399999999999999,0.4815,0.012314578005115089,0.05844155844155842,0.521103896103896,9.641653453882719e-05
24,4.5,0.009,43.6,0.036466774716369534,0.35332252836304706,0.040499999999999994,0.522,0.011972477064220183,0.04383116883116881,0.5649350649350647,5.42343006780903e-05
5,4.0,0.008,47.6,0.03241491085899514,0.3857374392220422,0.032,0.554,0.011638655462184875,0.034632034632034625,0.5995670995670994,4.915637824976829e-06
25,5.0,0.007,52.6,0.04051863857374392,0.4262560777957861,0.035,0.5890000000000001,0.011197718631178709,0.03787878787878787,0.6374458874458873,6.968811691659977e-06
4,1.6999999999999993,0.007,54.3,0.013776337115072928,0.44003241491085904,0.011899999999999996,0.6009000000000001,0.011066298342541438,0.01287878787878787,0.6503246753246751,8.055946315558927e-07
15,3.0,0.007,57.3,0.024311183144246355,0.4643435980551054,0.021,0.6219000000000001,0.010853403141361259,0.02272727272727272,0.6730519480519478,2.5087722089975918e-06
19,6.0,0.007,63.3,0.04862236628849271,0.5129659643435981,0.042,0.6639000000000002,0.010488151658767776,0.04545454545454544,0.7185064935064932,1.0035088835990367e-05
8,6.0,0.006,69.3,0.04862236628849271,0.5615883306320908,0.036000000000000004,0.6999000000000002,0.010099567099567103,0.03896103896103895,0.7574675324675322,9.334124572820482e-05
23,6.0,0.006,75.3,0.04862236628849271,0.6102106969205835,0.036000000000000004,0.7359000000000002,0.009772908366533868,0.03896103896103895,0.7964285714285712,9.334124572820482e-05
2,6.199999999999999,0.006,81.5,0.050243111831442464,0.660453808752026,0.0372,0.7731000000000002,0.00948588957055215,0.040259740259740245,0.8366883116883114,9.9667707938672e-05
22,6.0,0.005,87.5,0.04862236628849271,0.7090761750405187,0.03,0.8031000000000003,0.009178285714285717,0.03246753246753246,0.8691558441558438,0.00026097865578284126
3,3.0,0.005,90.5,0.024311183144246355,0.7333873581847651,0.015,0.8181000000000003,0.009039779005524865,0.01623376623376623,0.8853896103896101,6.524466394571031e-05
18,6.0,0.005,96.5,0.04862236628849271,0.7820097244732578,0.03,0.8481000000000003,0.008788601036269434,0.03246753246753246,0.9178571428571425,0.00026097865578284126
0,4.8,0.005,101.3,0.03889789303079417,0.820907617504052,0.024,0.8721000000000003,0.008609081934846993,0.02597402597402597,0.9438311688311685,0.00016702633970101837
26,2.5999999999999943,0.004,103.89999999999999,0.021069692058346794,0.8419773095623987,0.010399999999999977,0.8825000000000003,0.008493743984600581,0.011255411255411227,0.9550865800865797,9.63201076788696e-05
14,3.0,0.003,106.89999999999999,0.024311183144246355,0.8662884927066451,0.009000000000000001,0.8915000000000003,0.008339569691300284,0.009740259740259738,0.9648268398268394,0.00021231180884484494
11,3.5,0.003,110.39999999999999,0.028363047001620748,0.8946515397082658,0.0105,0.9020000000000002,0.008170289855072467,0.01136363636363636,0.9761904761904757,0.00028897996203881675
10,6.0,0.002,116.39999999999999,0.04862236628849271,0.9432739059967585,0.012,0.9140000000000003,0.007852233676975948,0.012987012987012984,0.9891774891774887,0.001269878404921282
9,3.0,0.002,119.39999999999999,0.024311183144246355,0.9675850891410049,0.006,0.9200000000000003,0.007705192629815748,0.006493506493506492,0.9956709956709952,0.0003174696012303205
13,4.0,0.001,123.39999999999999,0.03241491085899514,1.0,0.004,0.9240000000000003,0.00748784440842788,0.004329004329004328,0.9999999999999994,0.0007888181456113805
