,weight,grade,cml_weight,weight_pct,cml_weight_pct,yield,cml_yield,cml_grade,recovery,cml_recovery,distributional_heterogeneity
1,3.0,0.225,3.0,0.028116213683223992,0.028116213683223992,0.675,0.675,0.225,0.11274616245469275,0.11274616245469275,0.007162228229061427
2,3.0,0.169,6.0,0.028116213683223992,0.056232427366447985,0.507,1.182,0.19699999999999998,0.0846848953548581,0.19743105780955084,0.0032000157460666738
10,4.5,0.1,10.5,0.04217432052483599,0.09840674789128398,0.45,1.632,0.15542857142857142,0.0751641083031285,0.2725951661126793,0.0010883260976567782
13,3.0,0.076,13.5,0.028116213683223992,0.12652296157450799,0.22799999999999998,1.8599999999999999,0.13777777777777778,0.03808314820691843,0.31067831431959775,9.933978379961221e-05
3,4.0,0.074,17.5,0.03748828491096532,0.1640112464854733,0.296,2.1559999999999997,0.12319999999999998,0.04944128012828007,0.36011959444787783,0.00014287409466514936
9,3.0,0.074,20.5,0.028116213683223992,0.1921274601686973,0.22199999999999998,2.3779999999999997,0.11599999999999998,0.03708096009621005,0.39720055454408787,8.036667824914651e-05
11,4.5,0.072,25.0,0.04217432052483599,0.2343017806935333,0.32399999999999995,2.7019999999999995,0.10807999999999998,0.05411815797825251,0.45131871252234035,0.00014265525311363533
14,4.5,0.071,29.5,0.04217432052483599,0.2764761012183693,0.31949999999999995,3.0214999999999996,0.10242372881355931,0.05336651689522122,0.5046852294175616,0.00012526525959326453
0,5.9,0.065,35.4,0.05529522024367385,0.33177132146204313,0.38350000000000006,3.405,0.0961864406779661,0.06405652340944396,0.5687417528270056,7.676043316253323e-05
6,4.5,0.065,39.9,0.04217432052483599,0.37394564198687913,0.2925,3.6975,0.09266917293233083,0.048856670397033515,0.6175984232240391,4.465379981445843e-05
5,4.5,0.062,44.4,0.04217432052483599,0.4161199625117151,0.279,3.9764999999999997,0.08956081081081081,0.04660174714793967,0.6642001703719788,1.9602106502967256e-05
4,4.5,0.058,48.9,0.04217432052483599,0.4582942830365511,0.261,4.2375,0.08665644171779141,0.04359518281581453,0.7077953531877933,2.0188496499247915e-06
12,4.5,0.055,53.4,0.04217432052483599,0.5004686035613871,0.2475,4.484999999999999,0.0839887640449438,0.04134025956672067,0.749135612754514,6.956576818522368e-07
8,4.5,0.049,57.9,0.04217432052483599,0.542642924086223,0.2205,4.7055,0.08126943005181347,0.03683041306853296,0.785966025823047,2.855734690153105e-05
16,3.0,0.043,60.9,0.028116213683223992,0.5707591377694471,0.129,4.8345,0.07938423645320197,0.021547044380230168,0.8075130702032771,4.3153985331396375e-05
17,4.5,0.042,65.4,0.04217432052483599,0.612933458294283,0.189,5.0235,0.07681192660550458,0.031568925487313965,0.839081995690591,0.00011247440390189662
19,6.5,0.033,71.9,0.06091846298031865,0.6738519212746017,0.21450000000000002,5.238,0.07285118219749652,0.03582822495782458,0.8749102206484156,0.000629520044025407
7,4.5,0.031,76.4,0.04217432052483599,0.7160262417994376,0.1395,5.3775,0.07038612565445027,0.023300873573969837,0.8982110942223854,0.00035620699980715896
21,3.0,0.028,79.4,0.028116213683223992,0.7441424554826617,0.084,5.4615,0.06878463476070529,0.014030633549917319,0.9122417277723027,0.0001984035676918036
15,5.5,0.024,84.9,0.05154639175257732,0.795688847235239,0.132,5.5935,0.0658833922261484,0.02204813843558436,0.9342898662078871,0.0008701469487534862
22,4.5,0.022,89.4,0.04217432052483599,0.837863167760075,0.09899999999999999,5.6925,0.0636744966442953,0.016536103826688266,0.9508259700345754,0.0006573181554611805
18,2.5,0.021,91.9,0.023430178069353328,0.8612933458294283,0.052500000000000005,5.745,0.06251360174102284,0.008769145968698325,0.9595951160032737,0.00021494586225643639
20,4.5,0.021,96.4,0.04217432052483599,0.9034676663542642,0.0945,5.8395,0.06057572614107884,0.015784462743656982,0.9753795787469307,0.0006964245937108539
23,4.5,0.016,100.9,0.04217432052483599,0.9456419868791002,0.07200000000000001,5.9115,0.05858771060455897,0.01202625732850056,0.9874058360754313,0.0009089057144902348
24,5.799999999999997,0.013,106.7,0.05435801312089969,0.9999999999999999,0.07539999999999995,5.9869,0.05610965323336457,0.012594163924568634,0.9999999999999999,0.001744219099693882
