,weight,grade,cml_weight,weight_pct,cml_weight_pct,yield,cml_yield,cml_grade,recovery,cml_recovery,distributional_heterogeneity
6,9.100000000000009,0.162,9.100000000000009,0.05439330543933059,0.05439330543933059,1.4742000000000015,1.4742000000000015,0.162,0.08635343873193657,0.08635343873193657,0.0010214501200811407
22,7.0,0.151,16.10000000000001,0.04184100418410042,0.096234309623431,1.057,2.5312000000000014,0.15721739130434784,0.06191533356373413,0.1482687722956707,0.0004029787000420253
3,3.5,0.138,19.60000000000001,0.02092050209205021,0.11715481171548121,0.48300000000000004,3.0142000000000015,0.1537857142857143,0.028292437191375204,0.1765612094870459,5.434542710865981e-05
15,6.0,0.132,25.60000000000001,0.03586371787208607,0.1530185295875673,0.792,3.8062000000000014,0.1486796875,0.04639256781691337,0.22295377730395927,0.0001108566811606899
21,4.0,0.13,29.60000000000001,0.02390914524805738,0.17692767483562466,0.52,4.326200000000002,0.14615540540540542,0.030459766748478476,0.25341354405243777,4.291064204177914e-05
9,6.099999999999994,0.126,35.7,0.03646144650328747,0.21338912133891214,0.7685999999999993,5.094800000000001,0.14271148459383756,0.045021878313231796,0.29843542236566956,7.328099277270671e-05
4,8.0,0.121,43.7,0.04781829049611476,0.2612074118350269,0.968,6.062800000000001,0.1387368421052632,0.056702027331783006,0.35513744969745253,7.892078016540888e-05
0,21.2,0.112,64.9,0.1267184698147041,0.38792588164973096,2.3744,8.4372,0.1300030816640986,0.13908398109151404,0.4942214307889666,0.00015290586913691313
13,5.0,0.11,69.9,0.029886431560071727,0.41781231320980267,0.55,8.987200000000001,0.1285722460658083,0.03221706098396762,0.5264384917729342,5.431833511529305e-06
2,5.0,0.105,74.9,0.029886431560071727,0.44769874476987437,0.525,9.512200000000002,0.12699866488651537,0.030752649121060002,0.5571911408939942,7.503328629644736e-07
16,7.0,0.105,81.9,0.04184100418410042,0.4895397489539748,0.735,10.247200000000001,0.12511843711843712,0.043053708769484,0.6002448496634782,1.4706524114103682e-06
12,5.5,0.103,87.4,0.032875074716078895,0.5224148236700537,0.5665,10.8137,0.12372654462242563,0.03318357281348665,0.6334284224769648,9.517107610420041e-08
7,9.199999999999989,0.103,96.6,0.05499103407053191,0.5774058577405856,0.9475999999999988,11.7613,0.12175258799171844,0.05550706725165032,0.6889354897286152,2.662902440151902e-07
14,6.0,0.096,102.6,0.03586371787208607,0.6132695756126717,0.5760000000000001,12.3373,0.12024658869395713,0.033740049321391546,0.7226755390500067,4.50996811320899e-06
23,4.5,0.094,107.1,0.02689778840406455,0.6401673640167362,0.423,12.7603,0.11914379084967322,0.024777848720396914,0.7474533877704036,4.4941442623888454e-06
11,4.5,0.09,111.6,0.02689778840406455,0.6670651524208008,0.40499999999999997,13.1653,0.11796863799283155,0.023723472179103425,0.771176859949507,1.0076283496051448e-05
8,9.100000000000009,0.083,120.7,0.05439330543933059,0.7214584578601314,0.7553000000000007,13.9206,0.11533222866611434,0.04424281120216503,0.815419671151672,0.00010303253325873124
10,5.700000000000003,0.082,126.4,0.03407053197848178,0.7555289898386132,0.46740000000000026,14.388,0.11382911392405062,0.027378644188920862,0.8427983153405929,4.4781362188074566e-05
18,4.5,0.078,130.9,0.02689778840406455,0.7824267782426777,0.351,14.739,0.1125974025974026,0.02056034255522297,0.8633586578958159,4.0163219886999384e-05
24,4.5,0.076,135.4,0.02689778840406455,0.8093245666467422,0.34199999999999997,15.081000000000001,0.1113810930576071,0.020033154284576228,0.8833918121803921,4.7123201594443236e-05
25,4.599999999999994,0.075,140.0,0.027495517035265954,0.8368200836820082,0.3449999999999996,15.426,0.11018571428571429,0.020208883708125118,0.9036006958885172,5.3095025244199525e-05
5,6.799999999999997,0.074,146.8,0.04064554692169753,0.8774656306037057,0.5031999999999998,15.9292,0.10850953678474114,0.029475681976604544,0.9330763778651218,0.00012476588289161712
19,4.5,0.069,151.3,0.02689778840406455,0.9043634190077703,0.3105,16.2397,0.10733443489755451,0.018187995337312628,0.9512643732024344,7.586049526563984e-05
17,6.0,0.066,157.3,0.03586371787208607,0.9402271368798564,0.396,16.6357,0.10575778766687857,0.023196283908456686,0.9744606571108911,0.0001604638832229112
20,6.0,0.058,163.3,0.03586371787208607,0.9760908547519425,0.34800000000000003,16.9837,0.104003061849357,0.02038461313167406,0.9948452702425652,0.0002396026835646456
1,4.0,0.022,167.3,0.02390914524805738,0.9999999999999999,0.088,17.0717,0.1020424387328153,0.005154729757434819,1.0,0.00035172810039490354
