,weight,grade,cml_weight,weight_pct,cml_weight_pct,yield,cml_yield,cml_grade,recovery,cml_recovery,distributional_heterogeneity
8,4.5,0.214,4.5,0.034588777863182166,0.034588777863182166,0.963,0.963,0.214,0.08988407474472176,0.08988407474472176,0.003057569857217604
24,6.0,0.204,10.5,0.046118370484242895,0.08070714834742507,1.224,2.187,0.20828571428571427,0.11424517911478654,0.2041292538595083,0.0046412620541827175
1,3.6000000000000005,0.156,14.100000000000001,0.02767102229054574,0.10837817063797081,0.5616000000000001,2.7485999999999997,0.1949361702127659,0.0524183762997256,0.25654763015923393,0.0006124315304556707
5,4.5,0.125,18.6,0.034588777863182166,0.142966948501153,0.5625,3.3110999999999997,0.17801612903225802,0.052502380107898226,0.30905001026713214,0.0003208971453818964
18,4.5,0.118,23.1,0.034588777863182166,0.17755572636433514,0.5309999999999999,3.8420999999999994,0.1663246753246753,0.04956224682185592,0.35861225708898803,0.00022420477265636666
23,4.5,0.111,27.6,0.034588777863182166,0.2121445042275173,0.4995,4.3416,0.15730434782608693,0.04662211353581363,0.40523437062480167,0.0001448011674102249
26,2.9000000000000057,0.094,30.500000000000007,0.022290545734050773,0.23443504996156805,0.2726000000000005,4.6142,0.15128524590163933,0.025443820119845483,0.43067819074464714,9.943139352109018e-06
19,4.5,0.093,35.00000000000001,0.034588777863182166,0.2690238278247502,0.4185,5.0327,0.14379142857142854,0.03906177080027628,0.4697399615449234,2.0007665815293846e-05
0,2.6,0.093,37.60000000000001,0.01998462720983859,0.2890084550345888,0.24180000000000001,5.2745,0.1402792553191489,0.02256902312904852,0.49230898467397194,6.679102267228958e-06
22,4.5,0.085,42.10000000000001,0.034588777863182166,0.3235972328977709,0.3825,5.657,0.13437054631828976,0.0357016184733708,0.5280106031473427,1.2384142236850067e-06
21,4.5,0.085,46.60000000000001,0.034588777863182166,0.3581860107609531,0.3825,6.0395,0.12960300429184549,0.0357016184733708,0.5637122216207135,1.2384142236850067e-06
17,4.5,0.079,51.10000000000001,0.034588777863182166,0.39277478862413523,0.3555,6.3950000000000005,0.125146771037182,0.03318150422819168,0.5968937258489052,1.9804190837393344e-06
9,4.5,0.076,55.60000000000001,0.034588777863182166,0.4273635664873174,0.34199999999999997,6.737,0.12116906474820142,0.03192144710560212,0.6288151729545073,7.1146533703325315e-06
20,4.5,0.071,60.10000000000001,0.034588777863182166,0.46195234435049953,0.31949999999999995,7.0565,0.11741264559068218,0.02982135190128619,0.6586365248557935,2.2728350302159767e-05
7,4.5,0.068,64.60000000000001,0.034588777863182166,0.4965411222136817,0.30600000000000005,7.3625,0.1139705882352941,0.028561294778696643,0.6871978196344901,3.633055233375918e-05
4,4.199999999999999,0.066,68.80000000000001,0.032282859338970016,0.5288239815526516,0.27719999999999995,7.6396999999999995,0.11104215116279068,0.02587317291717224,0.7130709925516624,4.108408002577874e-05
16,4.5,0.066,73.30000000000001,0.034588777863182166,0.5634127594158338,0.29700000000000004,7.936699999999999,0.10827694406548428,0.02772125669697027,0.7407922492486326,4.7162846968368466e-05
15,4.5,0.065,77.80000000000001,0.034588777863182166,0.598001537279016,0.2925,8.229199999999999,0.10577377892030845,0.027301237656107077,0.7680934869047397,5.3108242269736005e-05
14,4.5,0.065,82.30000000000001,0.034588777863182166,0.6325903151421981,0.2925,8.5217,0.10354434993924663,0.027301237656107077,0.7953947245608467,5.3108242269736005e-05
28,3.0,0.058,85.30000000000001,0.023059185242121447,0.6556495003843196,0.17400000000000002,8.695699999999999,0.10194255568581474,0.016240736246709853,0.8116354608075566,4.649124670302934e-05
13,4.5,0.057,89.80000000000001,0.034588777863182166,0.6902382782475017,0.2565,8.9522,0.0996904231625835,0.023941085329201594,0.8355765461367581,0.00011337335629818564
6,4.5,0.055,94.30000000000001,0.034588777863182166,0.7248270561106839,0.2475,9.1997,0.0975577942735949,0.02310104724747522,0.8586775933842333,0.0001319679546990507
2,4.1,0.054,98.4,0.031514219830899304,0.7563412759415832,0.22139999999999999,9.4211,0.09574288617886177,0.020664936810468743,0.8793425301947021,0.00011770694205740297
27,4.0,0.054,102.4,0.030745580322828595,0.7870868562644118,0.216,9.637099999999998,0.09411230468749998,0.02016091396143292,0.899503444156135,0.00011203516198206113
3,4.9,0.051,107.30000000000001,0.037663335895465035,0.8247501921598768,0.2499,9.886999999999999,0.09214352283317799,0.023325057402602253,0.9228285015587373,0.00020558623013889127
10,4.5,0.047,111.80000000000001,0.034588777863182166,0.8593389700230589,0.2115,10.098499999999998,0.09032647584973164,0.019740894920569733,0.942569396479307,0.00022045962787752127
12,4.5,0.045,116.30000000000001,0.034588777863182166,0.8939277478862411,0.20249999999999999,10.300999999999998,0.08857265692175406,0.01890085683884336,0.9614702533181504,0.0002461108660658915
11,4.5,0.042,120.80000000000001,0.034588777863182166,0.9285165257494232,0.189,10.489999999999998,0.08683774834437084,0.017640799716253805,0.9791110530344042,0.00028723396326876127
29,7.199999999999989,0.027,128.0,0.05534204458109138,0.9838585703305146,0.19439999999999968,10.684399999999998,0.08347187499999999,0.018144822565289598,0.9972558755996938,0.0013836333256928488
25,2.0999999999999943,0.014,130.1,0.01614142966948497,0.9999999999999996,0.029399999999999923,10.713799999999999,0.08235049961568024,0.0027441244003061404,0.9999999999999999,0.0001794877884755668
