,weight,grade,cml_weight,weight_pct,cml_weight_pct,yield,cml_yield,cml_grade,recovery,cml_recovery,distributional_heterogeneity
15,4.0,0.32,4.0,0.03502626970227671,0.03502626970227671,1.28,1.28,0.32,0.08992616219026409,0.08992616219026409,0.0030139981951925725
16,4.0,0.281,8.0,0.03502626970227671,0.07005253940455342,1.124,2.404,0.3005,0.07896641117332566,0.16889257336358976,0.001930736032495795
20,4.0,0.271,12.0,0.03502626970227671,0.10507880910683012,1.084,3.488,0.2906666666666667,0.07615621860487991,0.24504879196846968,0.0016916726967307492
18,4.5,0.22,16.5,0.0394045534150613,0.14448336252189142,0.99,4.478,0.27139393939393935,0.06955226606903238,0.31460105803750205,0.0009088845782664077
8,4.5,0.19,21.0,0.0394045534150613,0.18388791593695272,0.855,5.333,0.253952380952381,0.06006786615052796,0.37466892418803,0.0004269724932036987
21,3.5,0.17,24.5,0.030647985989492123,0.21453590192644484,0.5950000000000001,5.928,0.24195918367346939,0.041801614455630576,0.41647053864366057,0.00012440342796065396
23,1.7999999999999972,0.164,26.299999999999997,0.015761821366024494,0.23029772329246934,0.2951999999999996,6.223199999999999,0.2366235741444867,0.020739221155129627,0.4372097597987902,2.4774508660583757e-05
14,4.299999999999997,0.146,30.599999999999994,0.03765323992994744,0.2679509632224168,0.6277999999999996,6.850999999999999,0.2238888888888889,0.044105972361756056,0.48131573216054624,4.163775583651472e-05
17,5.0,0.135,35.599999999999994,0.04378283712784589,0.31173380035026266,0.675,7.525999999999999,0.21140449438202247,0.04742199959252208,0.5287377317530684,1.3243503444308072e-05
26,4.299999999999997,0.132,39.89999999999999,0.03765323992994744,0.3493870402802101,0.5675999999999997,8.093599999999999,0.20284711779448622,0.039876632546245204,0.5686143642993136,4.943474726207421e-06
19,4.5,0.12,44.39999999999999,0.0394045534150613,0.3887915936952714,0.54,8.633599999999998,0.19445045045045042,0.037937599674017664,0.6065519639733312,2.1519532783619355e-06
0,5.9,0.109,50.29999999999999,0.051663747810858154,0.4404553415061295,0.6431,9.276699999999998,0.18442743538767395,0.04518087101918659,0.6517328349925178,4.202769149599376e-05
12,3.0,0.106,53.29999999999999,0.026269702276707534,0.4667250437828371,0.318,9.594699999999998,0.18001313320825515,0.022341030919143735,0.6740738659116615,1.5434458635742196e-05
2,4.5,0.106,57.79999999999999,0.0394045534150613,0.5061295971978984,0.477,10.071699999999998,0.1742508650519031,0.0335115463787156,0.7075854122903771,3.472753193041995e-05
7,4.5,0.103,62.29999999999999,0.0394045534150613,0.5455341506129597,0.46349999999999997,10.535199999999998,0.1691043338683788,0.03256310638686516,0.7401485186772423,4.680539743961384e-05
9,4.5,0.098,66.79999999999998,0.0394045534150613,0.5849387040280211,0.441,10.976199999999999,0.16431437125748505,0.030982373067114422,0.7711308917443567,7.093312181334257e-05
4,4.5,0.096,71.29999999999998,0.0394045534150613,0.6243432574430824,0.432,11.408199999999999,0.16000280504908837,0.03035007973921413,0.8014809714835708,8.198349354660939e-05
3,4.5,0.092,75.79999999999998,0.0394045534150613,0.6637478108581437,0.414,11.822199999999999,0.1559656992084433,0.02908549308341354,0.8305664645669844,0.00010648300612818641
27,4.5,0.089,80.29999999999998,0.0394045534150613,0.703152364273205,0.40049999999999997,12.222699999999998,0.1522129514321295,0.028137053091563096,0.8587035176585475,0.0001269565635400321
28,3.799999999999997,0.089,84.09999999999998,0.03327495621716285,0.7364273204903679,0.3381999999999997,12.560899999999998,0.14935671819262783,0.02376017816620882,0.8824636958247563,9.053100135891659e-05
1,4.5,0.081,88.59999999999998,0.0394045534150613,0.7758318739054292,0.3645,12.925399999999998,0.14588487584650114,0.02560787977996192,0.9080715756047182,0.00019034820339344628
6,4.5,0.072,93.09999999999998,0.0394045534150613,0.8152364273204905,0.32399999999999995,13.249399999999998,0.14231364124597207,0.022762559804410595,0.9308341354091287,0.00027695595133693887
11,3.0,0.062,96.09999999999998,0.026269702276707534,0.8415061295971981,0.186,13.435399999999998,0.13980645161290323,0.013067395443272749,0.9439015308524015,0.0001743009057241588
22,3.5,0.06,99.59999999999998,0.030647985989492123,0.8721541155866902,0.21,13.645399999999999,0.13700200803212853,0.0147535109843402,0.9586550418367417,0.0002526343356893992
13,1.7000000000000028,0.055,101.29999999999998,0.014886164623467627,0.8870402802101578,0.09350000000000015,13.7389,0.13562586377097732,0.0065688251287419576,0.9652238669654836,6.917813627052346e-05
10,4.5,0.051,105.79999999999998,0.0394045534150613,0.9264448336252191,0.22949999999999998,13.968399999999999,0.1320264650283554,0.016123479861457506,0.981347346826941,0.0005420083858083101
25,2.799999999999997,0.037,108.59999999999998,0.02451838879159367,0.9509632224168127,0.10359999999999989,14.072,0.12957642725598528,0.007278398752274491,0.9886257455792156,0.00029721725655582456
5,4.5,0.035,113.09999999999998,0.0394045534150613,0.9903677758318741,0.15750000000000003,14.2295,0.12581343943412912,0.011065133238255153,0.9996908788174708,0.0008031227359575674
24,1.1000000000000085,0.004,114.19999999999999,0.009632224168126171,1.0000000000000002,0.004400000000000034,14.2339,0.12464010507880913,0.0003091211825290352,0.9999999999999998,8.692024928005022e-05
