,weight,grade,cml_weight,weight_pct,cml_weight_pct,yield,cml_yield,cml_grade,recovery,cml_recovery,distributional_heterogeneity
24,3.0,0.22,3.0,0.02904162633107454,0.02904162633107454,0.66,0.66,0.22,0.13455108864062632,0.13455108864062632,0.011132246636850725
4,4.0,0.2,7.0,0.03872216844143272,0.06776379477250725,0.8,1.46,0.20857142857142857,0.16309222865530462,0.29764331729593096,0.015467911877602122
23,2.5,0.16,9.5,0.02420135527589545,0.09196515004840271,0.4,1.8599999999999999,0.1957894736842105,0.08154611432765231,0.37918943162358326,0.0032884213907040504
15,2.5,0.091,12.0,0.02420135527589545,0.11616650532429816,0.22749999999999998,2.0875,0.17395833333333333,0.046379352523852245,0.4255687841474355,0.0004918635619303792
3,4.0,0.088,16.0,0.03872216844143272,0.15488867376573087,0.352,2.4395,0.15246875,0.07176058060833403,0.4973293647557695,0.0010915366785100521
5,4.0,0.067,20.0,0.03872216844143272,0.1936108422071636,0.268,2.7074999999999996,0.13537499999999997,0.05463589659952705,0.5519652613552966,0.0002532467438897243
1,4.0,0.053,24.0,0.03872216844143272,0.23233301064859632,0.212,2.9194999999999998,0.12164583333333333,0.04321944059365572,0.5951847019489522,2.0225456811160503e-05
17,4.200000000000003,0.052,28.200000000000003,0.040658276863504386,0.2729912875121007,0.21840000000000015,3.1379,0.11127304964539006,0.044524178422898186,0.6397088803718505,1.4945194866923445e-05
2,4.0,0.048,32.2,0.03872216844143272,0.31171345595353345,0.192,3.3299000000000003,0.10341304347826087,0.03914213487727311,0.6788510152491236,1.7637180723247857e-07
6,4.0,0.046,36.2,0.03872216844143272,0.35043562439496617,0.184,3.5139000000000005,0.09706906077348067,0.03751121259072006,0.7163622278398437,1.4664140723752215e-06
16,4.5,0.038,40.7,0.04356243949661181,0.393998063891578,0.17099999999999999,3.6849000000000003,0.09053808353808354,0.03486096387507136,0.751223191714915,7.571567799226276e-05
21,3.5,0.037,44.2,0.033881897386253634,0.4278799612778316,0.1295,3.8144000000000005,0.08629864253393665,0.026400554513577434,0.7776237462284925,5.5970491178542935e-05
19,1.5,0.03,45.7,0.01452081316553727,0.4424007744433689,0.045,3.8594000000000004,0.0844507658643326,0.009173937861860885,0.7867976840903534,2.8589075513064443e-05
14,3.0,0.028,48.7,0.02904162633107454,0.47144240077444344,0.084,3.9434000000000005,0.08097330595482546,0.017124684008806984,0.8039223680991604,0.00014201351431225164
0,4.9,0.025,53.6,0.04743465634075509,0.5188770571151985,0.12250000000000001,4.0659,0.0758563432835821,0.024973497512843522,0.8288958656120039,0.0005045036558926695
22,2.5,0.024,56.1,0.02420135527589545,0.5430784123910939,0.06,4.1259,0.07354545454545454,0.012231917149147845,0.8411277827611517,0.00014326744907003917
8,4.5,0.024,60.6,0.04356243949661181,0.5866408518877056,0.108,4.233899999999999,0.06986633663366336,0.022017450868466123,0.8631452336296178,0.00046418653498692694
25,4.0,0.022,64.6,0.03872216844143272,0.6253630203291384,0.088,4.321899999999999,0.06690247678018575,0.017940145152083507,0.8810853787817013,0.0004318924919990531
18,5.299999999999997,0.022,69.89999999999999,0.05130687318489833,0.6766698935140367,0.11659999999999993,4.4384999999999994,0.06349785407725322,0.02377069232651063,0.904856071108212,0.0007582412562658369
9,4.5,0.02,74.39999999999999,0.04356243949661181,0.7202323330106485,0.09,4.528499999999999,0.06086693548387097,0.01834787572372177,0.9232039468319337,0.0006357742262571389
10,4.5,0.019,78.89999999999999,0.04356243949661181,0.7637947725072602,0.08549999999999999,4.613999999999999,0.058479087452471476,0.01743048193753568,0.9406344287694695,0.000682879205869356
11,4.5,0.018,83.39999999999999,0.04356243949661181,0.807357212003872,0.08099999999999999,4.694999999999999,0.05629496402877698,0.01651308815134959,0.957147516920819,0.000731667408199439
7,4.5,0.015,87.89999999999999,0.04356243949661181,0.8509196515004838,0.0675,4.762499999999999,0.054180887372013646,0.013760906792791327,0.9709084237136103,0.0008881313514968817
26,2.4000000000000057,0.013,90.3,0.02323330106485969,0.8741529525653434,0.03120000000000007,4.793699999999999,0.053086378737541524,0.006360596917556895,0.9772690206311672,0.0002846881452424089
20,5.0,0.012,95.3,0.0484027105517909,0.9225556631171343,0.06,4.853699999999999,0.05093074501573976,0.012231917149147845,0.989500937780315,0.0013083262953766858
13,3.5,0.007,98.8,0.033881897386253634,0.9564375605033879,0.0245,4.878199999999999,0.04937449392712549,0.004994699502568704,0.9944956372828837,0.0008344702015711709
12,4.5,0.006,103.3,0.04356243949661181,0.9999999999999997,0.027,4.905199999999999,0.047484995159728934,0.005504362717116531,1.0000000000000002,0.0014484172081539578
