,weight,grade,cml_weight,weight_pct,cml_weight_pct,yield,cml_yield,cml_grade,recovery,cml_recovery,distributional_heterogeneity
14,1.0,0.08,1.0,0.01788908765652952,0.01788908765652952,0.08,0.08,0.08,0.11461318051575937,0.11461318051575937,0.009355550139440921
20,1.7000000000000028,0.03,2.700000000000003,0.030411449016100236,0.048300536672629756,0.05100000000000008,0.1310000000000001,0.0485185185185185,0.07306590257879672,0.1876790830945561,0.0018194024087322311
17,1.2000000000000028,0.03,3.9000000000000057,0.021466905187835474,0.06976744186046523,0.03600000000000008,0.16700000000000018,0.0428205128205128,0.05157593123209184,0.23925501432664795,0.0009065534493337081
36,1.3999999999999773,0.03,5.299999999999983,0.025044722719140922,0.09481216457960615,0.041999999999999316,0.2089999999999995,0.039433962264150975,0.06017191977077269,0.29942693409742066,0.0012339199727041679
16,1.0,0.03,6.299999999999983,0.01788908765652952,0.11270125223613567,0.03,0.2389999999999995,0.037936507936507956,0.04297994269340977,0.34240687679083043,0.0006295510064817388
15,1.0,0.03,7.299999999999983,0.01788908765652952,0.1305903398926652,0.03,0.26899999999999946,0.03684931506849316,0.04297994269340977,0.3853868194842402,0.0006295510064817388
3,1.1999999999999993,0.02,8.499999999999982,0.021466905187835412,0.1520572450805006,0.023999999999999987,0.2929999999999994,0.03447058823529412,0.034383954154727794,0.419770773638968,0.00016685015401309556
5,1.8999999999999986,0.02,10.39999999999998,0.03398926654740606,0.18604651162790667,0.03799999999999997,0.3309999999999994,0.03182692307692308,0.05444126074498566,0.47421203438395365,0.0004182840666578297
6,0.9000000000000057,0.02,11.299999999999986,0.01610017889087667,0.20214669051878334,0.018000000000000113,0.34899999999999953,0.030884955752212385,0.025787965616046023,0.49999999999999967,9.385321163236755e-05
24,1.5,0.02,12.799999999999986,0.02683363148479428,0.22898032200357762,0.03,0.37899999999999956,0.029609374999999997,0.04297994269340977,0.5429799426934094,0.0002607033656454621
21,1.2999999999999972,0.02,14.099999999999984,0.023255813953488323,0.25223613595706595,0.025999999999999943,0.4049999999999995,0.02872340425531915,0.037249283667621716,0.5802292263610311,0.00019581719464036845
23,1.5,0.02,15.599999999999984,0.02683363148479428,0.27906976744186024,0.03,0.4349999999999995,0.027884615384615383,0.04297994269340977,0.6232091690544409,0.0002607033656454621
30,1.8000000000000114,0.01,17.399999999999995,0.03220035778175334,0.3112701252236136,0.018000000000000113,0.4529999999999996,0.026034482758620674,0.025787965616046023,0.6489971346704869,4.111877328682456e-05
22,1.6000000000000085,0.01,19.000000000000004,0.028622540250447383,0.33989266547406094,0.016000000000000087,0.4689999999999997,0.02468421052631577,0.022922636103152,0.671919770773639,3.2488907288355134e-05
32,1.5999999999999943,0.01,20.599999999999998,0.02862254025044713,0.3685152057245081,0.015999999999999945,0.48499999999999965,0.023543689320388334,0.022922636103151796,0.6948424068767908,3.2488907288354565e-05
33,1.5999999999999943,0.01,22.199999999999992,0.02862254025044713,0.3971377459749552,0.015999999999999945,0.5009999999999996,0.022567567567567556,0.022922636103151796,0.7177650429799426,3.2488907288354565e-05
11,1.5,0.01,23.699999999999992,0.02683363148479428,0.4239713774597495,0.015,0.5159999999999996,0.021772151898734167,0.021489971346704884,0.7392550143266474,2.8554703671405583e-05
7,1.0,0.01,24.699999999999992,0.01788908765652952,0.441860465116279,0.01,0.5259999999999996,0.021295546558704442,0.014326647564469922,0.7535816618911173,1.2690979409513591e-05
4,1.5,0.01,26.199999999999992,0.02683363148479428,0.4686940966010733,0.015,0.5409999999999996,0.020648854961832053,0.021489971346704884,0.7750716332378222,2.8554703671405583e-05
34,1.700000000000017,0.01,27.90000000000001,0.03041144901610049,0.4991055456171738,0.01700000000000017,0.5579999999999997,0.019999999999999983,0.024355300859599114,0.7994269340974214,3.667693049349501e-05
29,1.4000000000000057,0.005,29.300000000000015,0.02504472271914143,0.5241502683363152,0.007000000000000029,0.5649999999999997,0.019283276450511925,0.010028653295128986,0.8094555873925504,0.00022548234094676138
0,1.5,0.005,30.800000000000015,0.02683363148479428,0.5509838998211094,0.0075,0.5724999999999997,0.01858766233766232,0.010744985673352442,0.8202005730659029,0.000258844524046025
31,1.299999999999983,0.005,32.099999999999994,0.02325581395348807,0.5742397137745975,0.006499999999999915,0.5789999999999996,0.018037383177570084,0.009312320916905327,0.8295128939828083,0.00019442099806123145
27,1.7000000000000028,0.005,33.8,0.030411449016100236,0.6046511627906977,0.008500000000000014,0.5874999999999997,0.01738165680473372,0.012177650429799455,0.8416905444126077,0.00033247141088578425
35,1.5,0.005,35.3,0.02683363148479428,0.631484794275492,0.0075,0.5949999999999996,0.016855524079320103,0.010744985673352442,0.8524355300859602,0.000258844524046025
37,1.0,0.005,36.3,0.01788908765652952,0.6493738819320215,0.005,0.5999999999999996,0.0165289256198347,0.007163323782234961,0.8595988538681951,0.00011504201068712221
28,1.7999999999999972,0.005,38.099999999999994,0.032200357781753085,0.6815742397137746,0.008999999999999985,0.6089999999999997,0.01598425196850393,0.012893982808022909,0.872492836676218,0.00037273611462627476
19,2.0,0.005,40.099999999999994,0.03577817531305904,0.7173524150268337,0.01,0.6189999999999997,0.015436408977556104,0.014326647564469922,0.8868194842406879,0.00046016804274848883
26,1.6999999999999886,0.005,41.79999999999998,0.03041144901609998,0.7477638640429336,0.008499999999999943,0.6274999999999996,0.015011961722488035,0.012177650429799352,0.8989971346704873,0.0003324714108857787
25,1.5,0.005,43.29999999999998,0.02683363148479428,0.7745974955277278,0.0075,0.6349999999999996,0.014665127020785216,0.010744985673352442,0.9097421203438397,0.000258844524046025
1,1.0000000000000018,0.005,44.29999999999998,0.01788908765652955,0.7924865831842574,0.005000000000000009,0.6399999999999996,0.01444695259593679,0.007163323782234973,0.9169054441260747,0.00011504201068712261
18,1.0,0.005,45.29999999999998,0.01788908765652952,0.8103756708407869,0.005,0.6449999999999996,0.014238410596026487,0.007163323782234961,0.9240687679083096,0.00011504201068712221
13,1.5999999999999943,0.005,46.89999999999998,0.02862254025044713,0.838998211091234,0.007999999999999972,0.6529999999999996,0.013923240938166308,0.011461318051575898,0.9355300859598855,0.00029450754735903077
12,2.0,0.005,48.89999999999998,0.03577817531305904,0.874776386404293,0.01,0.6629999999999996,0.013558282208588955,0.014326647564469922,0.9498567335243554,0.00046016804274848883
10,1.9000000000000057,0.005,50.79999999999998,0.03398926654740619,0.9087656529516992,0.00950000000000003,0.6724999999999997,0.01323818897637795,0.013610315186246467,0.9634670487106018,0.00041530165858051366
9,1.5,0.005,52.29999999999998,0.02683363148479428,0.9355992844364934,0.0075,0.6799999999999996,0.013001912045889097,0.010744985673352442,0.9742120343839543,0.000258844524046025
8,0.7999999999999972,0.005,53.09999999999998,0.014311270125223565,0.949910554561717,0.003999999999999986,0.6839999999999996,0.012881355932203388,0.005730659025787949,0.9799426934097423,7.362688683975769e-05
2,1.5,0.005,54.59999999999998,0.02683363148479428,0.9767441860465113,0.0075,0.6914999999999996,0.012664835164835162,0.010744985673352442,0.9906876790830947,0.000258844524046025
38,1.3000000000000114,0.005,55.89999999999999,0.02325581395348858,0.9999999999999998,0.006500000000000057,0.6979999999999996,0.012486583184257598,0.009312320916905531,1.0000000000000002,0.00019442099806123994
