,weight,grade,cml_weight,weight_pct,cml_weight_pct,yield,cml_yield,cml_grade,recovery,cml_recovery,distributional_heterogeneity
32,0.8000000000000114,0.05,0.8000000000000114,0.020455126566095935,0.020455126566095935,0.04000000000000057,0.04000000000000057,0.05,0.0793335977786605,0.0793335977786605,0.0034666743723287944
22,1.299999999999983,0.05,2.0999999999999943,0.03323958066990498,0.05369470723600092,0.06499999999999916,0.10499999999999973,0.05000000000000001,0.1289170963903198,0.20825069416898032,0.009154187014430222
23,1.0,0.03,3.0999999999999943,0.025568908207619555,0.07926361544362048,0.03,0.13499999999999973,0.04354838709677419,0.059500198333994524,0.26775089250297485,0.0011513324496402317
36,0.9000000000000057,0.03,4.0,0.023012017386857743,0.10227563283047822,0.02700000000000017,0.1619999999999999,0.040499999999999974,0.05355017850059541,0.32130107100357025,0.0009325792842085995
34,0.8999999999999773,0.03,4.899999999999977,0.023012017386857018,0.12528765021733523,0.026999999999999316,0.18899999999999922,0.03857142857142859,0.053550178500593716,0.374851249504164,0.0009325792842085406
9,0.6000000000000014,0.02,5.499999999999979,0.015341344924571768,0.140628995141907,0.012000000000000028,0.20099999999999926,0.036545454545454555,0.023800079333597866,0.39865132883776183,7.155018780244211e-05
16,0.5,0.02,5.999999999999979,0.012784454103809777,0.15341344924571676,0.01,0.21099999999999927,0.03516666666666667,0.01983339944466484,0.41848472828242667,4.968763041836235e-05
14,1.5,0.02,7.499999999999979,0.03835336231142933,0.1917668115571461,0.03,0.24099999999999927,0.032133333333333326,0.059500198333994524,0.47798492661642117,0.0004471886737652611
12,0.6000000000000227,0.02,8.100000000000001,0.015341344924572314,0.2071081564817184,0.012000000000000455,0.2529999999999997,0.03123456790123453,0.023800079333598713,0.5017850059500198,7.155018780244721e-05
40,0.009999999999990905,0.02,8.109999999999992,0.00025568908207596297,0.20736384556379436,0.0001999999999998181,0.25319999999999954,0.031220715166461133,0.0003966679888929361,0.5021816739389128,1.9875052167308788e-08
37,1.299999999999983,0.02,9.409999999999975,0.03323958066990498,0.24060342623369935,0.02599999999999966,0.27919999999999917,0.02967056323060573,0.05156683855612791,0.5537485124950406,0.00033588838162812066
39,1.0,0.02,10.409999999999975,0.025568908207619555,0.2661723344413189,0.02,0.2991999999999992,0.028741594620557146,0.03966679888932968,0.5934153113843703,0.0001987505216734494
4,1.0,0.02,11.409999999999975,0.025568908207619555,0.2917412426489384,0.02,0.3191999999999992,0.02797546012269938,0.03966679888932968,0.6330821102737,0.0001987505216734494
8,1.5,0.01,12.909999999999975,0.03835336231142933,0.33009460496036774,0.015,0.3341999999999992,0.025886909372579384,0.029750099166997262,0.6628322094406972,7.401613673234312e-05
1,1.0,0.01,13.909999999999975,0.025568908207619555,0.3556635131679873,0.01,0.34419999999999923,0.024744787922358003,0.01983339944466484,0.6826656088853621,3.289606076993027e-05
25,0.9000000000000057,0.01,14.809999999999981,0.023012017386857743,0.37867553055484504,0.009000000000000057,0.3531999999999993,0.02384875084402429,0.01785005950019847,0.7005156683855606,2.6645809223643857e-05
24,1.0,0.01,15.809999999999981,0.025568908207619555,0.4042444387624646,0.01,0.3631999999999993,0.022972802024035403,0.01983339944466484,0.7203490678302255,3.289606076993027e-05
38,1.0,0.01,16.80999999999998,0.025568908207619555,0.4298133469700841,0.01,0.3731999999999993,0.022201070791195703,0.01983339944466484,0.7401824672748903,3.289606076993027e-05
28,1.0,0.01,17.80999999999998,0.025568908207619555,0.45538225517770364,0.01,0.3831999999999993,0.021516002245929238,0.01983339944466484,0.7600158667195552,3.289606076993027e-05
26,1.0,0.01,18.80999999999998,0.025568908207619555,0.4809511633853232,0.01,0.39319999999999933,0.020903774587985098,0.01983339944466484,0.7798492661642201,3.289606076993027e-05
33,0.9000000000000057,0.01,19.709999999999987,0.023012017386857743,0.5039631807721809,0.009000000000000057,0.4021999999999994,0.02040588533739217,0.01785005950019847,0.7976993256644186,2.6645809223643857e-05
17,1.0,0.01,20.709999999999987,0.025568908207619555,0.5295320889798005,0.01,0.4121999999999994,0.0199034282955094,0.01983339944466484,0.8175327251090835,3.289606076993027e-05
29,1.0,0.005,21.709999999999987,0.025568908207619555,0.5551009971874201,0.005,0.4171999999999994,0.019216950713956685,0.00991669972233242,0.8274494248314159,0.00024499163046689447
31,0.799999999999983,0.005,22.50999999999997,0.020455126566095206,0.5755561237535153,0.003999999999999915,0.4211999999999993,0.018711683696135045,0.00793335977786577,0.8353827846092817,0.00015679464349880576
27,1.0,0.005,23.50999999999997,0.025568908207619555,0.6011250319611349,0.005,0.4261999999999993,0.018128455976180343,0.00991669972233242,0.8452994843316142,0.00024499163046689447
35,1.0,0.005,24.50999999999997,0.025568908207619555,0.6266939401687545,0.005,0.4311999999999993,0.017592819257445935,0.00991669972233242,0.8552161840539466,0.00024499163046689447
30,1.4000000000000057,0.005,25.909999999999975,0.035796471490667524,0.662490411659422,0.007000000000000029,0.4381999999999993,0.01691238903898108,0.013883379611265447,0.869099563665212,0.00048018359571511707
0,0.8000000000000007,0.005,26.709999999999976,0.02045512656609566,0.6829455382255176,0.0040000000000000036,0.4421999999999993,0.016555597154623725,0.007933359777865944,0.8770329234430779,0.00015679464349881272
21,1.0,0.005,27.709999999999976,0.025568908207619555,0.7085144464331372,0.005,0.4471999999999993,0.016138578130638747,0.00991669972233242,0.8869496231654104,0.00024499163046689447
19,1.0,0.005,28.709999999999976,0.025568908207619555,0.7340833546407568,0.005,0.4521999999999993,0.015750609543712983,0.00991669972233242,0.8968663228877428,0.00024499163046689447
18,1.0,0.005,29.709999999999976,0.025568908207619555,0.7596522628483764,0.005,0.45719999999999933,0.015388757993941423,0.00991669972233242,0.9067830226100753,0.00024499163046689447
15,1.5,0.005,31.209999999999976,0.03835336231142933,0.7980056251598058,0.0075,0.46469999999999934,0.014889458506888808,0.014875049583498631,0.9216580721935739,0.0005512311685505125
13,0.6999999999999886,0.005,31.909999999999965,0.017898235745333398,0.8159038609051392,0.0034999999999999433,0.4681999999999993,0.014672516452522714,0.006941689805632582,0.9285997619992065,0.00012004589892877439
11,1.0,0.005,32.90999999999997,0.025568908207619555,0.8414727691127588,0.005,0.4731999999999993,0.01437860832573685,0.00991669972233242,0.9385164617215389,0.00024499163046689447
10,0.5,0.005,33.40999999999997,0.012784454103809777,0.8542572232165686,0.0025,0.4756999999999993,0.01423825202035318,0.00495834986116621,0.9434748115827051,6.124790761672362e-05
7,1.0,0.005,34.40999999999997,0.025568908207619555,0.8798261314241882,0.005,0.4806999999999993,0.013969776227840736,0.00991669972233242,0.9533915113050375,0.00024499163046689447
6,0.6000000000000014,0.005,35.00999999999997,0.015341344924571768,0.8951674763487599,0.003000000000000007,0.4836999999999993,0.013816052556412446,0.005950019833399467,0.959341531138437,8.819698696808242e-05
5,1.2999999999999972,0.005,36.30999999999997,0.033239580669905344,0.9284070570186653,0.006499999999999986,0.4901999999999993,0.013500413109336263,0.01289170963903212,0.9722332407774691,0.00041403585548904987
3,0.6999999999999957,0.005,37.00999999999996,0.017898235745333578,0.9463052927639989,0.003499999999999979,0.4936999999999993,0.01333963793569305,0.006941689805632653,0.9791749305831018,0.00012004589892877684
2,1.2000000000000028,0.005,38.209999999999965,0.030682689849143536,0.9769879826131425,0.006000000000000014,0.4996999999999993,0.013077728343365605,0.011900039666798933,0.9910749702499008,0.0003527879478723297
20,0.9000000000000057,0.005,39.10999999999997,0.023012017386857743,1.0000000000000002,0.004500000000000028,0.5041999999999993,0.012891843518281761,0.008925029750099235,1.0,0.00019844322067818704
