,weight,grade,cml_weight,weight_pct,cml_weight_pct,yield,cml_yield,cml_grade,recovery,cml_recovery,distributional_heterogeneity
38,0.5999999999999943,0.082,0.5999999999999943,0.00817438692098085,0.00817438692098085,0.049199999999999536,0.049199999999999536,0.082,0.04700038211692736,0.04700038211692736,0.0015074579029556606
11,0.5,0.077,1.0999999999999943,0.0068119891008174395,0.014986376021798288,0.0385,0.08769999999999953,0.07972727272727272,0.036778754298815455,0.0837791364157428,0.0008980070164319447
47,1.0,0.061,2.0999999999999943,0.013623978201634879,0.028610354223433165,0.061,0.14869999999999953,0.07080952380952378,0.058272831486434876,0.14205196790217767,0.0019935200996475952
24,1.0,0.037,3.0999999999999943,0.013623978201634879,0.04223433242506804,0.037,0.18569999999999953,0.05990322580645157,0.03534581581964082,0.1773977837218185,0.00047183822950301813
25,1.0,0.034,4.099999999999994,0.013623978201634879,0.05585831062670292,0.034,0.21969999999999953,0.053585365853658494,0.03247993886129157,0.20987772258311008,0.00035554725239852087
10,1.2000000000000028,0.033,5.299999999999997,0.016348773841961893,0.0722070844686648,0.03960000000000009,0.25929999999999964,0.048924528301886754,0.037829575850210274,0.24770729843332034,0.00046142485491756756
12,0.5,0.032,5.799999999999997,0.0068119891008174395,0.07901907356948225,0.016,0.27529999999999966,0.047465517241379276,0.015284677111196033,0.26299197554451637,7.178644212121317e-05
1,0.3000000000000007,0.03,6.099999999999998,0.004087193460490473,0.08310626702997272,0.00900000000000002,0.28429999999999966,0.04660655737704914,0.008597630875047788,0.27158960641956414,2.0344045670638475e-05
34,0.6999999999999886,0.029,6.7999999999999865,0.00953678474114426,0.09264305177111698,0.020299999999999672,0.3045999999999993,0.04479411764705881,0.019392434084829654,0.2909820405043938,9.713382398568629e-05
36,0.6999999999999886,0.025,7.499999999999975,0.00953678474114426,0.10217983651226124,0.017499999999999717,0.32209999999999905,0.04294666666666668,0.01671761559037039,0.3076996560947642,5.1564331685197655e-05
23,1.0,0.025,8.499999999999975,0.013623978201634879,0.11580381471389613,0.025,0.3470999999999991,0.04083529411764707,0.023882307986243804,0.331581964081008,0.00010523332996979456
0,0.5,0.023,8.999999999999975,0.0068119891008174395,0.12261580381471357,0.0115,0.3585999999999991,0.03984444444444445,0.010985861673672149,0.34256782575468014,1.7421212254428787e-05
14,1.0,0.022,9.999999999999975,0.013623978201634879,0.13623978201634845,0.022,0.3805999999999991,0.038060000000000004,0.021016431027894543,0.36358425678257467,5.4648358788474505e-05
22,1.0999999999999943,0.019,11.09999999999997,0.01498637602179829,0.15122615803814674,0.02089999999999989,0.40149999999999897,0.036171171171171176,0.019965609476499713,0.3835498662590744,2.4792765796417882e-05
37,1.0,0.018,12.09999999999997,0.013623978201634879,0.16485013623978162,0.018,0.419499999999999,0.03466942148760331,0.017195261750095538,0.40074512800916995,1.2754066183505738e-05
30,2.0,0.016,14.09999999999997,0.027247956403269758,0.1920980926430514,0.032,0.451499999999999,0.03202127659574468,0.030569354222392067,0.431314482231562,1.1031683472870424e-05
13,2.0,0.016,16.09999999999997,0.027247956403269758,0.21934604904632116,0.032,0.48349999999999904,0.030031055900621117,0.030569354222392067,0.46188383645395403,1.1031683472870424e-05
8,1.5,0.015,17.59999999999997,0.02043596730245232,0.23978201634877347,0.0225,0.505999999999999,0.028749999999999994,0.02149407718761942,0.48337791364157345,1.119596529088337e-06
15,1.0,0.014,18.59999999999997,0.013623978201634879,0.25340599455040835,0.014,0.519999999999999,0.027956989247311822,0.013374092472296529,0.49675200611387,6.244287772695919e-08
46,1.6999999999999886,0.014,20.299999999999958,0.02316076294277914,0.2765667574931875,0.023799999999999842,0.5437999999999988,0.026788177339901475,0.022735957202903948,0.5194879633167739,1.8045991663090963e-07
32,2.0,0.014,22.299999999999958,0.027247956403269758,0.30381471389645726,0.028,0.5717999999999989,0.025641255605381164,0.026748184944593058,0.546236148261367,2.4977151090783675e-07
39,1.8000000000000114,0.013,24.09999999999997,0.024523160762942937,0.3283378746594002,0.023400000000000146,0.5951999999999991,0.02469709543568464,0.02235384027512434,0.5685899885364913,4.705951378869526e-06
16,1.0,0.013,25.09999999999997,0.013623978201634879,0.34196185286103503,0.013,0.6081999999999991,0.024231075697211148,0.012418800152846776,0.5810087886893381,1.4524541292806993e-06
2,0.5,0.012,25.59999999999997,0.0068119891008174395,0.34877384196185246,0.006,0.6141999999999991,0.023992187499999994,0.005731753916698512,0.5867405426060367,1.1669080530084524e-06
5,2.0,0.012,27.59999999999997,0.027247956403269758,0.37602179836512223,0.024,0.6381999999999991,0.023123188405797093,0.02292701566679405,0.6096675582728307,1.867052884813524e-05
33,1.4000000000000057,0.012,28.999999999999975,0.01907356948228891,0.3950953678474111,0.01680000000000007,0.6549999999999991,0.022586206896551712,0.0160489109667559,0.6257164692395866,9.148559135586341e-06
44,2.0,0.011,30.999999999999975,0.027247956403269758,0.4223433242506809,0.022,0.6769999999999992,0.021838709677419344,0.021016431027894543,0.6467329002674811,3.8831908503945205e-05
28,2.0,0.011,32.99999999999997,0.027247956403269758,0.44959128065395065,0.022,0.6989999999999992,0.021181818181818177,0.021016431027894543,0.6677493312953756,3.8831908503945205e-05
29,2.0,0.01,34.99999999999997,0.027247956403269758,0.4768392370572204,0.02,0.7189999999999992,0.020542857142857137,0.01910584638899504,0.6868551776843707,6.629395548455263e-05
42,2.0,0.01,36.99999999999997,0.027247956403269758,0.5040871934604901,0.02,0.7389999999999992,0.019972972972972968,0.01910584638899504,0.7059610240733657,6.629395548455263e-05
3,1.6999999999999993,0.01,38.699999999999974,0.023160762942779283,0.5272479564032694,0.016999999999999994,0.7559999999999992,0.019534883720930225,0.01623996943064578,0.7222009935040115,4.789738283758924e-05
21,0.9000000000000057,0.01,39.59999999999998,0.012261580381471468,0.5395095367847409,0.009000000000000057,0.7649999999999992,0.019318181818181807,0.008597630875047823,0.7307986243790593,1.3424525985622078e-05
19,2.0,0.01,41.59999999999998,0.027247956403269758,0.5667574931880106,0.02,0.7849999999999993,0.0188701923076923,0.01910584638899504,0.7499044707680543,6.629395548455263e-05
41,2.0,0.009,43.59999999999998,0.027247956403269758,0.5940054495912803,0.018,0.8029999999999993,0.018417431192660542,0.017195261750095538,0.7670997325181499,0.0001010566697899576
4,2.0,0.009,45.59999999999998,0.027247956403269758,0.62125340599455,0.018,0.8209999999999993,0.018004385964912273,0.017195261750095538,0.7842949942682454,0.0001010566697899576
31,2.0,0.009,47.59999999999998,0.027247956403269758,0.6485013623978197,0.018,0.8389999999999993,0.01762605042016806,0.017195261750095538,0.801490256018341,0.0001010566697899576
49,1.5,0.009,49.09999999999998,0.02043596730245232,0.6689373297002721,0.013499999999999998,0.8524999999999993,0.017362525458248464,0.012896446312571651,0.8143867023309127,5.684437675685116e-05
35,1.8000000000000114,0.009,50.89999999999999,0.024523160762942937,0.693460490463215,0.0162000000000001,0.8686999999999994,0.01706679764243614,0.015475735575086079,0.8298624379059988,8.18559025298667e-05
18,2.0,0.009,52.89999999999999,0.027247956403269758,0.7207084468664847,0.018,0.8866999999999994,0.0167618147448015,0.017195261750095538,0.8470576996560943,0.0001010566697899576
17,2.0,0.009,54.89999999999999,0.027247956403269758,0.7479564032697544,0.018,0.9046999999999994,0.01647905282331511,0.017195261750095538,0.8642529614061899,0.0001010566697899576
27,2.0,0.008,56.89999999999999,0.027247956403269758,0.7752043596730241,0.016,0.9206999999999994,0.016181019332161678,0.015284677111196033,0.879537638517386,0.00014312005142016
40,2.0,0.008,58.89999999999999,0.027247956403269758,0.8024523160762939,0.016,0.9366999999999994,0.015903225806451607,0.015284677111196033,0.894822315628582,0.00014312005142016
6,2.0,0.008,60.89999999999999,0.027247956403269758,0.8297002724795636,0.016,0.9526999999999994,0.015643678160919532,0.015284677111196033,0.9101069927397781,0.00014312005142016
7,2.0,0.008,62.89999999999999,0.027247956403269758,0.8569482288828333,0.016,0.9686999999999995,0.015400635930047687,0.015284677111196033,0.9253916698509742,0.00014312005142016
45,2.0,0.008,64.89999999999999,0.027247956403269758,0.884196185286103,0.016,0.9846999999999995,0.015172573189522335,0.015284677111196033,0.9406763469621703,0.00014312005142016
48,2.0,0.008,66.89999999999999,0.027247956403269758,0.9114441416893727,0.016,1.0006999999999995,0.014958146487294464,0.015284677111196033,0.9559610240733664,0.00014312005142016
9,0.5999999999999943,0.008,67.49999999999999,0.00817438692098085,0.9196185286103535,0.0047999999999999545,1.0054999999999994,0.014896296296296291,0.004585403133358767,0.9605464272067251,1.2880804627814157e-05
26,1.9000000000000057,0.007,69.39999999999999,0.025885558583106347,0.9455040871934599,0.01330000000000004,1.0187999999999995,0.014680115273775211,0.01270538784868174,0.9732518150554068,0.0001737169005885829
43,2.0,0.007,71.39999999999999,0.027247956403269758,0.9727520435967296,0.014,1.0327999999999995,0.014464985994397753,0.013374092472296529,0.9866259075277033,0.00019248410037515993
20,2.0,0.007,73.39999999999999,0.027247956403269758,0.9999999999999993,0.014,1.0467999999999995,0.014261580381471385,0.013374092472296529,0.9999999999999998,0.00019248410037515993
