,weight,grade,cml_weight,weight_pct,cml_weight_pct,yield,cml_yield,cml_grade,recovery,cml_recovery,distributional_heterogeneity
13,1.0,0.044,1.0,0.022421524663677132,0.022421524663677132,0.044,0.044,0.044,0.07527801539777584,0.07527801539777584,0.002793808612723862
3,3.0,0.023,4.0,0.0672645739910314,0.08968609865470853,0.069,0.113,0.02825,0.11804961505560305,0.1933276304533789,0.002579120395930227
12,1.2000000000000028,0.022,5.200000000000003,0.026905829596412623,0.11659192825112115,0.026400000000000062,0.13940000000000008,0.026807692307692307,0.04516680923866562,0.2384944396920445,0.00033346337749477805
0,0.3000000000000007,0.016,5.5000000000000036,0.006726457399103156,0.12331838565022431,0.004800000000000012,0.14420000000000008,0.026218181818181814,0.00821214713430284,0.24670658682634736,2.207273989277705e-06
18,0.7999999999999972,0.016,6.300000000000001,0.01793721973094164,0.14125560538116594,0.012799999999999956,0.15700000000000003,0.024920634920634923,0.021899059024807443,0.2686056458511548,1.5696170590419046e-05
4,3.0,0.015,9.3,0.0672645739910314,0.20852017937219736,0.045,0.202,0.021720430107526882,0.07698887938408892,0.34559452523524375,9.456211537744778e-05
14,2.799999999999997,0.015,12.099999999999998,0.06278026905829591,0.2713004484304933,0.041999999999999954,0.24399999999999997,0.020165289256198347,0.07185628742514959,0.41745081266039336,8.237410939546545e-05
9,3.0,0.015,15.099999999999998,0.0672645739910314,0.3385650224215247,0.045,0.289,0.01913907284768212,0.07698887938408892,0.4944396920444823,9.456211537744778e-05
1,2.5,0.013,17.599999999999998,0.056053811659192834,0.3946188340807175,0.0325,0.3215,0.018267045454545456,0.05560307955517534,0.5500427715996576,2.0315942959203778e-07
6,3.0,0.012,20.599999999999998,0.0672645739910314,0.46188340807174894,0.036000000000000004,0.35750000000000004,0.017354368932038837,0.06159110350727116,0.6116338751069288,3.2188267330098776e-05
11,2.0,0.011,22.599999999999998,0.044843049327354265,0.5067264573991032,0.022,0.37950000000000006,0.01679203539823009,0.03763900769888792,0.6492728828058167,5.189821578467603e-05
15,3.0,0.011,25.599999999999998,0.0672645739910314,0.5739910313901345,0.033,0.4125000000000001,0.016113281250000003,0.05645851154833189,0.7057313943541487,0.00011677098551552109
17,3.0,0.011,28.599999999999998,0.0672645739910314,0.6412556053811659,0.033,0.4455000000000001,0.015576923076923082,0.05645851154833189,0.7621899059024806,0.00011677098551552109
5,3.0,0.01,31.599999999999998,0.0672645739910314,0.7085201793721972,0.03,0.47550000000000014,0.015047468354430386,0.05132591958939262,0.8135158254918732,0.0002540407041348791
7,3.0,0.01,34.599999999999994,0.0672645739910314,0.7757847533632286,0.03,0.5055000000000002,0.014609826589595382,0.05132591958939262,0.8648417450812658,0.0002540407041348791
8,3.0,0.01,37.599999999999994,0.0672645739910314,0.84304932735426,0.03,0.5355000000000002,0.014242021276595752,0.05132591958939262,0.9161676646706584,0.0002540407041348791
2,3.0,0.008,40.599999999999994,0.0672645739910314,0.9103139013452913,0.024,0.5595000000000002,0.013780788177339909,0.041060735671514095,0.9572284003421725,0.0006866411426754033
10,1.0,0.007,41.599999999999994,0.022421524663677132,0.9327354260089684,0.007,0.5665000000000002,0.01361778846153847,0.011976047904191612,0.9692044482463641,0.00010910798473295213
16,3.0,0.006,44.599999999999994,0.0672645739910314,0.9999999999999998,0.018000000000000002,0.5845000000000002,0.01310538116591929,0.03079555175363558,0.9999999999999997,0.001329989582951671
