,weight,grade,cml_weight,weight_pct,cml_weight_pct,yield,cml_yield,cml_grade,recovery,cml_recovery,distributional_heterogeneity
13,3.1000000000000014,0.085,3.1000000000000014,0.039092055485498135,0.039092055485498135,0.2635000000000001,0.2635000000000001,0.085,0.20700762039437515,0.20700762039437515,0.0281956369386673
20,3.0,0.048,6.100000000000001,0.03783102143757882,0.07692307692307696,0.14400000000000002,0.40750000000000014,0.06680327868852459,0.11312750412444028,0.32013512451881543,0.005669560305012826
1,3.0,0.042,9.100000000000001,0.03783102143757882,0.11475409836065578,0.126,0.5335000000000001,0.05862637362637363,0.09898656610888523,0.41912169062770066,0.003740000644044155
17,3.0999999999999943,0.038,12.199999999999996,0.039092055485498045,0.15384615384615383,0.11779999999999978,0.6512999999999999,0.05338524590163935,0.0925445832351322,0.5116662738628328,0.002857172722825411
23,3.0999999999999943,0.032,15.29999999999999,0.039092055485498045,0.19293820933165187,0.09919999999999982,0.7504999999999997,0.04905228758169936,0.0779322806190587,0.5895985544818915,0.0015085630884256777
22,3.0,0.024,18.29999999999999,0.03783102143757882,0.2307692307692307,0.07200000000000001,0.8224999999999998,0.04494535519125684,0.05656375206222014,0.6461623065441116,0.0003509151966553746
10,3.0,0.021,21.29999999999999,0.03783102143757882,0.2686002522068095,0.063,0.8854999999999997,0.04157276995305165,0.049493283054442616,0.6956555895985541,0.0001360083460201746
16,3.0,0.015,24.29999999999999,0.03783102143757882,0.3064312736443883,0.045,0.9304999999999998,0.03829218106995885,0.03535234503888758,0.7310079346374417,6.143836689428976e-06
18,3.0,0.013,27.29999999999999,0.03783102143757882,0.34426229508196715,0.039,0.9694999999999998,0.035512820512820516,0.03063869903370257,0.7616466336711443,5.1729501561300277e-05
11,3.1000000000000014,0.012,30.39999999999999,0.039092055485498135,0.3833543505674653,0.03720000000000002,1.0067,0.033115131578947375,0.02922460523214708,0.7908712389032914,9.736657450235773e-05
0,3.099999999999998,0.01,33.499999999999986,0.03909205548549809,0.4224464060529634,0.03099999999999998,1.0376999999999998,0.030976119402985083,0.024353837693455872,0.8152250765967473,0.00021721506368566973
9,3.0,0.009,36.499999999999986,0.03783102143757882,0.46027742749054223,0.026999999999999996,1.0646999999999998,0.029169863013698633,0.021211407023332546,0.8364364836200798,0.00027621158327822254
14,2.999999999999993,0.009,39.49999999999998,0.03783102143757874,0.49810844892812095,0.026999999999999934,1.0916999999999997,0.02763797468354431,0.021211407023332497,0.8576478906434123,0.00027621158327822124
19,3.1000000000000085,0.008,42.59999999999999,0.039092055485498226,0.5372005044136192,0.02480000000000007,1.1164999999999998,0.02620892018779343,0.019483070154764765,0.8771309607981771,0.0003845123057009199
21,3.0999999999999943,0.008,45.69999999999998,0.039092055485498045,0.5762925598991173,0.024799999999999954,1.1412999999999998,0.024973741794310726,0.019483070154764675,0.8966140309529418,0.0003845123057009164
6,3.0999999999999943,0.007,48.799999999999976,0.039092055485498045,0.6153846153846154,0.021699999999999962,1.1629999999999998,0.02383196721311476,0.017047686385419092,0.9136617173383609,0.00048595420902051577
12,3.0,0.006,51.799999999999976,0.03783102143757882,0.6532156368221942,0.018000000000000002,1.1809999999999998,0.022799227799227807,0.014140938015555035,0.9278026553539159,0.0005612200525424464
24,3.0,0.006,54.799999999999976,0.03783102143757882,0.691046658259773,0.018000000000000002,1.1989999999999998,0.02187956204379563,0.014140938015555035,0.941943593369471,0.0005612200525424464
15,3.1000000000000085,0.005,57.899999999999984,0.039092055485498226,0.7301387137452712,0.015500000000000043,1.2145,0.02097582037996546,0.01217691884672798,0.954120512216199,0.0007244245802836723
25,3.1000000000000085,0.005,60.99999999999999,0.039092055485498226,0.7692307692307694,0.015500000000000043,1.23,0.02016393442622951,0.01217691884672798,0.966297431062927,0.0007244245802836723
8,3.1000000000000014,0.003,64.1,0.039092055485498135,0.8083228247162675,0.009300000000000004,1.2393,0.019333853354134168,0.00730615130803677,0.9736035823709638,0.001010343704378756
7,3.0,0.003,67.1,0.03783102143757882,0.8461538461538463,0.009000000000000001,1.2483,0.018603576751117734,0.007070469007777518,0.9806740513787413,0.0009462115857865553
4,3.1000000000000014,0.003,70.19999999999999,0.039092055485498135,0.8852459016393444,0.009300000000000004,1.2576,0.01791452991452992,0.00730615130803677,0.9879802026867781,0.001010343704378756
2,3.1000000000000014,0.003,73.29999999999998,0.039092055485498135,0.9243379571248425,0.009300000000000004,1.2669000000000001,0.017283765347885408,0.00730615130803677,0.9952863539948149,0.001010343704378756
5,3.0,0.001,76.29999999999998,0.03783102143757882,0.9621689785624212,0.003,1.2699,0.016643512450851904,0.0023568230025925057,0.9976431769974075,0.0012584187546047856
3,3.0,0.001,79.29999999999998,0.03783102143757882,1.0,0.003,1.2729,0.016051702395964693,0.0023568230025925057,1.0,0.0012584187546047856
