,weight,grade,cml_weight,weight_pct,cml_weight_pct,yield,cml_yield,cml_grade,recovery,cml_recovery,distributional_heterogeneity
44,1.5,1.202,1.5,0.0038481272447408927,0.0038481272447408927,1.803,1.803,1.202,0.02558796982237438,0.02558796982237438,0.0004726207553002858
53,1.1999999999999886,0.941,2.6999999999999886,0.0030785017957926848,0.0069266290405335775,1.1291999999999893,2.9321999999999893,1.0860000000000005,0.016025477273114184,0.04161344709548856,0.00016762417401036426
6,2.6000000000000014,0.757,5.29999999999999,0.006670087224217551,0.013596716264751129,1.968200000000001,4.9003999999999905,0.9246037735849056,0.02793246933133515,0.06954591642682371,0.00045208889286907486
11,1.1000000000000014,0.587,6.3999999999999915,0.0028219599794766584,0.016418676244227787,0.6457000000000008,5.546099999999991,0.8665781249999998,0.009163700562566365,0.07870961698939008,4.0217673623206984e-05
57,3.0,0.525,9.399999999999991,0.007696254489481785,0.024114930733709572,1.5750000000000002,7.121099999999991,0.7575638297872338,0.022352219894752997,0.10106183688414308,0.0002147973219605065
62,3.0999999999999943,0.45,12.499999999999986,0.00795279630579783,0.0320677270395074,1.3949999999999976,8.51609999999999,0.6812879999999999,0.01979768047820976,0.12085951736235284,0.00014030128105785455
35,3.0,0.439,15.499999999999986,0.007696254489481785,0.03976398152898919,1.317,9.83309999999999,0.6343935483870967,0.01869071339770774,0.13955023076006057,0.00012087812668466904
12,2.3999999999999986,0.381,17.899999999999984,0.006157003591585424,0.04592098512057462,0.9143999999999994,10.747499999999988,0.6004189944134076,0.012977060236039444,0.15252729099610002,4.6513172633561424e-05
87,3.0999999999999943,0.375,20.99999999999998,0.00795279630579783,0.05387378142637245,1.1624999999999979,11.909999999999986,0.5671428571428571,0.016498067065174798,0.1690253580612748,7.302165235106301e-05
21,0.6000000000000014,0.375,21.59999999999998,0.0015392508978963608,0.05541303232426881,0.22500000000000053,12.134999999999987,0.5618055555555554,0.0031931742706790066,0.1722185323319538,2.7354625230367227e-06
50,3.0999999999999943,0.368,24.699999999999974,0.00795279630579783,0.06336582863006664,1.1407999999999978,13.275799999999986,0.5374817813765183,0.016190103146624866,0.18840863547857867,6.785322398993591e-05
51,3.1000000000000227,0.366,27.799999999999997,0.007952796305797902,0.07131862493586454,1.1346000000000083,14.410399999999994,0.5183597122302157,0.016102113455610752,0.2045107489341894,6.64113700082338e-05
3,3.0,0.352,30.799999999999997,0.007696254489481785,0.07901487942534632,1.056,15.466399999999993,0.502155844155844,0.014986631243720103,0.2194973801779095,5.314959321873841e-05
49,3.0,0.345,33.8,0.007696254489481785,0.08671113391482811,1.035,16.501399999999993,0.4882071005917158,0.014688601645123395,0.2341859818230329,4.8892918745009296e-05
63,3.0,0.329,36.8,0.007696254489481785,0.0944073884043099,0.9870000000000001,17.48839999999999,0.47522826086956504,0.01400739113404521,0.2481933729570781,3.983044574635127e-05
45,2.1999999999999886,0.329,38.999999999999986,0.00564391995895328,0.10005130836326318,0.7237999999999963,18.21219999999999,0.46697948717948706,0.0102720868316331,0.2584654597887112,2.141992860137091e-05
90,3.0,0.296,41.999999999999986,0.007696254489481785,0.10774756285274496,0.8879999999999999,19.100199999999987,0.4547666666666665,0.012602394454946448,0.27106785424365765,2.4070209360729608e-05
20,2.5,0.293,44.499999999999986,0.006413545407901487,0.11416110826064645,0.7324999999999999,19.83269999999999,0.44567865168539317,0.010395556236766074,0.2814634104804237,1.5856410241194827e-05
61,2.5999999999999943,0.29,47.09999999999998,0.0066700872242175325,0.12083119548486398,0.7539999999999983,20.586699999999986,0.4370849256900211,0.01070068177818649,0.29216409225861023,1.6245692458484204e-05
37,3.0,0.284,50.09999999999998,0.007696254489481785,0.12852744997434576,0.8519999999999999,21.438699999999987,0.4279181636726546,0.012091486571637809,0.30425557883024806,1.931806505601357e-05
46,2.4000000000000057,0.278,52.499999999999986,0.006157003591585443,0.1346844535659312,0.6672000000000017,22.105899999999988,0.4210647619047618,0.009468826103986815,0.31372440493423487,1.0968168353648538e-05
60,3.5,0.278,55.999999999999986,0.008978963571062083,0.1436634171369933,0.9730000000000001,23.078899999999987,0.41212321428571413,0.01380870473498074,0.3275331096692156,2.3326399710450336e-05
13,3.0,0.271,58.999999999999986,0.007696254489481785,0.15135967162647507,0.8130000000000001,23.891899999999985,0.4049474576271185,0.011538003031386784,0.3390711127006024,1.4759031859229178e-05
23,3.1000000000000014,0.271,62.09999999999999,0.007952796305797849,0.1593124679322729,0.8401000000000004,24.731999999999985,0.3982608695652172,0.011922603132433015,0.35099371583303546,1.575936624079917e-05
128,3.0,0.271,65.1,0.007696254489481785,0.16700872242175469,0.8130000000000001,25.544999999999984,0.39239631336405506,0.011538003031386784,0.36253171886442226,1.4759031859229178e-05
32,3.1000000000000085,0.268,68.2,0.007952796305797866,0.17496151872755256,0.8308000000000023,26.375799999999987,0.38674193548387076,0.011790618595911644,0.3743223374603339,1.4728879930494156e-05
65,3.1999999999999886,0.266,71.39999999999999,0.008209338122113875,0.18317085684966644,0.8511999999999971,27.226999999999986,0.381330532212885,0.0120801330631198,0.38640247052345367,1.4983053475317042e-05
2,3.0999999999999996,0.258,74.49999999999999,0.007952796305797843,0.19112365315546428,0.7998,28.026799999999987,0.3761986577181207,0.01135067014084028,0.39775314066429396,1.1545546598865998e-05
17,3.1000000000000014,0.257,77.6,0.007952796305797849,0.19907644946126213,0.7967000000000004,28.82349999999999,0.371436855670103,0.011306675295333154,0.4090598159596271,1.1248504276446363e-05
14,3.0,0.251,80.6,0.007696254489481785,0.2067727039507439,0.753,29.57649999999999,0.36695409429280385,0.01068648989253905,0.41974630585216616,8.941507765697042e-06
40,3.0999999999999943,0.249,83.69999999999999,0.00795279630579783,0.21472550025654175,0.7718999999999986,30.348399999999987,0.3625854241338111,0.010954716531276066,0.4307010223834422,9.0115250401353e-06
68,3.0999999999999943,0.245,86.79999999999998,0.00795279630579783,0.22267829656233956,0.7594999999999986,31.107899999999987,0.35838594470046076,0.010778737149247535,0.44147975953268975,7.985941650677225e-06
84,3.0,0.241,89.79999999999998,0.007696254489481785,0.23037455105182134,0.723,31.830899999999986,0.3544643652561246,0.010260733323115183,0.4517404928558049,6.576551688153713e-06
22,3.0,0.238,92.79999999999998,0.007696254489481785,0.2380708055413031,0.714,32.544899999999984,0.35069935344827574,0.010133006352288023,0.46187349920809295,5.9377596408896695e-06
43,3.0,0.238,95.79999999999998,0.007696254489481785,0.24576706003078488,0.714,33.25889999999998,0.34717014613778696,0.010133006352288023,0.472006505560381,5.9377596408896695e-06
70,4.099999999999994,0.237,99.89999999999998,0.010518214468958426,0.2562852744997433,0.9716999999999986,34.23059999999998,0.3426486486486485,0.013790255283639016,0.48579676084402,1.0706251092935629e-05
18,3.0999999999999943,0.237,102.99999999999997,0.00795279630579783,0.2642380708055411,0.7346999999999986,34.96529999999998,0.3394689320388348,0.010426778385190471,0.4962235392292105,6.1205873291559375e-06
79,3.0,0.233,105.99999999999997,0.007696254489481785,0.2719343252950229,0.6990000000000001,35.664299999999976,0.33645566037735836,0.00992012806757609,0.5061436672967866,4.945613691345968e-06
85,3.1000000000000227,0.232,109.1,0.007952796305797902,0.27988712160082085,0.7192000000000053,36.383499999999984,0.33348762603116394,0.010206804157654903,0.5163504714544416,5.080551396233005e-06
1,3.0,0.223,112.1,0.007696254489481785,0.28758337609030266,0.669,37.05249999999998,0.33053077609277415,0.009494371498152224,0.5258448429525938,3.233224776869926e-06
86,3.0,0.223,115.1,0.007696254489481785,0.29527963057978446,0.669,37.72149999999998,0.3277280625543004,0.009494371498152224,0.5353392144507461,3.233224776869926e-06
73,2.9000000000000057,0.22,118.0,0.00743971267316574,0.3027193432529502,0.6380000000000012,38.359499999999976,0.3250805084745761,0.009054423043080913,0.544393637493827,2.607289578711592e-06
33,3.0,0.218,121.0,0.007696254489481785,0.310415597742432,0.654,39.01349999999998,0.3224256198347106,0.009281493213440292,0.5536751307072673,2.512981811937589e-06
10,2.6000000000000014,0.217,123.6,0.006670087224217551,0.3170856849666495,0.5642000000000003,39.57769999999998,0.32020792880258886,0.008007061882298187,0.5616821925895654,1.787501236349835e-06
42,3.1000000000000085,0.214,126.7,0.007952796305797866,0.3250384812724474,0.6634000000000018,40.24109999999998,0.31760931333859493,0.00941489693852646,0.5710970895280919,2.1377382602253554e-06
64,3.1000000000000227,0.213,129.8,0.007952796305797902,0.3329912775782453,0.6603000000000048,40.90139999999999,0.31511093990754996,0.00937090209301937,0.5804679916211113,2.0110240237510187e-06
38,3.1000000000000085,0.206,132.90000000000003,0.007952796305797866,0.3409440738840432,0.6386000000000017,41.53999999999999,0.31256583897667406,0.009062938174469397,0.5895309297955806,1.2324149685775163e-06
71,3.0,0.205,135.90000000000003,0.007696254489481785,0.348640328373525,0.615,42.154999999999994,0.3101913171449594,0.008728009673189265,0.59825893946877,1.0645187591072518e-06
58,2.5,0.203,138.40000000000003,0.006413545407901487,0.3550538737814265,0.5075000000000001,42.662499999999994,0.30825505780346807,0.0072023819660870765,0.605461321434857,6.222631155300849e-07
34,3.0999999999999943,0.203,141.50000000000003,0.00795279630579783,0.3630066700872243,0.6292999999999989,43.291799999999995,0.30594911660777374,0.008930953637947959,0.6143922750728049,9.56791766439055e-07
29,3.0,0.203,144.50000000000003,0.007696254489481785,0.3707029245767061,0.609,43.9008,0.3038117647058823,0.00864285835930449,0.6230351334321094,8.960588863633221e-07
7,0.3999999999999986,0.198,144.90000000000003,0.0010261672652642343,0.37172909184197034,0.07919999999999973,43.98,0.30351966873705993,0.0011239973432790038,0.6241591307753883,9.570724164375847e-09
39,3.0,0.195,147.90000000000003,0.007696254489481785,0.37942534633145214,0.585,44.565,0.3013184584178498,0.008302253103765396,0.6324613838791537,3.672343205136583e-07
8,1.6000000000000014,0.189,149.50000000000003,0.0041046690610569555,0.3835300153925091,0.3024000000000003,44.867399999999996,0.3001163879598661,0.004291626219792579,0.6367530100989464,3.49529792024968e-08
69,2.0,0.187,151.50000000000003,0.00513083632632119,0.38866085171883025,0.374,45.2414,0.298623102310231,0.00530776523215087,0.6420607753310972,3.130383771808748e-08
89,3.0999999999999943,0.185,154.60000000000002,0.00795279630579783,0.39661364802462806,0.5734999999999989,45.814899999999994,0.29634476067270366,0.008139046418819566,0.6501998217499168,3.468910460060963e-08
28,3.0,0.182,157.60000000000002,0.007696254489481785,0.40430990251410986,0.546,46.360899999999994,0.29416814720812173,0.007748769563514371,0.6579485913134311,2.7578330006479143e-09
0,2.6999999999999997,0.18,160.3,0.006926629040533606,0.41123653155464346,0.48599999999999993,46.84689999999999,0.29224516531503425,0.006897256424666637,0.6648458477380977,8.627505628685351e-10
4,3.0,0.174,163.3,0.007696254489481785,0.41893278604412526,0.522,47.36889999999999,0.2900728720146968,0.007408164307975278,0.672254012046073,8.299595268045286e-08
47,3.0999999999999943,0.171,166.4,0.00795279630579783,0.4268855823499231,0.530099999999999,47.89899999999999,0.2878545673076922,0.007523118581719708,0.6797771306277928,1.8462294656895467e-07
15,3.1000000000000014,0.17,169.5,0.007952796305797849,0.43483837865572095,0.5270000000000002,48.42599999999999,0.2856991150442477,0.0074791237362125925,0.6872562543640054,2.2436570317749903e-07
41,3.0,0.168,172.5,0.007696254489481785,0.44253463314520275,0.504,48.929999999999986,0.28365217391304337,0.007152710366320958,0.6944089647303263,2.9544021382267253e-07
5,0.5,0.168,173.0,0.0012827090815802976,0.44381734222678304,0.084,49.01399999999999,0.2833179190751444,0.0011921183943868264,0.6956010831247131,8.206672606185347e-09
25,3.0,0.166,176.0,0.007696254489481785,0.45151359671626484,0.498,49.511999999999986,0.28131818181818175,0.007067559052436185,0.7026686421771493,3.952579525619587e-07
78,3.0999999999999943,0.164,179.1,0.00795279630579783,0.45946639302206266,0.5083999999999991,50.02039999999999,0.279287548855388,0.007215154663169778,0.7098837968403191,5.441151929390103e-07
72,3.0,0.162,182.1,0.007696254489481785,0.46716264751154446,0.486,50.506399999999985,0.27735529928610647,0.006897256424666638,0.7167810532649858,6.383979075783504e-07
77,3.0999999999999943,0.161,185.2,0.00795279630579783,0.4751154438173423,0.4990999999999991,51.005499999999984,0.275407667386609,0.00708317012664838,0.7238642233916341,7.562496914620716e-07
36,3.0999999999999943,0.159,188.29999999999998,0.00795279630579783,0.4830682401231401,0.4928999999999991,51.49839999999998,0.2734912373871481,0.006995180435634115,0.7308594038272682,9.170281547894108e-07
82,3.0,0.152,191.29999999999998,0.007696254489481785,0.4907644946126219,0.45599999999999996,51.954399999999985,0.2715859905906952,0.006471499855242771,0.737330903682511,1.5000239140899417e-06
52,3.1999999999999886,0.152,194.49999999999997,0.008209338122113875,0.4989738327347358,0.4863999999999983,52.44079999999998,0.26961850899742923,0.006902933178925598,0.7442338368614366,1.7066938755867658e-06
24,3.0,0.148,197.49999999999997,0.007696254489481785,0.5066700872242176,0.44399999999999995,52.884799999999984,0.2677711392405063,0.006301197227473224,0.7505350340889099,1.946184764282823e-06
88,3.0,0.146,200.49999999999997,0.007696254489481785,0.5143663417136993,0.43799999999999994,53.32279999999999,0.2659491271820449,0.0062160459135884505,0.7567510800024984,2.1910174281481736e-06
55,2.0,0.144,202.49999999999997,0.00513083632632119,0.5194971780400205,0.288,53.61079999999998,0.26474469135802464,0.004087263066469118,0.7608383430689675,1.08904514867828e-06
19,3.0,0.144,205.49999999999997,0.007696254489481785,0.5271934325295022,0.43199999999999994,54.042799999999986,0.2629819951338199,0.006130894599703678,0.7669692376686712,2.45035158452613e-06
114,3.099999999999966,0.142,208.59999999999994,0.007952796305797757,0.5351462288352999,0.4401999999999951,54.48299999999998,0.26118408437200386,0.006247268062012799,0.773216505730684,2.9088265903482048e-06
31,3.0,0.139,211.59999999999994,0.007696254489481785,0.5428424833247817,0.41700000000000004,54.899999999999984,0.2594517958412098,0.005918016314991745,0.7791345220456758,3.1621310052136703e-06
129,3.0,0.137,214.59999999999994,0.007696254489481785,0.5505387378142634,0.41100000000000003,55.310999999999986,0.257739981360671,0.005832865001106972,0.7849673870467828,3.472220385385749e-06
119,3.0,0.137,217.59999999999994,0.007696254489481785,0.5582349923037452,0.41100000000000003,55.72199999999999,0.25607536764705885,0.005832865001106972,0.7908002520478898,3.472220385385749e-06
74,3.3000000000000114,0.135,220.89999999999995,0.008465879938429993,0.5667008722421751,0.44550000000000156,56.16749999999999,0.25426663648709824,0.00632248505594444,0.7971227371038343,4.594141622265256e-06
26,3.0999999999999943,0.135,223.99999999999994,0.00795279630579783,0.574653668547973,0.41849999999999926,56.58599999999999,0.25261607142857145,0.005939304143462928,0.8030620412472972,4.054150687784081e-06
59,3.0,0.134,226.99999999999994,0.007696254489481785,0.5823499230374547,0.402,56.98799999999999,0.2510484581497798,0.005705138030279812,0.808767179277577,3.964544754105004e-06
30,3.0999999999999943,0.132,230.09999999999994,0.00795279630579783,0.5903027193432525,0.4091999999999993,57.39719999999999,0.24944458930899613,0.005807319606941529,0.8145744988845185,4.603070265335331e-06
81,3.0999999999999943,0.132,233.19999999999993,0.00795279630579783,0.5982555156490503,0.4091999999999993,57.80639999999999,0.2478833619210978,0.005807319606941529,0.82038181849146,4.603070265335331e-06
27,3.1000000000000085,0.131,236.29999999999995,0.007952796305797866,0.6062083119548481,0.4061000000000011,58.21249999999999,0.24634997884045706,0.005763324761434423,0.8261451432528943,4.793785643577246e-06
16,3.0,0.13,239.29999999999995,0.007696254489481785,0.6139045664443299,0.39,58.60249999999999,0.244891349770163,0.005534835402510266,0.8316799786554047,4.671732469524801e-06
66,2.9000000000000057,0.129,242.19999999999996,0.00743971267316574,0.6213442791174957,0.37410000000000077,58.97659999999999,0.24350371593724196,0.005309184420715627,0.8369891630761203,4.539150634488137e-06
83,3.0999999999999943,0.118,245.29999999999995,0.00795279630579783,0.6292970754232935,0.3657999999999993,59.34239999999999,0.2419176518548716,0.00519139176984167,0.8421805548459619,7.62535501119926e-06
56,1.5999999999999943,0.116,246.89999999999995,0.004104669061056937,0.6334017444843504,0.18559999999999935,59.52799999999999,0.24110166059133253,0.0026340139761689783,0.8448145688221309,2.162826378706811e-06
9,1.0999999999999979,0.114,247.99999999999994,0.0028219599794766493,0.636223704463827,0.12539999999999976,59.65339999999999,0.24053790322580648,0.0017796624601917588,0.8465942312823227,1.0863841187074365e-06
130,3.1000000000000227,0.114,251.09999999999997,0.007952796305797902,0.644176500769625,0.3534000000000026,60.00679999999999,0.2389757068896854,0.005015412387813185,0.8516096436701359,8.628224281635255e-06
102,3.0,0.112,254.09999999999997,0.007696254489481785,0.6518727552591067,0.336,60.34279999999999,0.23747658402203856,0.004768473577547306,0.8563781172476832,8.571901068287896e-06
121,2.5,0.105,256.59999999999997,0.006413545407901487,0.6582863006670082,0.2625,60.60529999999999,0.2361858924395947,0.0037253699824588322,0.8601034872301421,7.226287117953804e-06
48,3.0,0.103,259.59999999999997,0.007696254489481785,0.66598255515649,0.309,60.91429999999999,0.23464676425269645,0.004385292665065825,0.8644887798952079,1.0962468202739866e-05
135,3.099999999999966,0.101,262.69999999999993,0.007952796305797757,0.6739353514622877,0.31309999999999655,61.22739999999999,0.2330696612105063,0.004443479396220372,0.8689322592914283,1.2315305171845772e-05
80,3.0,0.101,265.69999999999993,0.007696254489481785,0.6816316059517694,0.30300000000000005,61.530399999999986,0.23157847196085812,0.0043001413511810525,0.8732324006426093,1.1533584448138854e-05
91,3.1000000000000227,0.093,268.79999999999995,0.007952796305797902,0.6895844022575673,0.2883000000000021,61.818699999999986,0.22998028273809523,0.004091520632163387,0.8773239212747727,1.4909449827801687e-05
132,3.0,0.091,271.79999999999995,0.007696254489481785,0.6972806567470491,0.273,62.09169999999999,0.22844628403237674,0.0038743847817571857,0.8811983060565298,1.4606688062822922e-05
120,3.1000000000000227,0.091,274.9,0.007952796305797902,0.705233453052847,0.28210000000000207,62.37379999999999,0.22689632593670422,0.004003530941149121,0.885201836997679,1.5596696920414483e-05
118,3.099999999999966,0.091,277.99999999999994,0.007952796305797757,0.7131862493586447,0.2820999999999969,62.65589999999999,0.22538093525179856,0.0040035309411490475,0.889205367938828,1.5596696920413907e-05
126,3.1000000000000227,0.084,281.09999999999997,0.007952796305797902,0.7211390456644426,0.2604000000000019,62.91629999999999,0.22382177161152614,0.003695567022599189,0.8929009349614272,1.812400116972464e-05
113,3.0,0.084,284.09999999999997,0.007696254489481785,0.7288353001539244,0.252,63.168299999999995,0.22234530095036958,0.003576355183160479,0.8964772901445877,1.697357029422678e-05
105,3.1000000000000227,0.084,287.2,0.007952796305797902,0.7367880964597223,0.2604000000000019,63.4287,0.22085201949860725,0.003695567022599189,0.9001728571671869,1.812400116972464e-05
109,3.0,0.083,290.2,0.007696254489481785,0.7444843509492041,0.249,63.6777,0.21942694693314957,0.0035337795262180925,0.903706636693405,1.7326197819797083e-05
111,3.0,0.083,293.2,0.007696254489481785,0.7521806054386858,0.249,63.926700000000004,0.21803103683492497,0.0035337795262180925,0.9072404162196231,1.7326197819797083e-05
98,3.0,0.083,296.2,0.007696254489481785,0.7598768599281676,0.249,64.1757,0.21666340310600948,0.0035337795262180925,0.9107741957458413,1.7326197819797083e-05
117,3.0,0.083,299.2,0.007696254489481785,0.7675731144176493,0.249,64.4247,0.21532319518716578,0.0035337795262180925,0.9143079752720594,1.7326197819797083e-05
124,3.099999999999966,0.083,302.29999999999995,0.007952796305797757,0.775525910723447,0.2572999999999972,64.682,0.21396625868342709,0.003651572177091989,0.9179595474491514,1.8500529005360698e-05
108,3.099999999999966,0.083,305.3999999999999,0.007952796305797757,0.7834787070292447,0.2572999999999972,64.9393,0.21263686967910944,0.003651572177091989,0.9216111196262434,1.8500529005360698e-05
92,3.0,0.082,308.3999999999999,0.007696254489481785,0.7911749615187265,0.246,65.1853,0.21136608300907916,0.0034912038692757057,0.9251023234955191,1.7682450718495537e-05
76,3.0,0.079,311.3999999999999,0.007696254489481785,0.7988712160082082,0.237,65.42229999999999,0.21009087989723832,0.0033634768984485454,0.9284658003939676,1.8772961653359804e-05
125,3.0,0.078,314.3999999999999,0.007696254489481785,0.80656747049769,0.23399999999999999,65.65629999999999,0.2088304707379135,0.003320901241506159,0.9317867016354738,1.914371604457086e-05
97,3.099999999999966,0.076,317.4999999999999,0.007952796305797757,0.8145202668034877,0.2355999999999974,65.89189999999998,0.20753354330708662,0.0033436082585420615,0.9351303098940159,2.1244614454964772e-05
54,1.700000000000017,0.075,319.19999999999993,0.004361210877373055,0.8188814776808607,0.12750000000000128,66.01939999999998,0.20682769423558894,0.001809465420051451,0.9369397753140674,6.511404878961445e-06
115,3.0,0.075,322.19999999999993,0.007696254489481785,0.8265777321703425,0.22499999999999998,66.24439999999997,0.20560024829298568,0.0031931742706789988,0.9401329495847464,2.0277731456972952e-05
112,3.1000000000000227,0.075,325.29999999999995,0.007952796305797902,0.8345305284761404,0.2325000000000017,66.47689999999997,0.20435567168767285,0.0032996134130349897,0.9434325629977813,2.1652111033501436e-05
75,3.0,0.073,328.29999999999995,0.007696254489481785,0.8422267829656221,0.21899999999999997,66.69589999999997,0.20315534572037763,0.0031080229567942252,0.9465405859545756,2.1051868597548436e-05
134,3.0,0.071,331.29999999999995,0.007696254489481785,0.8499230374551039,0.21299999999999997,66.90889999999996,0.20195864775128272,0.003022871642909452,0.9495634575974851,2.1840507230636525e-05
94,3.0,0.071,334.29999999999995,0.007696254489481785,0.8576192919445856,0.21299999999999997,67.12189999999995,0.20078342805862986,0.003022871642909452,0.9525863292403945,2.1840507230636525e-05
95,3.1000000000000227,0.07,337.4,0.007952796305797902,0.8655720882503836,0.2170000000000016,67.33889999999995,0.19958180201541184,0.003079639185499324,0.9556659684258939,2.374766031911674e-05
116,3.1000000000000227,0.069,340.5,0.007952796305797902,0.8735248845561815,0.2139000000000016,67.55279999999995,0.19839295154185008,0.003035644339992191,0.9587016127658861,2.417838345482698e-05
96,3.0,0.069,343.5,0.007696254489481785,0.8812211390456632,0.20700000000000002,67.75979999999994,0.1972628820960697,0.0029377203290246795,0.9616393330949108,2.2643647356237212e-05
107,3.0,0.066,346.5,0.007696254489481785,0.888917393535145,0.198,67.95779999999993,0.19612640692640673,0.002809993358197519,0.9644493264531083,2.3875547843099395e-05
110,3.1000000000000227,0.066,349.6,0.007952796305797902,0.8968701898409429,0.2046000000000015,68.16239999999993,0.1949725400457664,0.002903659803470791,0.9673529862565791,2.5493779419132067e-05
100,3.0,0.066,352.6,0.007696254489481785,0.9045664443304247,0.198,68.36039999999993,0.1938752127056152,0.002809993358197519,0.9701629796147766,2.3875547843099395e-05
101,3.1000000000000227,0.064,355.70000000000005,0.007952796305797902,0.9125192406362226,0.19840000000000146,68.55879999999993,0.19274332302502087,0.0028156701124565247,0.9729786497272331,2.6390065526314084e-05
123,3.0,0.061,358.70000000000005,0.007696254489481785,0.9202154951257043,0.183,68.74179999999994,0.1916414831335376,0.0025971150734855858,0.9755757648007187,2.6001222783766065e-05
93,3.099999999999966,0.061,361.8,0.007952796305797757,0.928168291431502,0.1890999999999979,68.93089999999994,0.19052211166390254,0.0026836855759350756,0.9782594503766538,2.7763527883554043e-05
127,3.099999999999966,0.06,364.9,0.007952796305797757,0.9361210877372997,0.18599999999999794,69.11689999999993,0.1894132639079198,0.0026396907304279435,0.9808991411070818,2.8229090855025804e-05
106,3.0,0.058,367.9,0.007696254489481785,0.9438173422267815,0.17400000000000002,69.29089999999994,0.18834166893177479,0.0024693881026584263,0.9833685292097402,2.7320132225703883e-05
122,3.6000000000000227,0.058,371.5,0.0092355053873782,0.9530528476141596,0.20880000000000132,69.49969999999993,0.18707860026917883,0.00296326572319013,0.9863317949329303,3.934099040501409e-05
67,3.0,0.058,374.5,0.007696254489481785,0.9607491021036414,0.17400000000000002,69.67369999999994,0.18604459279038701,0.0024693881026584263,0.9888011830355887,2.7320132225703883e-05
103,3.099999999999966,0.055,377.59999999999997,0.007952796305797757,0.9687018984094391,0.17049999999999813,69.84419999999994,0.18496874999999988,0.0024197165028922818,0.991220899538481,3.06149721053205e-05
104,3.0,0.054,380.59999999999997,0.007696254489481785,0.9763981528989208,0.162,70.00619999999995,0.18393641618497097,0.0022990854748888793,0.9935199850133699,2.9129433372081763e-05
131,3.0,0.053,383.59999999999997,0.007696254489481785,0.9840944073884026,0.159,70.16519999999996,0.18291240875912398,0.0022565098179464925,0.9957764948313164,2.9590822091496612e-05
99,3.1000000000000227,0.048,386.7,0.007952796305797902,0.9920472036942005,0.1488000000000011,70.31399999999995,0.18183087664856465,0.0021117525843423936,0.9978882474156587,3.411779175595483e-05
133,3.1000000000000227,0.048,389.8,0.007952796305797902,0.9999999999999984,0.1488000000000011,70.46279999999994,0.18076654694715225,0.0021117525843423936,1.000000000000001,3.411779175595483e-05
