,weight,grade,cml_weight,weight_pct,cml_weight_pct,yield,cml_yield,cml_grade,recovery,cml_recovery,distributional_heterogeneity
105,2.1000000000000227,0.592,2.1000000000000227,0.005923836389280742,0.005923836389280742,1.2432000000000134,1.2432000000000134,0.592,0.014491419033042961,0.014491419033042961,7.34034723576956e-05
27,3.0,0.543,5.100000000000023,0.00846262341325811,0.014386459802538852,1.629,2.8722000000000136,0.5631764705882355,0.018988514804397304,0.033479933837440266,0.00011079438957805822
87,1.099999999999966,0.53,6.199999999999989,0.0031029619181945447,0.017489421720733398,0.582999999999982,3.4551999999999956,0.5572903225806455,0.006795766808448917,0.04027570064588919,1.3636807957486608e-05
6,3.1000000000000014,0.511,9.29999999999999,0.00874471086036672,0.02623413258110012,1.5841000000000007,5.039299999999996,0.5418602150537636,0.01846513585122516,0.05874083649711435,9.44866620029053e-05
50,3.0,0.51,12.29999999999999,0.00846262341325811,0.03469675599435823,1.53,6.569299999999997,0.534089430894309,0.01783451666711349,0.07657535316422784,8.783238316165999e-05
63,1.9000000000000057,0.503,14.199999999999996,0.005359661495063487,0.040056417489421715,0.9557000000000029,7.5249999999999995,0.5299295774647889,0.011140161816183278,0.08771551498041112,3.3414183962466004e-05
55,3.0,0.451,17.199999999999996,0.00846262341325811,0.048519040902679826,1.353,8.878,0.5161627906976746,0.015771307876212125,0.10348682285662325,5.341686857902543e-05
110,1.400000000000034,0.447,18.60000000000003,0.003949224259520549,0.05246826516220038,0.6258000000000152,9.503800000000016,0.5109569892473119,0.0072946670132548325,0.11078148986987808,1.1191987218513235e-05
60,3.0999999999999943,0.436,21.700000000000024,0.008744710860366699,0.061212976022567075,1.3515999999999975,10.855400000000014,0.5002488479262673,0.015754988710634348,0.12653647858051242,4.914399553795318e-05
47,3.0999999999999943,0.424,24.80000000000002,0.008744710860366699,0.06995768688293377,1.3143999999999976,12.169800000000011,0.49071774193548395,0.015321365168139823,0.14185784374865223,4.3252381883950784e-05
48,3.0,0.424,27.80000000000002,0.00846262341325811,0.07842031029619188,1.272,13.441800000000011,0.4835179856115109,0.014827127582070825,0.15668497133072307,4.0506913314834387e-05
28,3.0,0.409,30.80000000000002,0.00846262341325811,0.08688293370945,1.2269999999999999,14.668800000000012,0.4762597402597403,0.014302582974214544,0.17098755430493762,3.410512767360645e-05
54,3.0,0.408,33.80000000000002,0.00846262341325811,0.0953455571227081,1.224,15.892800000000012,0.4702011834319528,0.014267613333690792,0.1852551676386284,3.369790797632502e-05
1,3.1000000000000005,0.405,36.90000000000002,0.008744710860366716,0.10409026798307482,1.2555000000000003,17.148300000000013,0.46472357723577246,0.014634794559190192,0.1998899621978186,3.4693085979146025e-05
41,3.0999999999999943,0.394,40.000000000000014,0.008744710860366699,0.11283497884344151,1.2213999999999978,18.369700000000012,0.45924250000000016,0.014237306311903515,0.2141272685097221,3.0168604794242922e-05
13,3.0,0.386,43.000000000000014,0.00846262341325811,0.12129760225669962,1.158,19.527700000000014,0.45413255813953507,0.01349828124216825,0.22762554975189037,2.5357849769863974e-05
21,2.999999999999993,0.382,46.00000000000001,0.008462623413258092,0.1297602256699577,1.1459999999999972,20.67370000000001,0.4494282608695654,0.01335840268007321,0.24098395243196358,2.396865462937679e-05
3,3.0,0.379,49.00000000000001,0.00846262341325811,0.1382228490832158,1.137,21.81070000000001,0.4451163265306124,0.013253493758501987,0.25423744619046557,2.295243866493717e-05
58,3.0999999999999943,0.375,52.1,0.008744710860366699,0.14696755994358252,1.1624999999999979,22.97320000000001,0.44094433781190034,0.013550735702953853,0.2677881818934194,2.309787478756488e-05
22,3.1000000000000085,0.362,55.20000000000001,0.008744710860366739,0.15571227080394925,1.122200000000003,24.095400000000012,0.4365108695652175,0.013080976865251512,0.2808691587586709,1.8803202865119352e-05
53,3.0999999999999943,0.362,58.300000000000004,0.008744710860366699,0.16445698166431597,1.1221999999999979,25.21760000000001,0.43254888507718714,0.013080976865251451,0.29395013562392236,1.880320286511918e-05
42,3.0,0.353,61.300000000000004,0.00846262341325811,0.1729196050775741,1.059,26.276600000000013,0.4286557911908648,0.012344283104884436,0.3062944187288068,1.5067281961596566e-05
25,3.0,0.347,64.30000000000001,0.00846262341325811,0.1813822284908322,1.041,27.317600000000013,0.4248460342146191,0.012134465261741924,0.31842888399054875,1.3482422560277017e-05
71,3.0,0.347,67.30000000000001,0.00846262341325811,0.18984485190409028,1.041,28.358600000000013,0.4213759286775633,0.012134465261741924,0.3305633492522907,1.3482422560277017e-05
23,3.0,0.339,70.30000000000001,0.00846262341325811,0.19830747531734838,1.0170000000000001,29.375600000000013,0.4178605974395449,0.01185470813755191,0.3424180573898426,1.1506238776787332e-05
24,3.0999999999999943,0.336,73.4,0.008744710860366699,0.2070521861777151,1.041599999999998,30.417200000000012,0.41440326975476854,0.012141459189846653,0.35455951657968926,1.1537899213824859e-05
2,3.0,0.335,76.4,0.00846262341325811,0.2155148095909732,1.0050000000000001,31.42220000000001,0.4112853403141362,0.011714829575456902,0.36627434615514615,1.0576844921443784e-05
57,3.0,0.333,79.4,0.00846262341325811,0.22397743300423129,0.9990000000000001,32.42120000000001,0.4083274559193956,0.011644890294409398,0.37791923644955555,1.0126822502872335e-05
69,3.0,0.316,82.4,0.00846262341325811,0.23244005641748938,0.948,33.36920000000001,0.40496601941747584,0.011050406405505614,0.3889696428550612,6.6966208149654396e-06
0,1.2000000000000002,0.316,83.60000000000001,0.003385049365303245,0.23582510578279262,0.37920000000000004,33.74840000000001,0.4036889952153111,0.004420162562202246,0.3933898054172634,1.0714593303944705e-06
104,0.39999999999997726,0.31,83.99999999999999,0.0011283497884343506,0.23695345557122696,0.12399999999999295,33.872400000000006,0.4032428571428573,0.001445411808314998,0.3948352172255784,1.0052832445079609e-07
26,3.1000000000000085,0.301,87.1,0.008744710860366739,0.2456981664315937,0.9331000000000025,34.80550000000001,0.39960390355912756,0.010876723857571009,0.4057119410831494,4.5454794202479336e-06
56,3.1000000000000227,0.3,90.20000000000002,0.008744710860366779,0.25444287729196047,0.9300000000000068,35.735500000000016,0.3961807095343682,0.010840588562363182,0.4165525296455126,4.3927033417257205e-06
10,3.1000000000000014,0.3,93.30000000000001,0.00874471086036672,0.2631875881523272,0.9300000000000004,36.665500000000016,0.39298499464094333,0.010840588562363107,0.4273931182078757,4.392703341725659e-06
62,3.0999999999999943,0.299,96.4,0.008744710860366699,0.2719322990126939,0.9268999999999983,37.59240000000001,0.3899626556016599,0.010804453267155205,0.43819757147503086,4.2425387823229075e-06
4,3.099999999999998,0.299,99.5,0.00874471086036671,0.2806770098730606,0.9268999999999993,38.51930000000001,0.3871286432160805,0.010804453267155217,0.4490020247421861,4.242538782322918e-06
45,3.1000000000000227,0.292,102.60000000000002,0.008744710860366779,0.28942172073342737,0.9052000000000066,39.424500000000016,0.38425438596491235,0.010551506200700164,0.45955353094288626,3.2645094018504286e-06
49,3.0999999999999943,0.291,105.70000000000002,0.008744710860366699,0.2981664315937941,0.9020999999999982,40.32660000000001,0.38151939451277206,0.01051537090549219,0.47006890184837846,3.135236995403803e-06
11,3.0,0.29,108.70000000000002,0.00846262341325811,0.3066290550070522,0.8699999999999999,41.19660000000001,0.37899356025758973,0.010141195751888063,0.4802100976002665,2.8176050960136247e-06
77,3.0,0.288,111.70000000000002,0.00846262341325811,0.3150916784203103,0.8639999999999999,42.06060000000001,0.3765496866606983,0.010071256470840558,0.49028135407110707,2.5877003139470544e-06
100,1.6999999999999886,0.282,113.4,0.004795486600846231,0.3198871650211565,0.4793999999999968,42.540000000000006,0.37513227513227515,0.005588148555695523,0.49586950262680257,6.283129746655004e-07
29,3.0999999999999943,0.281,116.5,0.008744710860366699,0.3286318758815232,0.8710999999999985,43.411100000000005,0.37262746781115885,0.010154017953413422,0.506023520580216,1.9861464825118033e-06
111,3.0,0.279,119.5,0.00846262341325811,0.3370944992947813,0.8370000000000001,44.24810000000001,0.3702769874476988,0.009756529706126792,0.5157800502863429,1.6741934947251747e-06
36,3.0,0.275,122.5,0.00846262341325811,0.3455571227080394,0.8250000000000001,45.07310000000001,0.36794367346938783,0.009616651144031785,0.5253967014303746,1.331780003394635e-06
59,3.0,0.275,125.5,0.00846262341325811,0.3540197461212975,0.8250000000000001,45.898100000000014,0.3657219123505977,0.009616651144031785,0.5350133525744064,1.331780003394635e-06
18,3.1000000000000014,0.273,128.6,0.00874471086036672,0.3627644569816642,0.8463000000000005,46.74440000000001,0.3634867807153967,0.009864935591750428,0.5448782881661568,1.2549034488037037e-06
76,3.1000000000000227,0.271,131.70000000000002,0.008744710860366779,0.371509167842031,0.8401000000000062,47.58450000000002,0.3613097949886106,0.00979266500133474,0.5546709531674915,1.0982078815719004e-06
12,3.1000000000000014,0.266,134.8,0.00874471086036672,0.3802538787023977,0.8246000000000004,48.409100000000024,0.3591179525222553,0.00961198852529529,0.5642829416927868,7.521705480839529e-07
61,3.0,0.263,137.8,0.00846262341325811,0.3887165021156558,0.789,49.198100000000025,0.35702539912917286,0.009197015457746762,0.5734799571505336,5.393316750082195e-07
16,3.1000000000000014,0.261,140.9,0.00874471086036672,0.3974612129760225,0.8091000000000004,50.007200000000026,0.35491270404542247,0.009431312049255904,0.5829112691997895,4.714211925840419e-07
9,1.0,0.26,141.9,0.002820874471086037,0.4002820874471085,0.26,50.267200000000024,0.3542438336856943,0.0030307021787251685,0.5859419713785147,4.402766689309281e-08
66,3.1000000000000227,0.257,145.00000000000003,0.008744710860366779,0.4090267983074753,0.7967000000000058,51.06390000000003,0.35216482758620704,0.009286770868424459,0.5952287422469391,2.9382905233549237e-07
8,0.8000000000000007,0.251,145.80000000000004,0.002256699576868832,0.41128349788434415,0.20080000000000017,51.26470000000003,0.35160973936899875,0.002340634605723132,0.5975693768526622,7.045089068772252e-09
113,3.099999999999966,0.251,148.9,0.00874471086036662,0.42002820874471075,0.7780999999999915,52.04280000000003,0.3495151108126261,0.00906995909717703,0.6066393359498392,1.0578641554828083e-07
67,3.0,0.249,151.9,0.00846262341325811,0.42849083215796885,0.747,52.78980000000003,0.3475299539170509,0.008707440490414234,0.6153467764402535,5.993540126726686e-08
108,3.0,0.247,154.9,0.00846262341325811,0.43695345557122695,0.741,53.53080000000003,0.3455829567462881,0.00863750120936673,0.6239842776496202,3.0582243571807574e-08
51,3.0999999999999943,0.246,158.0,0.008744710860366699,0.44569816643159366,0.7625999999999986,54.29340000000003,0.3436291139240508,0.008889282621137728,0.6328735602707579,2.0900994012435513e-08
82,3.0,0.245,161.0,0.00846262341325811,0.45416078984485175,0.735,55.028400000000026,0.34179130434782623,0.008567561928319227,0.6414411221990771,1.1012091943231783e-08
15,3.0,0.244,164.0,0.00846262341325811,0.46262341325810985,0.732,55.760400000000025,0.3400024390243904,0.008532592287795474,0.6499737144868726,4.8956434040251975e-09
65,3.6999999999999886,0.243,167.7,0.010437235543018305,0.47306064880112814,0.8990999999999972,56.65950000000002,0.3378622540250449,0.010480401264968424,0.660454115751841,1.8632795514750476e-09
79,3.0,0.237,170.7,0.00846262341325811,0.48152327221438623,0.711,57.37050000000002,0.3360896309314588,0.00828780480412921,0.6687419205559701,3.056154609776352e-08
17,3.0,0.235,173.7,0.00846262341325811,0.48998589562764433,0.705,58.07550000000002,0.334343696027634,0.008217865523081706,0.6769597860790518,5.990642480360518e-08
70,3.0999999999999943,0.233,176.79999999999998,0.008744710860366699,0.49873060648801104,0.7222999999999987,58.79780000000002,0.3325667420814481,0.008419523783435329,0.6853793098624872,1.0574663500316943e-07
39,3.0999999999999943,0.233,179.89999999999998,0.008744710860366699,0.5074753173483777,0.7222999999999987,59.52010000000001,0.3308510283490829,0.008419523783435329,0.6937988336459225,1.0574663500316943e-07
52,3.0,0.233,182.89999999999998,0.00846262341325811,0.5159379407616358,0.6990000000000001,60.21910000000001,0.3292460360852926,0.008147926242034203,0.7019467598879567,9.903430957632971e-08
68,3.0999999999999943,0.228,185.99999999999997,0.008744710860366699,0.5246826516220024,0.7067999999999988,60.92590000000001,0.3275586021505378,0.008238847307395943,0.7101856071953527,2.5589793422419674e-07
40,3.0,0.226,188.99999999999997,0.00846262341325811,0.5331452750352605,0.678,61.60390000000001,0.32594656084656093,0.00790313875836794,0.7180887459537206,3.1302307905757477e-07
33,3.1000000000000085,0.224,192.09999999999997,0.008744710860366739,0.5418899858956273,0.6944000000000019,62.29830000000001,0.3243014055179595,0.008094306126564471,0.7261830520802851,4.2302631775239753e-07
43,3.0999999999999943,0.224,195.19999999999996,0.008744710860366699,0.550634696755994,0.6943999999999988,62.99270000000001,0.32270850409836077,0.008094306126564435,0.7342773582068496,4.230263177523936e-07
35,3.0999999999999943,0.223,198.29999999999995,0.008744710860366699,0.5593794076163606,0.6912999999999987,63.68400000000001,0.32114977307110454,0.008058170831356558,0.7423355290382061,4.7133721143324494e-07
31,3.0999999999999943,0.222,201.39999999999995,0.008744710860366699,0.5681241184767273,0.6881999999999987,64.3722,0.31962363455809345,0.008022035536148681,0.7503575645743548,5.22259624233617e-07
7,1.1999999999999993,0.222,202.59999999999994,0.0033850493653032427,0.5715091678420305,0.26639999999999986,64.63860000000001,0.3190454096742351,0.003105304078509171,0.7534628686528639,7.825742548349745e-08
44,3.0,0.222,205.59999999999994,0.00846262341325811,0.5799717912552886,0.666,65.30460000000001,0.3176293774319067,0.007763260196272932,0.7612261288491369,4.891089092718596e-07
118,1.400000000000034,0.218,206.99999999999997,0.003949224259520549,0.5839210155148092,0.3052000000000074,65.60980000000002,0.3169555555555557,0.003557578095949784,0.7647837069450867,1.5338671743969745e-07
114,3.0,0.212,209.99999999999997,0.00846262341325811,0.5923836389280673,0.636,66.24580000000002,0.3154561904761906,0.007413563791035412,0.7721972707361221,1.100526090978033e-06
30,3.0,0.211,212.99999999999997,0.00846262341325811,0.6008462623413254,0.633,66.87880000000001,0.3139849765258217,0.00737859415051166,0.7795758648866338,1.1751194424906152e-06
5,3.0,0.21,215.99999999999997,0.00846262341325811,0.6093088857545835,0.63,67.50880000000001,0.31254074074074084,0.007343624509987908,0.7869194893966217,1.252158545519918e-06
106,3.099999999999966,0.209,219.09999999999994,0.00874471086036662,0.6180535966149502,0.6478999999999928,68.1567,0.3110757644911,0.007552276698446211,0.7944717660950679,1.4218992305148246e-06
99,0.5,0.206,219.59999999999994,0.0014104372355430185,0.6194640338504932,0.103,68.2597,0.31083652094717673,0.0012006243246488167,0.7956723904197167,4.40214575778983e-08
102,3.0,0.202,222.59999999999994,0.00846262341325811,0.6279266572637513,0.6060000000000001,68.86569999999999,0.3093697214734951,0.007063867385797893,0.8027362578055146,1.956518424356291e-06
78,3.0999999999999943,0.201,225.69999999999993,0.008744710860366699,0.636671368124118,0.6230999999999989,69.48879999999998,0.30788125830748786,0.007263194336783265,0.8099994521422978,2.1948912096507412e-06
92,3.1000000000000227,0.198,228.79999999999995,0.008744710860366779,0.6454160789844847,0.6138000000000046,70.10259999999998,0.3063924825174825,0.0071547884511597,0.8171542405934575,2.5278532672988417e-06
14,3.0999999999999943,0.198,231.89999999999995,0.008744710860366699,0.6541607898448514,0.6137999999999989,70.71639999999998,0.30494351013367826,0.007154788451159634,0.8243090290446172,2.5278532672987946e-06
37,3.1000000000000085,0.197,234.99999999999994,0.008744710860366739,0.6629055007052181,0.6107000000000017,71.32709999999999,0.30351957446808514,0.0071186531559517905,0.8314276822005691,2.644063658087212e-06
107,3.1000000000000227,0.185,238.09999999999997,0.008744710860366779,0.6716502115655849,0.5735000000000042,71.9006,0.3019764804703906,0.006685029613457296,0.8381127118140264,4.242286838870606e-06
19,3.0,0.181,241.09999999999997,0.00846262341325811,0.680112834978843,0.5429999999999999,72.4436,0.3004711737868105,0.006329504934799101,0.8444422167488255,4.55019444314328e-06
80,3.0,0.179,244.09999999999997,0.00846262341325811,0.6885754583921011,0.5369999999999999,72.98060000000001,0.2989782875870546,0.006259565653751597,0.8507017824025771,4.853463491721859e-06
112,3.0,0.175,247.09999999999997,0.00846262341325811,0.6970380818053592,0.5249999999999999,73.50560000000002,0.29747308781869697,0.006119687091656589,0.8568214694942337,5.489350607079669e-06
120,3.0,0.172,250.09999999999997,0.00846262341325811,0.7055007052186173,0.516,74.02160000000002,0.29596801279488216,0.006014778170085334,0.862836247664319,5.991946334523595e-06
81,3.0999999999999943,0.165,253.19999999999996,0.008744710860366699,0.714245416078984,0.5114999999999991,74.53310000000002,0.294364533965245,0.005962323709299696,0.8687985713736187,7.741678258422753e-06
20,3.1000000000000014,0.161,256.29999999999995,0.00874471086036672,0.7229901269393507,0.49910000000000027,75.03220000000002,0.29275146312914563,0.005817782528468201,0.8746163539020869,8.56690946007024e-06
98,0.8000000000000114,0.158,257.09999999999997,0.0022566995768688617,0.7252468265162196,0.1264000000000018,75.15860000000002,0.29233216647218996,0.0014733875207341028,0.876089741422821,6.135777772860638e-07
115,3.1000000000000227,0.157,260.2,0.008744710860366779,0.7339915373765864,0.4867000000000036,75.64530000000002,0.2907198308993083,0.005673241347636732,0.8817629827704577,9.433924967630153e-06
34,3.0,0.156,263.2,0.00846262341325811,0.7424541607898445,0.46799999999999997,76.11330000000002,0.2891842705167174,0.0054552639217053025,0.887218246692163,9.044211111432763e-06
119,3.099999999999966,0.153,266.29999999999995,0.00874471086036662,0.7511988716502112,0.4742999999999948,76.58760000000002,0.28759894855426227,0.005528700166805121,0.892746946858968,1.0342724781101902e-05
72,3.0999999999999943,0.152,269.4,0.008744710860366699,0.7599435825105778,0.4711999999999991,77.05880000000002,0.286038604305865,0.005492564871597295,0.8982395117305654,1.0576453532268922e-05
38,3.0,0.151,272.4,0.00846262341325811,0.7684062059238359,0.45299999999999996,77.51180000000002,0.2845513950073422,0.005280415719086543,0.9035199274496519,1.0126445808844726e-05
126,2.6999999999999886,0.149,275.09999999999997,0.007616361071932268,0.7760225669957682,0.40229999999999827,77.91410000000002,0.28322101054162135,0.004689428794235115,0.908209356243887,8.566932558225441e-06
103,0.5,0.149,275.59999999999997,0.0014104372355430185,0.7774330042313112,0.0745,77.98860000000002,0.28297750362844715,0.0008684127396731732,0.9090777689835602,2.9379055412296e-07
32,3.0,0.148,278.59999999999997,0.00846262341325811,0.7858956276445693,0.44399999999999995,78.43260000000002,0.2815240488155062,0.005175506797515287,0.9142532757810755,1.0805135645492555e-05
95,2.3000000000000114,0.147,280.9,0.006488011283497917,0.7923836389280673,0.3381000000000017,78.77070000000002,0.28042257030971884,0.003941078487026864,0.9181943542681024,6.486866669739864e-06
124,3.0,0.143,283.9,0.00846262341325811,0.8008462623413254,0.42899999999999994,79.19970000000002,0.2789704121169427,0.005000658594896527,0.9231950128629989,1.1985200403573352e-05
97,3.3000000000000114,0.141,287.2,0.009308885754583954,0.8101551480959094,0.46530000000000155,79.66500000000002,0.2773850974930363,0.005423791245233944,0.9286188041082328,1.5093959346581594e-05
125,2.8999999999999773,0.14,290.09999999999997,0.008180535966149444,0.8183356840620588,0.40599999999999686,80.07100000000001,0.27601172009651853,0.004732558017547727,0.9333513621257805,1.1888551934043706e-05
96,0.5999999999999659,0.135,290.69999999999993,0.001692524682651526,0.8200282087447104,0.0809999999999954,80.152,0.27572067423460617,0.0009441802941412488,0.9342955424199217,5.600193238148205e-07
64,3.5,0.131,294.19999999999993,0.00987306064880113,0.8299012693935115,0.4585,80.6105,0.2739989802855201,0.0053445267267134226,0.9396400691466351,2.0507619483499073e-05
109,1.6999999999999886,0.126,295.8999999999999,0.004795486600846231,0.8346967559943578,0.21419999999999856,80.8247,0.27314869888475846,0.0024968323333958717,0.942136901480031,5.283811441267746e-06
123,3.1000000000000227,0.126,298.99999999999994,0.008744710860366779,0.8434414668547245,0.3906000000000029,81.21530000000001,0.271623076923077,0.004553047196192536,0.9466899486762236,1.7570044273558638e-05
101,3.1000000000000227,0.125,302.09999999999997,0.008744710860366779,0.8521861777150913,0.38750000000000284,81.60280000000002,0.2701185038066866,0.0045169119009846595,0.9512068605772083,1.7874284040952537e-05
89,3.0,0.125,305.09999999999997,0.00846262341325811,0.8606488011283494,0.375,81.97780000000002,0.2686915765322846,0.004371205065468993,0.9555780656426772,1.673970409662544e-05
73,3.0,0.118,308.09999999999997,0.00846262341325811,0.8691114245416075,0.354,82.33180000000002,0.26722427783187286,0.004126417581802729,0.95970448322448,1.8802681012747663e-05
88,3.1000000000000227,0.118,311.2,0.008744710860366779,0.8778561354019743,0.3658000000000027,82.69760000000002,0.26573778920308494,0.004263964834529518,0.9639684480590095,2.007708494805641e-05
117,0.8999999999999773,0.117,312.09999999999997,0.0025387870239773694,0.8803949224259516,0.10529999999999734,82.80290000000002,0.2653088753604615,0.0012274343823836622,0.9651958824413932,1.7196457506147932e-06
94,3.0,0.116,315.09999999999997,0.00846262341325811,0.8888575458392097,0.34800000000000003,83.15090000000002,0.2638873373532213,0.004056478300755226,0.9692523607421484,1.941411475243307e-05
90,3.099999999999966,0.108,318.19999999999993,0.00874471086036662,0.8976022566995764,0.3347999999999963,83.48570000000002,0.26236863607793853,0.003902611882450674,0.973154972624599,2.3445922511934637e-05
93,3.0,0.101,321.19999999999993,0.00846262341325811,0.9060648801128345,0.30300000000000005,83.78870000000002,0.2608614570361147,0.0035319336928989467,0.976686906317498,2.4311701118455537e-05
116,0.6999999999999886,0.095,321.8999999999999,0.001974612129760194,0.9080394922425947,0.06649999999999892,83.85520000000002,0.2605007766387078,0.0007751603649431554,0.9774620666824412,1.4386845361227077e-06
122,3.0,0.09,324.8999999999999,0.00846262341325811,0.9165021156558528,0.27,84.12520000000002,0.25892643890427836,0.003147267647137675,0.9806093343295789,2.825300692042977e-05
86,1.900000000000034,0.089,326.79999999999995,0.0053596614950635665,0.9218617771509164,0.16910000000000303,84.29430000000002,0.25793849449204415,0.00197112207085552,0.9825804564004343,1.1482199429412201e-05
85,3.099999999999966,0.085,329.8999999999999,0.00874471086036662,0.9306064880112831,0.2634999999999971,84.55780000000001,0.2563134283116097,0.0030715000926695123,0.9856519564931039,3.2185320414714385e-05
83,3.0999999999999943,0.08,332.9999999999999,0.008744710860366699,0.9393511988716498,0.24799999999999955,84.80580000000002,0.2546720720720722,0.0028908236166301556,0.9885427801097341,3.426799586238141e-05
84,3.0000000000000284,0.079,335.9999999999999,0.008462623413258192,0.947813822284908,0.23700000000000224,85.04280000000003,0.2531035714285716,0.0027626016013764295,0.9913053817111105,3.2490248655927834e-05
121,3.1000000000000227,0.077,339.0999999999999,0.008744710860366779,0.9565585331452747,0.23870000000000174,85.28150000000004,0.251493659687408,0.00278241773100655,0.994087799442117,3.5548939360416186e-05
75,3.0,0.04,342.0999999999999,0.00846262341325811,0.9650211565585328,0.12,85.40150000000004,0.2496389944460686,0.0013987856209500776,0.9954865850630671,4.9897804356039226e-05
46,3.0,0.039,345.0999999999999,0.00846262341325811,0.9734837799717909,0.11699999999999999,85.51850000000005,0.2478078817733992,0.0013638159804263256,0.9968504010434934,5.0393066968427796e-05
74,3.0999999999999943,0.038,348.19999999999993,0.008744710860366699,0.9822284908321576,0.11779999999999978,85.63630000000005,0.24593997702469864,0.0013731412178993238,0.9982235422613928,5.434003899374658e-05
127,3.3000000000000114,0.028,351.49999999999994,0.009308885754583954,0.9915373765867416,0.09240000000000032,85.72870000000005,0.24389388335704143,0.0010770649281315635,0.9993006071895243,6.776287411881533e-05
91,3.0,0.02,354.49999999999994,0.00846262341325811,0.9999999999999997,0.06,85.78870000000005,0.24199915373765885,0.0006993928104750388,0.9999999999999993,6.026774939198763e-05
