,weight,grade,cml_weight,weight_pct,cml_weight_pct,yield,cml_yield,cml_grade,recovery,cml_recovery,distributional_heterogeneity
8,3.1000000000000014,0.584,3.1000000000000014,0.00872993522951282,0.00872993522951282,1.8104000000000007,1.8104000000000007,0.584,0.02876874719924233,0.02876874719924233,0.0004015539851581748
9,3.0,0.517,6.100000000000001,0.008448324415657564,0.017178259645170384,1.5510000000000002,3.3614000000000006,0.5510491803278689,0.024646667535365027,0.053415414734607355,0.00026238631982377405
7,3.0,0.484,9.100000000000001,0.008448324415657564,0.025626584060827948,1.452,4.813400000000001,0.528945054945055,0.023073475990554492,0.07648889072516185,0.00021389505858871005
4,3.1000000000000014,0.475,12.200000000000003,0.00872993522951282,0.03435651929034077,1.4725000000000006,6.285900000000002,0.5152377049180328,0.023399237876096077,0.09988812860125793,0.0002151884401370545
12,3.1000000000000014,0.467,15.300000000000004,0.00872993522951282,0.04308645451985359,1.4477000000000007,7.733600000000003,0.5054640522875817,0.023005145448709196,0.12289327404996712,0.00020378162680224877
31,3.0,0.465,18.300000000000004,0.008448324415657564,0.05153477893551115,1.395,9.128600000000002,0.4988306010928962,0.022167699040512065,0.1450609730904792,0.00018822124009710162
30,3.0,0.444,21.300000000000004,0.008448324415657564,0.059983103351168715,1.332,10.460600000000003,0.4911079812206573,0.021166577148359907,0.1662275502388391,0.00016175395257289062
10,3.0999999999999943,0.443,24.4,0.008729935229512799,0.06871303858068151,1.3732999999999975,11.8339,0.4849959016393443,0.021822868166548503,0.18805041840538758,0.0001714248928937144
22,3.0,0.443,27.4,0.008448324415657564,0.07716136299633908,1.329,13.1629,0.48039781021897815,0.02111890467730504,0.20916932308269262,0.00016054360416685071
36,3.0,0.443,30.4,0.008448324415657564,0.08560968741199665,1.329,14.491900000000001,0.4767072368421053,0.02111890467730504,0.23028822775999766,0.00016054360416685071
23,2.0999999999999943,0.417,32.49999999999999,0.005913827090960278,0.09152351450295693,0.8756999999999976,15.3676,0.47284923076923085,0.013915594300914954,0.24420382206091262,6.402827848230582e-05
17,1.2000000000000028,0.416,33.699999999999996,0.0033793297662630334,0.09490284426921997,0.49920000000000114,15.866800000000001,0.47082492581602386,0.007932699183529497,0.25213652124444214,2.0733173050097533e-05
18,1.4000000000000057,0.416,35.1,0.0039425513939735455,0.09884539566319352,0.5824000000000024,16.449200000000005,0.46863817663817675,0.009254815714117761,0.2613913369585599,2.8220152207077292e-05
20,3.1000000000000085,0.41,38.20000000000001,0.008729935229512839,0.10757533089270635,1.2710000000000035,17.72020000000001,0.4638795811518326,0.020197236903577713,0.2815885738621376,0.00013149900768401104
11,3.0,0.409,41.20000000000001,0.008448324415657564,0.11602365530836392,1.2269999999999999,18.94720000000001,0.4598834951456312,0.01949804066143964,0.3010866145235772,0.00012209622911230037
5,3.0,0.4,44.20000000000001,0.008448324415657564,0.12447197972402149,1.2000000000000002,20.14720000000001,0.455819004524887,0.019068988421945862,0.3201556029455231,0.00011279850393446782
6,3.1000000000000014,0.398,47.30000000000001,0.00872993522951282,0.1332019149535343,1.2338000000000007,21.38100000000001,0.4520295983086682,0.019606098262497346,0.3397617012080204,0.00011829092232005917
3,3.0,0.375,50.30000000000001,0.008448324415657564,0.14165023936919188,1.125,22.50600000000001,0.44743538767395635,0.017877176645574245,0.35763887785359466,8.890325437360478e-05
24,4.0,0.371,54.30000000000001,0.011264432554210085,0.15291467192340197,1.484,23.99000000000001,0.44180478821362806,0.023581982348473047,0.3812208602020677,0.00015172203293414756
0,7.600000000000001,0.348,61.90000000000001,0.021402421852999166,0.17431709377640114,2.6448000000000005,26.63480000000001,0.43028756058158324,0.042028050481968685,0.42324891068403636,0.000425416556340167
29,3.0999999999999943,0.343,65.0,0.008729935229512799,0.18304702900591394,1.0632999999999981,27.698100000000007,0.4261246153846155,0.016896712824212498,0.4401456235082489,6.6696256281289e-05
2,3.099999999999998,0.334,68.1,0.00872993522951281,0.19177696423542676,1.0353999999999994,28.733500000000006,0.42193098384728356,0.016453358843402276,0.45659898235165114,5.965127231958545e-05
68,3.0,0.327,71.1,0.008448324415657564,0.20022528865108433,0.9810000000000001,29.714500000000008,0.4179254571026724,0.015588898034940743,0.4721878803865919,5.098779161240287e-05
28,3.0,0.31,74.1,0.008448324415657564,0.2086736130667419,0.9299999999999999,30.644500000000008,0.4135560053981108,0.01477846602700804,0.4869663464135999,4.0070692819750836e-05
27,1.1000000000000085,0.305,75.2,0.0030977189524077973,0.2117713320191497,0.3355000000000026,30.98000000000001,0.4119680851063831,0.005331371346302405,0.49229771775990233,4.989203016751113e-06
25,0.7000000000000028,0.303,75.9,0.0019712756969867727,0.21374260771613646,0.21210000000000084,31.19210000000001,0.4109631093544138,0.003370443703578944,0.49566816146348125,1.9576711106711113e-06
19,0.3999999999999915,0.288,76.3,0.0011264432554209845,0.21486905097155745,0.11519999999999754,31.30730000000001,0.41031847968545226,0.0018306228885067635,0.497498784351988,4.958689556528225e-07
13,3.0,0.288,79.3,0.008448324415657564,0.22331737538721502,0.8639999999999999,32.17130000000001,0.4056910466582599,0.013729671663801018,0.511228456015789,2.7892628755472454e-05
55,2.9000000000000057,0.286,82.2,0.008166713601802328,0.23148408898901734,0.8294000000000016,33.00070000000001,0.4014683698296838,0.013179849164301606,0.5244083051800906,2.5131528167994953e-05
35,3.0999999999999943,0.285,85.3,0.008729935229512799,0.24021402421853014,0.8834999999999983,33.88420000000001,0.3972356389214538,0.014039542725657612,0.5384478479057483,2.81919317631172e-05
21,3.0,0.272,88.3,0.008448324415657564,0.2486623486341877,0.8160000000000001,34.70020000000001,0.39298074745186873,0.012966912126923186,0.5514147600326714,2.0417634904400702e-05
38,3.0,0.262,91.3,0.008448324415657564,0.25711067304984525,0.786,35.48620000000001,0.3886768893756847,0.012490187416374539,0.563904947449046,1.633665651656484e-05
14,3.1000000000000014,0.261,94.4,0.00872993522951282,0.26584060827935807,0.8091000000000004,36.29530000000001,0.38448411016949163,0.012857265443497003,0.5767622128925429,1.7034854695266726e-05
40,3.0,0.248,97.4,0.008448324415657564,0.27428893269501564,0.744,37.03930000000001,0.38028028747433273,0.011822772821606433,0.5885849857141494,1.1386902044410872e-05
15,3.0,0.231,100.4,0.008448324415657564,0.2827372571106732,0.6930000000000001,37.73230000000001,0.3758197211155379,0.011012340813673735,0.5995973265278232,6.574180089295825e-06
1,3.0,0.227,103.4,0.008448324415657564,0.2911855815263308,0.681,38.41330000000001,0.3715019342359768,0.010821650929454276,0.6104189774572775,5.632678741090461e-06
67,3.1000000000000227,0.218,106.50000000000003,0.00872993522951288,0.29991551675584366,0.675800000000005,39.08910000000001,0.3670338028169014,0.010739018646292588,0.62115799610357,4.036416175579235e-06
16,3.0999999999999943,0.218,109.60000000000002,0.008729935229512799,0.3086454519853565,0.6757999999999987,39.764900000000004,0.36281843065693425,0.010739018646292491,0.6318970147498625,4.03641617557916e-06
69,3.0999999999999943,0.209,112.70000000000002,0.008729935229512799,0.3173753872148693,0.6478999999999988,40.412800000000004,0.35858740017746227,0.01029566466548225,0.6421926794153447,2.4515086666612147e-06
39,3.0999999999999943,0.197,115.80000000000001,0.008729935229512799,0.3261053224443821,0.6106999999999989,41.023500000000006,0.3542616580310881,0.00970452602440193,0.6518972054397467,9.498272174826287e-07
32,3.0999999999999943,0.193,118.9,0.008729935229512799,0.33483525767389494,0.5982999999999989,41.62180000000001,0.3500571909167368,0.009507479810708491,0.6614046852504553,6.045755757467822e-07
33,3.1000000000000085,0.174,122.00000000000001,0.008729935229512839,0.34356519290340776,0.5394000000000014,42.16120000000001,0.3455836065573771,0.008571510295664686,0.66997619554612,2.509845966479122e-08
37,3.1000000000000085,0.16,125.10000000000002,0.008729935229512839,0.3522951281329206,0.4960000000000014,42.65720000000001,0.3409848121502798,0.007881848547737644,0.6778580440938576,7.192510198044605e-07
59,3.0999999999999943,0.16,128.20000000000002,0.008729935229512799,0.3610250633624334,0.4959999999999991,43.15320000000001,0.3366084243369735,0.007881848547737609,0.6857398926415953,7.192510198044538e-07
58,3.0,0.159,131.20000000000002,0.008448324415657564,0.36947338777809097,0.477,43.63020000000001,0.33254725609756103,0.007579922897723479,0.6933198155393188,7.541211963502198e-07
60,3.0,0.155,134.20000000000002,0.008448324415657564,0.37792171219374854,0.46499999999999997,44.09520000000001,0.3285782414307005,0.00738923301350402,0.7007090485528228,1.1216745981155554e-06
54,3.0999999999999943,0.153,137.3,0.008729935229512799,0.38665164742326136,0.4742999999999991,44.56950000000001,0.32461398397669344,0.007537017673774087,0.7082460662265969,1.4230522947896218e-06
97,3.099999999999966,0.152,140.39999999999998,0.008729935229512719,0.39538158265277407,0.4711999999999948,45.04070000000001,0.32080270655270665,0.007487756120350658,0.7157338223469476,1.5430089392386494e-06
46,3.0,0.15,143.39999999999998,0.008448324415657564,0.40382990706843164,0.44999999999999996,45.49070000000001,0.3172294281729429,0.0071508706582296975,0.7228846930051773,1.683386252663686e-06
34,3.0,0.149,146.39999999999998,0.008448324415657564,0.4122782314840892,0.44699999999999995,45.937700000000014,0.31378210382513677,0.007103198187174833,0.7299878911923522,1.8093645705521738e-06
53,3.0,0.14,149.39999999999998,0.008448324415657564,0.4207265558997468,0.42000000000000004,46.357700000000015,0.31029250334672037,0.006674145947681052,0.7366620371400332,3.1477092362314797e-06
65,3.0999999999999943,0.124,152.49999999999997,0.008729935229512799,0.4294564911292596,0.3843999999999993,46.742100000000015,0.306505573770492,0.006108432624496646,0.7427704697645299,6.872275908106475e-06
77,3.0,0.123,155.49999999999997,0.008448324415657564,0.43790481554491717,0.369,47.111100000000015,0.30296527331189727,0.0058637139397483525,0.7486341837042783,6.680211312179637e-06
47,3.0999999999999943,0.123,158.59999999999997,0.008729935229512799,0.44663475077443,0.3812999999999993,47.49240000000001,0.2994476670870115,0.0060591710710732865,0.7546933547753515,7.1329811900051185e-06
93,3.1000000000000227,0.122,161.7,0.00872993522951288,0.45536468600394286,0.37820000000000276,47.87060000000001,0.29604576376004954,0.006009909517649981,0.7607032642930015,7.3985398731952645e-06
52,3.0999999999999943,0.121,164.79999999999998,0.008729935229512799,0.4640946212334557,0.3750999999999993,48.24570000000001,0.2927530339805826,0.005960647964226566,0.7666639122572281,7.668951957676502e-06
95,3.1000000000000227,0.117,167.9,0.00872993522951288,0.47282455646296856,0.3627000000000027,48.60840000000001,0.2895080405002978,0.005763601750533179,0.7724275140077612,8.799134308515811e-06
70,3.0,0.117,170.9,0.008448324415657564,0.48127288087862613,0.35100000000000003,48.95940000000001,0.2864798127559977,0.005577679113419165,0.7780051931211804,8.240604451263387e-06
84,3.0,0.114,173.9,0.008448324415657564,0.4897212052942837,0.342,49.30140000000001,0.2835043128234618,0.005434661700254571,0.783439854821435,9.082162962210138e-06
63,3.0999999999999943,0.111,177.0,0.008729935229512799,0.4984511405237965,0.34409999999999935,49.645500000000006,0.28048305084745767,0.005468032429992965,0.7889078872514279,1.0640009873515325e-05
73,3.0999999999999943,0.11,180.1,0.008729935229512799,0.5071810757533093,0.34099999999999936,49.98650000000001,0.27754858411993344,0.005418770876569605,0.7943266581279975,1.0963809372201716e-05
71,3.0999999999999943,0.11,183.2,0.008729935229512799,0.5159110109828221,0.34099999999999936,50.32750000000001,0.2747134279475983,0.005418770876569605,0.7997454290045671,1.0963809372201716e-05
96,3.0,0.11,186.2,0.008448324415657564,0.5243593353984797,0.33,50.657500000000006,0.27205961331901185,0.005243971816035112,0.8049894008206022,1.026787558270716e-05
94,3.0,0.108,189.2,0.008448324415657564,0.5328076598141372,0.324,50.981500000000004,0.269458245243129,0.0051486268739253825,0.8101380276945276,1.0888003866913396e-05
64,3.0,0.108,192.2,0.008448324415657564,0.5412559842297948,0.324,51.3055,0.26693808532778357,0.0051486268739253825,0.815286654568453,1.0888003866913396e-05
72,3.0,0.107,195.2,0.008448324415657564,0.5497043086454524,0.321,51.6265,0.2644800204918033,0.005100954402870518,0.8203876089713235,1.1204886002505944e-05
66,3.0,0.107,198.2,0.008448324415657564,0.55815263306111,0.321,51.9475,0.26209636730575175,0.005100954402870518,0.825488563374194,1.1204886002505944e-05
83,3.0999999999999943,0.103,201.29999999999998,0.008729935229512799,0.5668825682906228,0.3192999999999994,52.266799999999996,0.2596462990561351,0.005073940002606085,0.8305625033768,1.3366301099164675e-05
49,3.0,0.103,204.29999999999998,0.008448324415657564,0.5753308927062804,0.309,52.575799999999994,0.25734605971610375,0.004910264518651059,0.8354727678954511,1.2517867834805675e-05
62,3.0999999999999943,0.1,207.39999999999998,0.008729935229512799,0.5840608279357932,0.30999999999999944,52.885799999999996,0.25499421407907424,0.004926155342336005,0.8403989232377871,1.44687414300907e-05
61,3.0,0.1,210.39999999999998,0.008448324415657564,0.5925091523514507,0.30000000000000004,53.18579999999999,0.2527842205323194,0.0047672471054864655,0.8451661703432736,1.3550330163456481e-05
43,3.0999999999999943,0.097,213.49999999999997,0.008729935229512799,0.6012390875809636,0.30069999999999947,53.48649999999999,0.25052224824355973,0.004778370682065925,0.8499445410253395,1.5614862372639017e-05
79,2.0999999999999943,0.094,215.59999999999997,0.005913827090960278,0.6071529146719239,0.19739999999999946,53.683899999999994,0.24899768089053806,0.0031368485954100856,0.8530813896207495,7.71160956474821e-06
82,3.0,0.093,218.59999999999997,0.008448324415657564,0.6156012390875815,0.279,53.9629,0.2468568161024703,0.004433539808102413,0.857514929428852,1.611849544506176e-05
81,3.0999999999999943,0.09,221.69999999999996,0.008729935229512799,0.6243311743170943,0.27899999999999947,54.241899999999994,0.24466350924672983,0.004433539808102404,0.8619484692369543,1.84590136171162e-05
102,3.099999999999966,0.09,224.79999999999993,0.008729935229512719,0.633061109546607,0.2789999999999969,54.52089999999999,0.24253069395017798,0.004433539808102364,0.8663820090450567,1.8459013617115865e-05
103,3.0,0.089,227.79999999999993,0.008448324415657564,0.6415094339622646,0.267,54.78789999999999,0.24050877963125553,0.0042428499238829544,0.8706248589689396,1.7686015700966907e-05
56,2.3000000000000114,0.089,230.09999999999994,0.00647704871867083,0.6479864826809354,0.204700000000001,54.992599999999996,0.23899435028248592,0.0032528516083102804,0.8738777105772498,1.0395447006457317e-05
44,3.0,0.086,233.09999999999994,0.008448324415657564,0.656434807096593,0.258,55.2506,0.23702531102531108,0.00409983251071836,0.8779775430879682,1.8909381847321782e-05
85,3.1000000000000227,0.084,236.19999999999996,0.00872993522951288,0.6651647423261059,0.2604000000000019,55.511,0.23501693480101615,0.004137970487562282,0.8821155135755304,2.108614019131741e-05
104,3.1000000000000227,0.083,239.29999999999998,0.00872993522951288,0.6738946775556188,0.2573000000000019,55.7683,0.23304763894692856,0.004088708934138922,0.8862042225096693,2.1540981524870665e-05
90,3.0,0.082,242.29999999999998,0.008448324415657564,0.6823430019712764,0.246,56.014300000000006,0.2311774659513001,0.003909142626498901,0.8901133651361682,2.0604171315029624e-05
51,3.0,0.082,245.29999999999998,0.008448324415657564,0.690791326386934,0.246,56.26030000000001,0.22935303709743177,0.003909142626498901,0.8940225077626671,2.0604171315029624e-05
57,0.9000000000000057,0.078,246.2,0.002534497324697285,0.6933258237116312,0.07020000000000044,56.33050000000001,0.2287997562956946,0.0011155358226838399,0.895138043585351,2.0134517441962518e-06
105,3.0,0.078,249.2,0.008448324415657564,0.7017741481272888,0.23399999999999999,56.56450000000001,0.22698434991974323,0.0037184527422794425,0.8988564963276304,2.237168604662474e-05
42,3.0,0.077,252.2,0.008448324415657564,0.7102224725429463,0.23099999999999998,56.79550000000001,0.22520023790642352,0.0036707802712245777,0.902527276598855,2.2824928052005897e-05
88,3.0,0.076,255.2,0.008448324415657564,0.7186707969586039,0.22799999999999998,57.02350000000001,0.22344631661442013,0.003623107800169713,0.9061503843990247,2.3282715386380016e-05
89,3.1000000000000227,0.074,258.3,0.00872993522951288,0.7274007321881168,0.22940000000000166,57.25290000000001,0.22165272938443673,0.003645354953328677,0.9097957393523534,2.585295658496142e-05
91,3.099999999999966,0.074,261.4,0.008729935229512719,0.7361306674176296,0.22939999999999747,57.48230000000001,0.21990168324407044,0.00364535495332861,0.913441094305682,2.5852956584960466e-05
45,3.1000000000000227,0.074,264.5,0.00872993522951288,0.7448606026471425,0.22940000000000166,57.71170000000001,0.21819168241965978,0.003645354953328677,0.9170864492590106,2.585295658496142e-05
75,3.0,0.072,267.5,0.008448324415657564,0.7533089270628001,0.21599999999999997,57.92770000000001,0.21655214953271032,0.0034324179159502546,0.9205188671749609,2.515931801380602e-05
107,3.0,0.07,270.5,0.008448324415657564,0.7617572514784576,0.21000000000000002,58.13770000000001,0.21492680221811464,0.003337072973840526,0.9238559401488015,2.612489130147674e-05
115,3.1000000000000227,0.07,273.6,0.00872993522951288,0.7704871867079706,0.2170000000000016,58.35470000000001,0.21328472222222222,0.003448308739635235,0.9273042488884367,2.789557837857724e-05
87,3.099999999999966,0.068,276.7,0.008729935229512719,0.7792171219374833,0.21079999999999768,58.56550000000001,0.21165702927358154,0.003349785632788453,0.9306540345212251,2.894600968313228e-05
120,3.1000000000000227,0.067,279.8,0.00872993522951288,0.7879470571669962,0.20770000000000152,58.77320000000001,0.21005432451751255,0.0033005240793651538,0.9339545586005903,2.9478505437348443e-05
26,1.2999999999999972,0.067,281.1,0.0036609405801182695,0.7916079977471144,0.08709999999999982,58.86030000000001,0.20939274279615797,0.0013840907429595675,0.9353386493435498,5.184045180969607e-06
74,3.0,0.065,284.1,0.008448324415657564,0.800056322162772,0.195,59.05530000000001,0.20786800422386487,0.0030987106185662023,0.938437359962116,2.8618367778030242e-05
86,3.0,0.064,287.1,0.008448324415657564,0.8085046465784296,0.192,59.24730000000001,0.2063646812957158,0.0030510381475113376,0.9414883981096273,2.91306990603198e-05
113,3.0,0.064,290.1,0.008448324415657564,0.8169529709940871,0.192,59.43930000000001,0.20489245087900726,0.0030510381475113376,0.9445394362571385,2.91306990603198e-05
101,3.0,0.062,293.1,0.008448324415657564,0.8254012954097447,0.186,59.62530000000001,0.20342988741044013,0.002955693205401608,0.9474951294625401,3.016899761187779e-05
106,3.1000000000000227,0.06,296.20000000000005,0.00872993522951288,0.8341312306392576,0.18600000000000136,59.81130000000001,0.20192876434841323,0.00295569320540163,0.9504508226679418,3.334187095301238e-05
108,3.099999999999966,0.059,299.3,0.008729935229512719,0.8428611658687704,0.18289999999999798,59.994200000000006,0.2004483795522887,0.0029064316519782163,0.95335725431992,3.3913193917557154e-05
48,3.0,0.058,302.3,0.008448324415657564,0.8513094902844279,0.17400000000000002,60.168200000000006,0.19903473370823685,0.00276500332118215,0.9561222576411021,3.2300138662909204e-05
116,3.1000000000000227,0.058,305.40000000000003,0.00872993522951288,0.8600394255139409,0.17980000000000132,60.348000000000006,0.19760314341846758,0.002857170098554909,0.958979427739657,3.4489370283395784e-05
80,1.6000000000000227,0.058,307.00000000000006,0.0045057730216840975,0.864545198535625,0.09280000000000133,60.44080000000001,0.19687557003257328,0.0014746684379638342,0.9604540961776209,9.187594997449992e-06
98,3.0,0.057,310.00000000000006,0.008448324415657564,0.8729935229512825,0.171,60.61180000000001,0.19552193548387095,0.0027173308501272854,0.9631714270277482,3.2844287248149447e-05
99,3.1000000000000227,0.057,313.1000000000001,0.00872993522951288,0.8817234581807954,0.1767000000000013,60.78850000000001,0.19415043117214947,0.002807908545131549,0.9659793355728797,3.5070400050524535e-05
92,3.0,0.057,316.1000000000001,0.008448324415657564,0.890171782596453,0.171,60.95950000000001,0.19284878203100284,0.0027173308501272854,0.968696666423007,3.2844287248149447e-05
50,3.0999999999999943,0.056,319.20000000000005,0.008729935229512799,0.8989017178259658,0.1735999999999997,61.13310000000001,0.19151973684210527,0.002758646991708163,0.9714553134147151,3.5656283218943996e-05
78,2.4000000000000057,0.056,321.6,0.006758659532526067,0.9056603773584919,0.13440000000000032,61.26750000000001,0.19050839552238807,0.0021357267032579416,0.973591040117973,2.137150794392499e-05
114,3.0,0.055,324.6,0.008448324415657564,0.9141087017741495,0.165,61.43250000000001,0.18925600739371537,0.002621985908017556,0.9762130260259906,3.3946220405608786e-05
100,3.0,0.055,327.6,0.008448324415657564,0.9225570261898071,0.165,61.59750000000001,0.1880265567765568,0.002621985908017556,0.9788350119340081,3.3946220405608786e-05
118,3.099999999999966,0.054,330.7,0.008729935229512719,0.9312869614193198,0.16739999999999816,61.76490000000001,0.18677018445721202,0.0026601238848614184,0.9814951358188695,3.684260975965763e-05
109,3.0,0.053,333.7,0.008448324415657564,0.9397352858349773,0.159,61.92390000000001,0.1855675756667666,0.0025266409659078265,0.9840217767847773,3.5066334879039944e-05
41,3.0999999999999943,0.053,336.79999999999995,0.008729935229512799,0.9484652210644902,0.1642999999999997,62.08820000000001,0.18434738717339672,0.0026108623314380825,0.9866326391162153,3.7443053131952506e-05
119,3.0,0.051,339.79999999999995,0.008448324415657564,0.9569135454801477,0.153,62.241200000000006,0.1831701000588582,0.002431296023798097,0.9890639351400135,3.620463066844291e-05
117,3.0,0.05,342.79999999999995,0.008448324415657564,0.9653618698958053,0.15000000000000002,62.391200000000005,0.18200466744457414,0.0023836235527432328,0.9914475586927567,3.6780596556633814e-05
110,3.1000000000000227,0.044,345.9,0.00872993522951288,0.9740918051253182,0.136400000000001,62.52760000000001,0.18076785198034118,0.002167508350627862,0.9936150670433845,4.3065446540712544e-05
112,3.099999999999966,0.044,348.99999999999994,0.008729935229512719,0.9828217403548309,0.1363999999999985,62.66400000000001,0.1795530085959886,0.002167508350627822,0.9957825753940124,4.306544654071096e-05
76,3.0999999999999943,0.044,352.0999999999999,0.008729935229512799,0.9915516755843438,0.13639999999999974,62.80040000000001,0.17835955694405006,0.002167508350627842,0.9979500837446402,4.306544654071175e-05
111,3.0,0.043,355.0999999999999,0.008448324415657564,1.0000000000000013,0.129,62.92940000000001,0.17721599549422704,0.00204991625535918,0.9999999999999994,4.093962698577293e-05
