,weight,grade,cml_weight,weight_pct,cml_weight_pct,yield,cml_yield,cml_grade,recovery,cml_recovery,distributional_heterogeneity
97,3.0,0.079,3.0,0.010084033613445374,0.010084033613445374,0.237,0.237,0.079,0.05875644585481955,0.05875644585481955,0.002369003713394271
102,3.1000000000000227,0.05,6.100000000000023,0.010420168067226964,0.020504201680672338,0.15500000000000114,0.3920000000000011,0.06426229508196715,0.03842721142403839,0.09718365727885794,0.0007843944775903151
62,3.0999999999999943,0.04,9.200000000000017,0.010420168067226867,0.030924369747899205,0.12399999999999978,0.5160000000000009,0.056086956521739124,0.03074176913923043,0.12792542641808838,0.0004129674701296562
87,3.0999999999999943,0.037,12.300000000000011,0.010420168067226867,0.04134453781512607,0.11469999999999979,0.6307000000000007,0.051276422764227655,0.028436136453788147,0.15636156287187652,0.00032457511690557535
61,3.0,0.03,15.300000000000011,0.010084033613445374,0.05142857142857145,0.09,0.7207000000000007,0.0471045751633987,0.02231257437524793,0.17867413724712444,0.00014953720916306666
92,3.0,0.03,18.30000000000001,0.010084033613445374,0.06151260504201682,0.09,0.8107000000000006,0.04430054644808744,0.02231257437524793,0.20098671162237236,0.00014953720916306666
101,3.0,0.029,21.30000000000001,0.010084033613445374,0.07159663865546219,0.08700000000000001,0.8977000000000006,0.04214553990610329,0.021568821896073002,0.22255553351844537,0.00013190036189678086
59,3.0,0.029,24.30000000000001,0.010084033613445374,0.08168067226890756,0.08700000000000001,0.9847000000000006,0.04052263374485597,0.021568821896073002,0.24412435541451838,0.00013190036189678086
98,3.099999999999966,0.029,27.399999999999977,0.010420168067226772,0.09210084033613433,0.08989999999999902,1.0745999999999996,0.0392189781021898,0.02228778262594186,0.26641213804046027,0.00014084027531422624
96,3.1000000000000227,0.028,30.5,0.010420168067226964,0.1025210084033613,0.08680000000000064,1.1614000000000002,0.03807868852459017,0.021519238397461497,0.28793137643792177,0.0001231893621954925
60,3.0999999999999943,0.027,33.599999999999994,0.010420168067226867,0.11294117647058817,0.08369999999999984,1.2451,0.03705654761904763,0.020750694168980538,0.30868207060690234,0.0001067197695390139
86,3.0,0.026,36.599999999999994,0.010084033613445374,0.12302521008403354,0.078,1.3231000000000002,0.036150273224043725,0.019337564458548208,0.32801963506545057,8.562783310126954e-05
77,3.0999999999999943,0.025,39.69999999999999,0.010420168067226867,0.1334453781512604,0.07749999999999986,1.4006,0.035279596977329984,0.01921360571201902,0.3472332407774696,7.732454561284773e-05
90,3.0,0.025,42.69999999999999,0.010084033613445374,0.14352941176470577,0.07500000000000001,1.4756,0.03455737704918034,0.01859381197937328,0.36582705275684285,7.241632783721459e-05
85,3.1000000000000227,0.025,45.80000000000001,0.010420168067226964,0.15394957983193272,0.07750000000000057,1.5531000000000006,0.03391048034934498,0.019213605712019195,0.38504065846886204,7.732454561284917e-05
105,2.8000000000000114,0.024,48.60000000000002,0.009411764705882387,0.16336134453781512,0.06720000000000027,1.620300000000001,0.03333950617283951,0.016660055533518525,0.40170071400238055,5.253771992199415e-05
93,3.099999999999966,0.023,51.69999999999999,0.010420168067226772,0.17378151260504188,0.07129999999999921,1.6916000000000002,0.03271953578336558,0.017676517255057332,0.41937723125743787,5.265460353572925e-05
91,3.1000000000000227,0.021,54.80000000000001,0.010420168067226964,0.18420168067226883,0.06510000000000048,1.7567000000000006,0.0320565693430657,0.016139428798096125,0.43551666005553397,3.2709943307662046e-05
88,3.0999999999999943,0.021,57.900000000000006,0.010420168067226867,0.1946218487394957,0.06509999999999988,1.8218000000000005,0.03146459412780657,0.016139428798095976,0.45165608885362996,3.270994330766144e-05
99,3.0,0.02,60.900000000000006,0.010084033613445374,0.20470588235294107,0.06,1.8818000000000006,0.030899835796387526,0.014875049583498622,0.46653113843712857,2.2953834025305262e-05
54,3.1000000000000227,0.02,64.00000000000003,0.010420168067226964,0.21512605042016802,0.06200000000000046,1.943800000000001,0.030371875000000003,0.015370884569615356,0.4819020230067439,2.4509593887020757e-05
89,3.0,0.02,67.00000000000003,0.010084033613445374,0.2252100840336134,0.06,2.003800000000001,0.029907462686567163,0.014875049583498622,0.4967770725902425,2.2953834025305262e-05
58,3.0999999999999943,0.019,70.10000000000002,0.010420168067226867,0.23563025210084027,0.05889999999999989,2.062700000000001,0.029425106990014268,0.014602340341134454,0.511379412931377,1.7490564928641346e-05
70,3.0,0.018,73.10000000000002,0.010084033613445374,0.24571428571428564,0.05399999999999999,2.1167000000000007,0.028956224350205197,0.013387544625148759,0.5247669575565258,1.0913185004445518e-05
66,3.0999999999999943,0.017,76.20000000000002,0.010420168067226867,0.2561344537815125,0.05269999999999991,2.1694000000000004,0.028469816272965878,0.013065251884172933,0.5378322094406988,6.996468398669966e-06
100,3.1000000000000227,0.017,79.30000000000004,0.010420168067226964,0.26655462184873946,0.05270000000000039,2.2221000000000006,0.02802143757881462,0.013065251884173054,0.5508974613248718,6.996468398670096e-06
1,1.4,0.017,80.70000000000005,0.004705882352941174,0.27126050420168063,0.0238,2.2459000000000007,0.02783023543990086,0.005900436334787787,0.5567978976596596,1.4269592155455968e-06
67,3.0,0.016,83.70000000000005,0.010084033613445374,0.28134453781512603,0.048,2.2939000000000007,0.027406212664277174,0.011900039666798898,0.5686979373264585,3.297877985816641e-06
95,3.0,0.016,86.70000000000005,0.010084033613445374,0.2914285714285714,0.048,2.3419000000000008,0.027011534025374852,0.011900039666798898,0.5805979769932573,3.297877985816641e-06
30,0.3999999999999915,0.016,87.10000000000004,0.0013445378151260212,0.2927731092436974,0.006399999999999864,2.3483000000000005,0.026960964408725595,0.0015866719555731527,0.5821846489488305,5.862894197007111e-08
84,3.0,0.015,90.10000000000004,0.010084033613445374,0.3028571428571428,0.045,2.3933000000000004,0.026562708102108763,0.011156287187623966,0.5933409361364544,1.149727727338765e-06
56,3.0999999999999943,0.015,93.20000000000003,0.010420168067226867,0.31327731092436967,0.046499999999999916,2.4398000000000004,0.02617811158798283,0.011528163427211411,0.6048690995636659,1.2276537177472767e-06
55,3.0,0.015,96.20000000000003,0.010084033613445374,0.32336134453781507,0.045,2.4848000000000003,0.025829521829521824,0.011156287187623966,0.6160253867512898,1.149727727338765e-06
0,0.6000000000000001,0.015,96.80000000000003,0.002016806722689075,0.3253781512605041,0.009000000000000001,2.4938000000000002,0.025762396694214873,0.0022312574375247937,0.6182566441888147,4.5989109093550614e-08
3,3.0999999999999996,0.015,99.90000000000002,0.010420168067226886,0.335798319327731,0.04649999999999999,2.5403000000000002,0.025428428428428424,0.01152816342721143,0.6297848076160261,1.227653717747281e-06
68,3.0999999999999943,0.014,103.00000000000001,0.010420168067226867,0.34621848739495786,0.043399999999999925,2.5837000000000003,0.025084466019417474,0.010759619198730652,0.6405444268147568,1.152270706791985e-07
103,3.0,0.014,106.00000000000001,0.010084033613445374,0.35630252100840326,0.042,2.6257,0.02477075471698113,0.010412534708449037,0.6509569615232058,1.0791296941860461e-07
79,3.0,0.014,109.00000000000001,0.010084033613445374,0.36638655462184866,0.042,2.6677,0.024474311926605503,0.010412534708449037,0.6613694962316549,1.0791296941860461e-07
29,0.6000000000000085,0.014,109.60000000000002,0.0020168067226891033,0.36840336134453777,0.00840000000000012,2.6761,0.024416970802919703,0.002082506941689837,0.6634520031733447,4.316518776744308e-09
51,3.0,0.012,112.60000000000002,0.010084033613445374,0.37848739495798317,0.036000000000000004,2.7121,0.024086145648312605,0.008925029750099175,0.6723770329234439,1.3432899552514184e-06
104,3.099999999999966,0.012,115.69999999999999,0.010420168067226772,0.38890756302520996,0.037199999999999595,2.7492999999999994,0.02376231633535004,0.009222530741769045,0.6815995636652129,1.4343351633295385e-06
73,3.0999999999999943,0.012,118.79999999999998,0.010420168067226867,0.3993277310924368,0.037199999999999935,2.7864999999999993,0.0234553872053872,0.00922253074176913,0.6908220944069821,1.4343351633295648e-06
81,3.0999999999999943,0.011,121.89999999999998,0.010420168067226867,0.40974789915966364,0.034099999999999936,2.8205999999999993,0.023138638228055782,0.008453986513288367,0.6992760809202704,3.865869903048014e-06
50,3.0999999999999943,0.011,124.99999999999997,0.010420168067226867,0.4201680672268905,0.034099999999999936,2.8546999999999993,0.0228376,0.008453986513288367,0.7077300674335587,3.865869903048014e-06
74,3.0,0.011,127.99999999999997,0.010084033613445374,0.4302521008403359,0.033,2.8876999999999993,0.022560156249999998,0.008181277270924242,0.7159113447044829,3.6204816990043966e-06
78,3.0999999999999943,0.011,131.09999999999997,0.010420168067226867,0.4406722689075627,0.034099999999999936,2.9217999999999993,0.022286803966437833,0.008453986513288367,0.7243653312177712,3.865869903048014e-06
94,3.0,0.011,134.09999999999997,0.010084033613445374,0.4507563025210081,0.033,2.954799999999999,0.022034302759134972,0.008181277270924242,0.7325466084886955,3.6204816990043966e-06
2,3.0999999999999996,0.011,137.19999999999996,0.010420168067226886,0.461176470588235,0.03409999999999999,2.9888999999999992,0.021784985422740526,0.00845398651328838,0.7410005950019838,3.865869903048027e-06
31,1.4000000000000057,0.01,138.59999999999997,0.004705882352941193,0.4658823529411762,0.014000000000000058,3.0028999999999995,0.021665945165945166,0.0034708449028163593,0.7444714399048001,1.5253175032108527e-06
75,3.1000000000000227,0.01,141.7,0.010420168067226964,0.47630252100840315,0.03100000000000023,3.0338999999999996,0.021410726887791106,0.007685442284807678,0.7521568821896079,7.478725105028771e-06
71,3.0999999999999943,0.01,144.79999999999998,0.010420168067226867,0.48672268907563,0.030999999999999944,3.0648999999999997,0.0211664364640884,0.007685442284807608,0.7598423244744155,7.478725105028632e-06
57,3.0,0.01,147.79999999999998,0.010084033613445374,0.4968067226890754,0.03,3.0948999999999995,0.02093978349120433,0.007437524791749311,0.7672798492661648,7.004008943315083e-06
16,3.0999999999999943,0.01,150.89999999999998,0.010420168067226867,0.5072268907563022,0.030999999999999944,3.1258999999999997,0.02071504307488403,0.007685442284807608,0.7749652915509724,7.478725105028632e-06
63,3.0,0.01,153.89999999999998,0.010084033613445374,0.5173109243697476,0.03,3.1558999999999995,0.020506172839506173,0.007437524791749311,0.7824028163427217,7.004008943315083e-06
42,3.0,0.01,156.89999999999998,0.010084033613445374,0.5273949579831929,0.03,3.1858999999999993,0.02030528999362651,0.007437524791749311,0.789840341134471,7.004008943315083e-06
82,3.0,0.009,159.89999999999998,0.010084033613445374,0.5374789915966383,0.026999999999999996,3.2128999999999994,0.020093183239524703,0.006693772312574379,0.7965341134470454,1.1493871688183488e-05
83,3.0999999999999943,0.009,162.99999999999997,0.010420168067226867,0.5478991596638652,0.027899999999999946,3.2407999999999992,0.019882208588957055,0.006916898056326845,0.8034510115033723,1.2272900769271434e-05
4,3.0,0.009,165.99999999999997,0.010084033613445374,0.5579831932773105,0.026999999999999996,3.2677999999999994,0.0196855421686747,0.006693772312574379,0.8101447838159467,1.1493871688183488e-05
37,1.2000000000000028,0.009,167.2,0.004033613445378159,0.5620168067226886,0.010800000000000025,3.2785999999999995,0.019608851674641145,0.002677508925029758,0.8128222927409764,1.839019470109367e-06
35,0.5999999999999943,0.009,167.79999999999998,0.0020168067226890556,0.5640336134453776,0.005399999999999948,3.2839999999999994,0.019570917759237184,0.0013387544625148632,0.8141610472034913,4.597548675273308e-07
19,3.0,0.009,170.79999999999998,0.010084033613445374,0.574117647058823,0.026999999999999996,3.3109999999999995,0.019385245901639342,0.006693772312574379,0.8208548195160656,1.1493871688183488e-05
20,3.1000000000000014,0.008,173.89999999999998,0.010420168067226891,0.5845378151260499,0.024800000000000013,3.3357999999999994,0.019182288671650373,0.0061483538278461,0.8270031733439117,1.8248396895776483e-05
23,3.0,0.008,176.89999999999998,0.010084033613445374,0.5946218487394952,0.024,3.3597999999999995,0.018992651215375918,0.005950019833399449,0.8329531931773112,1.7090069933609597e-05
25,1.1000000000000085,0.008,178.0,0.003697478991596666,0.5983193277310919,0.008800000000000068,3.3685999999999994,0.01892471910112359,0.002181673938913148,0.8351348671162243,2.297664957740881e-06
36,0.7999999999999972,0.008,178.8,0.00268907563025209,0.601008403361344,0.006399999999999978,3.3749999999999996,0.018875838926174494,0.001586671955573181,0.8367215390717975,1.2152938619455627e-06
6,3.1000000000000014,0.008,181.9,0.010420168067226891,0.6114285714285709,0.024800000000000013,3.3997999999999995,0.018690489279824075,0.0061483538278461,0.8428698928996435,1.8248396895776483e-05
8,3.099999999999998,0.008,185.0,0.010420168067226879,0.6218487394957978,0.024799999999999982,3.4245999999999994,0.01851135135135135,0.0061483538278460925,0.8490182467274896,1.824839689577644e-05
64,3.1000000000000227,0.007,188.10000000000002,0.010420168067226964,0.6322689075630248,0.02170000000000016,3.4462999999999995,0.01832163742690058,0.005379809599365374,0.854398056326855,2.5405213484544016e-05
9,3.0,0.007,191.10000000000002,0.010084033613445374,0.6423529411764701,0.021,3.4672999999999994,0.018143903715332282,0.005206267354224518,0.8596043236810794,2.379260367959342e-05
17,3.0,0.007,194.10000000000002,0.010084033613445374,0.6524369747899155,0.021,3.4882999999999993,0.017971664090674903,0.005206267354224518,0.8648105910353039,2.379260367959342e-05
18,3.1000000000000014,0.007,197.20000000000002,0.010420168067226891,0.6628571428571424,0.02170000000000001,3.5099999999999993,0.017799188640973625,0.005379809599365338,0.8701904006346692,2.5405213484543664e-05
5,3.0,0.007,200.20000000000002,0.010084033613445374,0.6729411764705877,0.021,3.5309999999999993,0.01763736263736263,0.005206267354224518,0.8753966679888937,2.379260367959342e-05
49,3.0,0.007,203.20000000000002,0.010084033613445374,0.683025210084033,0.021,3.551999999999999,0.017480314960629916,0.005206267354224518,0.8806029353431182,2.379260367959342e-05
65,3.0,0.007,206.20000000000002,0.010084033613445374,0.6931092436974784,0.021,3.572999999999999,0.017327837051406395,0.005206267354224518,0.8858092026973426,2.379260367959342e-05
34,0.5,0.007,206.70000000000002,0.0016806722689075625,0.694789915966386,0.0035,3.576499999999999,0.01730285437832607,0.0008677112257040863,0.8866769139230467,6.609056577664839e-07
33,3.0,0.007,209.70000000000002,0.010084033613445374,0.7048739495798313,0.021,3.597499999999999,0.017155460181211248,0.005206267354224518,0.8918831812772712,2.379260367959342e-05
32,2.4000000000000057,0.007,212.10000000000002,0.008067226890756318,0.7129411764705876,0.01680000000000004,3.6142999999999987,0.017040546911834032,0.004165013883379624,0.8960481951606508,1.5227266354939862e-05
27,3.0999999999999943,0.007,215.20000000000002,0.010420168067226867,0.7233613445378145,0.021699999999999962,3.635999999999999,0.016895910780669137,0.005379809599365326,0.9014280047600162,2.540521348454355e-05
10,3.1000000000000014,0.007,218.3,0.010420168067226891,0.7337815126050414,0.02170000000000001,3.657699999999999,0.016755382501145208,0.005379809599365338,0.9068078143593815,2.5405213484543664e-05
69,3.0,0.007,221.3,0.010084033613445374,0.7438655462184868,0.021,3.6786999999999987,0.016623136014460003,0.005206267354224518,0.912014081713606,2.379260367959342e-05
72,3.0,0.006,224.3,0.010084033613445374,0.7539495798319321,0.018000000000000002,3.6966999999999985,0.01648105216228265,0.004462514875049587,0.9164765965886555,3.1601472926134965e-05
47,3.0,0.006,227.3,0.010084033613445374,0.7640336134453775,0.018000000000000002,3.7146999999999983,0.016342718873735142,0.004462514875049587,0.9209391114637051,3.1601472926134965e-05
80,3.0,0.006,230.3,0.010084033613445374,0.7741176470588228,0.018000000000000002,3.732699999999998,0.01620798957881024,0.004462514875049587,0.9254016263387547,3.1601472926134965e-05
15,3.0,0.006,233.3,0.010084033613445374,0.7842016806722681,0.018000000000000002,3.750699999999998,0.01607672524646377,0.004462514875049587,0.9298641412138042,3.1601472926134965e-05
14,3.1000000000000014,0.006,236.4,0.010420168067226891,0.794621848739495,0.01860000000000001,3.769299999999998,0.015944585448392546,0.0046112653708845755,0.9344754065846888,3.3743350535573026e-05
24,1.7000000000000028,0.006,238.10000000000002,0.005714285714285722,0.8003361344537807,0.010200000000000018,3.7794999999999983,0.015873582528349424,0.0025287584291947703,0.9370041650138835,1.0147584084058927e-05
76,3.0,0.006,241.10000000000002,0.010084033613445374,0.810420168067226,0.018000000000000002,3.797499999999998,0.015750725839900448,0.004462514875049587,0.9414666798889331,3.1601472926134965e-05
7,3.0,0.005,244.10000000000002,0.010084033613445374,0.8205042016806714,0.015,3.8124999999999982,0.015618598934862752,0.0037187623958746556,0.9451854422848077,4.0516677673234195e-05
53,3.0,0.005,247.10000000000002,0.010084033613445374,0.8305882352941167,0.015,3.8274999999999983,0.01548968029138,0.0037187623958746556,0.9489042046806824,4.0516677673234195e-05
22,3.0999999999999943,0.005,250.20000000000002,0.010420168067226867,0.8410084033613436,0.015499999999999972,3.842999999999998,0.01535971223021582,0.003842721142403804,0.9527469258230862,4.326280804886435e-05
28,1.2999999999999972,0.005,251.5,0.004369747899159652,0.8453781512605033,0.006499999999999986,3.849499999999998,0.01530616302186878,0.001611463704879014,0.9543583895279651,7.608131696418389e-06
43,3.0999999999999943,0.005,254.6,0.010420168067226867,0.8557983193277302,0.015499999999999972,3.864999999999998,0.01518067556952081,0.003842721142403804,0.958201110670369,4.326280804886435e-05
46,3.1000000000000085,0.005,257.7,0.010420168067226915,0.8662184873949571,0.015500000000000043,3.880499999999998,0.015058207217694986,0.0038427211424038213,0.9620438318127728,4.326280804886475e-05
26,3.299999999999997,0.004,261.0,0.011092436974789902,0.877310924369747,0.01319999999999999,3.8936999999999977,0.014918390804597692,0.0032725109083696943,0.9653163427211424,6.115124368427821e-05
11,3.1000000000000014,0.004,264.1,0.010420168067226891,0.8877310924369739,0.012400000000000007,3.9060999999999977,0.014790230973116233,0.00307417691392305,0.9683905196350655,5.396358602441829e-05
48,3.0999999999999943,0.004,267.20000000000005,0.010420168067226867,0.8981512605042008,0.012399999999999977,3.9184999999999977,0.01466504491017963,0.003074176913923043,0.9714646965489886,5.396358602441804e-05
13,3.0,0.004,270.20000000000005,0.010084033613445374,0.9082352941176461,0.012,3.9304999999999977,0.01454663212435232,0.0029750099166997246,0.9744397064656883,5.0538217920891174e-05
44,3.0,0.004,273.20000000000005,0.010084033613445374,0.9183193277310915,0.012,3.9424999999999977,0.01443081991215226,0.0029750099166997246,0.9774147163823881,5.0538217920891174e-05
12,3.0,0.004,276.20000000000005,0.010084033613445374,0.9284033613445368,0.012,3.9544999999999977,0.014317523533671241,0.0029750099166997246,0.9803897262990878,5.0538217920891174e-05
41,3.1000000000000085,0.004,279.30000000000007,0.010420168067226915,0.9388235294117637,0.012400000000000034,3.9668999999999977,0.014203007518796981,0.003074176913923057,0.9834639032130109,5.396358602441854e-05
40,3.0,0.004,282.30000000000007,0.010084033613445374,0.9489075630252091,0.012,3.9788999999999977,0.014094580233793825,0.0029750099166997246,0.9864389131297107,5.0538217920891174e-05
39,3.0999999999999943,0.004,285.4000000000001,0.010420168067226867,0.959327731092436,0.012399999999999977,3.9912999999999976,0.013984933426769434,0.003074176913923043,0.9895130900436337,5.396358602441804e-05
38,3.0,0.004,288.4000000000001,0.010084033613445374,0.9694117647058813,0.012,4.003299999999998,0.013881067961165035,0.0029750099166997246,0.9924880999603335,5.0538217920891174e-05
21,3.0,0.004,291.4000000000001,0.010084033613445374,0.9794957983193266,0.012,4.015299999999997,0.0137793411118737,0.0029750099166997246,0.9954631098770332,5.0538217920891174e-05
52,3.0999999999999943,0.003,294.5000000000001,0.010420168067226867,0.9899159663865535,0.009299999999999984,4.024599999999997,0.013665874363327658,0.0023056326854422825,0.9977687425624755,6.58456844622339e-05
45,3.0,0.003,297.5000000000001,0.010084033613445374,0.9999999999999989,0.009000000000000001,4.033599999999997,0.013558319327731078,0.0022312574375247937,1.0000000000000002,6.166609366910585e-05
