,weight,grade,cml_weight,weight_pct,cml_weight_pct,yield,cml_yield,cml_grade,recovery,cml_recovery,distributional_heterogeneity
4,1.799999999999999,0.239,1.799999999999999,0.0039037085230969396,0.0039037085230969396,0.43019999999999975,0.43019999999999975,0.239,0.01133468408059166,0.01133468408059166,5.5219397736083944e-05
106,3.0,0.216,4.799999999999999,0.006506180871828237,0.010409889394925176,0.648,1.0781999999999998,0.22462500000000002,0.017073164305493722,0.028407848386085382,0.00011166113888736084
14,1.0999999999999943,0.212,5.899999999999993,0.0023855996530036745,0.01279548904792885,0.2331999999999988,1.3113999999999986,0.22227118644067798,0.0061442313519153025,0.03455207973800069,1.412731224806331e-05
9,3.1000000000000014,0.203,8.999999999999995,0.0067230535675558475,0.019518542615484698,0.6293000000000003,1.9406999999999988,0.21563333333333332,0.01658046650840618,0.05113254624640687,9.716858988644362e-05
79,3.0,0.173,11.999999999999995,0.006506180871828237,0.026024723487312933,0.5189999999999999,2.459699999999999,0.204975,0.013674339929863026,0.0648068861762699,5.138250428128621e-05
85,3.0999999999999943,0.17,15.099999999999989,0.006723053567555832,0.03274777705486877,0.526999999999999,2.986699999999998,0.197794701986755,0.013885119736103665,0.07869200591237356,5.129519180265745e-05
5,2.1000000000000014,0.158,17.19999999999999,0.004554326610279769,0.03730210366514854,0.3318000000000002,3.3184999999999985,0.19293604651162793,0.008742092463831513,0.08743409837620507,1.753738284417398e-05
27,3.0,0.156,20.19999999999999,0.006506180871828237,0.04380828453697677,0.46799999999999997,3.7864999999999984,0.18745049504950498,0.012330618665078799,0.09976471704128387,3.392407560744549e-05
18,3.0,0.154,23.19999999999999,0.006506180871828237,0.050314465408805006,0.46199999999999997,4.248499999999998,0.183125,0.012172533810398302,0.11193725085168217,3.2107555624441614e-05
19,3.1000000000000014,0.149,26.29999999999999,0.0067230535675558475,0.057037518976360856,0.4619000000000002,4.710399999999998,0.17910266159695817,0.012169899062820299,0.12410714991450247,2.9668125849282643e-05
41,1.6999999999999886,0.147,27.99999999999998,0.003686835827369309,0.06072435480373017,0.24989999999999832,4.960299999999997,0.17715357142857144,0.006584234197442674,0.13069138411194514,8.394917314903786e-06
0,0.8999999999999995,0.146,28.899999999999977,0.0019518542615484698,0.06267620906527864,0.1313999999999999,5.091699999999997,0.17618339100346023,0.0034620583175028912,0.13415344242944804,2.280716290621186e-06
8,3.0,0.146,31.899999999999977,0.006506180871828237,0.06918238993710688,0.43799999999999994,5.5296999999999965,0.17334482758620692,0.011540194391676311,0.14569363682112435,2.5341292118013206e-05
7,3.099999999999998,0.143,34.99999999999997,0.00672305356755584,0.07590544350466272,0.44329999999999964,5.972999999999996,0.1706571428571429,0.011679836013310742,0.1573734728344351,2.456969221454396e-05
21,3.1000000000000014,0.138,38.09999999999997,0.0067230535675558475,0.08262849707221856,0.42780000000000024,6.400799999999997,0.16800000000000004,0.011271450138719474,0.16864492297315456,2.0687911368573023e-05
15,1.9000000000000057,0.137,39.99999999999998,0.0041205812188245625,0.08674907829104313,0.2603000000000008,6.661099999999998,0.16652750000000002,0.006858247945555602,0.17550317091871015,7.494819106650242e-06
81,3.0,0.131,42.99999999999998,0.006506180871828237,0.09325525916287136,0.393,7.054099999999997,0.16404883720930236,0.010354557981572582,0.18585772890028274,1.481000637880424e-05
20,3.0,0.13,45.99999999999998,0.006506180871828237,0.0997614400346996,0.39,7.444099999999997,0.16182826086956523,0.010275515554232334,0.19613324445451508,1.4207883947974394e-05
22,3.0,0.127,48.99999999999998,0.006506180871828237,0.10626762090652783,0.381,7.825099999999997,0.15969591836734695,0.010038388272211587,0.20617163272672667,1.2476489119322907e-05
118,3.6000000000000227,0.126,52.6,0.007807417046193933,0.11407503795272177,0.4536000000000029,8.2787,0.1573897338403042,0.011951215013845683,0.21812284774057236,1.7171061596714758e-05
55,3.0999999999999943,0.126,55.699999999999996,0.006723053567555832,0.1207980915202776,0.3905999999999993,8.6693,0.1556427289048474,0.010291324039700364,0.22841417178027273,1.2732554162378559e-05
23,3.0999999999999943,0.124,58.79999999999999,0.006723053567555832,0.12752114508783344,0.3843999999999993,9.0537,0.15397448979591838,0.01012796968986385,0.23854214147013658,1.1593453799953069e-05
24,3.0,0.123,61.79999999999999,0.006506180871828237,0.1340273259596617,0.369,9.422699999999999,0.15247087378640778,0.009722218562850592,0.24826436003298719,1.0342898430076403e-05
86,3.1000000000000227,0.121,64.9,0.0067230535675558934,0.14075037952721758,0.37510000000000276,9.797800000000002,0.1509676425269646,0.00988293816510917,0.25814729819809634,9.98487066985443e-06
12,3.0,0.121,67.9,0.006506180871828237,0.14725656039904583,0.363,10.160800000000002,0.14964359351988218,0.009564133708170094,0.26771143190626645,9.351075549291211e-06
11,3.1000000000000014,0.119,71.0,0.0067230535675558475,0.15397961396660167,0.36890000000000017,10.529700000000002,0.14830563380281692,0.00971958381527259,0.27743101572153905,8.979193525481347e-06
3,2.3000000000000007,0.118,73.3,0.0049880720017349825,0.15896768596833666,0.2714000000000001,10.801100000000002,0.14735470668485678,0.007150704926714503,0.28458172064825354,4.676981168205471e-06
1,3.0,0.115,76.3,0.006506180871828237,0.1654738668401649,0.34500000000000003,11.146100000000002,0.1460825688073395,0.009089879144128604,0.29367159979238217,6.675496762287896e-06
94,3.1000000000000227,0.112,79.40000000000002,0.0067230535675558934,0.1721969204077208,0.34720000000000256,11.493300000000005,0.14475188916876577,0.009147843590844853,0.302819443383227,5.8796066570416676e-06
153,3.1000000000000227,0.112,82.50000000000004,0.0067230535675558934,0.1789199739752767,0.34720000000000256,11.840500000000008,0.14352121212121213,0.009147843590844853,0.3119672869740719,5.8796066570416676e-06
99,3.0,0.111,85.50000000000004,0.006506180871828237,0.18542615484710495,0.333,12.173500000000008,0.14238011695906436,0.008773709434767608,0.3207409964088395,5.141685783745889e-06
80,3.1000000000000227,0.111,88.60000000000007,0.0067230535675558934,0.19214920841466085,0.3441000000000025,12.51760000000001,0.1412821670428894,0.009066166415926594,0.32980716282476613,5.490177820199858e-06
25,3.1000000000000085,0.111,91.70000000000007,0.006723053567555863,0.19887226198221672,0.34410000000000096,12.861700000000011,0.14025845147219193,0.009066166415926554,0.3388733292406927,5.490177820199808e-06
138,3.1000000000000227,0.11,94.8000000000001,0.0067230535675558934,0.20559531554977262,0.3410000000000025,13.202700000000014,0.13926898734177215,0.008984489241008338,0.34785781848170105,5.1140913051633046e-06
40,3.0,0.11,97.8000000000001,0.006506180871828237,0.21210149642160087,0.33,13.532700000000014,0.1383711656441718,0.008694667007427359,0.35655248548912843,4.7894715657095795e-06
46,3.0999999999999943,0.108,100.90000000000009,0.006723053567555832,0.2188245499891567,0.3347999999999994,13.867500000000014,0.1374380574826561,0.00882113489117174,0.3653736203803002,4.401945240505881e-06
37,3.0999999999999943,0.108,104.00000000000009,0.006723053567555832,0.22554760355671255,0.3347999999999994,14.202300000000013,0.13656057692307694,0.00882113489117174,0.37419475527147195,4.401945240505881e-06
13,3.1000000000000014,0.104,107.10000000000008,0.0067230535675558475,0.2322706571242684,0.32240000000000013,14.524700000000013,0.13561811391223158,0.008494426191498733,0.3826891814629707,3.1377609728543e-06
139,3.0,0.102,110.10000000000008,0.006506180871828237,0.23877683799609664,0.306,14.830700000000013,0.13470208900999092,0.008062327588705369,0.39075150905167605,2.4215926044474766e-06
123,3.1000000000000227,0.101,113.2000000000001,0.0067230535675558934,0.24549989156365254,0.3131000000000023,15.143800000000015,0.1337791519434629,0.00824939466674402,0.39900090371842006,2.3297171510708136e-06
114,3.099999999999966,0.1,116.30000000000007,0.00672305356755577,0.2522229451312083,0.3099999999999966,15.453800000000012,0.1328787618228719,0.008167717491825611,0.40716862121024566,2.087053854086736e-06
43,3.0,0.1,119.30000000000007,0.006506180871828237,0.25872912600303655,0.30000000000000004,15.753800000000012,0.13205196982397321,0.007904242734024873,0.4150728639442705,1.9545769705287243e-06
17,3.0999999999999943,0.1,122.40000000000006,0.006723053567555832,0.26545217957059236,0.30999999999999944,16.06380000000001,0.1312401960784314,0.008167717491825686,0.4232405814360962,2.0870538540867743e-06
120,3.099999999999966,0.099,125.50000000000003,0.00672305356755577,0.2721752331381481,0.3068999999999966,16.370700000000006,0.13044382470119525,0.008086040316907355,0.43132662175300357,1.8577328789079993e-06
16,3.0,0.097,128.50000000000003,0.006506180871828237,0.27868141400997637,0.29100000000000004,16.661700000000007,0.12966303501945528,0.007667115452004126,0.4389937372050077,1.347769099448168e-06
2,3.0,0.097,131.50000000000003,0.006506180871828237,0.2851875948818046,0.29100000000000004,16.952700000000007,0.1289178707224335,0.007667115452004126,0.4466608526570118,1.347769099448168e-06
126,3.1000000000000227,0.096,134.60000000000005,0.0067230535675558934,0.2919106484493605,0.2976000000000022,17.25030000000001,0.12815973254086183,0.00784100879215273,0.4545018614491645,1.2498238842033632e-06
131,3.0,0.096,137.60000000000005,0.006506180871828237,0.29841682932118874,0.28800000000000003,17.53830000000001,0.12745857558139537,0.007588073024663878,0.46208993447382835,1.1704906303673365e-06
83,3.0999999999999943,0.095,140.70000000000005,0.006723053567555832,0.30513988288874455,0.2944999999999995,17.83280000000001,0.1267434257285004,0.007759331617234402,0.46984926609106276,1.0738721962456194e-06
78,3.0999999999999943,0.093,143.80000000000004,0.006723053567555832,0.31186293645630037,0.28829999999999945,18.12110000000001,0.12601599443671768,0.007595977267397887,0.47744524335846067,7.61995785745943e-07
31,3.0999999999999943,0.093,146.90000000000003,0.006723053567555832,0.3185859900238562,0.28829999999999945,18.40940000000001,0.1253192648059905,0.007595977267397887,0.4850412206258586,7.61995785745943e-07
116,3.1000000000000227,0.093,150.00000000000006,0.0067230535675558934,0.32530904359141205,0.2883000000000021,18.69770000000001,0.12465133333333336,0.007595977267397957,0.49263719789325655,7.619957857459571e-07
137,3.0,0.093,153.00000000000006,0.006506180871828237,0.3318152244632403,0.279,18.97670000000001,0.1240307189542484,0.007350945742643131,0.49998814363589966,7.136276869629045e-07
82,3.0999999999999943,0.092,156.10000000000005,0.006723053567555832,0.3385382780307961,0.28519999999999945,19.26190000000001,0.12339461883408075,0.0075143000924796305,0.5075024437283793,6.260710632039874e-07
74,3.0,0.092,159.10000000000005,0.006506180871828237,0.34504445890262436,0.276,19.53790000000001,0.1228026398491515,0.0072719033153028825,0.5147743470436822,5.863308604407813e-07
71,3.0999999999999943,0.091,162.20000000000005,0.006723053567555832,0.3517675124701802,0.28209999999999946,19.82000000000001,0.12219482120838475,0.007432622917561374,0.5222069699612436,5.034886624672869e-07
51,3.0,0.088,165.20000000000005,0.006506180871828237,0.3582736933420084,0.264,20.08400000000001,0.12157384987893466,0.006955733605941887,0.5291627035671855,2.0209766074905815e-07
101,3.1000000000000227,0.088,168.30000000000007,0.0067230535675558934,0.3649967469095643,0.272800000000002,20.356800000000014,0.12095543672014264,0.007187591392806669,0.5363502949599922,2.1579539108871974e-07
140,3.099999999999966,0.088,171.40000000000003,0.00672305356755577,0.37171980047712005,0.272799999999997,20.62960000000001,0.1203593932322054,0.007187591392806537,0.5435378863527988,2.157953910887118e-07
133,3.0,0.088,174.40000000000003,0.006506180871828237,0.3782259813489483,0.264,20.89360000000001,0.11980275229357802,0.006955733605941887,0.5504936199587407,2.0209766074905815e-07
136,3.1000000000000227,0.087,177.50000000000006,0.0067230535675558934,0.3849490349165042,0.26970000000000194,21.16330000000001,0.11922985915492959,0.007105914217888411,0.5575995341766291,1.465822775730382e-07
95,3.0,0.084,180.50000000000006,0.006506180871828237,0.3914552157883324,0.252,21.41530000000001,0.1186443213296399,0.006639563896580892,0.56423909807321,1.7791031292167647e-08
134,3.099999999999966,0.084,183.60000000000002,0.00672305356755577,0.3981782693558882,0.26039999999999713,21.675700000000006,0.11805936819172115,0.006860882693133514,0.5710999807663436,1.8996867857525255e-08
6,3.0,0.082,186.60000000000002,0.006506180871828237,0.40468445022771643,0.246,21.921700000000005,0.11747963558413721,0.006481479041900395,0.577581459808244,6.101804017840089e-10
36,3.0,0.082,189.60000000000002,0.006506180871828237,0.4111906310995447,0.246,22.167700000000004,0.11691824894514768,0.006481479041900395,0.5840629388501445,6.101804017840089e-10
35,3.1000000000000085,0.081,192.70000000000005,0.006723053567555863,0.41791368466710055,0.2511000000000007,22.418800000000005,0.11634042553191488,0.006615851168378837,0.5906787900185233,1.1492354389310636e-08
67,3.0999999999999943,0.081,195.80000000000004,0.006723053567555832,0.42463673823465636,0.25109999999999955,22.669900000000005,0.1157808988764045,0.0066158511683788055,0.5972946411869021,1.149235438931053e-08
60,3.0,0.08,198.80000000000004,0.006506180871828237,0.4311429191064846,0.24,22.909900000000004,0.11524094567404426,0.006323394187219897,0.6036180353741221,3.341097207010844e-08
66,3.0,0.079,201.80000000000004,0.006506180871828237,0.43764909997831286,0.237,23.146900000000002,0.1147021803766105,0.006244351759879648,0.6098623871340018,6.855448386378619e-08
68,3.0,0.077,204.80000000000004,0.006506180871828237,0.4441552808501411,0.23099999999999998,23.377900000000004,0.11414990234375,0.006086266905199151,0.615948654039201,1.763277393701727e-07
32,3.0,0.076,207.80000000000004,0.006506180871828237,0.45066146172196936,0.22799999999999998,23.605900000000005,0.11359913378248317,0.006007224477858902,0.6219558785170599,2.489574830828815e-07
135,3.0,0.075,210.80000000000004,0.006506180871828237,0.4571676425937976,0.22499999999999998,23.830900000000007,0.11304981024667933,0.005928182050518653,0.6278840605675786,3.3408263743526733e-07
73,3.0999999999999943,0.075,213.90000000000003,0.006723053567555832,0.4638906961613534,0.23249999999999957,24.063400000000005,0.11249836372136512,0.006125788118869264,0.6340098486864478,3.567260161947674e-07
108,3.1000000000000227,0.074,217.00000000000006,0.0067230535675558934,0.4706137497289093,0.22940000000000166,24.292800000000007,0.1119483870967742,0.006044110943951062,0.6400539596303989,4.609630861474115e-07
72,3.0,0.074,220.00000000000006,0.006506180871828237,0.47711993060073754,0.22199999999999998,24.514800000000008,0.1114309090909091,0.0058491396231784044,0.6459030992535774,4.3170320242733014e-07
10,3.0,0.073,223.00000000000006,0.006506180871828237,0.4836261114725658,0.21899999999999997,24.73380000000001,0.1109139013452915,0.005770097195838156,0.6516731964494156,5.4181917805907e-07
111,4.0,0.072,227.00000000000006,0.008674907829104316,0.4923010193016701,0.288,25.02180000000001,0.11022819383259913,0.007588073024663877,0.6592612694740795,1.1812098921430877e-06
113,3.0,0.072,230.00000000000006,0.006506180871828237,0.49880720017349833,0.21599999999999997,25.23780000000001,0.10972956521739133,0.005691054768497907,0.6649523242425774,6.644305643304868e-07
42,1.4000000000000057,0.072,231.40000000000006,0.0030362177401865227,0.5018434179136848,0.1008000000000004,25.33860000000001,0.10950129645635265,0.0026558255586323675,0.6676081498012099,1.4469821178752943e-07
92,3.099999999999966,0.072,234.50000000000003,0.00672305356755577,0.5085664714812406,0.22319999999999754,25.56180000000001,0.10900554371002134,0.00588075659411444,0.6734889063953243,7.094641914684264e-07
49,3.299999999999983,0.072,237.8,0.007156798959011023,0.5157232704402516,0.23759999999999876,25.79940000000001,0.10849201009251475,0.006260160245347666,0.679749066640672,8.039609828398808e-07
89,3.0,0.07,240.8,0.006506180871828237,0.5222294513120798,0.21000000000000002,26.00940000000001,0.10801245847176083,0.005532969913817411,0.6852820365544895,9.471395687923494e-07
104,3.099999999999966,0.069,243.89999999999998,0.00672305356755577,0.5289525048796355,0.21389999999999768,26.22330000000001,0.1075166051660517,0.005635725069359673,0.6909177616238492,1.1822832629893831e-06
64,3.0,0.068,246.89999999999998,0.006506180871828237,0.5354586857514637,0.20400000000000001,26.42730000000001,0.10703645200486031,0.0053748850591369135,0.6962926466829862,1.279830215812922e-06
103,3.0,0.068,249.89999999999998,0.006506180871828237,0.5419648666232919,0.20400000000000001,26.63130000000001,0.10656782713085239,0.0053748850591369135,0.701667531742123,1.279830215812922e-06
61,3.0999999999999943,0.068,252.99999999999997,0.006723053567555832,0.5486879201908478,0.21079999999999963,26.84210000000001,0.10609525691699609,0.0055540478944414665,0.7072215796365645,1.3665742637735703e-06
44,3.0,0.067,255.99999999999997,0.006506180871828237,0.555194101062676,0.201,27.04310000000001,0.10563710937500005,0.005295842631796665,0.7125174222683611,1.4649186552827239e-06
87,3.0,0.066,259.0,0.006506180871828237,0.5617002819345042,0.198,27.24110000000001,0.10517799227799232,0.005216800204456416,0.7177342224728175,1.6625025053922028e-06
39,3.1000000000000085,0.066,262.1,0.006723053567555863,0.56842333550206,0.20460000000000056,27.44570000000001,0.1047146127432278,0.005390693544604978,0.7231249160174225,1.775183230757684e-06
109,3.099999999999966,0.065,265.2,0.00672305356755577,0.5751463890696158,0.2014999999999978,27.64720000000001,0.10425037707390652,0.005309016369686647,0.7284339323871091,1.9995011969575616e-06
29,3.1000000000000085,0.065,268.3,0.006723053567555863,0.5818694426371717,0.20150000000000057,27.848700000000008,0.10379686917629521,0.00530901636968672,0.7337429487567958,1.9995011969576167e-06
26,3.0999999999999943,0.065,271.4,0.006723053567555832,0.5885924962047275,0.20149999999999962,28.050200000000007,0.1033537214443626,0.005309016369686696,0.7390519651264825,1.9995011969575985e-06
47,3.0,0.065,274.4,0.006506180871828237,0.5950986770765557,0.195,28.245200000000008,0.10293440233236155,0.005137757777116167,0.7441897229035986,1.8725817661413584e-06
105,3.1000000000000227,0.064,277.5,0.0067230535675558934,0.6018217306441116,0.19840000000000146,28.44360000000001,0.1024994594594595,0.005227339194768487,0.7494170620983671,2.237161484962826e-06
30,3.0,0.064,280.5,0.006506180871828237,0.6083279115159398,0.192,28.63560000000001,0.10208770053475939,0.005058715349775918,0.754475777448143,2.095156437530191e-06
115,3.0,0.064,283.5,0.006506180871828237,0.614834092387768,0.192,28.82760000000001,0.10168465608465613,0.005058715349775918,0.7595344927979188,2.095156437530191e-06
98,3.099999999999966,0.064,286.59999999999997,0.00672305356755577,0.6215571459553237,0.19839999999999783,29.02600000000001,0.10127704117236572,0.005227339194768392,0.7647618319926872,2.237161484962744e-06
63,3.0,0.063,289.59999999999997,0.006506180871828237,0.6280633268271519,0.189,29.21500000000001,0.1008805248618785,0.00497967292243567,0.7697415049151228,2.330226519558701e-06
93,3.0,0.063,292.59999999999997,0.006506180871828237,0.6345695076989801,0.189,29.40400000000001,0.10049213943950791,0.00497967292243567,0.7747211778375585,2.330226519558701e-06
28,3.0,0.063,295.59999999999997,0.006506180871828237,0.6410756885708083,0.189,29.59300000000001,0.1001116373477673,0.00497967292243567,0.7797008507599941,2.330226519558701e-06
122,3.0,0.063,298.59999999999997,0.006506180871828237,0.6475818694426365,0.189,29.78200000000001,0.0997387809778969,0.00497967292243567,0.7846805236824297,2.330226519558701e-06
75,3.0999999999999943,0.062,301.69999999999993,0.006723053567555832,0.6543049230101924,0.19219999999999965,29.97420000000001,0.09935101093801796,0.005063984844931925,0.7897445085273617,2.752509026388922e-06
84,2.9000000000000057,0.061,304.5999999999999,0.0062893081761006405,0.660594231186293,0.17690000000000033,30.15110000000001,0.09898588312541044,0.004660868465496675,0.7944053769928583,2.6518158910719282e-06
90,3.1000000000000227,0.061,307.69999999999993,0.0067230535675558934,0.6673172847538489,0.18910000000000138,30.34020000000001,0.09860318492037705,0.004982307670013714,0.799387684662872,3.0301962798099295e-06
144,3.099999999999966,0.061,310.7999999999999,0.00672305356755577,0.6740403383214046,0.1890999999999979,30.529300000000006,0.09822812097812103,0.004982307670013623,0.8043699923328856,3.030196279809818e-06
107,3.0,0.061,313.7999999999999,0.006506180871828237,0.6805465191932328,0.183,30.712300000000006,0.09787221159974512,0.004821588067755172,0.8091915804006408,2.8378529155347518e-06
96,3.1000000000000227,0.06,316.8999999999999,0.0067230535675558934,0.6872695727607887,0.18600000000000136,30.898300000000006,0.09750173556326922,0.004900630495095456,0.8140922108957362,3.3212258550361416e-06
70,3.1000000000000227,0.059,319.99999999999994,0.0067230535675558934,0.6939926263283446,0.18290000000000134,31.081200000000006,0.09712875000000004,0.004818953320177199,0.8189111642159135,3.625597752067608e-06
110,2.0,0.059,321.99999999999994,0.004337453914552158,0.6983300802428968,0.118,31.199200000000005,0.09689192546583854,0.003109002142049783,0.8220201663579633,1.509093757364227e-06
100,3.0,0.059,324.99999999999994,0.006506180871828237,0.704836261114725,0.177,31.376200000000004,0.09654215384615387,0.0046635032130746745,0.8266836695710379,3.39546095406951e-06
150,3.099999999999966,0.058,328.0999999999999,0.00672305356755577,0.7115593146822807,0.17979999999999804,31.556,0.09617799451386776,0.004737276145258855,0.8314209457162968,3.943311970904184e-06
149,3.0,0.058,331.0999999999999,0.006506180871828237,0.7180654955541089,0.17400000000000002,31.73,0.09583207490184237,0.004584460785734426,0.8360054065020311,3.693008089296403e-06
54,3.0,0.058,334.0999999999999,0.006506180871828237,0.7245716764259371,0.17400000000000002,31.904,0.0954923675546244,0.004584460785734426,0.8405898672877655,3.693008089296403e-06
147,3.0,0.058,337.0999999999999,0.006506180871828237,0.7310778572977653,0.17400000000000002,32.078,0.09515870661524774,0.004584460785734426,0.8451743280734999,3.693008089296403e-06
142,3.1000000000000227,0.058,340.19999999999993,0.0067230535675558934,0.7378009108653212,0.17980000000000132,32.2578,0.09482010582010585,0.0047372761452589415,0.8499116042187589,3.943311970904329e-06
88,3.099999999999966,0.057,343.2999999999999,0.00672305356755577,0.7445239644328769,0.17669999999999805,32.4345,0.09447859015438395,0.004655598970340598,0.8545672031890995,4.274368511546149e-06
34,3.0,0.057,346.2999999999999,0.006506180871828237,0.7510301453047051,0.171,32.6055,0.09415391279237657,0.004505418358394177,0.8590726215474936,4.003050635162975e-06
45,3.0999999999999943,0.056,349.39999999999986,0.006723053567555832,0.757753198872261,0.1735999999999997,32.7791,0.09381539782484262,0.004573921795422385,0.863646543342916,4.618767373993454e-06
124,3.099999999999966,0.055,352.49999999999983,0.00672305356755577,0.7644762524398168,0.17049999999999813,32.9496,0.09347404255319153,0.004492244620504086,0.8681387879634201,4.976508558245845e-06
148,3.1000000000000227,0.055,355.59999999999985,0.0067230535675558934,0.7711993060073726,0.17050000000000126,33.1201,0.09313863892013502,0.004492244620504169,0.8726310325839243,4.976508558246028e-06
33,3.0999999999999943,0.055,358.6999999999998,0.006723053567555832,0.7779223595749285,0.17049999999999968,33.2906,0.09280903261778649,0.0044922446205041275,0.8771232772044284,4.9765085582459365e-06
48,3.1000000000000227,0.055,361.79999999999984,0.0067230535675558934,0.7846454131424844,0.17050000000000126,33.4611,0.09248507462686571,0.004492244620504169,0.8816155218249325,4.976508558246028e-06
121,3.0,0.054,364.79999999999984,0.006506180871828237,0.7911515940143126,0.162,33.6231,0.09216858552631584,0.004268291076373431,0.8858838129013059,5.008150736600754e-06
152,3.0,0.054,367.79999999999984,0.006506180871828237,0.7976577748861408,0.162,33.7851,0.09185725938009792,0.004268291076373431,0.8901521039776793,5.008150736600754e-06
127,3.0,0.054,370.79999999999984,0.006506180871828237,0.804163955757969,0.162,33.9471,0.09155097087378644,0.004268291076373431,0.8944203950540527,5.008150736600754e-06
91,3.0,0.054,373.79999999999984,0.006506180871828237,0.8106701366297971,0.162,34.1091,0.09124959871589089,0.004268291076373431,0.8986886861304261,5.008150736600754e-06
102,3.0,0.054,376.79999999999984,0.006506180871828237,0.8171763175016253,0.162,34.2711,0.09095302547770703,0.004268291076373431,0.9029569772067995,5.008150736600754e-06
97,3.0,0.054,379.79999999999984,0.006506180871828237,0.8236824983734535,0.162,34.433099999999996,0.09066113744075832,0.004268291076373431,0.9072252682831728,5.008150736600754e-06
76,3.0,0.052,382.79999999999984,0.006506180871828237,0.8301886792452817,0.156,34.589099999999995,0.09035815047021946,0.004110206221692933,0.9113354745048657,5.74069452409099e-06
146,3.1000000000000227,0.052,385.89999999999986,0.0067230535675558934,0.8369117328128376,0.16120000000000118,34.750299999999996,0.09005001295672456,0.004247213095749395,0.9155826876006151,6.129786041835025e-06
130,3.099999999999966,0.052,388.99999999999983,0.00672305356755577,0.8436347863803934,0.1611999999999982,34.9115,0.08974678663239077,0.004247213095749317,0.9198299006963644,6.129786041834798e-06
112,3.1000000000000227,0.051,392.09999999999985,0.0067230535675558934,0.8503578399479492,0.15810000000000116,35.0696,0.08944044886508547,0.004165535920831138,0.9239954366171955,6.540896513308534e-06
69,3.0,0.05,395.09999999999985,0.006506180871828237,0.8568640208197774,0.15000000000000002,35.2196,0.08914097696785628,0.003952121367012436,0.9279475579842079,6.523219954139932e-06
77,3.0,0.049,398.09999999999985,0.006506180871828237,0.8633702016916056,0.14700000000000002,35.3666,0.08883848279326804,0.0038730789396721876,0.9318206369238801,6.93322578512392e-06
57,3.0999999999999943,0.048,401.1999999999998,0.006723053567555832,0.8700932552591615,0.14879999999999974,35.5154,0.0885229312063809,0.00392050439607633,0.9357411413199563,7.854281858560447e-06
128,3.1000000000000227,0.048,404.29999999999984,0.0067230535675558934,0.8768163088267173,0.1488000000000011,35.6642,0.08821221864951773,0.003920504396076365,0.9396616457160327,7.854281858560591e-06
125,3.0,0.048,407.29999999999984,0.006506180871828237,0.8833224896985455,0.14400000000000002,35.8082,0.0879160324085441,0.003794036512331939,0.9434556822283646,7.355727026747585e-06
65,3.0999999999999943,0.047,410.39999999999986,0.006723053567555832,0.8900455432661014,0.14569999999999975,35.9539,0.0876069688109162,0.0038388272211580727,0.9472945094495226,8.31876161725497e-06
141,3.0,0.047,413.39999999999986,0.006506180871828237,0.8965517241379296,0.14100000000000001,36.094899999999996,0.08731228834059025,0.00371499408499169,0.9510095035345143,7.790723679010926e-06
53,3.0999999999999943,0.046,416.4999999999999,0.006723053567555832,0.9032747777054855,0.14259999999999973,36.2375,0.08700480192076833,0.0037571500462398153,0.9547666535807541,8.796583697754747e-06
154,3.0,0.045,419.4999999999999,0.006506180871828237,0.9097809585773137,0.135,36.372499999999995,0.08670441001191896,0.0035569092303111925,0.9583235628110652,8.698203215456643e-06
62,3.0999999999999943,0.045,422.5999999999999,0.006723053567555832,0.9165040121448695,0.13949999999999974,36.51199999999999,0.08639848556554662,0.0036754728713215587,0.9619990356823868,9.287748100059779e-06
151,3.0,0.045,425.5999999999999,0.006506180871828237,0.9230101930166977,0.135,36.64699999999999,0.08610667293233082,0.0035569092303111925,0.9655559449126979,8.698203215456643e-06
50,2.8000000000000114,0.044,428.3999999999999,0.006072435480373045,0.9290826284970708,0.12320000000000049,36.77019999999999,0.0858314659197012,0.003246009016106227,0.9688019539288042,7.988686557907828e-06
56,3.0,0.043,431.3999999999999,0.006506180871828237,0.935588809368899,0.129,36.899199999999986,0.08553361149745015,0.003398824375630695,0.9722007783044349,9.655664394461065e-06
119,3.0,0.042,434.3999999999999,0.006506180871828237,0.9420949902407272,0.126,37.025199999999984,0.08523296500920809,0.003319781948290446,0.9755205602527253,1.0153138099922788e-05
143,3.0,0.039,437.3999999999999,0.006506180871828237,0.9486011711125554,0.11699999999999999,37.14219999999998,0.08491586648376769,0.0030826546662696998,0.9786032149189949,1.1720531680146032e-05
132,3.1000000000000227,0.038,440.49999999999994,0.0067230535675558934,0.9553242246801112,0.11780000000000086,37.259999999999984,0.08458569807037455,0.003103732646893789,0.9817069475658887,1.3099483926742389e-05
129,3.0,0.038,443.49999999999994,0.006506180871828237,0.9618304055519394,0.11399999999999999,37.37399999999998,0.08427057497181507,0.003003612238929451,0.9847105598048181,1.2267987028166467e-05
145,3.0,0.037,446.49999999999994,0.006506180871828237,0.9683365864237676,0.11099999999999999,37.48499999999998,0.08395296752519593,0.0029245698115892022,0.9876351296164073,1.2827937786826576e-05
58,2.9000000000000057,0.035,449.4,0.0062893081761006405,0.9746258945998683,0.10150000000000022,37.58649999999998,0.0836370716510903,0.0026742687916784208,0.9903093984080857,1.3068509750923786e-05
38,3.0,0.033,452.4,0.006506180871828237,0.9811320754716965,0.099,37.685499999999976,0.083301282051282,0.002608400102228208,0.9929177985103139,1.5192694927863792e-05
52,3.0,0.032,455.4,0.006506180871828237,0.9876382563435246,0.096,37.78149999999997,0.08296332894158975,0.002529357674887959,0.9954471561852019,1.581512273972229e-05
117,2.5,0.032,457.9,0.005421817393190197,0.9930600737367148,0.08,37.86149999999997,0.08268508407949328,0.0021077980624066325,0.9975549542476085,1.0982724124807143e-05
59,3.200000000000017,0.029,461.1,0.0069399262632834895,0.9999999999999982,0.0928000000000005,37.954299999999975,0.08231251355454343,0.0024450457523917065,1.0000000000000002,2.020395080719477e-05
