,weight,grade,cml_weight,weight_pct,cml_weight_pct,yield,cml_yield,cml_grade,recovery,cml_recovery,distributional_heterogeneity
38,3.1000000000000227,0.319,3.1000000000000227,0.012469831053901941,0.012469831053901941,0.9889000000000072,0.9889000000000072,0.319,0.03541068372089719,0.03541068372089719,0.000526282721088783
2,3.1000000000000014,0.284,6.200000000000024,0.012469831053901854,0.024939662107803795,0.8804000000000003,1.8693000000000075,0.30150000000000005,0.03152549898662925,0.06693618270752644,0.0003631184803623752
69,1.9000000000000057,0.244,8.10000000000003,0.007642799678197931,0.03258246178600173,0.4636000000000014,2.332900000000009,0.2880123456790124,0.016600660302364106,0.08353684300989055,8.024326696198682e-05
14,3.0999999999999943,0.227,11.200000000000024,0.012469831053901826,0.04505229283990356,0.7036999999999988,3.0366000000000075,0.27112500000000006,0.025198198133678962,0.10873504114356951,0.0001620113285175542
3,3.0,0.199,14.200000000000024,0.012067578439259855,0.05711987127916341,0.597,3.6336000000000075,0.25588732394366204,0.021377468077030504,0.13011250922060003,8.667404506746933e-05
11,3.0,0.198,17.200000000000024,0.012067578439259855,0.06918744971842326,0.5940000000000001,4.227600000000008,0.24579069767441872,0.021270043614331862,0.15138255283493188,8.468536529841303e-05
50,3.0,0.196,20.200000000000024,0.012067578439259855,0.08125502815768312,0.5880000000000001,4.815600000000008,0.2383960396039605,0.02105519468893457,0.17243774752386645,8.077724585141695e-05
20,3.0,0.186,23.200000000000024,0.012067578439259855,0.09332260659694298,0.558,5.373600000000008,0.23162068965517252,0.01998095006194811,0.19241869758581456,6.262145043876774e-05
15,3.0999999999999943,0.185,26.30000000000002,0.012469831053901826,0.10579243765084481,0.5734999999999989,5.947100000000007,0.2261254752851712,0.02053597645255774,0.21295467403837232,6.506270159225797e-05
13,3.0,0.181,29.30000000000002,0.012067578439259855,0.11786001609010467,0.5429999999999999,6.490100000000007,0.221505119453925,0.01944382774845488,0.2323985017868272,5.440905387140009e-05
4,3.0,0.173,32.30000000000002,0.012067578439259855,0.12992759452936453,0.5189999999999999,7.009100000000007,0.2170000000000001,0.01858443204686571,0.2509829338336929,4.246938094296549e-05
1,9.099999999999998,0.17,41.40000000000002,0.03660498793242155,0.1665325824617861,1.5469999999999997,8.556100000000008,0.20666908212560395,0.055395214598268315,0.3063781484319612,0.0003530726181538988
6,3.0,0.167,44.40000000000002,0.012067578439259855,0.17860016090104594,0.501,9.057100000000007,0.20398873873873882,0.01793988527067384,0.32431803370263507,3.448398752227137e-05
67,3.0,0.165,47.40000000000002,0.012067578439259855,0.1906677393403058,0.495,9.552100000000006,0.20152109704641355,0.017725036345276547,0.3420430700479116,3.20068299583508e-05
21,6.1000000000000085,0.165,53.50000000000003,0.024537409493161737,0.21520514883346753,1.0065000000000015,10.558600000000007,0.19735700934579442,0.0360409072353957,0.37808397728330734,0.00013233046030558187
39,3.0,0.152,56.50000000000003,0.012067578439259855,0.22727272727272738,0.45599999999999996,11.014600000000007,0.19494867256637172,0.016328518330194153,0.3944124956135015,1.8155608754155193e-05
5,3.1000000000000014,0.148,59.60000000000003,0.012469831053901854,0.23974255832662922,0.4588000000000002,11.473400000000007,0.192506711409396,0.01642878116204623,0.4108412767755477,1.5673285958776353e-05
10,3.0,0.141,62.60000000000003,0.012067578439259855,0.2518101367658891,0.42299999999999993,11.896400000000007,0.19003833865814698,0.015146849240509047,0.42598812601605673,9.481908667425857e-06
19,3.0999999999999943,0.139,65.70000000000002,0.012469831053901826,0.2642799678197909,0.43089999999999923,12.327300000000006,0.1876301369863014,0.01542973365894879,0.4414178596750055,8.761023431363803e-06
17,3.1000000000000085,0.139,68.80000000000003,0.012469831053901884,0.2767497988736928,0.4309000000000012,12.758200000000008,0.18543895348837214,0.015429733658948862,0.45684759333395436,8.761023431363884e-06
8,3.0,0.136,71.80000000000003,0.012067578439259855,0.28881737731295265,0.40800000000000003,13.166200000000007,0.18337325905292481,0.014609726927015823,0.4714573202609702,6.462518933799957e-06
16,3.0,0.135,74.80000000000003,0.012067578439259855,0.3008849557522125,0.405,13.571200000000006,0.18143315508021393,0.014502302464317177,0.48595962272528737,5.927881078191329e-06
47,3.0999999999999943,0.134,77.90000000000002,0.012469831053901826,0.31335478680611434,0.41539999999999927,13.986600000000006,0.17954557124518616,0.014874707268339121,0.5008343299936265,5.7834296067662535e-06
18,3.0,0.132,80.90000000000002,0.012067578439259855,0.3254223652453742,0.396,14.382600000000007,0.17778244746600746,0.01418002907622124,0.5150143590698478,4.462447693598561e-06
9,3.0999999999999943,0.131,84.00000000000001,0.012469831053901826,0.337892196299276,0.4060999999999993,14.788700000000006,0.17605595238095242,0.014541691433973322,0.5295560505038212,4.292605434509993e-06
43,3.0999999999999943,0.13,87.10000000000001,0.012469831053901826,0.35036202735317784,0.40299999999999925,15.191700000000004,0.17441676234213552,0.014430686155851385,0.5439867366596726,3.844952730841617e-06
54,3.0999999999999943,0.123,90.2,0.012469831053901826,0.36283185840707965,0.3812999999999993,15.573000000000004,0.172649667405765,0.013653649208997849,0.5576403858686704,1.4014254243349506e-06
12,3.1000000000000085,0.123,93.30000000000001,0.012469831053901884,0.3753016894609815,0.381300000000001,15.954300000000005,0.17100000000000004,0.013653649208997911,0.5712940350776683,1.4014254243349636e-06
7,3.1000000000000014,0.119,96.4,0.012469831053901854,0.3877715205148834,0.36890000000000017,16.323200000000007,0.16932780082987559,0.013209628096510145,0.5845036631741785,5.472996642519707e-07
46,3.0,0.117,99.4,0.012067578439259855,0.39983909895414327,0.35100000000000003,16.674200000000006,0.1677484909456741,0.012568662135741553,0.59707232530992,2.5108487087976334e-07
36,3.0,0.114,102.4,0.012067578439259855,0.41190667739340314,0.342,17.016200000000005,0.16617382812500003,0.012246388747645616,0.6093187140575657,3.197312638501108e-08
68,1.0999999999999943,0.112,103.5,0.004424778761061923,0.41633145615446504,0.12319999999999937,17.139400000000006,0.1655980676328503,0.0044115646014910295,0.6137302786590567,1.7461401316505949e-10
61,3.0,0.111,106.5,0.012067578439259855,0.4283990345937249,0.333,17.472400000000004,0.16406009389671367,0.011924115359549679,0.6256543940186063,2.0581655239928353e-08
70,3.0999999999999943,0.11,109.6,0.012469831053901826,0.44086886564762673,0.34099999999999936,17.813400000000005,0.16253102189781027,0.01221058059341271,0.6378649746120191,6.721080126381847e-08
45,3.0999999999999943,0.105,112.69999999999999,0.012469831053901826,0.45333869670152854,0.3254999999999994,18.138900000000003,0.1609485359361136,0.011655554202803042,0.6495205288148221,6.630467902353524e-07
64,3.0999999999999943,0.104,115.79999999999998,0.012469831053901826,0.46580852775543036,0.3223999999999994,18.4613,0.1594240069084629,0.011544548924681108,0.6610650777395033,8.561470186552264e-07
48,3.0,0.099,118.79999999999998,0.012067578439259855,0.47787610619469023,0.29700000000000004,18.758300000000002,0.15789814814814818,0.010635021807165931,0.6717000995466692,2.0522185041562884e-06
44,3.0,0.099,121.79999999999998,0.012067578439259855,0.4899436846339501,0.29700000000000004,19.055300000000003,0.1564474548440066,0.010635021807165931,0.6823351213538351,2.0522185041562884e-06
66,3.0999999999999943,0.099,124.89999999999998,0.012469831053901826,0.502413515687852,0.30689999999999945,19.3622,0.1550216172938351,0.01098952253407144,0.6933246438879066,2.1913133138824288e-06
52,3.0,0.097,127.89999999999998,0.012067578439259855,0.5144810941271118,0.29100000000000004,19.653200000000002,0.15366067240031278,0.010420172881768639,0.7037448167696753,2.7139450708529454e-06
37,3.0999999999999943,0.094,130.99999999999997,0.012469831053901826,0.5269509251810137,0.2913999999999995,19.9446,0.1522488549618321,0.010434496143461772,0.7141793129131371,4.142588197656028e-06
65,3.0,0.094,133.99999999999997,0.012067578439259855,0.5390185036202736,0.28200000000000003,20.2266,0.15094477611940302,0.0100978994936727,0.7242772124068098,3.879635148689323e-06
25,3.0,0.091,136.99999999999997,0.012067578439259855,0.5510860820595335,0.273,20.4996,0.1496321167883212,0.009775626105576763,0.7340528385123866,5.253045499875369e-06
35,3.0999999999999943,0.091,140.09999999999997,0.012469831053901826,0.5635559131134353,0.28209999999999946,20.7817,0.14833476088508213,0.010101480309095969,0.7441543188214825,5.609085250422457e-06
49,3.1000000000000227,0.09,143.2,0.012469831053901941,0.5760257441673373,0.279000000000002,21.060700000000004,0.14707192737430172,0.009990475030974126,0.7541447938524567,6.1472062884284235e-06
42,3.0,0.089,146.2,0.012067578439259855,0.5880933226065972,0.267,21.327700000000004,0.14588030095759238,0.009560777180179472,0.7637055710326361,6.284052552526995e-06
22,3.0999999999999943,0.089,149.29999999999998,0.012469831053901826,0.6005631536604991,0.2758999999999995,21.603600000000004,0.14469926322839924,0.009879469752852102,0.7735850407854883,6.709971669976021e-06
57,3.0,0.086,152.29999999999998,0.012067578439259855,0.6126307320997589,0.258,21.861600000000003,0.14354300722258703,0.009238503792083535,0.7828235445775719,8.003663359295823e-06
53,3.0,0.084,155.29999999999998,0.012067578439259855,0.6246983105390188,0.252,22.1136,0.14239278815196396,0.009023654866686243,0.7918471994442581,9.265470715669293e-06
26,3.1000000000000085,0.08,158.39999999999998,0.012469831053901884,0.6371681415929207,0.2480000000000007,22.361600000000003,0.1411717171717172,0.00888042224975474,0.8007276216940128,1.2883855563289028e-05
31,3.0,0.08,161.39999999999998,0.012067578439259855,0.6492357200321806,0.24,22.6016,0.14003469640644364,0.008593957015891659,0.8093215787099044,1.2066045792882479e-05
72,3.0,0.078,164.39999999999998,0.012067578439259855,0.6613032984714404,0.23399999999999999,22.8356,0.1389026763990268,0.008379108090494369,0.8177006868003988,1.3604813513722184e-05
29,3.0999999999999943,0.078,167.49999999999997,0.012469831053901826,0.6737731295253423,0.24179999999999954,23.077399999999997,0.1377755223880597,0.008658411693510832,0.8263590984939095,1.4526917540763299e-05
55,3.0,0.077,170.49999999999997,0.012067578439259855,0.6858407079646022,0.23099999999999998,23.3084,0.13670615835777128,0.008271683627795722,0.8346307821217053,1.4408817419700316e-05
71,3.1000000000000227,0.077,173.6,0.012469831053901941,0.6983105390185042,0.23870000000000174,23.5471,0.13563997695852537,0.008547406415388975,0.8431781885370943,1.5385415044813563e-05
30,3.000000000000014,0.076,176.60000000000002,0.012067578439259912,0.710378117457764,0.22800000000000106,23.775100000000002,0.1346268403171008,0.008164259165097115,0.8513424477021914,1.5235901356050777e-05
51,3.0999999999999943,0.076,179.70000000000002,0.012469831053901826,0.7228479485116659,0.23559999999999956,24.0107,0.13361547022815803,0.008436401137266963,0.8597788488394583,1.6268556892405116e-05
62,3.0999999999999943,0.075,182.8,0.012469831053901826,0.7353177795655678,0.23249999999999957,24.243199999999998,0.1326214442013129,0.00832539585914503,0.8681042446986034,1.7176343083538805e-05
24,3.0999999999999943,0.072,185.9,0.012469831053901826,0.7477876106194696,0.22319999999999957,24.466399999999997,0.13161054330285096,0.007992380024779228,0.8760966247233826,2.004756771819101e-05
33,3.0999999999999943,0.071,189.0,0.012469831053901826,0.7602574416733715,0.22009999999999957,24.686499999999995,0.1306164021164021,0.007881374746657295,0.8839779994700399,2.1053931283492122e-05
27,3.0,0.069,192.0,0.012067578439259855,0.7723250201126314,0.20700000000000002,24.893499999999996,0.1296536458333333,0.007412287926206557,0.8913902873962464,2.1671729760924026e-05
23,3.0,0.069,195.0,0.012067578439259855,0.7843925985518913,0.20700000000000002,25.100499999999997,0.1287205128205128,0.007412287926206557,0.8988025753224529,2.1671729760924026e-05
28,3.0,0.068,198.0,0.012067578439259855,0.7964601769911511,0.20400000000000001,25.304499999999997,0.12780050505050503,0.007304863463507912,0.9061074387859608,2.268345394025183e-05
58,3.0999999999999943,0.066,201.1,0.012469831053901826,0.808930008045053,0.20459999999999964,25.509099999999997,0.12684783689706614,0.007326348356047627,0.9134337871420084,2.6455414263125516e-05
34,3.0,0.062,204.1,0.012067578439259855,0.8209975864843129,0.186,25.695099999999996,0.12589465948064674,0.006660316687316036,0.9200941038293244,2.9238479654034522e-05
76,3.0,0.061,207.1,0.012067578439259855,0.8330651649235727,0.183,25.878099999999996,0.1249546112988894,0.00655289222461739,0.9266469960539419,3.0411764045967625e-05
40,3.0,0.061,210.1,0.012067578439259855,0.8451327433628326,0.183,26.061099999999996,0.12404140885292717,0.00655289222461739,0.9331998882785593,3.0411764045967625e-05
79,2.7000000000000455,0.06,212.80000000000004,0.010860820595334051,0.8559935639581666,0.16200000000000273,26.2231,0.12322885338345861,0.005800920985726968,0.9390008092642862,2.5602584059301916e-05
60,3.1000000000000227,0.06,215.90000000000006,0.012469831053901941,0.8684633950120686,0.18600000000000136,26.4091,0.12232098193608147,0.006660316687316085,0.9456611259516022,3.375045717556746e-05
56,3.0999999999999943,0.058,219.00000000000006,0.012469831053901826,0.8809332260659705,0.17979999999999968,26.5889,0.12141050228310499,0.006438306131072157,0.9520994320826743,3.6379292894715445e-05
32,3.0999999999999943,0.057,222.10000000000005,0.012469831053901826,0.8934030571198723,0.1766999999999997,26.7656,0.12051148131472307,0.006327300852950224,0.9584267329356245,3.7730677269602535e-05
63,3.0,0.056,225.10000000000005,0.012067578439259855,0.9054706355591322,0.168,26.9336,0.11965171035095509,0.006015769911124162,0.9644425028467487,3.6624386461215894e-05
77,1.8000000000000114,0.056,226.90000000000006,0.007240547063555958,0.9127111826226881,0.10080000000000064,27.034399999999998,0.1191467606875275,0.00360946194667452,0.9680519647934233,1.318477912603789e-05
59,3.0,0.054,229.90000000000006,0.012067578439259855,0.924778761061948,0.162,27.196399999999997,0.1182966507177033,0.00580092098572687,0.9738528857791501,3.92709956399205e-05
41,3.0999999999999943,0.054,233.00000000000006,0.012469831053901826,0.9372485921158499,0.1673999999999997,27.363799999999998,0.11744120171673816,0.0059942850185844216,0.9798471707977345,4.193269645551495e-05
73,3.099999999999966,0.05,236.10000000000002,0.012469831053901712,0.9497184231697516,0.1549999999999983,27.518799999999995,0.11655569673867003,0.005550263906096637,0.9853974347038311,4.788040951298327e-05
75,3.1000000000000227,0.048,239.20000000000005,0.012469831053901941,0.9621882542236536,0.1488000000000011,27.667599999999997,0.11566722408026753,0.005328253349852869,0.990725688053684,5.100213210297082e-05
78,3.099999999999966,0.04,242.3,0.012469831053901712,0.9746580852775554,0.12399999999999864,27.791599999999995,0.11469913330581921,0.0044402111248773085,0.9951658991785614,6.447479620458587e-05
74,3.0,0.034,245.3,0.012067578439259855,0.9867256637168152,0.10200000000000001,27.893599999999996,0.11371218915613532,0.003652431731753956,0.9988183309103154,7.081469410884736e-05
0,3.3000000000000007,0.01,248.60000000000002,0.013274336283185842,1.000000000000001,0.03300000000000001,27.926599999999997,0.1123354786806114,0.0011816690896851035,1.0000000000000004,0.00014623259985276904
