,weight,grade,cml_weight,weight_pct,cml_weight_pct,yield,cml_yield,cml_grade,recovery,cml_recovery,distributional_heterogeneity
6,0.8000000000000007,0.199,0.8000000000000007,0.0022566995768688305,0.0022566995768688305,0.15920000000000015,0.15920000000000015,0.199,0.023619477166849655,0.023619477166849655,0.00045636826635898686
55,1.9000000000000057,0.145,2.7000000000000064,0.005359661495063484,0.007616361071932315,0.2755000000000008,0.434700000000001,0.16099999999999998,0.0408741580368536,0.06449363520370326,0.001261279464616822
39,3.0,0.1,5.700000000000006,0.008462623413258107,0.01607898448519042,0.30000000000000004,0.734700000000001,0.12889473684210528,0.044509065012907606,0.10900270021661086,0.0012993459519969415
15,1.0,0.079,6.700000000000006,0.0028208744710860358,0.018899858956276456,0.079,0.813700000000001,0.12144776119402988,0.011720720453399001,0.12072342067000986,7.920725850889223e-05
54,2.5,0.079,9.200000000000006,0.007052186177715089,0.025952045133991547,0.1975,1.011200000000001,0.1099130434782609,0.029301801133497507,0.15002522180350736,0.0004950453656805764
72,3.1000000000000227,0.063,12.30000000000003,0.008744710860366775,0.03469675599435832,0.19530000000000144,1.2065000000000023,0.0980894308943089,0.028975401323403063,0.17900062312691042,0.00040928083661118727
43,3.0,0.054,15.30000000000003,0.008462623413258107,0.043159379407616424,0.162,1.3685000000000023,0.08944444444444442,0.024034895106970107,0.20303551823388052,0.00024249564570278393
83,3.1000000000000227,0.042,18.400000000000052,0.008744710860366775,0.0519040902679832,0.13020000000000095,1.4987000000000033,0.08145108695652169,0.01931693421560204,0.22235245244948257,0.00011177190667298204
66,3.0999999999999943,0.042,21.500000000000046,0.008744710860366696,0.060648801128349895,0.13019999999999976,1.628900000000003,0.07576279069767439,0.019316934215601864,0.24166938666508442,0.00011177190667297998
46,3.0999999999999943,0.039,24.60000000000004,0.008744710860366696,0.06939351198871659,0.12089999999999977,1.7498000000000027,0.071130081300813,0.01793715320020173,0.25960653986528615,8.450099617119181e-05
65,3.0,0.037,27.60000000000004,0.008462623413258107,0.0778561354019747,0.11099999999999999,1.8608000000000027,0.06742028985507247,0.01646835405477581,0.27607489392006196,6.409172310453547e-05
5,0.5,0.036,28.10000000000004,0.0014104372355430179,0.07926657263751771,0.018,1.8788000000000027,0.0668612099644128,0.002670543900774456,0.27874543782083644,1.587868807760695e-06
73,3.0,0.035,31.10000000000004,0.008462623413258107,0.08772919605077582,0.10500000000000001,1.9838000000000027,0.06378778135048231,0.015578172754517661,0.2943236105753541,5.063104242789928e-05
82,3.0,0.032,34.10000000000004,0.008462623413258107,0.09619181946403393,0.096,2.0798000000000028,0.06099120234604107,0.014242900804130433,0.30856651137948454,3.341160671542977e-05
17,3.1000000000000014,0.032,37.20000000000004,0.008744710860366715,0.10493653032440065,0.09920000000000005,2.179000000000003,0.05857526881720432,0.014717664164268122,0.32328417554375266,3.567617117058671e-05
74,3.0999999999999943,0.03,40.30000000000003,0.008744710860366696,0.11368124118476734,0.09299999999999983,2.272000000000003,0.05637717121588092,0.013797810154001331,0.337081985697754,2.553381247133085e-05
75,3.0,0.027,43.30000000000003,0.008462623413258107,0.12214386459802545,0.081,2.353000000000003,0.054341801385681315,0.012017447553485053,0.34909943325123904,1.2636774667940236e-05
44,3.0999999999999943,0.027,46.40000000000003,0.008744710860366696,0.13088857545839214,0.08369999999999984,2.4367000000000028,0.05251508620689658,0.012418029138601197,0.3615174623898402,1.3493267173211692e-05
120,3.1000000000000227,0.027,49.50000000000005,0.008744710860366775,0.1396332863187589,0.08370000000000061,2.5204000000000035,0.050917171717171736,0.012418029138601312,0.3739354915284415,1.3493267173211939e-05
71,3.0,0.026,52.50000000000005,0.008462623413258107,0.148095909732017,0.078,2.5984000000000034,0.04949333333333335,0.011572356903355976,0.3855078484317975,9.670442379436269e-06
76,3.0999999999999943,0.025,55.600000000000044,0.008744710860366696,0.15684062059238368,0.07749999999999986,2.675900000000003,0.04812769784172664,0.011498175128334443,0.3970060235601319,7.5815654749751665e-06
118,3.1000000000000227,0.025,58.70000000000007,0.008744710860366775,0.16558533145275045,0.07750000000000057,2.7534000000000036,0.04690630323679728,0.011498175128334547,0.4085041986884665,7.581565474975306e-06
16,2.0,0.025,60.70000000000007,0.0056417489421720715,0.17122708039492252,0.05,2.8034000000000034,0.0461845140032949,0.007418177502151267,0.4159223761906178,3.1556984287097585e-06
37,3.0,0.024,63.70000000000007,0.008462623413258107,0.1796897038081806,0.07200000000000001,2.8754000000000035,0.04513971742543172,0.010682175603097826,0.4266045517937156,4.9264119234222825e-06
36,3.0999999999999943,0.024,66.80000000000007,0.008744710860366696,0.1884344146685473,0.07439999999999987,2.9498000000000033,0.044158682634730544,0.011038248123201066,0.4376427999169167,5.260313176009774e-06
38,3.1000000000000085,0.024,69.90000000000008,0.008744710860366735,0.19717912552891403,0.0744000000000002,3.0242000000000036,0.04326466380543634,0.011038248123201115,0.44868104804011777,5.260313176009822e-06
88,3.0,0.023,72.90000000000008,0.008462623413258107,0.20564174894217213,0.069,3.0932000000000035,0.04243072702331962,0.01023708495296875,0.45891813299308654,3.148713755912257e-06
14,3.1000000000000014,0.023,76.00000000000009,0.008744710860366715,0.21438645980253884,0.07130000000000003,3.1645000000000034,0.04163815789473684,0.010578321118067712,0.46949645411115426,3.3621265771463128e-06
18,3.0,0.023,79.00000000000009,0.008462623413258107,0.22284908321579694,0.069,3.2335000000000034,0.040930379746835444,0.01023708495296875,0.479733539064123,3.148713755912257e-06
68,3.0999999999999943,0.023,82.10000000000008,0.008744710860366696,0.23159379407616362,0.07129999999999986,3.3048000000000033,0.040253349573690624,0.010578321118067686,0.4903118601821907,3.362126577146297e-06
56,1.6999999999999886,0.022,83.80000000000007,0.0047954866008462285,0.23638928067700984,0.037399999999999746,3.342200000000003,0.03988305489260144,0.00554879677160911,0.4958606569537998,5.674762133748015e-07
2,3.0,0.021,86.80000000000007,0.008462623413258107,0.24485190409026794,0.063,3.4052000000000033,0.03923041474654378,0.009346903652710596,0.5052075606065104,7.819515418861518e-07
24,3.0999999999999943,0.021,89.90000000000006,0.008744710860366696,0.2535966149506346,0.06509999999999988,3.470300000000003,0.03860177975528366,0.009658467107800932,0.5148660277143113,8.349504797250988e-07
12,3.1000000000000014,0.021,93.00000000000006,0.008744710860366715,0.26234132581100134,0.06510000000000003,3.535400000000003,0.03801505376344087,0.009658467107800954,0.5245244948221123,8.349504797251028e-07
78,3.0999999999999943,0.02,96.10000000000005,0.008744710860366696,0.27108603667136805,0.06199999999999989,3.597400000000003,0.03743392299687826,0.009198540102667555,0.5337230349247798,2.0596098116737192e-07
117,3.0,0.02,99.10000000000005,0.008462623413258107,0.27954866008462614,0.06,3.657400000000003,0.0369061553985873,0.00890181300258152,0.5426248479273613,1.9288749537006808e-07
89,3.1000000000000227,0.02,102.20000000000007,0.008744710860366775,0.2882933709449929,0.06200000000000046,3.7194000000000034,0.03639334637964776,0.009198540102667638,0.551823388030029,2.0596098116737573e-07
25,3.0999999999999943,0.02,105.30000000000007,0.008744710860366696,0.2970380818053596,0.06199999999999989,3.781400000000003,0.03591073124406458,0.009198540102667555,0.5610219281326965,2.0596098116737192e-07
31,3.1000000000000085,0.02,108.40000000000008,0.008744710860366735,0.30578279266572633,0.06200000000000017,3.8434000000000035,0.03545571955719558,0.009198540102667596,0.5702204682353641,2.0596098116737383e-07
20,3.0,0.019,111.40000000000008,0.008462623413258107,0.31424541607898443,0.056999999999999995,3.9004000000000034,0.03501256732495513,0.008456722352452444,0.5786771905878165,3.482251863213788e-11
102,3.0,0.019,114.40000000000008,0.008462623413258107,0.3227080394922425,0.056999999999999995,3.9574000000000034,0.034592657342657346,0.008456722352452444,0.587133912940269,3.482251863213788e-11
26,3.0,0.019,117.40000000000008,0.008462623413258107,0.3311706629055006,0.056999999999999995,4.014400000000004,0.03419420783645657,0.008456722352452444,0.5955906352927214,3.482251863213788e-11
11,3.0,0.019,120.40000000000008,0.008462623413258107,0.3396332863187587,0.056999999999999995,4.071400000000004,0.033815614617940214,0.008456722352452444,0.6040473576451738,3.482251863213788e-11
3,3.0999999999999996,0.019,123.50000000000007,0.00874471086036671,0.34837799717912543,0.058899999999999994,4.1303000000000045,0.03344372469635629,0.008738613097534192,0.612785970742708,3.718271156164944e-11
29,3.0999999999999943,0.019,126.60000000000007,0.008744710860366696,0.35712270803949214,0.05889999999999989,4.189200000000004,0.03309004739336494,0.008738613097534176,0.6215245838402422,3.718271156164931e-11
99,3.1000000000000227,0.019,129.7000000000001,0.008744710860366775,0.3658674188998589,0.05890000000000043,4.248100000000004,0.03275327679259831,0.008738613097534256,0.6302631969377764,3.7182711561649996e-11
1,3.0999999999999996,0.019,132.8000000000001,0.00874471086036671,0.3746121297602256,0.058899999999999994,4.307000000000005,0.032432228915662664,0.008738613097534192,0.6390018100353106,3.718271156164944e-11
119,3.0,0.018,135.8000000000001,0.008462623413258107,0.3830747531734837,0.05399999999999999,4.361000000000005,0.032113402061855686,0.008011631702323368,0.647013441737634,2.03393523331844e-07
67,3.0,0.018,138.8000000000001,0.008462623413258107,0.3915373765867418,0.05399999999999999,4.415000000000005,0.03180835734870319,0.008011631702323368,0.6550250734399573,2.03393523331844e-07
13,3.0,0.018,141.8000000000001,0.008462623413258107,0.3999999999999999,0.05399999999999999,4.469000000000006,0.031516220028208766,0.008011631702323368,0.6630367051422806,2.03393523331844e-07
30,3.0,0.017,144.8000000000001,0.008462623413258107,0.408462623413258,0.051000000000000004,4.520000000000006,0.03121546961325969,0.007566541052194293,0.670603246194475,8.029635978097009e-07
33,3.0999999999999943,0.017,147.9000000000001,0.008744710860366696,0.4172073342736247,0.05269999999999991,4.5727000000000055,0.030917511832319153,0.007818759087267422,0.6784220052817423,8.573866861056885e-07
92,3.0,0.017,150.9000000000001,0.008462623413258107,0.4256699576868828,0.051000000000000004,4.623700000000006,0.030640821736249192,0.007566541052194293,0.6859885463339367,8.029635978097009e-07
7,1.6999999999999993,0.017,152.60000000000008,0.004795486600846259,0.4304654442877291,0.02889999999999999,4.652600000000006,0.030488859764089143,0.004287706596243431,0.6902762529301801,2.5784053307444817e-07
90,3.0,0.017,155.60000000000008,0.008462623413258107,0.4389280677009872,0.051000000000000004,4.703600000000006,0.030228791773778945,0.007566541052194293,0.6978427939823745,8.029635978097009e-07
34,3.0,0.017,158.60000000000008,0.008462623413258107,0.4473906911142453,0.051000000000000004,4.754600000000006,0.029978562421185396,0.007566541052194293,0.7054093350345688,8.029635978097009e-07
4,3.0,0.016,161.60000000000008,0.008462623413258107,0.4558533145275034,0.048,4.802600000000006,0.029719059405940617,0.007121450402065217,0.7125307854366341,1.7987450459522068e-06
93,3.1000000000000227,0.016,164.7000000000001,0.008744710860366775,0.46459802538787015,0.049600000000000366,4.852200000000007,0.02946083788706742,0.007358832082134111,0.7198896175187681,1.9206599879556623e-06
115,3.0,0.016,167.7000000000001,0.008462623413258107,0.47306064880112825,0.048,4.900200000000007,0.02922003577817534,0.007121450402065217,0.7270110679208334,1.7987450459522068e-06
69,3.0,0.015,170.7000000000001,0.008462623413258107,0.48152327221438634,0.045,4.945200000000007,0.028970123022847124,0.00667635975193614,0.7336874276727695,3.190737867759361e-06
77,3.0,0.015,173.7000000000001,0.008462623413258107,0.48998589562764444,0.045,4.990200000000007,0.0287288428324698,0.00667635975193614,0.7403637874247057,3.190737867759361e-06
91,3.099999999999966,0.015,176.80000000000007,0.008744710860366614,0.49873060648801104,0.046499999999999486,5.036700000000006,0.028488122171945723,0.0068989050770006015,0.7472626925017063,3.4069989899074207e-06
35,3.0,0.015,179.80000000000007,0.008462623413258107,0.5071932299012691,0.045,5.081700000000006,0.028263070077864317,0.00667635975193614,0.7539390522536424,3.190737867759361e-06
53,3.0,0.015,182.80000000000007,0.008462623413258107,0.5156558533145272,0.045,5.126700000000006,0.028045404814004398,0.00667635975193614,0.7606154120055786,3.190737867759361e-06
98,3.0,0.015,185.80000000000007,0.008462623413258107,0.5241184767277853,0.045,5.171700000000006,0.02783476856835309,0.00667635975193614,0.7672917717575147,3.190737867759361e-06
23,3.0,0.015,188.80000000000007,0.008462623413258107,0.5325811001410434,0.045,5.216700000000006,0.02763082627118646,0.00667635975193614,0.7739681315094509,3.190737867759361e-06
27,3.1000000000000085,0.015,191.9000000000001,0.008744710860366735,0.5413258110014102,0.046500000000000125,5.263200000000006,0.02742678478374155,0.006898905077000697,0.7808670365864516,3.4069989899075143e-06
28,3.0,0.015,194.9000000000001,0.008462623413258107,0.5497884344146683,0.045,5.308200000000006,0.027235505387378157,0.00667635975193614,0.7875433963383878,3.190737867759361e-06
32,3.0,0.015,197.9000000000001,0.008462623413258107,0.5582510578279264,0.045,5.3532000000000055,0.027050025265285514,0.00667635975193614,0.7942197560903239,3.190737867759361e-06
21,3.1000000000000014,0.014,201.00000000000009,0.008744710860366715,0.5669957686882932,0.04340000000000002,5.396600000000006,0.02684875621890549,0.006438978071867303,0.8006587341621912,5.316403691961275e-06
114,3.1000000000000227,0.014,204.1000000000001,0.008744710860366775,0.5757404795486599,0.04340000000000032,5.440000000000006,0.026653601175894184,0.006438978071867347,0.8070977122340586,5.316403691961349e-06
70,3.0999999999999943,0.014,207.2000000000001,0.008744710860366696,0.5844851904090266,0.043399999999999925,5.483400000000006,0.02646428571428573,0.006438978071867289,0.8135366903059259,5.316403691961251e-06
87,3.1000000000000227,0.014,210.30000000000013,0.008744710860366775,0.5932299012693933,0.04340000000000032,5.526800000000006,0.026280551592962446,0.006438978071867347,0.8199756683777932,5.316403691961349e-06
113,3.0,0.014,213.30000000000013,0.008462623413258107,0.6016925246826514,0.042,5.568800000000006,0.02610782934833569,0.006231269101807065,0.8262069374796003,4.978942063231158e-06
100,3.0,0.014,216.30000000000013,0.008462623413258107,0.6101551480959095,0.042,5.610800000000006,0.025939898289412865,0.006231269101807065,0.8324382065814073,4.978942063231158e-06
95,3.099999999999966,0.014,219.4000000000001,0.008744710860366614,0.6188998589562762,0.04339999999999952,5.654200000000005,0.025771194165907032,0.006438978071867229,0.8388771846532745,5.316403691961153e-06
109,3.0,0.013,222.4000000000001,0.008462623413258107,0.6273624823695343,0.039,5.6932000000000045,0.025598920863309362,0.005786178451677988,0.8446633631049525,7.1633576323676076e-06
116,3.099999999999966,0.013,225.50000000000006,0.008744710860366614,0.636107193229901,0.04029999999999955,5.733500000000004,0.02542572062084258,0.0059790510667338545,0.8506424141716864,7.6488740941168e-06
0,0.9000000000000004,0.013,226.40000000000006,0.002538787023977433,0.6386459802538784,0.011700000000000004,5.745200000000004,0.025376325088339233,0.001735853535503397,0.8523782677071898,6.447021869130852e-07
48,3.0999999999999943,0.012,229.50000000000006,0.008744710860366696,0.6473906911142451,0.037199999999999935,5.782400000000004,0.025195642701525068,0.005519124061600533,0.8578973917687903,1.0404410196374538e-05
96,3.0,0.012,232.50000000000006,0.008462623413258107,0.6558533145275032,0.036000000000000004,5.818400000000004,0.025025376344086032,0.005341087801548913,0.8632384795703393,9.7439845751687e-06
8,3.1000000000000014,0.012,235.60000000000005,0.008744710860366715,0.6645980253878699,0.03720000000000002,5.855600000000004,0.024853989813242796,0.005519124061600545,0.8687576036319399,1.0404410196374588e-05
10,3.099999999999998,0.012,238.70000000000005,0.008744710860366704,0.6733427362482366,0.037199999999999976,5.892800000000005,0.02468705488060328,0.005519124061600539,0.8742767276935404,1.0404410196374564e-05
22,3.000000000000007,0.012,241.70000000000005,0.008462623413258128,0.6818053596614947,0.03600000000000009,5.928800000000005,0.024529582126603243,0.005341087801548925,0.8796178154950893,9.743984575168746e-06
81,3.0,0.011,244.70000000000005,0.008462623413258107,0.6902679830747528,0.033,5.9618000000000055,0.0243637106661218,0.004895997151419837,0.8845138126465092,1.2720822891634443e-05
101,3.099999999999966,0.011,247.8,0.008744710860366614,0.6990126939351194,0.034099999999999624,5.995900000000005,0.024196529459241344,0.005059197056467108,0.8895730097029763,1.358301199873381e-05
94,3.0,0.01,250.8,0.008462623413258107,0.7074753173483775,0.03,6.025900000000005,0.02402671451355664,0.00445090650129076,0.894023916204267,1.609387258176483e-05
19,3.0999999999999943,0.01,253.9,0.008744710860366696,0.7162200282087442,0.030999999999999944,6.056900000000005,0.023855454903505338,0.004599270051333777,0.8986231862556008,1.718467950119549e-05
108,3.1000000000000227,0.01,257.0,0.008744710860366775,0.724964739069111,0.03100000000000023,6.087900000000006,0.02368832684824905,0.004599270051333819,0.9032224563069347,1.718467950119581e-05
45,3.0,0.01,260.0,0.008462623413258107,0.7334273624823691,0.03,6.117900000000006,0.023530384615384637,0.00445090650129076,0.9076733628082254,1.609387258176483e-05
40,3.0999999999999943,0.01,263.1,0.008744710860366696,0.7421720733427357,0.030999999999999944,6.148900000000006,0.02337096161155456,0.004599270051333777,0.9122726328595592,1.718467950119549e-05
42,3.1000000000000085,0.01,266.20000000000005,0.008744710860366735,0.7509167842031025,0.031000000000000087,6.179900000000005,0.023215251690458318,0.004599270051333798,0.9168719029108929,1.7184679501195654e-05
57,3.0999999999999943,0.01,269.30000000000007,0.008744710860366696,0.7596614950634691,0.030999999999999944,6.210900000000005,0.023063126624582264,0.004599270051333777,0.9214711729622267,1.718467950119549e-05
64,3.0999999999999943,0.01,272.4000000000001,0.008744710860366696,0.7684062059238358,0.030999999999999944,6.241900000000005,0.02291446402349487,0.004599270051333777,0.9260704430135605,1.718467950119549e-05
9,3.0,0.01,275.4000000000001,0.008462623413258107,0.7768688293370939,0.03,6.271900000000005,0.02277378358750909,0.00445090650129076,0.9305213495148512,1.609387258176483e-05
85,3.0999999999999943,0.01,278.5000000000001,0.008744710860366696,0.7856135401974605,0.030999999999999944,6.302900000000005,0.022631597845601443,0.004599270051333777,0.935120619566185,1.718467950119549e-05
63,3.0,0.009,281.5000000000001,0.008462623413258107,0.7940761636107186,0.026999999999999996,6.329900000000005,0.022486323268206047,0.004005815851161684,0.9391264354173466,1.986313364555987e-05
86,2.9999999999999716,0.009,284.5000000000001,0.008462623413258027,0.8025387870239766,0.026999999999999743,6.356900000000005,0.02234411247803164,0.004005815851161646,0.9431322512685083,1.986313364555949e-05
112,3.099999999999966,0.009,287.6000000000001,0.008744710860366614,0.8112834978843433,0.027899999999999692,6.384800000000005,0.02220027816411684,0.0041393430462003614,0.9472715943147086,2.1209412703758456e-05
104,3.0,0.009,290.6000000000001,0.008462623413258107,0.8197461212976014,0.026999999999999996,6.411800000000005,0.022064005505849978,0.004005815851161684,0.9512774101658703,1.986313364555987e-05
103,3.1000000000000227,0.009,293.7000000000001,0.008744710860366775,0.8284908321579681,0.027900000000000202,6.439700000000005,0.021926115083418463,0.004139343046200437,0.9554167532120708,2.1209412703759235e-05
58,3.0,0.008,296.7000000000001,0.008462623413258107,0.8369534555712262,0.024,6.463700000000005,0.021785305021907658,0.0035607252010326084,0.9589774784131033,2.4028606083019544e-05
84,3.0,0.007,299.7000000000001,0.008462623413258107,0.8454160789844843,0.021,6.484700000000005,0.02163730397063731,0.0031156345509035324,0.9620931129640069,2.8590289894143876e-05
80,3.0999999999999943,0.007,302.80000000000007,0.008744710860366696,0.854160789844851,0.021699999999999962,6.506400000000005,0.0214874504623514,0.0032194890359336444,0.9653126019999405,3.052807620919129e-05
49,3.0,0.007,305.80000000000007,0.008462623413258107,0.8626234132581091,0.021,6.5274000000000045,0.021345323741007203,0.0031156345509035324,0.9684282365508441,2.8590289894143876e-05
97,3.1000000000000227,0.007,308.9000000000001,0.008744710860366775,0.8713681241184759,0.02170000000000016,6.549100000000005,0.02120135966332147,0.0032194890359336734,0.9716477255867778,3.052807620919186e-05
111,3.0,0.007,311.9000000000001,0.008462623413258107,0.879830747531734,0.021,6.5701000000000045,0.0210647643475473,0.0031156345509035324,0.9747633601376814,2.8590289894143876e-05
79,3.0,0.007,314.9000000000001,0.008462623413258107,0.8882933709449921,0.021,6.591100000000004,0.020930771673547167,0.0031156345509035324,0.977878994688585,2.8590289894143876e-05
106,3.0,0.006,317.9000000000001,0.008462623413258107,0.8967559943582502,0.018000000000000002,6.609100000000004,0.02078987102862536,0.0026705439007744564,0.9805495385893594,3.3548185078932856e-05
107,3.0,0.006,320.9000000000001,0.008462623413258107,0.9052186177715082,0.018000000000000002,6.627100000000004,0.020651604861327524,0.0026705439007744564,0.9832200824901339,3.3548185078932856e-05
47,3.0,0.005,323.9000000000001,0.008462623413258107,0.9136812411847663,0.015,6.642100000000004,0.020506637851188645,0.00222545325064538,0.9854455357407793,3.890229163738647e-05
59,3.0999999999999943,0.005,327.0000000000001,0.008744710860366696,0.922425952045133,0.015499999999999972,6.657600000000004,0.02035963302752294,0.0022996350256668887,0.9877451707664462,4.153900251503139e-05
110,3.1000000000000227,0.004,330.10000000000014,0.008744710860366775,0.9311706629054998,0.012400000000000092,6.670000000000004,0.020205998182368984,0.0018397080205335278,0.9895848787869798,4.767906421810521e-05
105,3.099999999999966,0.004,333.2000000000001,0.008744710860366614,0.9399153737658664,0.012399999999999864,6.682400000000004,0.02005522208883554,0.001839708020533494,0.9914245868075132,4.767906421810346e-05
41,3.0,0.004,336.2000000000001,0.008462623413258107,0.9483779971791245,0.012,6.6944000000000035,0.019911957168352177,0.0017803626005163042,0.9932049494080295,4.465260956950474e-05
62,3.1000000000000227,0.004,339.3000000000001,0.008744710860366775,0.9571227080394913,0.012400000000000092,6.706800000000004,0.019766578249336874,0.0018397080205335278,0.9950446574285631,4.767906421810521e-05
50,3.1000000000000227,0.003,342.40000000000015,0.008744710860366775,0.965867418899858,0.009300000000000069,6.7161000000000035,0.01961477803738318,0.0013797810154001458,0.9964244384439632,5.42421916212802e-05
61,3.0,0.003,345.40000000000015,0.008462623413258107,0.9743300423131162,0.009000000000000001,6.725100000000004,0.01947046902142444,0.0013352719503872282,0.9977597103943504,5.0799138875287666e-05
51,3.0,0.002,348.40000000000015,0.008462623413258107,0.9827926657263742,0.006,6.731100000000004,0.019320034443168776,0.0008901813002581521,0.9986498916946086,5.7341879554735236e-05
60,3.0,0.002,351.40000000000015,0.008462623413258107,0.9912552891396323,0.006,6.737100000000004,0.019172168468981222,0.0008901813002581521,0.9995400729948668,5.7341879554735236e-05
52,3.0999999999999943,0.001,354.5000000000001,0.008744710860366696,0.999999999999999,0.0030999999999999943,6.740200000000004,0.01901325811001411,0.00045992700513337767,1.0000000000000002,6.863764352793462e-05
