,weight,grade,cml_weight,weight_pct,cml_weight_pct,yield,cml_yield,cml_grade,recovery,cml_recovery,distributional_heterogeneity
73,3.0,0.082,3.0,0.007735946364105207,0.007735946364105207,0.246,0.246,0.082,0.0336001311224629,0.0336001311224629,0.0006689560532144623
78,3.1000000000000227,0.075,6.100000000000023,0.007993811242908773,0.01572975760701398,0.2325000000000017,0.4785000000000017,0.07844262295081966,0.031756221487693824,0.06535635261015672,0.0005646521406414655
72,3.0999999999999943,0.074,9.200000000000017,0.0079938112429087,0.02372356884992268,0.22939999999999958,0.7079000000000013,0.07694565217391304,0.03133280520119095,0.09668915781134768,0.0005447086389847353
68,3.0,0.07,12.200000000000017,0.007735946364105207,0.031459515214027886,0.21000000000000002,0.9179000000000013,0.07523770491803279,0.028683038763078088,0.12537219657442578,0.0004387806799711073
79,3.0,0.064,15.200000000000017,0.007735946364105207,0.03919546157813309,0.192,1.1099000000000012,0.07301973684210526,0.02622449258338568,0.15159668915781147,0.00034182634130247016
57,3.0,0.063,18.200000000000017,0.007735946364105207,0.046931407942238296,0.189,1.2989000000000013,0.07136813186813187,0.025814734886770274,0.17741142404458174,0.0003268425944472462
69,3.1000000000000227,0.063,21.30000000000004,0.007993811242908773,0.05492521918514707,0.19530000000000144,1.4942000000000026,0.07015023474178403,0.026675226049662815,0.20408665009424456,0.00034899525918200914
25,2.200000000000003,0.062,23.500000000000043,0.0056730273336771594,0.06059824651882423,0.1364000000000002,1.630600000000003,0.06938723404255319,0.0186303166061136,0.22271696670035818,0.0001678913452895964
64,3.0999999999999943,0.056,26.600000000000037,0.0079938112429087,0.06859205776173292,0.1735999999999997,1.8042000000000027,0.06782706766917294,0.02371131204414451,0.24642827874450268,0.0002470398314368483
10,3.1000000000000014,0.056,29.70000000000004,0.007993811242908717,0.07658586900464165,0.1736000000000001,1.977800000000003,0.0665925925925926,0.02371131204414456,0.27013959078864724,0.0002470398314368494
41,3.0,0.049,32.70000000000004,0.007735946364105207,0.08432181536874686,0.14700000000000002,2.124800000000003,0.06497859327217127,0.02007812713415466,0.29021771792280193,0.00015232942616057852
9,3.0,0.048,35.70000000000004,0.007735946364105207,0.09205776173285207,0.14400000000000002,2.2688000000000033,0.06355182072829134,0.01966836943753926,0.3098860873603412,0.0001423827204034213
115,3.099999999999966,0.044,38.800000000000004,0.007993811242908627,0.1000515729757607,0.1363999999999985,2.4052000000000016,0.06198969072164952,0.01863031660611337,0.32851640396645454,0.00011313524634148324
46,1.3000000000000114,0.043,40.100000000000016,0.0033522434244456193,0.10340381640020632,0.055900000000000484,2.461100000000002,0.06137406483790526,0.007635151746933708,0.33615155571338823,1.8343303698837743e-05
12,3.0,0.043,43.100000000000016,0.007735946364105207,0.11113976276431153,0.129,2.590100000000002,0.06009512761020884,0.01761958095446225,0.3537711366678505,9.768623271570224e-05
77,3.0,0.043,46.100000000000016,0.007735946364105207,0.11887570912841675,0.129,2.719100000000002,0.05898264642082431,0.01761958095446225,0.37139071762231274,9.768623271570224e-05
107,3.0,0.04,49.100000000000016,0.007735946364105207,0.12661165549252196,0.12,2.839100000000002,0.057822810590631386,0.01639030786461605,0.3877810254869288,7.489797298152425e-05
70,3.0999999999999943,0.034,52.20000000000001,0.0079938112429087,0.13460546673543067,0.10539999999999981,2.944500000000002,0.05640804597701152,0.014396153741087736,0.4021771792280165,4.098998946398939e-05
71,3.0,0.033,55.20000000000001,0.007735946364105207,0.14234141309953588,0.099,3.043500000000002,0.05513586956521742,0.01352200398830824,0.4156991832163247,3.3478462830598046e-05
76,3.0999999999999943,0.031,58.300000000000004,0.0079938112429087,0.1503352243424446,0.09609999999999982,3.139600000000002,0.053852487135506034,0.013125904881579994,0.4288250880979047,2.6338385116090366e-05
63,3.0,0.031,61.300000000000004,0.007735946364105207,0.1580711707065498,0.093,3.232600000000002,0.052734094616639506,0.012702488595077437,0.44152757669298215,2.4666541732030614e-05
13,3.0999999999999943,0.03,64.4,0.0079938112429087,0.1660649819494585,0.09299999999999983,3.325600000000002,0.05163975155279506,0.012702488595077414,0.45423006528805954,2.2171642406826568e-05
7,3.1000000000000014,0.03,67.5,0.007993811242908717,0.17405879319236722,0.09300000000000004,3.418600000000002,0.050645925925925955,0.012702488595077442,0.466932553883137,2.2171642406826673e-05
4,3.0,0.029,70.5,0.007735946364105207,0.18179473955647243,0.08700000000000001,3.505600000000002,0.04972482269503549,0.011882973201846636,0.4788155270849836,1.7197831592947672e-05
62,3.0999999999999943,0.028,73.6,0.0079938112429087,0.18978855079938114,0.08679999999999985,3.592400000000002,0.04880978260869568,0.011855656022072255,0.4906711831070559,1.4913845098352796e-05
67,3.0,0.027,76.6,0.007735946364105207,0.19752449716348636,0.081,3.6734000000000018,0.04795561357702353,0.011063457808615833,0.5017346409156717,1.1072332413349186e-05
14,3.0,0.026,79.6,0.007735946364105207,0.20526044352759157,0.078,3.7514000000000016,0.04712814070351761,0.010653700112000432,0.5123883410276721,8.513286933356623e-06
40,3.0999999999999943,0.024,82.69999999999999,0.0079938112429087,0.21325425477050028,0.07439999999999987,3.8258000000000014,0.04626118500604597,0.010161990876061932,0.522550331903734,4.701002921620482e-06
5,3.099999999999998,0.023,85.79999999999998,0.007993811242908709,0.221248066013409,0.07129999999999995,3.8971000000000013,0.04542074592074594,0.009738574589559361,0.5322889064932934,3.0441991358155872e-06
122,3.0,0.023,88.79999999999998,0.007735946364105207,0.2289840123775142,0.069,3.9661000000000013,0.04466328828828831,0.009424427022154229,0.5417133335154476,2.8509669326056525e-06
11,3.1000000000000014,0.023,91.89999999999998,0.007993811242908717,0.2369778236204229,0.07130000000000003,4.037400000000002,0.04393253536452669,0.009738574589559372,0.551451908105007,3.0441991358155936e-06
21,1.3000000000000114,0.023,93.19999999999999,0.0033522434244456193,0.24033006704486853,0.02990000000000026,4.067300000000002,0.04364055793991419,0.004083918376266867,0.5555358264812739,5.353482351226263e-07
26,2.3999999999999915,0.022,95.59999999999998,0.006188757091284144,0.24651882413615267,0.05279999999999981,4.120100000000002,0.04309728033472806,0.007211735460431036,0.5627475619417049,1.0464847437424334e-06
35,3.0,0.022,98.59999999999998,0.007735946364105207,0.25425477050025785,0.066,4.1861000000000015,0.04245537525354972,0.009014669325538826,0.5717622312672438,1.6351324120975639e-06
36,3.0999999999999943,0.022,101.69999999999997,0.0079938112429087,0.26224858174316656,0.06819999999999987,4.2543000000000015,0.04183185840707967,0.00931515830305677,0.5810773895703005,1.7459580533619476e-06
80,3.0999999999999943,0.021,104.79999999999997,0.0079938112429087,0.2702423929860753,0.06509999999999988,4.319400000000002,0.04121564885496186,0.00889174201655419,0.5899691315868547,8.062796742595896e-07
8,3.0,0.021,107.79999999999997,0.007735946364105207,0.27797833935018046,0.063,4.382400000000001,0.04065306122448982,0.008604911628923425,0.5985740432157781,7.551006314605965e-07
56,3.0999999999999943,0.02,110.89999999999996,0.0079938112429087,0.28597215059308917,0.06199999999999989,4.444400000000002,0.04007574391343555,0.00846832573005161,0.6070423689458297,2.2516399850849888e-07
121,3.099999999999966,0.02,113.99999999999993,0.007993811242908627,0.29396596183599777,0.06199999999999932,4.506400000000001,0.03952982456140354,0.008468325730051532,0.6155106946758813,2.2516399850849477e-07
27,3.1000000000000085,0.02,117.09999999999994,0.007993811242908737,0.3019597730789065,0.06200000000000017,4.568400000000001,0.03901280956447484,0.008468325730051648,0.6239790204059329,2.2516399850850097e-07
3,3.0,0.019,120.09999999999994,0.007735946364105207,0.30969571944301166,0.056999999999999995,4.625400000000002,0.03851290591174025,0.007785396235692622,0.6317644166416255,2.445289800011872e-09
15,3.1000000000000014,0.019,123.19999999999993,0.007993811242908717,0.3176895306859204,0.05890000000000003,4.684300000000002,0.03802191558441562,0.008044909443549048,0.6398093260851746,2.6110261086793454e-09
114,3.0,0.019,126.19999999999993,0.007735946364105207,0.32542547705002556,0.056999999999999995,4.7413000000000025,0.03756973058637088,0.007785396235692622,0.6475947223208672,2.445289800011872e-09
98,2.1000000000000227,0.018,128.29999999999995,0.005415162454873704,0.3308406395048993,0.03780000000000041,4.779100000000003,0.03724941543257993,0.005162946977354111,0.6527576692982213,6.361264710043634e-08
103,3.0,0.018,131.29999999999995,0.007735946364105207,0.33857658586900446,0.05399999999999999,4.8331000000000035,0.03680959634424985,0.007375638539077221,0.6601333078372985,1.298217287763979e-07
38,3.1000000000000085,0.018,134.39999999999998,0.007993811242908737,0.3465703971119132,0.05580000000000015,4.888900000000004,0.036375744047619084,0.007621493157046483,0.667754800994345,1.386207570601323e-07
60,3.0999999999999943,0.017,137.49999999999997,0.0079938112429087,0.3545642083548219,0.05269999999999991,4.941600000000004,0.035938909090909125,0.007198076870543868,0.6749528778648889,6.331931913628517e-07
50,3.0,0.017,140.49999999999997,0.007735946364105207,0.36230015471892707,0.051000000000000004,4.992600000000004,0.035534519572953775,0.006965880842461821,0.6819187587073507,5.930009076239007e-07
108,3.1000000000000227,0.017,143.6,0.007993811242908773,0.37029396596183584,0.05270000000000039,5.045300000000005,0.03513440111420616,0.007198076870543935,0.6891168355778947,6.331931913628634e-07
112,3.0,0.017,146.6,0.007735946364105207,0.378029912325941,0.051000000000000004,5.096300000000005,0.03476330150068216,0.006965880842461821,0.6960827164203566,5.930009076239007e-07
43,3.0,0.017,149.6,0.007735946364105207,0.3857658586900462,0.051000000000000004,5.147300000000005,0.03440708556149736,0.006965880842461821,0.7030485972628184,5.930009076239007e-07
120,3.0,0.017,152.6,0.007735946364105207,0.3935018050541514,0.051000000000000004,5.198300000000005,0.03406487549148103,0.006965880842461821,0.7100144781052803,5.930009076239007e-07
33,3.0,0.017,155.6,0.007735946364105207,0.40123775141825657,0.051000000000000004,5.249300000000005,0.03373586118251932,0.006965880842461821,0.7169803589477421,5.930009076239007e-07
97,1.6000000000000227,0.016,157.20000000000002,0.00412583806085617,0.4053635894791127,0.025600000000000366,5.274900000000006,0.03355534351145042,0.0034965990111181402,0.7204769579588602,3.9594178171521793e-07
111,3.099999999999966,0.016,160.29999999999998,0.007993811242908627,0.4133574007220213,0.04959999999999946,5.324500000000006,0.03321584529008114,0.006774660584041225,0.7272516185429014,1.4863283290168172e-06
75,3.0,0.016,163.29999999999998,0.007735946364105207,0.4210933470861265,0.048,5.372500000000006,0.032899571341090054,0.00655612314584642,0.7338077416887478,1.3919828263425235e-06
24,1.5,0.016,164.79999999999998,0.0038679731820526037,0.4249613202681791,0.024,5.396500000000006,0.032745752427184506,0.00327806157292321,0.7370858032616711,3.479957065856309e-07
42,3.0999999999999943,0.015,167.89999999999998,0.0079938112429087,0.43295513151108783,0.046499999999999916,5.443000000000006,0.03241810601548545,0.006351244297538707,0.7434370475592098,2.698026170022109e-06
106,3.1000000000000227,0.015,171.0,0.007993811242908773,0.4409489427539966,0.04650000000000034,5.489500000000006,0.032102339181286584,0.006351244297538765,0.7497882918567486,2.698026170022159e-06
34,3.1000000000000085,0.015,174.10000000000002,0.007993811242908737,0.4489427539969053,0.046500000000000125,5.536000000000006,0.0317978173463527,0.006351244297538736,0.7561395361542873,2.6980261700221335e-06
1,3.0,0.015,177.10000000000002,0.007735946364105207,0.4566787003610105,0.045,5.581000000000006,0.031513269339356324,0.006146365449231018,0.7622859016035183,2.5267674849322655e-06
6,3.0,0.015,180.10000000000002,0.007735946364105207,0.4644146467251157,0.045,5.626000000000006,0.03123820099944478,0.006146365449231018,0.7684322670527493,2.5267674849322655e-06
127,3.1000000000000227,0.014,183.20000000000005,0.007993811242908773,0.47240845796802444,0.04340000000000032,5.669400000000006,0.030946506550218366,0.005927828011036181,0.7743600950637854,4.2682867143787204e-06
22,1.7999999999999972,0.014,185.00000000000006,0.004641567818463117,0.4770500257864876,0.025199999999999962,5.694600000000006,0.03078162162162164,0.003441964651569365,0.7778020597153548,1.4390477580215196e-06
16,3.0,0.014,188.00000000000006,0.007735946364105207,0.48478597215059277,0.042,5.7366000000000055,0.030513829787234062,0.005736607752615617,0.7835386674679704,3.997354883393123e-06
82,3.0,0.014,191.00000000000006,0.007735946364105207,0.49252191851469795,0.042,5.778600000000005,0.030254450261780124,0.005736607752615617,0.789275275220586,3.997354883393123e-06
124,3.0,0.014,194.00000000000006,0.007735946364105207,0.5002578648788032,0.042,5.820600000000005,0.030003092783505173,0.005736607752615617,0.7950118829732017,3.997354883393123e-06
28,3.0,0.014,197.00000000000006,0.007735946364105207,0.5079938112429084,0.042,5.862600000000005,0.029759390862944178,0.005736607752615617,0.8007484907258173,3.997354883393123e-06
88,1.5,0.014,198.50000000000006,0.0038679731820526037,0.511861784424961,0.021,5.883600000000005,0.029640302267002535,0.0028683038763078084,0.8036167946021251,9.993387208482808e-07
123,3.1000000000000227,0.014,201.60000000000008,0.007993811242908773,0.5198555956678698,0.04340000000000032,5.927000000000005,0.0293998015873016,0.005927828011036181,0.8095446226131613,4.2682867143787204e-06
102,3.1000000000000227,0.014,204.7000000000001,0.007993811242908773,0.5278494069107785,0.04340000000000032,5.970400000000005,0.0291665852467025,0.005927828011036181,0.8154724506241975,4.2682867143787204e-06
45,3.0,0.014,207.7000000000001,0.007735946364105207,0.5355853532748838,0.042,6.012400000000005,0.028947520462205112,0.005736607752615617,0.8212090583768131,3.997354883393123e-06
49,3.0999999999999943,0.013,210.8000000000001,0.0079938112429087,0.5435791645177924,0.040299999999999926,6.052700000000005,0.028712998102466802,0.005504411724533546,0.8267134701013467,6.197109962086447e-06
2,3.1000000000000005,0.013,213.9000000000001,0.007993811242908716,0.5515729757607012,0.0403,6.093000000000005,0.028485273492286127,0.005504411724533556,0.8322178818258802,6.197109962086473e-06
74,3.0999999999999943,0.013,217.00000000000009,0.0079938112429087,0.5595667870036098,0.040299999999999926,6.1333000000000055,0.028264055299539185,0.005504411724533546,0.8377222935504137,6.197109962086447e-06
44,3.0999999999999943,0.013,220.10000000000008,0.0079938112429087,0.5675605982465185,0.040299999999999926,6.173600000000006,0.02804906860517948,0.005504411724533546,0.8432267052749473,6.197109962086447e-06
85,3.0999999999999943,0.012,223.20000000000007,0.0079938112429087,0.5755544094894272,0.037199999999999935,6.210800000000006,0.02782616487455199,0.005080995438030966,0.8483077007129782,8.48449591314552e-06
17,3.1000000000000014,0.012,226.30000000000007,0.007993811242908717,0.5835482207323359,0.03720000000000002,6.248000000000006,0.02760936809544854,0.005080995438030977,0.8533886961510092,8.484495913145559e-06
39,3.0,0.012,229.30000000000007,0.007735946364105207,0.5912841670964412,0.036000000000000004,6.284000000000006,0.027405146096816414,0.004917092359384815,0.8583057885103941,7.945937899928197e-06
37,3.0,0.012,232.30000000000007,0.007735946364105207,0.5990201134605464,0.036000000000000004,6.320000000000006,0.02720619888075766,0.004917092359384815,0.8632228808697789,7.945937899928197e-06
129,3.1000000000000227,0.011,235.4000000000001,0.007993811242908773,0.6070139247034552,0.03410000000000025,6.354100000000006,0.02699277824978761,0.004657579151528427,0.8678804600213074,1.1130444567556073e-05
87,0.8999999999999773,0.011,236.30000000000007,0.0023207839092315038,0.6093347086126867,0.00989999999999975,6.364000000000006,0.02693186627168855,0.0013522003988307896,0.8692326604201381,9.381540166201698e-07
99,3.0,0.011,239.30000000000007,0.007735946364105207,0.6170706549767919,0.033,6.3970000000000065,0.026732135394901817,0.004507334662769413,0.8737399950829076,1.0423933518002413e-05
55,3.0,0.011,242.30000000000007,0.007735946364105207,0.6248066013408972,0.033,6.430000000000007,0.02653735039207596,0.004507334662769413,0.878247329745677,1.0423933518002413e-05
119,3.1000000000000227,0.011,245.4000000000001,0.007993811242908773,0.6328004125838059,0.03410000000000025,6.464100000000007,0.026341075794621048,0.004657579151528427,0.8829049088972054,1.1130444567556073e-05
128,3.0,0.01,248.4000000000001,0.007735946364105207,0.6405363589479112,0.03,6.4941000000000075,0.026143719806763305,0.004097576966154012,0.8870024858633594,1.3237731875947742e-05
118,3.0,0.01,251.4000000000001,0.007735946364105207,0.6482723053120164,0.03,6.524100000000008,0.025951073985680213,0.004097576966154012,0.8911000628295134,1.3237731875947742e-05
0,0.7000000000000002,0.01,252.10000000000008,0.0018050541516245488,0.650077359463641,0.007000000000000002,6.5311000000000075,0.025906783022610097,0.0009561012921026031,0.8920561641216159,7.207209576904886e-07
81,3.0,0.01,255.10000000000008,0.007735946364105207,0.6578133058277462,0.03,6.561100000000008,0.025719717757742084,0.004097576966154012,0.8961537410877699,1.3237731875947742e-05
23,3.0,0.01,258.1000000000001,0.007735946364105207,0.6655492521918515,0.03,6.591100000000008,0.0255370011623402,0.004097576966154012,0.9002513180539239,1.3237731875947742e-05
117,3.1000000000000227,0.009,261.2000000000001,0.007993811242908773,0.6735430634347602,0.027900000000000202,6.619000000000008,0.02534073506891273,0.0038107465785232587,0.9040620646324471,1.7498029986430694e-05
113,3.1000000000000227,0.009,264.3000000000001,0.007993811242908773,0.681536874677669,0.027900000000000202,6.646900000000008,0.02514907302307985,0.0038107465785232587,0.9078728112109703,1.7498029986430694e-05
47,1.8000000000000114,0.009,266.10000000000014,0.004641567818463154,0.6861784424961321,0.0162000000000001,6.663100000000008,0.025039834648628353,0.0022126915617231803,0.9100855027726935,5.899439870555186e-06
92,3.0,0.009,269.10000000000014,0.007735946364105207,0.6939143888602374,0.026999999999999996,6.690100000000008,0.024861018208844312,0.0036878192695386103,0.9137733220422322,1.6387332973764196e-05
32,3.0999999999999943,0.009,272.20000000000016,0.0079938112429087,0.701908200103146,0.027899999999999946,6.718000000000008,0.02468038207200589,0.0038107465785232235,0.9175840686207554,1.7498029986430373e-05
109,3.0,0.009,275.20000000000016,0.007735946364105207,0.7096441464672513,0.026999999999999996,6.745000000000008,0.02450944767441862,0.0036878192695386103,0.921271887890294,1.6387332973764196e-05
19,3.1000000000000014,0.009,278.3000000000002,0.007993811242908717,0.71763795771016,0.02790000000000001,6.772900000000008,0.024336687028386646,0.0038107465785232326,0.9250826344688172,1.749802998643045e-05
61,3.0,0.008,281.3000000000002,0.007735946364105207,0.7253739040742653,0.024,6.796900000000008,0.024162460007109858,0.00327806157292321,0.9283606960417404,1.9872736811451762e-05
86,3.0000000000000284,0.008,284.3000000000002,0.007735946364105281,0.7331098504383705,0.02400000000000023,6.820900000000008,0.023991909954273666,0.003278061572923241,0.9316387576146636,1.9872736811452138e-05
90,3.0,0.008,287.3000000000002,0.007735946364105207,0.7408457968024758,0.024,6.844900000000008,0.023824921684650203,0.00327806157292321,0.9349168191875868,1.9872736811451762e-05
48,3.0,0.007,290.3000000000002,0.007735946364105207,0.748581743166581,0.021,6.865900000000008,0.0236510506372718,0.0028683038763078084,0.9377851230638946,2.369394338901045e-05
84,3.0,0.007,293.3000000000002,0.007735946364105207,0.7563176895306862,0.021,6.886900000000008,0.023480736447323573,0.0028683038763078084,0.9406534269402024,2.369394338901045e-05
104,3.099999999999966,0.007,296.40000000000015,0.007993811242908627,0.7643115007735949,0.02169999999999976,6.908600000000008,0.02330836707152498,0.002963914005518036,0.9436173409457204,2.5299866218709492e-05
20,2.999999999999993,0.007,299.40000000000015,0.007735946364105189,0.7720474471377001,0.02099999999999995,6.929600000000008,0.023144956579826334,0.0028683038763078015,0.9464856448220281,2.369394338901034e-05
96,2.3999999999999773,0.007,301.8000000000001,0.0061887570912841075,0.7782362042289842,0.016799999999999843,6.946400000000008,0.023016567263088154,0.002294643101046225,0.9487802879230743,1.5164123768966402e-05
91,3.1000000000000227,0.007,304.90000000000015,0.007993811242908773,0.786230015471893,0.02170000000000016,6.968100000000008,0.022853722531977712,0.0029639140055180905,0.9517442019285924,2.529986621871042e-05
131,3.0,0.006,307.90000000000015,0.007735946364105207,0.7939659618359982,0.018000000000000002,6.9861000000000075,0.022689509581032816,0.0024585461796924075,0.9542027481082849,2.7850952706440257e-05
94,3.0,0.006,310.90000000000015,0.007735946364105207,0.8017019082001035,0.018000000000000002,7.004100000000007,0.022528465744612428,0.0024585461796924075,0.9566612942879773,2.7850952706440257e-05
31,3.0,0.006,313.90000000000015,0.007735946364105207,0.8094378545642087,0.018000000000000002,7.022100000000007,0.02237050015928641,0.0024585461796924075,0.9591198404676697,2.7850952706440257e-05
132,3.099999999999966,0.006,317.0000000000001,0.007993811242908627,0.8174316658071173,0.018599999999999797,7.040700000000007,0.02221041009463724,0.0025404977190154597,0.9616603381866852,2.9738628389876106e-05
29,3.0,0.006,320.0000000000001,0.007735946364105207,0.8251676121712226,0.018000000000000002,7.058700000000007,0.022058437500000014,0.0024585461796924075,0.9641188843663776,2.7850952706440257e-05
116,3.0,0.006,323.0000000000001,0.007735946364105207,0.8329035585353278,0.018000000000000002,7.076700000000007,0.02190928792569661,0.0024585461796924075,0.96657743054607,2.7850952706440257e-05
18,3.0,0.006,326.0000000000001,0.007735946364105207,0.8406395048994331,0.018000000000000002,7.094700000000007,0.021762883435582834,0.0024585461796924075,0.9690359767257625,2.7850952706440257e-05
66,3.0999999999999943,0.006,329.10000000000014,0.0079938112429087,0.8486333161423417,0.018599999999999967,7.113300000000007,0.021614402917046503,0.002540497719015483,0.9715764744447779,2.973862838987665e-05
133,0.4000000000000341,0.005,329.50000000000017,0.0010314595152141157,0.8496647756575558,0.0020000000000001705,7.115300000000007,0.02159423368740517,0.0002731717977436241,0.9718496462425216,5.750002624666078e-07
130,3.0,0.005,332.50000000000017,0.007735946364105207,0.8574007220216611,0.015,7.130300000000006,0.021444511278195497,0.002048788483077006,0.9738984347255986,3.234376476374118e-05
134,2.6999999999999886,0.005,335.20000000000016,0.0069623517276946574,0.8643630737493557,0.013499999999999943,7.143800000000006,0.021312052505966593,0.0018439096347692976,0.9757423443603679,2.6198449458630133e-05
100,3.099999999999966,0.005,338.3000000000001,0.007993811242908627,0.8723568849922644,0.01549999999999983,7.159300000000005,0.02116257759385162,0.002117081432512883,0.9778594257928808,3.453595326439398e-05
89,0.6999999999999886,0.005,339.0000000000001,0.001805054151624519,0.874161939143889,0.0034999999999999433,7.162800000000005,0.021129203539823015,0.0004780506460512936,0.9783374764389321,1.760938303803629e-06
105,3.0,0.005,342.0000000000001,0.007735946364105207,0.8818978855079942,0.015,7.177800000000005,0.02098771929824562,0.002048788483077006,0.9803862649220091,3.234376476374118e-05
101,3.0,0.005,345.0000000000001,0.007735946364105207,0.8896338318720994,0.015,7.1928000000000045,0.02084869565217392,0.002048788483077006,0.9824350534050861,3.234376476374118e-05
93,3.099999999999966,0.004,348.1000000000001,0.007993811242908627,0.8976276431150081,0.012399999999999864,7.205200000000004,0.020698649813272057,0.0016936651460103063,0.9841287185510964,3.9691840842263136e-05
110,3.0,0.004,351.1000000000001,0.007735946364105207,0.9053635894791133,0.012,7.217200000000004,0.020555966960979784,0.001639030786461605,0.9857677493375581,3.717237956091322e-05
30,3.0999999999999943,0.004,354.20000000000005,0.0079938112429087,0.913357400722022,0.012399999999999977,7.229600000000004,0.0204110671936759,0.001693665146010322,0.9874614144835684,3.969184084226386e-05
95,3.1000000000000227,0.004,357.30000000000007,0.007993811242908773,0.9213512119649307,0.012400000000000092,7.242000000000004,0.0202686817800168,0.0016936651460103375,0.9891550796295787,3.969184084226459e-05
83,3.0999999999999943,0.004,360.4000000000001,0.0079938112429087,0.9293450232078394,0.012399999999999977,7.254400000000005,0.02012874583795783,0.001693665146010322,0.990848744775589,3.969184084226386e-05
65,3.0,0.004,363.4000000000001,0.007735946364105207,0.9370809695719446,0.012,7.266400000000004,0.0199955971381398,0.001639030786461605,0.9924877755620507,3.717237956091322e-05
126,3.0,0.003,366.4000000000001,0.007735946364105207,0.9448169159360499,0.009000000000000001,7.275400000000005,0.019856441048034943,0.0012292730898462037,0.9937170486518969,4.233679709795639e-05
58,3.1000000000000227,0.003,369.5000000000001,0.007993811242908773,0.9528107271789586,0.009300000000000069,7.284700000000004,0.0197150202976996,0.001270248859507753,0.9949872975114047,4.520629112348521e-05
125,3.099999999999966,0.003,372.6000000000001,0.007993811242908627,0.9608045384218673,0.009299999999999899,7.294000000000004,0.019575952764358567,0.0012702488595077298,0.9962575463709125,4.520629112348354e-05
51,3.0999999999999943,0.002,375.70000000000005,0.0079938112429087,0.968798349664776,0.0061999999999999885,7.300200000000004,0.019430928932659044,0.000846832573005161,0.9971043789439176,5.1079304108056164e-05
52,3.0,0.002,378.70000000000005,0.007735946364105207,0.9765342960288812,0.006,7.306200000000004,0.01929284393979404,0.0008195153932308025,0.9979238943371483,4.783701737487068e-05
53,3.0,0.002,381.70000000000005,0.007735946364105207,0.9842702423929864,0.006,7.312200000000004,0.019156929525805614,0.0008195153932308025,0.9987434097303791,4.783701737487068e-05
54,3.0999999999999943,0.002,384.80000000000007,0.0079938112429087,0.9922640536358951,0.0061999999999999885,7.318400000000004,0.019018711018711026,0.000846832573005161,0.9995902423033842,5.1079304108056164e-05
59,3.0,0.001,387.80000000000007,0.007735946364105207,1.0000000000000002,0.003,7.321400000000004,0.018879319236719965,0.00040975769661540123,0.9999999999999997,5.3673040391656056e-05
