,weight,grade,cml_weight,weight_pct,cml_weight_pct,yield,cml_yield,cml_grade,recovery,cml_recovery,distributional_heterogeneity
5,3.0,0.65,3.0,0.010814708002883923,0.010814708002883923,1.9500000000000002,1.9500000000000002,0.65,0.030467940695325282,0.030467940695325282,0.0003862495552632458
6,3.1000000000000014,0.465,6.100000000000001,0.011175198269646726,0.021989906272530647,1.4415000000000007,3.3915000000000006,0.555983606557377,0.022522839237082776,0.052990779932408055,0.00012876895552583296
20,3.0,0.418,9.100000000000001,0.010814708002883923,0.03280461427541457,1.254,4.6455,0.5104945054945055,0.01959322955483995,0.072584009487248,7.706244063815642e-05
30,3.0,0.397,12.100000000000001,0.010814708002883923,0.04361932227829849,1.191,5.8365,0.4823553719008264,0.018608880701606365,0.09119289018885436,6.0749128057510265e-05
17,3.0,0.397,15.100000000000001,0.010814708002883923,0.05443403028118241,1.191,7.0275,0.4653973509933774,0.018608880701606365,0.10980177089046073,6.0749128057510265e-05
12,3.1000000000000014,0.382,18.200000000000003,0.011175198269646726,0.06560922855082914,1.1842000000000006,8.2117,0.45119230769230767,0.018502633523797034,0.12830440441425775,5.369130740376477e-05
26,3.0,0.371,21.200000000000003,0.010814708002883923,0.07642393655371306,1.113,9.3247,0.43984433962264147,0.017390163073793354,0.1456945674880511,4.323660938954852e-05
39,3.0999999999999943,0.366,24.299999999999997,0.0111751982696467,0.08759913482335976,1.1345999999999978,10.459299999999997,0.43042386831275714,0.017727654109187693,0.1634222215972388,4.293467752913483e-05
55,3.0,0.356,27.299999999999997,0.010814708002883923,0.09841384282624369,1.068,11.527299999999997,0.4222454212454212,0.01668705675005508,0.18010927834729387,3.448447980840261e-05
11,3.0,0.356,30.299999999999997,0.010814708002883923,0.10922855082912761,1.068,12.595299999999996,0.4156864686468646,0.01668705675005508,0.19679633509734895,3.448447980840261e-05
15,3.0,0.352,33.3,0.010814708002883923,0.12004325883201153,1.056,13.651299999999996,0.40994894894894884,0.01649956173039154,0.2132958968277405,3.231756190315719e-05
57,3.0,0.349,36.3,0.010814708002883923,0.13085796683489545,1.047,14.698299999999996,0.4049118457300275,0.01635894046564388,0.22965483729338437,3.073851360112133e-05
66,3.0999999999999943,0.348,39.39999999999999,0.0111751982696467,0.14203316510454214,1.078799999999998,15.777099999999994,0.4004340101522842,0.01685580226775223,0.2465106395611366,3.226926178329253e-05
13,3.0,0.343,42.39999999999999,0.010814708002883923,0.15284787310742606,1.0290000000000001,16.806099999999994,0.39637028301886784,0.016077697936148574,0.26258833749728516,2.7699063037645033e-05
67,3.0,0.338,45.39999999999999,0.010814708002883923,0.16366258111030998,1.014,17.820099999999993,0.39251321585903076,0.015843329161569147,0.2784316666588543,2.528703075757672e-05
18,3.1000000000000085,0.331,48.5,0.011175198269646752,0.17483777937995673,1.026100000000003,18.846199999999996,0.388581443298969,0.016032386639729928,0.29446405329858427,2.3592278862471252e-05
14,3.1000000000000014,0.32,51.6,0.011175198269646726,0.18601297764960345,0.9920000000000004,19.838199999999997,0.38446124031007745,0.015499588292185996,0.3099636415907703,1.870034906703719e-05
34,3.0,0.313,54.6,0.010814708002883923,0.19682768565248737,0.9390000000000001,20.777199999999997,0.3805347985347985,0.01467148528867202,0.3246351268794423,1.4874731032170994e-05
68,3.0,0.312,57.6,0.010814708002883923,0.2076423936553713,0.9359999999999999,21.713199999999997,0.3769652777777777,0.014624611533756134,0.33925973841319845,1.4515364914552542e-05
36,3.0,0.307,60.6,0.010814708002883923,0.21845710165825521,0.921,22.634199999999996,0.3735016501650164,0.01439024275917671,0.35364998117237517,1.278444879345771e-05
19,3.0,0.3,63.6,0.010814708002883923,0.22927180966113914,0.8999999999999999,23.534199999999995,0.37003459119496845,0.014062126474765513,0.3677121076471407,1.0545726731517763e-05
35,3.0999999999999943,0.3,66.69999999999999,0.0111751982696467,0.24044700793078583,0.9299999999999983,24.464199999999995,0.3667796101949025,0.014530864023924337,0.382242971671065,1.1260492654431702e-05
16,3.0999999999999943,0.296,69.79999999999998,0.0111751982696467,0.2516222062004325,0.9175999999999983,25.38179999999999,0.36363610315186246,0.014337119170272014,0.39658009084133705,9.997743781811183e-06
27,3.0999999999999943,0.295,72.89999999999998,0.0111751982696467,0.2627974044700792,0.9144999999999983,26.296299999999988,0.36071742112482846,0.014288682956858933,0.410868773798196,9.693786897505046e-06
69,3.0999999999999943,0.292,75.99999999999997,0.0111751982696467,0.2739726027397259,0.9051999999999982,27.201499999999985,0.3579144736842105,0.014143374316619687,0.42501214811481564,8.81006904582419e-06
40,3.0,0.291,78.99999999999997,0.010814708002883923,0.2847873107426098,0.873,28.074499999999986,0.3553734177215189,0.013640262680522548,0.4386524107953382,7.98375923632551e-06
38,3.0,0.284,81.99999999999997,0.010814708002883923,0.29560201874549374,0.8519999999999999,28.926499999999987,0.35276219512195117,0.01331214639611135,0.4519645571914495,6.237198527966401e-06
71,3.1000000000000227,0.282,85.1,0.011175198269646802,0.30677721701514055,0.8742000000000063,29.800699999999992,0.3501844888366627,0.013659012182489001,0.4656235693739385,6.169331553628475e-06
10,3.0999999999999943,0.281,88.19999999999999,0.0111751982696467,0.31795241528478724,0.8710999999999985,30.67179999999999,0.34775283446712013,0.013610575969075799,0.4792341453430143,5.931064538876563e-06
48,3.0999999999999943,0.276,91.29999999999998,0.0111751982696467,0.32912761355443393,0.8555999999999985,31.52739999999999,0.3453165388828039,0.013368394902010392,0.4926025402450247,4.810111468211438e-06
31,3.0999999999999943,0.27,94.39999999999998,0.0111751982696467,0.3403028118240806,0.8369999999999985,32.36439999999999,0.342843220338983,0.013077777621531905,0.5056803178665567,3.6198081902199252e-06
4,3.1000000000000014,0.26,97.49999999999997,0.011175198269646726,0.35147801009372737,0.8060000000000004,33.17039999999999,0.3402092307692307,0.012593415487401121,0.5182737333539578,2.0113400767350203e-06
58,3.0999999999999943,0.256,100.59999999999997,0.0111751982696467,0.36265320836337406,0.7935999999999985,33.963999999999984,0.3376143141153081,0.012399670633748769,0.5306734039877066,1.499332570449708e-06
49,3.0,0.251,103.59999999999997,0.010814708002883923,0.373467916366258,0.753,34.716999999999985,0.33510617760617756,0.011765312483887147,0.5424387164715937,9.036488793034078e-07
28,3.0,0.251,106.59999999999997,0.010814708002883923,0.3842826243691419,0.753,35.469999999999985,0.33273921200750467,0.011765312483887147,0.5542040289554808,9.036488793034078e-07
21,3.0999999999999943,0.25,109.69999999999996,0.0111751982696467,0.3954578226387886,0.7749999999999986,36.24499999999998,0.3304010938924339,0.012109053353270281,0.5663130823087511,8.720853172096058e-07
9,3.0,0.249,112.69999999999996,0.010814708002883923,0.4062725306416725,0.747,36.99199999999998,0.32823425022182784,0.011671564974055377,0.5779846472828065,7.342038690451167e-07
29,3.1000000000000085,0.248,115.79999999999997,0.011175198269646752,0.41744772891131926,0.7688000000000021,37.76079999999998,0.32608635578583756,0.012012180926444176,0.5899968282092507,7.005399677796724e-07
32,3.0,0.248,118.79999999999997,0.010814708002883923,0.4282624369142032,0.744,38.50479999999998,0.324114478114478,0.01162469121913949,0.6016215194283902,6.560728106157146e-07
41,3.1000000000000227,0.246,121.89999999999999,0.011175198269646802,0.43943763518385,0.7626000000000056,39.26739999999999,0.3221279737489745,0.011915308499618067,0.6135368279280082,5.477631525081165e-07
8,3.1000000000000014,0.241,125.0,0.011175198269646726,0.45061283345349673,0.7471000000000003,40.01449999999999,0.32011599999999996,0.011673127432552577,0.6252099553605608,2.479334512721224e-07
37,3.0999999999999943,0.235,128.1,0.0111751982696467,0.4617880317231434,0.7284999999999986,40.74299999999999,0.3180562060889929,0.011382510152074064,0.6365924655126348,4.29782165955771e-08
89,3.099999999999966,0.229,131.19999999999996,0.011175198269646597,0.47296322999279,0.7098999999999922,41.45289999999998,0.31595198170731703,0.011091892871595477,0.6476843583842303,6.939789344455736e-09
7,3.0,0.224,134.19999999999996,0.010814708002883923,0.4837779379956739,0.672,42.124899999999975,0.3138964232488822,0.010499721101158252,0.6581840794853886,9.92167482587385e-08
50,3.0999999999999943,0.221,137.29999999999995,0.0111751982696467,0.4949531362653206,0.6850999999999987,42.809999999999974,0.31179898033503267,0.010704403164290928,0.6688884826496795,2.216480312269517e-07
72,3.0,0.217,140.29999999999995,0.010814708002883923,0.5057678442682045,0.651,43.46099999999998,0.30977191732002846,0.010171604816747056,0.6790600874664265,4.135817080193913e-07
65,3.0,0.213,143.29999999999995,0.010814708002883923,0.5165825522710885,0.639,44.09999999999998,0.3077459874389393,0.009984109797083515,0.6890441972635101,6.898933794788579e-07
42,3.0,0.212,146.29999999999995,0.010814708002883923,0.5273972602739725,0.636,44.73599999999998,0.3057826384142173,0.00993723604216763,0.6989814333056777,7.699570418432966e-07
56,3.0999999999999943,0.208,149.39999999999995,0.0111751982696467,0.5385724585436192,0.6447999999999988,45.38079999999998,0.3037536813922356,0.010074732389920875,0.7090561656955986,1.211025152440737e-06
22,3.0,0.204,152.39999999999995,0.010814708002883923,0.5493871665465032,0.612,45.99279999999998,0.30179002624671913,0.009562246002840549,0.7186184116984391,1.5686610615526492e-06
87,3.1000000000000227,0.204,155.49999999999997,0.011175198269646802,0.56056236481615,0.6324000000000046,46.625199999999985,0.2998405144694533,0.00988098753626864,0.7284993992347077,1.6749814223912424e-06
3,3.0,0.201,158.49999999999997,0.010814708002883923,0.5713770728190339,0.603,47.22819999999999,0.29796971608832806,0.009421624738092894,0.7379210239728007,1.94068098264083e-06
47,3.0,0.196,161.49999999999997,0.010814708002883923,0.5821917808219179,0.5880000000000001,47.81619999999999,0.2960755417956656,0.00918725596351347,0.7471082799363141,2.6486001404510485e-06
81,3.1000000000000227,0.191,164.6,0.011175198269646802,0.5933669790915648,0.5921000000000044,48.40829999999999,0.29409659781287967,0.009251316761898581,0.7563595966982127,3.7013200558555745e-06
60,3.1000000000000227,0.191,167.70000000000002,0.011175198269646802,0.6045421773612116,0.5921000000000044,49.00039999999999,0.29219081693500293,0.009251316761898581,0.7656109134601113,3.7013200558555745e-06
2,3.099999999999998,0.188,170.8,0.011175198269646712,0.6157173756308584,0.5827999999999997,49.58319999999999,0.29029976580796246,0.009106008121659263,0.7747169215817706,4.281547868528329e-06
25,3.0999999999999943,0.188,173.9,0.0111751982696467,0.6268925739005051,0.582799999999999,50.16599999999999,0.2884761357101782,0.009106008121659253,0.7838229297034299,4.281547868528319e-06
46,3.0999999999999943,0.187,177.0,0.0111751982696467,0.6380677721701519,0.5796999999999989,50.745699999999985,0.2866988700564971,0.00905757190824617,0.7928805016116761,4.484341406498447e-06
84,3.0,0.183,180.0,0.010814708002883923,0.6488824801730358,0.5489999999999999,51.294699999999985,0.28497055555555545,0.008577897149606963,0.8014583987612831,5.0033227933376e-06
82,3.0,0.182,183.0,0.010814708002883923,0.6596971881759198,0.546,51.840699999999984,0.2832825136612021,0.008531023394691079,0.8099894221559741,5.215215389696908e-06
64,3.0999999999999943,0.181,186.1,0.0111751982696467,0.6708723864455666,0.5610999999999989,52.40179999999998,0.28157872111767857,0.008766954627767684,0.8187563767837418,5.799637438650708e-06
33,3.1000000000000085,0.177,189.2,0.011175198269646752,0.6820475847152133,0.5487000000000015,52.950499999999984,0.27986522198731495,0.008573209774115399,0.8273295865578572,6.770344130877514e-06
44,3.0,0.173,192.2,0.010814708002883923,0.6928622927180973,0.5189999999999999,53.46949999999998,0.2781971904266388,0.00810915960044811,0.8354387461583053,7.319992157922967e-06
88,3.0,0.171,195.2,0.010814708002883923,0.7036770007209813,0.513,53.98249999999998,0.27654969262295076,0.008015412090616344,0.8434541582489216,7.83605760443798e-06
52,3.1999999999999886,0.171,198.39999999999998,0.011535688536409476,0.7152126892573908,0.5471999999999981,54.52969999999998,0.27484727822580635,0.008549772896657403,0.8520039311455789,8.915692207716038e-06
23,3.1000000000000085,0.164,201.5,0.011175198269646752,0.7263878875270375,0.5084000000000014,55.03809999999998,0.27314193548387083,0.007943538999745342,0.8599474701453242,1.0443621636739713e-05
51,3.0,0.16,204.5,0.010814708002883923,0.7372025955299215,0.48,55.518099999999976,0.27148215158924194,0.007499800786541607,0.8674472709318658,1.098860985295836e-05
83,3.099999999999966,0.158,207.59999999999997,0.011175198269646597,0.7483777937995681,0.48979999999999463,56.00789999999997,0.26978757225433514,0.007652921719266748,0.8751001926511326,1.2406432097355773e-05
24,3.0,0.151,210.59999999999997,0.010814708002883923,0.7591925018024521,0.45299999999999996,56.460899999999974,0.2680954415954415,0.007077936992298642,0.8821781296434312,1.3963457585550544e-05
73,3.0999999999999943,0.149,213.69999999999996,0.0111751982696467,0.7703677000720989,0.46189999999999914,56.922799999999974,0.2663678053345811,0.0072169957985490875,0.8893951254419803,1.5667366802203243e-05
70,3.0,0.148,216.69999999999996,0.010814708002883923,0.7811824080749828,0.44399999999999995,57.36679999999998,0.2647291185971388,0.006937315727550986,0.8963324411695313,1.5034170856811526e-05
59,3.0,0.147,219.69999999999996,0.010814708002883923,0.7919971160778668,0.44099999999999995,57.80779999999998,0.2631215293582157,0.006890441972635101,0.9032228831421664,1.5399863876164847e-05
62,3.0999999999999943,0.144,222.79999999999995,0.0111751982696467,0.8031723143475136,0.44639999999999913,58.254199999999976,0.26146409335727105,0.006974814731483681,0.91019769787365,1.7643221867670876e-05
0,3.0,0.142,225.79999999999995,0.010814708002883923,0.8139870223503975,0.42599999999999993,58.68019999999998,0.25987688219663413,0.006656073198055675,0.9168537710717057,1.729424343992887e-05
90,3.1000000000000227,0.141,228.89999999999998,0.011175198269646802,0.8251622206200444,0.43710000000000315,59.11729999999998,0.2582669287898645,0.006829506091244501,0.9236832771629503,1.8885040509426945e-05
43,3.0999999999999943,0.131,231.99999999999997,0.0111751982696467,0.8363374188896912,0.4060999999999993,59.52339999999998,0.25656637931034476,0.006345143957113628,0.9300284211200639,2.3329424662019328e-05
63,3.0,0.13,234.99999999999997,0.010814708002883923,0.8471521268925751,0.39,59.91339999999998,0.2549506382978723,0.006093588139065056,0.9361220092591289,2.2288972768545075e-05
85,3.1000000000000227,0.13,238.1,0.011175198269646802,0.8583273251622219,0.40300000000000297,60.31639999999999,0.25332381352372946,0.006296707743700604,0.9424187170028295,2.3799669811746815e-05
53,2.9000000000000057,0.124,241.0,0.010454217736121147,0.868781542898343,0.3596000000000007,60.67599999999999,0.2517676348547717,0.005618600755917432,0.948037317758747,2.3383191579234488e-05
78,3.0,0.122,244.0,0.010814708002883923,0.879596250901227,0.366,61.04199999999999,0.25017213114754094,0.005718598099737976,0.953755915858485,2.5970336144942197e-05
74,3.0999999999999943,0.118,247.1,0.0111751982696467,0.8907714491708737,0.3657999999999993,61.40779999999999,0.2485139619587211,0.0057154731827435724,0.9594713890412285,2.980859802455936e-05
45,3.0,0.117,250.1,0.010814708002883923,0.9015861571737577,0.35100000000000003,61.75879999999999,0.24693642542982802,0.005484229325158551,0.9649556183663871,2.8414002933684833e-05
61,3.0,0.11,253.1,0.010814708002883923,0.9124008651766417,0.33,62.088799999999985,0.24531331489529826,0.0051561130407473555,0.9701117314071345,3.201969694551734e-05
54,3.0999999999999943,0.11,256.2,0.0111751982696467,0.9235760634462884,0.34099999999999936,62.429799999999986,0.24367603434816545,0.005327983475438924,0.9754397148825734,3.418992084960228e-05
77,3.1000000000000227,0.096,259.3,0.011175198269646802,0.9347512617159353,0.2976000000000022,62.72739999999999,0.24191052834554563,0.004649876487655831,0.9800895913702292,4.257982435852583e-05
75,3.0,0.084,262.3,0.010814708002883923,0.9455659697188192,0.252,62.97939999999999,0.2401044605413648,0.003937395412934344,0.9840269867831636,4.729742845987898e-05
80,3.0,0.084,265.3,0.010814708002883923,0.9563806777217032,0.252,63.231399999999994,0.23833923859781375,0.003937395412934344,0.987964382196098,4.729742845987898e-05
79,3.099999999999966,0.083,268.4,0.011175198269646597,0.9675558759913498,0.2572999999999972,63.488699999999994,0.2365450819672131,0.004020205713285697,0.9919845879093836,5.1193918481579885e-05
76,3.0,0.072,271.4,0.010814708002883923,0.9783705839942338,0.21599999999999997,63.704699999999995,0.2347262343404569,0.003374910353943723,0.9953594982633274,5.5350589057176115e-05
1,3.0,0.062,274.4,0.010814708002883923,0.9891852919971178,0.186,63.890699999999995,0.2328378279883382,0.0029061728047848727,0.9982656710681123,6.254492897957158e-05
86,3.0,0.037,277.4,0.010814708002883923,1.0000000000000018,0.11099999999999999,64.0017,0.23071989906272533,0.0017343289318877465,1.0,8.245328407298537e-05
