,weight,grade,cml_weight,weight_pct,cml_weight_pct,yield,cml_yield,cml_grade,recovery,cml_recovery,distributional_heterogeneity
26,0.8000000000000114,0.468,0.8000000000000114,0.018022077044379636,0.018022077044379636,0.37440000000000534,0.37440000000000534,0.468,0.12174382419983881,0.12174382419983881,0.010758200832981001
32,0.8000000000000114,0.464,1.6000000000000227,0.018022077044379636,0.03604415408875927,0.3712000000000053,0.7456000000000107,0.4660000000000001,0.12070327869385729,0.2424471028936961,0.010543429172180688
27,0.7999999999999545,0.46,2.3999999999999773,0.018022077044378356,0.05406623113313763,0.3679999999999791,1.1135999999999897,0.46400000000000013,0.11966273318786727,0.36210983608156333,0.010330822981278945
15,0.8000000000000114,0.376,3.1999999999999886,0.018022077044379636,0.07208830817751727,0.3008000000000043,1.4143999999999939,0.44199999999999967,0.09781127756226367,0.459921113643827,0.006366316519283104
16,0.7999999999999972,0.276,3.999999999999986,0.018022077044379317,0.09011038522189659,0.22079999999999925,1.635199999999993,0.4087999999999997,0.07179763991272418,0.5317187535565512,0.0028918111618073104
38,0.8000000000000114,0.22,4.799999999999997,0.018022077044379636,0.10813246226627622,0.17600000000000252,1.8111999999999957,0.3773333333333327,0.057230002828984064,0.5889487563855352,0.0015372614443310477
28,0.8000000000000114,0.124,5.6000000000000085,0.018022077044379636,0.12615453931065584,0.09920000000000141,1.9103999999999972,0.34114285714285614,0.03225691068542738,0.6212056670709626,0.00020263048878830435
33,0.8000000000000114,0.118,6.40000000000002,0.018022077044379636,0.14417661635503548,0.09440000000000133,2.0047999999999986,0.3132499999999988,0.03069609242645508,0.6519017594974177,0.0001606306659050849
31,1.089999999999975,0.118,7.489999999999995,0.024555079972966343,0.16873169632800183,0.12861999999999704,2.1334199999999957,0.2848357810413881,0.0418234259310435,0.6937251854284612,0.0002981957721278394
37,0.7999999999999545,0.088,8.28999999999995,0.018022077044378356,0.1867537733723802,0.070399999999996,2.2038199999999915,0.26584077201447587,0.022892001131591993,0.7166171865600531,2.3716160615223562e-05
14,0.7999999999999972,0.086,9.089999999999947,0.018022077044379317,0.2047758504167595,0.06879999999999975,2.272619999999991,0.2500132013201325,0.02237172837860246,0.7389889149386556,1.891946672930914e-05
39,0.8000000000000114,0.086,9.889999999999958,0.018022077044379636,0.22279792746113913,0.06880000000000097,2.341419999999992,0.2367462082912034,0.022371728378602858,0.7613606433172585,1.8919466729309812e-05
44,0.910000000000025,0.074,10.799999999999983,0.02050011263798211,0.24329804009912123,0.06734000000000184,2.408759999999994,0.2230333333333331,0.021896979491499075,0.7832576228087575,1.951237006454383e-06
21,0.9900000000000091,0.042,11.789999999999992,0.02230232034241969,0.2656003604415409,0.04158000000000039,2.450339999999994,0.20783206106870192,0.013520588168347418,0.796778210977105,7.711881997713615e-05
45,0.8999999999999773,0.038,12.68999999999997,0.020274836674926293,0.2858751971164672,0.034199999999999134,2.4845399999999933,0.19578723404255313,0.011120830095177144,0.8078990410722822,8.379583646209069e-05
29,0.9000000000000341,0.034,13.590000000000003,0.020274836674927573,0.30615003379139477,0.03060000000000116,2.5151399999999944,0.18507284768211874,0.0099502164009486,0.8178492574732308,0.00010659778380185763
34,1.0,0.032,14.590000000000003,0.022527596305474226,0.328677630096869,0.032,2.5471399999999944,0.1745812200137076,0.010405455059815135,0.828254712533046,0.00014694630837970937
30,1.0,0.031,15.590000000000003,0.022527596305474226,0.35120522640234325,0.031,2.5781399999999945,0.1653713919178957,0.010080284589195913,0.8383349971222419,0.0001549355689621994
3,1.0999999999999943,0.031,16.689999999999998,0.02478035593602152,0.37598558233836477,0.034099999999999825,2.6122399999999946,0.15651527860994577,0.011088313048115446,0.8494233101703573,0.00018747203844425936
17,0.9999999999999858,0.03,17.689999999999984,0.022527596305473907,0.3985131786438387,0.029999999999999572,2.642239999999994,0.14936348219332937,0.00975511411857655,0.8591784242889339,0.0001631363012146103
43,0.8999999999999773,0.03,18.58999999999996,0.020274836674926293,0.418788015318765,0.026999999999999316,2.669239999999993,0.1435847229693383,0.008779602706718797,0.8679580269956527,0.00013214040398383143
36,1.0,0.027,19.58999999999996,0.022527596305474226,0.4413156116242392,0.027,2.6962399999999933,0.13763348647269008,0.008779602706719021,0.8767376297023718,0.00018900732799141418
20,1.0,0.026,20.58999999999996,0.022527596305474226,0.46384320792971345,0.026,2.722239999999993,0.13221175327829035,0.008454432236099797,0.8851920619384716,0.0001980539469235315
35,1.0,0.026,21.58999999999996,0.022527596305474226,0.4863708042351877,0.026,2.748239999999993,0.12729226493747095,0.008454432236099797,0.8936464941745713,0.0001980539469235315
18,1.0,0.024,22.58999999999996,0.022527596305474226,0.5088984005406619,0.024,2.772239999999993,0.12271978751660016,0.0078040912948613515,0.9014505854694327,0.00021678159979754245
13,1.0,0.021,23.58999999999996,0.022527596305474226,0.5314259968461361,0.021,2.793239999999993,0.1184077999152182,0.006828579883003683,0.9082791653524364,0.00024645911663299984
12,1.0,0.02,24.58999999999996,0.022527596305474226,0.5539535931516103,0.02,2.813239999999993,0.11440585603904015,0.00650340941238446,0.9147825747648208,0.0002567745655846699
19,1.0,0.019,25.58999999999996,0.022527596305474226,0.5764811894570845,0.019,2.832239999999993,0.11067760844079708,0.006178238941765236,0.9209608137065861,0.00026730148620626536
5,0.9000000000000057,0.019,26.489999999999966,0.02027483667492693,0.5967560261320114,0.017100000000000108,2.849339999999993,0.10756285390713465,0.005560415047588748,0.9265212287541749,0.00021651420382707767
25,1.0,0.018,27.489999999999966,0.022527596305474226,0.6192836224374856,0.018,2.867339999999993,0.10430483812295367,0.005853068471146013,0.9323742972253208,0.00027803987849778634
11,1.009999999999991,0.017,28.499999999999957,0.022752872268528766,0.6420364947060143,0.017169999999999845,2.8845099999999926,0.10121087719298234,0.0055831769805320085,0.9379574742058528,0.000294798436282658
4,0.7999999999999972,0.017,29.299999999999955,0.018022077044379317,0.6600585717503936,0.013599999999999952,2.8981099999999924,0.09891160409556303,0.004422318400421417,0.9423797926062742,0.00018495343517390764
46,1.0,0.017,30.299999999999955,0.022527596305474226,0.6825861680558678,0.017,2.9151099999999923,0.0962082508250824,0.005527898000526791,0.947907690606801,0.00028898974245923273
42,1.0,0.016,31.299999999999955,0.022527596305474226,0.705113764361342,0.016,2.9311099999999923,0.09364568690095836,0.005202727529907567,0.9531104181367086,0.0003001510780906046
23,1.0,0.014,32.299999999999955,0.022527596305474226,0.7276413606668162,0.014,2.945109999999992,0.0911798761609906,0.0045523865886691215,0.9576628047253777,0.0003231081643631247
6,1.0,0.014,33.299999999999955,0.022527596305474226,0.7501689569722904,0.014,2.959109999999992,0.08886216216216204,0.0045523865886691215,0.9622151913140468,0.0003231081643631247
1,1.0,0.013,34.299999999999955,0.022527596305474226,0.7726965532777645,0.013,2.972109999999992,0.08665043731778413,0.004227216118049899,0.9664424074320966,0.0003349039150042729
9,1.0999999999999943,0.013,35.39999999999995,0.02478035593602152,0.7974769092137861,0.014299999999999926,2.986409999999992,0.08436186440677955,0.004649937729854865,0.9710923451619515,0.000405233737155166
41,1.0,0.013,36.39999999999995,0.022527596305474226,0.8200045055192603,0.013,2.9994099999999917,0.08240137362637351,0.004227216118049899,0.9753195612800014,0.0003349039150042729
24,1.0,0.012,37.39999999999995,0.022527596305474226,0.8425321018247345,0.012,3.0114099999999917,0.08051898395721914,0.0039020456474306757,0.9792216069274321,0.0003469111373153466
7,1.0,0.012,38.39999999999995,0.022527596305474226,0.8650596981302087,0.012,3.0234099999999917,0.07873463541666656,0.0039020456474306757,0.9831236525748628,0.0003469111373153466
0,0.9900000000000091,0.011,39.38999999999996,0.02230232034241969,0.8873620184726283,0.0108900000000001,3.034299999999992,0.07703224168570691,0.0035411064250433703,0.9866647589999061,0.0003519831476535549
22,1.009999999999991,0.01,40.39999999999995,0.022752872268528766,0.910114890741157,0.01009999999999991,3.044399999999992,0.07535643564356426,0.0032842217532541226,0.9899489807531603,0.00037902835288590355
10,0.9900000000000091,0.009,41.38999999999996,0.02230232034241969,0.9324172110835767,0.008910000000000081,3.053309999999992,0.07376926793911562,0.0028972688932173032,0.9928462496463776,0.0003765560217461916
8,1.0,0.009,42.38999999999996,0.022527596305474226,0.9549448073890509,0.009,3.062309999999992,0.07224133050247689,0.0029265342355730066,0.9957727838819506,0.0003842016342681203
40,1.0,0.007,43.38999999999996,0.022527596305474226,0.977472403694525,0.007,3.069309999999992,0.0707377275870015,0.0022761932943345608,0.9980489771762852,0.00041011932391959673
2,1.0,0.006,44.38999999999996,0.022527596305474226,0.9999999999999992,0.006,3.075309999999992,0.06927934219418777,0.0019510228237153379,1.0000000000000004,0.0004233953762502231
