,weight,grade,cml_weight,weight_pct,cml_weight_pct,yield,cml_yield,cml_grade,recovery,cml_recovery,distributional_heterogeneity
7,2.0000000000000036,1.76,2.0000000000000036,0.004041302107539057,0.004041302107539057,3.5200000000000062,3.5200000000000062,1.76,0.18448540626097323,0.18448540626097323,0.03256007472373541
6,2.0,1.15,4.0000000000000036,0.004041302107539049,0.008082604215078105,2.3,5.820000000000006,1.455,0.1205444415909766,0.30502984785194986,0.013572981509497312
69,1.039999999999992,0.516,5.039999999999996,0.0021014770959202895,0.010184081310998395,0.5366399999999959,6.356640000000001,1.2612380952380966,0.028125638754513564,0.33315548660646344,0.0006772569900325963
20,1.75,0.442,6.789999999999996,0.003536139344096668,0.013720220655095063,0.7735,7.130140000000002,1.0500942562592057,0.04053961981331322,0.37369510641977666,0.0013692575668356913
22,2.5,0.369,9.289999999999996,0.005051627634423812,0.018771848289518875,0.9225,8.052640000000002,0.8668073196986013,0.04834880320333736,0.422043909623114,0.0018746454122453241
8,2.049999999999997,0.317,11.339999999999993,0.0041423346602275195,0.022914182949746394,0.6498499999999992,8.702490000000001,0.7674153439153445,0.03405904581212872,0.4561029554352427,0.0008950096061462896
4,1.6999999999999993,0.295,13.039999999999992,0.0034351067914081906,0.026349289741154584,0.5014999999999997,9.203990000000001,0.7058274539877306,0.026283929329510757,0.48238688476475344,0.000522068691377704
72,1.3800000000000239,0.218,14.420000000000016,0.0027884984542019924,0.029137788195356576,0.3008400000000052,9.504830000000005,0.6591421636615807,0.015767212960100016,0.4981540977248535,0.00016844703022560775
5,3.0,0.168,17.420000000000016,0.006061953161308573,0.03519974135666515,0.504,10.008830000000005,0.5745597014925371,0.026414955896457485,0.524569053621311,0.0004142447203369791
43,1.5999999999999943,0.144,19.02000000000001,0.003233041686031228,0.03843278304269638,0.23039999999999916,10.239230000000004,0.5383401682439537,0.012075408409809092,0.5366444620311202,7.818744927777408e-05
15,1.0,0.133,20.02000000000001,0.0020206510537695245,0.0404534340964659,0.133,10.372230000000005,0.5180934065934066,0.00697061336156517,0.5436150753926853,2.4502126848597595e-05
38,3.0,0.111,23.02000000000001,0.006061953161308573,0.046515387257774474,0.333,10.705230000000006,0.4650403996524761,0.01745273871730227,0.5610678141099875,0.00012974999558263456
173,1.5699999999999932,0.107,24.590000000000003,0.00317242215441814,0.04968780941219261,0.16798999999999928,10.873220000000005,0.4421805612037415,0.008804461192551337,0.5698722753025388,3.171986372705631e-05
31,2.5,0.097,27.090000000000003,0.005051627634423812,0.05473943704661642,0.2425,11.115720000000005,0.41032558139534897,0.01270957699383123,0.58258185229637,5.8644188391248513e-05
44,1.0,0.096,28.090000000000003,0.0020206510537695245,0.05676008810038594,0.096,11.211720000000005,0.3991356354574583,0.005031420170753807,0.5876132724671238,9.064730675786314e-06
10,3.0,0.088,31.090000000000003,0.006061953161308573,0.06282204126169452,0.264,11.475720000000004,0.36911289803795444,0.013836405469572969,0.6014496779366968,6.044210869347757e-05
9,3.0,0.084,34.09,0.006061953161308573,0.0688839944230031,0.252,11.727720000000005,0.3440222939278382,0.013207477948228743,0.6146571558849255,5.1058524480490544e-05
2,3.0,0.073,37.09,0.006061953161308573,0.07494594758431167,0.21899999999999997,11.946720000000004,0.3221008358047992,0.01147792726453212,0.6261350831494576,2.9332775486788107e-05
46,2.0,0.062,39.09,0.004041302107539049,0.07898724969185071,0.124,12.070720000000005,0.30879304169864424,0.006498917720557,0.6326340008700146,6.0398745013496e-06
159,2.0,0.058,41.09,0.004041302107539049,0.08302855179938975,0.116,12.186720000000005,0.2965860306643953,0.006079632706327517,0.6387136335763421,4.1547916299573535e-06
68,1.6400000000000148,0.056,42.73000000000002,0.00331386772818205,0.08634241952757181,0.09184000000000082,12.278560000000006,0.2873522115609642,0.004813391963354518,0.6435270255396967,2.2485729318695764e-06
108,1.6499999999999773,0.045,44.379999999999995,0.0033340742387196697,0.08967649376629148,0.07424999999999897,12.352810000000005,0.278341820639928,0.0038914890383173434,0.647418514578014,3.107112588105151e-07
30,2.5,0.043,46.879999999999995,0.005051627634423812,0.09472812140071529,0.10749999999999998,12.460310000000005,0.2657915955631401,0.0056341423787086885,0.6530526569567228,3.3932342730927676e-07
45,1.4000000000000057,0.043,48.28,0.002828911475277346,0.09755703287599264,0.06020000000000024,12.520510000000005,0.2593311930405966,0.003155119732076879,0.6562077766887996,1.0641182680419006e-07
167,3.0,0.041,51.28,0.006061953161308573,0.10361898603730121,0.123,12.643510000000004,0.24655830733229336,0.006446507093778315,0.662654283782578,1.4788172697794246e-07
54,3.0,0.041,54.28,0.006061953161308573,0.10968093919860979,0.123,12.766510000000004,0.23519731024318355,0.006446507093778315,0.6691007908763563,1.4788172697794246e-07
101,2.330000000000041,0.038,56.61000000000004,0.004708116955283075,0.11438905615389286,0.08854000000000155,12.855050000000006,0.22708090443384554,0.004640436894984894,0.6737412277713413,4.580590561965356e-09
19,2.75,0.038,59.36000000000004,0.005556790397866193,0.11994584655175905,0.1045,12.959550000000005,0.21832126010781666,0.005476910498372633,0.6792181382697139,6.380798343101143e-09
84,3.0,0.036,62.36000000000004,0.006061953161308573,0.12600779971306764,0.10799999999999998,13.067550000000006,0.2095501924310455,0.005660347692098031,0.6848784859618119,1.6128695289981926e-07
78,2.4799999999999898,0.036,64.84000000000003,0.005011214613348401,0.13101901432641605,0.08927999999999962,13.156830000000006,0.20291224552745218,0.004679220758801021,0.6895577067206129,1.1021991945722669e-07
23,2.5,0.034,67.34000000000003,0.005051627634423812,0.13607064196083987,0.085,13.241830000000007,0.19664137214137214,0.004454903276188266,0.6940126099968011,3.560799597116227e-07
100,2.25,0.034,69.59000000000003,0.00454646487098143,0.1406171068318213,0.07650000000000001,13.318330000000007,0.19138281362264695,0.00400941294856944,0.6980220229453706,2.884247673664144e-07
98,3.0,0.032,72.59000000000003,0.006061953161308573,0.14667905999312988,0.096,13.414330000000007,0.18479583964733434,0.005031420170753807,0.7030534431161244,1.0619982446217513e-06
97,3.0,0.032,75.59000000000003,0.006061953161308573,0.15274101315443847,0.096,13.510330000000007,0.17873171054372272,0.005031420170753807,0.7080848632868781,1.0619982446217513e-06
102,2.269999999999982,0.031,77.86000000000001,0.004586877892056784,0.15732789104649525,0.07036999999999943,13.580700000000006,0.17442460827125614,0.003688135806416068,0.7117729990932942,8.077373365018239e-07
55,3.0,0.03,80.86000000000001,0.006061953161308573,0.16338984420780384,0.09,13.670700000000005,0.16906628741033888,0.004716956410081694,0.7164899555033759,1.809016260810862e-06
95,3.0,0.03,83.86000000000001,0.006061953161308573,0.16945179736911242,0.09,13.760700000000005,0.16409134271404727,0.004716956410081694,0.7212069119134576,1.809016260810862e-06
96,3.0,0.03,86.86000000000001,0.006061953161308573,0.175513750530421,0.09,13.850700000000005,0.15946005065622845,0.004716956410081694,0.7259238683235394,1.809016260810862e-06
80,3.0,0.029,89.86000000000001,0.006061953161308573,0.1815757036917296,0.08700000000000001,13.937700000000005,0.1551046071667038,0.004559724529745637,0.730483592853285,2.256690861487452e-06
104,3.0,0.029,92.86000000000001,0.006061953161308573,0.18763765685303818,0.08700000000000001,14.024700000000005,0.15103058367434852,0.004559724529745637,0.7350433173830306,2.256690861487452e-06
93,3.0,0.029,95.86000000000001,0.006061953161308573,0.19369961001434677,0.08700000000000001,14.111700000000004,0.14721155852284584,0.004559724529745637,0.7396030419127763,2.256690861487452e-06
70,2.289999999999992,0.029,98.15,0.004627290913132195,0.19832690092747896,0.06640999999999977,14.178110000000004,0.14445348955680085,0.0034805897243724913,0.7430836316371487,1.3149236163029183e-06
1,3.0,0.028,101.15,0.006061953161308573,0.20438885408878754,0.084,14.262110000000003,0.14099960454770147,0.004402492649409581,0.7474861242865584,2.753809190552067e-06
28,2.5,0.028,103.65,0.005051627634423812,0.20944048172321136,0.07,14.332110000000004,0.13827409551374822,0.003668743874507984,0.7511548681610664,1.9123674934389357e-06
166,3.0,0.028,106.65,0.006061953161308573,0.21550243488451995,0.084,14.416110000000003,0.1351721518987342,0.004402492649409581,0.755557360810476,2.753809190552067e-06
115,3.0,0.028,109.65,0.006061953161308573,0.22156438804582854,0.084,14.500110000000003,0.13223994528043778,0.004402492649409581,0.7599598534598856,2.753809190552067e-06
85,3.0,0.027,112.65,0.006061953161308573,0.22762634120713712,0.081,14.581110000000002,0.12943728362183757,0.004245260769073524,0.7642051142289591,3.300371248004706e-06
88,2.0,0.027,114.65,0.004041302107539049,0.23166764331467618,0.054,14.635110000000003,0.1276503270824248,0.002830173846049016,0.7670352880750081,1.4668316657798697e-06
73,1.5,0.027,116.15,0.0030309765806542867,0.23469861989533047,0.0405,14.675610000000002,0.12635049504950496,0.002122630384536762,0.7691579184595448,8.250928120011766e-07
21,2.5,0.027,118.65,0.005051627634423812,0.2397502475297543,0.0675,14.743110000000003,0.12425714285714289,0.0035377173075612704,0.7726956357671061,2.2919244777810463e-06
121,3.0,0.027,121.65,0.006061953161308573,0.24581220069106288,0.081,14.824110000000003,0.12185869297163997,0.004245260769073524,0.7769408965361796,3.300371248004706e-06
83,2.5999999999999943,0.026,124.25,0.005253692739800753,0.2510658934308636,0.06759999999999985,14.891710000000003,0.11985279678068413,0.003542958370239131,0.7804838549064187,2.9266120831993983e-06
103,3.0,0.026,127.25,0.006061953161308573,0.2571278465921722,0.078,14.969710000000003,0.1176401571709234,0.004088028888737468,0.7845718837951562,3.89637703384537e-06
60,3.0,0.026,130.25,0.006061953161308573,0.2631897997534808,0.078,15.047710000000002,0.11552944337811902,0.004088028888737468,0.7886599126838937,3.89637703384537e-06
16,2.6000000000000014,0.026,132.85,0.0052536927398007666,0.26844349249328153,0.06760000000000004,15.115310000000003,0.11377726759503201,0.0035429583702391407,0.7922028710541328,2.9266120831994144e-06
87,3.0,0.026,135.85,0.006061953161308573,0.2745054456545901,0.078,15.193310000000002,0.11183886639676115,0.004088028888737468,0.7962908999428703,3.89637703384537e-06
3,3.0,0.025,138.85,0.006061953161308573,0.2805673988158987,0.07500000000000001,15.268310000000001,0.10996262153402954,0.003930797008401412,0.8002216969512717,4.541826548074055e-06
18,3.0,0.024,141.85,0.006061953161308573,0.2866293519772073,0.07200000000000001,15.34031,0.10814458935495243,0.0037735651280653556,0.803995262079337,5.2367197906907666e-06
14,2.8999999999999986,0.023,144.75,0.0058598880559316184,0.2924892400331389,0.06669999999999997,15.40701,0.10643875647668394,0.0034957888061383203,0.8074910508854753,5.588965262873235e-06
47,2.0,0.023,146.75,0.004041302107539049,0.296530542140678,0.046,15.453009999999999,0.105301601362862,0.0024108888318195324,0.8099019397172948,2.658247449642445e-06
99,3.1499999999999773,0.023,149.89999999999998,0.006365050819373956,0.3028955929600519,0.07244999999999947,15.525459999999999,0.10357211474316212,0.003797149910115736,0.8136990896274106,6.594115079769196e-06
59,3.0,0.022,152.89999999999998,0.006061953161308573,0.3089575461213605,0.066,15.59146,0.1019716154349248,0.003459101367393242,0.8171581909948038,6.774837461088262e-06
119,3.0,0.022,155.89999999999998,0.006061953161308573,0.3150194992826691,0.066,15.65746,0.10043271327774216,0.003459101367393242,0.820617292362197,6.774837461088262e-06
49,2.5,0.022,158.39999999999998,0.005051627634423812,0.3200711269170929,0.05499999999999999,15.71246,0.09919482323232325,0.0028825844728277016,0.8234998768350248,4.7047482368668485e-06
57,2.2299999999999898,0.022,160.62999999999997,0.004506051849906019,0.32457717876699893,0.04905999999999977,15.761519999999999,0.09812314013571563,0.0025712653497622978,0.826071142184787,3.7433988011383897e-06
48,2.5,0.021,163.12999999999997,0.005051627634423812,0.3296288064014227,0.052500000000000005,15.81402,0.09694121252988416,0.0027515579058809882,0.828822700090668,5.290320756159056e-06
117,3.0,0.021,166.12999999999997,0.006061953161308573,0.3356907595627313,0.063,15.87702,0.0955698549328839,0.0033018694870571856,0.8321245695777253,7.618061888869042e-06
79,3.0,0.021,169.12999999999997,0.006061953161308573,0.3417527127240399,0.063,15.94002,0.09424714716490276,0.0033018694870571856,0.8354264390647825,7.618061888869042e-06
42,2.0,0.021,171.12999999999997,0.004041302107539049,0.34579401483157896,0.042,15.98202,0.09339110617659091,0.0022012463247047904,0.8376276853894873,3.385805283941796e-06
116,3.0,0.021,174.12999999999997,0.006061953161308573,0.35185596799288754,0.063,16.04502,0.09214391546545686,0.0033018694870571856,0.8409295548765445,7.618061888869042e-06
94,3.0,0.021,177.12999999999997,0.006061953161308573,0.35791792115419613,0.063,16.10802,0.0909389713769548,0.0033018694870571856,0.8442314243636018,7.618061888869042e-06
33,3.0,0.02,180.12999999999997,0.006061953161308573,0.3639798743155047,0.06,16.16802,0.08975750846610782,0.003144637606721129,0.8473760619703229,8.510730045037848e-06
71,2.219999999999999,0.02,182.34999999999997,0.004485845339368342,0.36846571965487307,0.04439999999999998,16.212419999999998,0.08890825335892515,0.0023270318289736348,0.8497030937992965,4.660475772662721e-06
67,1.9899999999999807,0.02,184.33999999999995,0.004021095597001315,0.3724868152518744,0.03979999999999961,16.252219999999998,0.08816437018552675,0.002085942945791662,0.8517890367450882,3.744815783483747e-06
66,2.0200000000000102,0.02,186.35999999999996,0.004081715128614461,0.3765685303804888,0.04040000000000021,16.29262,0.08742552049796096,0.0021173893218589044,0.8539064260669471,3.858575875085866e-06
120,3.0,0.02,189.35999999999996,0.006061953161308573,0.3826304835417974,0.06,16.352619999999998,0.0863573088297423,0.003144637606721129,0.8570510636736682,8.510730045037848e-06
135,3.0,0.019,192.35999999999996,0.006061953161308573,0.388692436703106,0.056999999999999995,16.409619999999997,0.08530682054481181,0.0029874057263850726,0.8600384694000534,9.452841929594681e-06
74,1.6499999999999773,0.019,194.00999999999993,0.0033340742387196697,0.39202651094182567,0.031349999999999566,16.440969999999997,0.08474289985052318,0.0016430731495117672,0.8616815425495651,2.859484683702312e-06
25,3.0,0.019,197.00999999999993,0.006061953161308573,0.39808846410313425,0.056999999999999995,16.497969999999995,0.08374178975686514,0.0029874057263850726,0.8646689482759502,9.452841929594681e-06
52,3.0,0.019,200.00999999999993,0.006061953161308573,0.40415041726444284,0.056999999999999995,16.554969999999994,0.08277071146442677,0.0029874057263850726,0.8676563540023353,9.452841929594681e-06
24,3.0,0.019,203.00999999999993,0.006061953161308573,0.4102123704257514,0.056999999999999995,16.611969999999992,0.08182833357962661,0.0029874057263850726,0.8706437597287204,9.452841929594681e-06
56,2.2700000000000102,0.017,205.27999999999994,0.004586877892056841,0.4147992483178083,0.03859000000000018,16.65055999999999,0.08111145752143412,0.002022526087389482,0.8726662858161099,6.575900178100742e-06
53,3.0,0.017,208.27999999999994,0.006061953161308573,0.4208612014791169,0.051000000000000004,16.70155999999999,0.0801880161321298,0.00267294196571296,0.8753392277818229,1.1485396883872412e-05
111,3.1999999999999886,0.016,211.47999999999993,0.006466083372062456,0.4273272848511793,0.05119999999999982,16.75275999999999,0.07921675808587099,0.0026834240910686875,0.8780226518728916,1.4308511236088291e-05
109,2.3500000000000227,0.016,213.82999999999996,0.004748529976358429,0.43207581482753776,0.03760000000000036,16.790359999999993,0.07852200346069306,0.0019706395668785933,0.8799932914397702,7.716675127080047e-06
61,3.0,0.016,216.82999999999996,0.006061953161308573,0.43813776798884635,0.048,16.83835999999999,0.07765696628695289,0.0025157100853769035,0.8825090015251471,1.2575839953593315e-05
113,3.0,0.016,219.82999999999996,0.006061953161308573,0.44419972115015494,0.048,16.88635999999999,0.07681553928035297,0.0025157100853769035,0.885024711610524,1.2575839953593315e-05
26,3.0,0.016,222.82999999999996,0.006061953161308573,0.4502616743114635,0.048,16.934359999999987,0.07599676883723014,0.0025157100853769035,0.8875404216959009,1.2575839953593315e-05
32,3.0,0.015,225.82999999999996,0.006061953161308573,0.4563236274727721,0.045,16.97935999999999,0.07518646769694014,0.002358478205040847,0.8898988999009417,1.3715726751702241e-05
118,3.0,0.015,228.82999999999996,0.006061953161308573,0.4623855806340807,0.045,17.02435999999999,0.07439741292662673,0.002358478205040847,0.8922573781059826,1.3715726751702241e-05
11,2.1499999999999986,0.015,230.97999999999996,0.004344399765604475,0.46672998039968516,0.03224999999999998,17.056609999999992,0.07384453199411202,0.0016902427136126059,0.8939476208195952,7.04454965663817e-06
105,3.0,0.015,233.97999999999996,0.006061953161308573,0.47279193356099375,0.045,17.101609999999994,0.07309005043166081,0.002358478205040847,0.8963060990246361,1.3715726751702241e-05
12,2.6000000000000014,0.015,236.57999999999996,0.0052536927398007666,0.4780456263007945,0.03900000000000002,17.140609999999995,0.0724516442640967,0.002044014444368735,0.8983501134690048,1.0302034760167472e-05
50,3.0,0.015,239.57999999999996,0.006061953161308573,0.4841075794621031,0.045,17.185609999999997,0.07173223975290091,0.002358478205040847,0.9007085916740457,1.3715726751702241e-05
158,2.0,0.015,241.57999999999996,0.004041302107539049,0.48814888156964215,0.03,17.215609999999998,0.0712625631260866,0.0015723188033605646,0.9022809104774063,6.095878556312107e-06
155,3.0,0.014,244.57999999999996,0.006061953161308573,0.49421083473095073,0.042,17.25761,0.07056018480660725,0.0022012463247047904,0.9044821568021111,1.4905057278199193e-05
107,3.0,0.014,247.57999999999996,0.006061953161308573,0.5002727878922593,0.042,17.29961,0.0698748283383149,0.0022012463247047904,0.9066834031268158,1.4905057278199193e-05
27,3.0,0.014,250.57999999999996,0.006061953161308573,0.5063347410535678,0.042,17.341610000000003,0.0692058823529412,0.0022012463247047904,0.9088846494515206,1.4905057278199193e-05
112,3.25,0.014,253.82999999999996,0.006567115924750955,0.5129018569783188,0.0455,17.387110000000003,0.06849903478706224,0.0023846835184301897,0.9112693329699508,1.749274083344211e-05
41,2.0,0.014,255.82999999999996,0.004041302107539049,0.5169431590858579,0.028,17.415110000000002,0.06807297814955246,0.0014674975498031935,0.9127368305197541,6.624469901421864e-06
51,3.0,0.014,258.8299999999999,0.006061953161308573,0.5230051122471664,0.042,17.457110000000004,0.06744623884402894,0.0022012463247047904,0.9149380768444588,1.4905057278199193e-05
89,3.0,0.014,261.8299999999999,0.006061953161308573,0.5290670654084749,0.042,17.499110000000005,0.0668338616659665,0.0022012463247047904,0.9171393231691636,1.4905057278199193e-05
58,2.5,0.014,264.3299999999999,0.005051627634423812,0.5341186930428987,0.035,17.534110000000005,0.0663341656263005,0.001834371937253992,0.9189736951064176,1.0350734220971662e-05
106,2.0,0.013,266.3299999999999,0.004041302107539049,0.5381599951504378,0.026,17.560110000000005,0.06593365373784407,0.0013626762962458225,0.9203363714026634,7.175036236926297e-06
110,2.5500000000000114,0.013,268.87999999999994,0.005152660187112311,0.5433126553375501,0.033150000000000145,17.593260000000004,0.06543164236834279,0.0017374122777134315,0.9220737836803768,1.1663918282653415e-05
122,1.3600000000000136,0.012,270.23999999999995,0.002748085433126581,0.5460607407706767,0.016320000000000164,17.609580000000005,0.06516274422735349,0.0008553414290281557,0.922929125109405,3.58247986505054e-06
140,3.0,0.012,273.23999999999995,0.006061953161308573,0.5521226939319852,0.036000000000000004,17.645580000000006,0.06457905138339924,0.0018867825640326778,0.9248159076734376,1.7432049516357162e-05
154,3.0,0.012,276.23999999999995,0.006061953161308573,0.5581846470932937,0.036000000000000004,17.681580000000007,0.06400803649000873,0.0018867825640326778,0.9267026902374702,1.7432049516357162e-05
131,3.0,0.012,279.23999999999995,0.006061953161308573,0.5642466002546023,0.036000000000000004,17.71758000000001,0.0634492909325312,0.0018867825640326778,0.9285894728015028,1.7432049516357162e-05
35,3.0,0.012,282.23999999999995,0.006061953161308573,0.5703085534159108,0.036000000000000004,17.75358000000001,0.0629024234693878,0.0018867825640326778,0.9304762553655355,1.7432049516357162e-05
40,3.0,0.011,285.23999999999995,0.006061953161308573,0.5763705065772193,0.033,17.78658000000001,0.062356541859486796,0.001729550683696621,0.9322058060492321,1.8769711228018187e-05
138,3.0,0.011,288.23999999999995,0.006061953161308573,0.5824324597385279,0.033,17.819580000000013,0.061822023313905135,0.001729550683696621,0.9339353567329287,1.8769711228018187e-05
86,3.0,0.011,291.23999999999995,0.006061953161308573,0.5884944128998364,0.033,17.852580000000014,0.06129851668726829,0.001729550683696621,0.9356649074166253,1.8769711228018187e-05
92,3.0,0.01,294.23999999999995,0.006061953161308573,0.5945563660611449,0.03,17.882580000000015,0.060775489396411156,0.0015723188033605646,0.937237226219986,2.015681666806723e-05
148,3.0,0.01,297.23999999999995,0.006061953161308573,0.6006183192224535,0.03,17.912580000000016,0.060263019781994415,0.0015723188033605646,0.9388095450233466,2.015681666806723e-05
39,3.0,0.01,300.23999999999995,0.006061953161308573,0.606680272383762,0.03,17.942580000000017,0.05976079136690654,0.0015723188033605646,0.9403818638267072,2.015681666806723e-05
37,2.0,0.01,302.23999999999995,0.004041302107539049,0.610721574491301,0.02,17.962580000000017,0.0594315113816835,0.0010482125355737097,0.9414300763622809,8.958585185807658e-06
17,3.0,0.01,305.23999999999995,0.006061953161308573,0.6167835276526096,0.03,17.992580000000018,0.0589456820862273,0.0015723188033605646,0.9430023951656415,2.015681666806723e-05
114,3.0,0.009,308.23999999999995,0.006061953161308573,0.6228454808139181,0.026999999999999996,18.01958000000002,0.05845957695302369,0.0014150869230245078,0.944417482088666,2.15933658365043e-05
165,3.0,0.009,311.23999999999995,0.006061953161308573,0.6289074339752266,0.026999999999999996,18.04658000000002,0.05798284282225942,0.0014150869230245078,0.9458325690116905,2.15933658365043e-05
172,1.5400000000000205,0.009,312.78,0.003111802622805109,0.6320192365980317,0.013860000000000183,18.06044000000002,0.05774167146236979,0.0007264112871525904,0.9465589802988431,5.690091824206106e-06
143,3.0,0.009,315.78,0.006061953161308573,0.6380811897593403,0.026999999999999996,18.087440000000022,0.05727861169168416,0.0014150869230245078,0.9479740672218676,2.15933658365043e-05
29,2.5,0.009,318.28,0.005051627634423812,0.643132817393764,0.0225,18.109940000000023,0.056899396757572024,0.0011792391025204235,0.949153306324388,1.4995392942016876e-05
125,2.9599999999999795,0.009,321.23999999999995,0.0059811271191577515,0.6491139445129218,0.026639999999999813,18.136580000000023,0.05645803760428348,0.0013962190973841714,0.9505495254217722,2.1021381568123717e-05
132,3.0,0.009,324.23999999999995,0.006061953161308573,0.6551758976742303,0.026999999999999996,18.163580000000024,0.056018936590180195,0.0014150869230245078,0.9519646123447967,2.15933658365043e-05
174,2.8899999999999864,0.008,327.12999999999994,0.005839681545393899,0.6610155792196243,0.02311999999999989,18.186700000000023,0.05559471769632876,0.0012117336911232027,0.9531763460359198,2.1417901341848738e-05
180,3.0,0.008,330.12999999999994,0.006061953161308573,0.6670775323809328,0.024,18.210700000000024,0.055162208826825876,0.0012578550426884517,0.9544342010786083,2.3079358733329396e-05
181,3.0,0.008,333.12999999999994,0.006061953161308573,0.6731394855422413,0.024,18.234700000000025,0.054737489868820065,0.0012578550426884517,0.9556920561212968,2.3079358733329396e-05
182,3.0,0.008,336.12999999999994,0.006061953161308573,0.6792014387035499,0.024,18.258700000000026,0.05432035224466733,0.0012578550426884517,0.9569499111639853,2.3079358733329396e-05
133,3.0,0.008,339.12999999999994,0.006061953161308573,0.6852633918648584,0.024,18.282700000000027,0.05391059475717285,0.0012578550426884517,0.9582077662066738,2.3079358733329396e-05
0,2.74,0.008,341.86999999999995,0.0055365838873284974,0.6907999757521869,0.021920000000000002,18.30462000000003,0.053542633164653325,0.001148840938988786,0.9593566071456626,1.9252288180704866e-05
63,3.0,0.008,344.86999999999995,0.006061953161308573,0.6968619289134954,0.024,18.32862000000003,0.053146460985298905,0.0012578550426884517,0.9606144621883511,2.3079358733329396e-05
90,3.0,0.008,347.86999999999995,0.006061953161308573,0.7029238820748039,0.024,18.35262000000003,0.05275712191335853,0.0012578550426884517,0.9618723172310396,2.3079358733329396e-05
13,3.0,0.008,350.86999999999995,0.006061953161308573,0.7089858352361125,0.024,18.37662000000003,0.05237444067603395,0.0012578550426884517,0.9631301722737281,2.3079358733329396e-05
34,3.0,0.008,353.86999999999995,0.006061953161308573,0.715047788397421,0.024,18.400620000000032,0.051998247944160386,0.0012578550426884517,0.9643880273164166,2.3079358733329396e-05
126,2.4700000000000273,0.008,356.34,0.004991008102810781,0.7200387965002318,0.01976000000000022,18.420380000000034,0.0516932704720212,0.0010356339851468367,0.9654236613015634,1.5644984410685825e-05
134,3.0,0.007,359.34,0.006061953161308573,0.7261007496615404,0.021,18.441380000000034,0.051320142483441966,0.0011006231623523952,0.9665242844639158,2.4614795358542518e-05
169,3.0,0.007,362.34,0.006061953161308573,0.7321627028228489,0.021,18.462380000000035,0.050953193133521105,0.0011006231623523952,0.9676249076262682,2.4614795358542518e-05
36,3.0,0.007,365.34,0.006061953161308573,0.7382246559841574,0.021,18.483380000000036,0.05059227021404729,0.0011006231623523952,0.9687255307886206,2.4614795358542518e-05
150,3.0,0.007,368.34,0.006061953161308573,0.744286609145466,0.021,18.504380000000037,0.05023722647553901,0.0011006231623523952,0.9698261539509729,2.4614795358542518e-05
130,3.0,0.006,371.34,0.006061953161308573,0.7503485623067745,0.018000000000000002,18.522380000000037,0.04987984057736855,0.0009433912820163389,0.9707695452329893,2.6199675712143663e-05
151,3.0,0.006,374.34,0.006061953161308573,0.756410515468083,0.018000000000000002,18.540380000000038,0.049528182935299564,0.0009433912820163389,0.9717129365150057,2.6199675712143663e-05
149,3.0,0.006,377.34,0.006061953161308573,0.7624724686293916,0.018000000000000002,18.55838000000004,0.04918211692372937,0.0009433912820163389,0.972656327797022,2.6199675712143663e-05
171,3.0,0.006,380.34,0.006061953161308573,0.7685344217907001,0.018000000000000002,18.57638000000004,0.04884151022769112,0.0009433912820163389,0.9735997190790384,2.6199675712143663e-05
146,3.0,0.006,383.34,0.006061953161308573,0.7745963749520086,0.018000000000000002,18.59438000000004,0.04850623467417969,0.0009433912820163389,0.9745431103610548,2.6199675712143663e-05
62,3.0,0.006,386.34,0.006061953161308573,0.7806583281133171,0.018000000000000002,18.61238000000004,0.048176166071336235,0.0009433912820163389,0.9754865016430712,2.6199675712143663e-05
81,2.4000000000000057,0.006,388.74,0.0048495625290468705,0.785507890642364,0.014400000000000034,18.62678000000004,0.04791577918403056,0.0007547130256130728,0.9762412146686842,1.6767792455772024e-05
177,3.0,0.006,391.74,0.006061953161308573,0.7915698438036726,0.018000000000000002,18.64478000000004,0.04759478225353561,0.0009433912820163389,0.9771846059507006,2.6199675712143663e-05
141,3.0,0.006,394.74,0.006061953161308573,0.7976317969649811,0.018000000000000002,18.66278000000004,0.04727866443735127,0.0009433912820163389,0.9781279972327169,2.6199675712143663e-05
124,2.569999999999993,0.006,397.31,0.0051930732081876645,0.8028248701731687,0.01541999999999996,18.67820000000004,0.04701165336890599,0.0008081718649273281,0.9789361690976442,1.9227359790126305e-05
136,3.0,0.006,400.31,0.006061953161308573,0.8088868233344773,0.018000000000000002,18.69620000000004,0.04670430416427279,0.0009433912820163389,0.9798795603796606,2.6199675712143663e-05
128,3.0,0.006,403.31,0.006061953161308573,0.8149487764957858,0.018000000000000002,18.71420000000004,0.0464015273610871,0.0009433912820163389,0.980822951661677,2.6199675712143663e-05
129,3.0,0.006,406.31,0.006061953161308573,0.8210107296570943,0.018000000000000002,18.73220000000004,0.046103221678029195,0.0009433912820163389,0.9817663429436934,2.6199675712143663e-05
64,3.0,0.005,409.31,0.006061953161308573,0.8270726828184028,0.015,18.747200000000042,0.045801959395079625,0.0007861594016802823,0.9825525023453736,2.7833999794132825e-05
175,3.0,0.005,412.31,0.006061953161308573,0.8331346359797114,0.015,18.762200000000043,0.04550508112827737,0.0007861594016802823,0.9833386617470539,2.7833999794132825e-05
170,3.0,0.005,415.31,0.006061953161308573,0.8391965891410199,0.015,18.777200000000043,0.04521249187354035,0.0007861594016802823,0.9841248211487341,2.7833999794132825e-05
65,2.75,0.005,418.06,0.005556790397866193,0.8447533795388861,0.01375,18.790950000000045,0.044947973975027616,0.0007206461182069254,0.984845467266941,2.3388291493681054e-05
75,2.1899999999999977,0.005,420.25,0.004425225807755255,0.8491786053466414,0.01094999999999999,18.801900000000046,0.044739797739440916,0.0005738963632266055,0.9854193636301676,1.4832738490293355e-05
157,3.0,0.005,423.25,0.006061953161308573,0.8552405585079499,0.015,18.816900000000047,0.04445812167749568,0.0007861594016802823,0.9862055230318478,2.7833999794132825e-05
147,3.0,0.005,426.25,0.006061953161308573,0.8613025116692584,0.015,18.831900000000047,0.044180410557184864,0.0007861594016802823,0.9869916824335281,2.7833999794132825e-05
127,3.0,0.005,429.25,0.006061953161308573,0.867364464830567,0.015,18.846900000000048,0.043906581246360044,0.0007861594016802823,0.9877778418352083,2.7833999794132825e-05
137,3.0,0.005,432.25,0.006061953161308573,0.8734264179918755,0.015,18.86190000000005,0.04363655292076356,0.0007861594016802823,0.9885640012368886,2.7833999794132825e-05
139,3.0,0.005,435.25,0.006061953161308573,0.879488371153184,0.015,18.87690000000005,0.04337024698449178,0.0007861594016802823,0.9893501606385688,2.7833999794132825e-05
82,3.0,0.005,438.25,0.006061953161308573,0.8855503243144925,0.015,18.89190000000005,0.043107586993725154,0.0007861594016802823,0.9901363200402491,2.7833999794132825e-05
123,2.6399999999999864,0.005,440.89,0.005334518781951517,0.8908848430964441,0.013199999999999932,18.90510000000005,0.042879403025698135,0.0006918202734786449,0.9908281403137278,2.1554649440576238e-05
144,3.0,0.005,443.89,0.006061953161308573,0.8969467962577526,0.015,18.92010000000005,0.042623397688616664,0.0007861594016802823,0.991614299715408,2.7833999794132825e-05
152,3.0,0.005,446.89,0.006061953161308573,0.9030087494190612,0.015,18.935100000000052,0.04237082951061794,0.0007861594016802823,0.9924004591170883,2.7833999794132825e-05
77,2.5700000000000216,0.004,449.46000000000004,0.005193073208187722,0.9082018226272489,0.010280000000000086,18.945380000000053,0.042151426155831555,0.0005387812432848913,0.9929392403603732,2.1662433694559046e-05
179,3.0,0.004,452.46000000000004,0.006061953161308573,0.9142637757885574,0.012,18.957380000000054,0.04189846616275483,0.0006289275213442259,0.9935681678817174,2.951776760451001e-05
178,3.0,0.004,455.46000000000004,0.006061953161308573,0.920325728949866,0.012,18.969380000000054,0.04164883853686394,0.0006289275213442259,0.9941970954030617,2.951776760451001e-05
142,3.0,0.004,458.46000000000004,0.006061953161308573,0.9263876821111745,0.012,18.981380000000055,0.041402477860664075,0.0006289275213442259,0.9948260229244059,2.951776760451001e-05
183,3.1499999999999773,0.004,461.61,0.006365050819373956,0.9327527329305485,0.01259999999999991,18.993980000000054,0.04114724551027935,0.0006603738974114324,0.9954863968218174,3.254333878397181e-05
153,3.0,0.004,464.61,0.006061953161308573,0.938814686091857,0.012,19.005980000000054,0.04090738468823326,0.0006289275213442259,0.9961153243431616,2.951776760451001e-05
168,3.0,0.004,467.61,0.006061953161308573,0.9448766392531656,0.012,19.017980000000055,0.04067060156968425,0.0006289275213442259,0.9967442518645059,2.951776760451001e-05
76,1.2800000000000011,0.004,468.89,0.0025864333488249936,0.9474630726019906,0.005120000000000005,19.023100000000056,0.04057049627844496,0.00026834240910686994,0.9970125942736128,5.373545604803253e-06
160,2.0,0.003,470.89,0.004041302107539049,0.9515043747095296,0.006,19.029100000000057,0.040410923994988336,0.00031446376067211293,0.9973270580342849,1.3889324063677877e-05
145,3.0,0.003,473.89,0.006061953161308573,0.9575663278708382,0.009000000000000001,19.038100000000057,0.04017409103378433,0.00047169564100816945,0.997798753675293,3.125097914327522e-05
176,3.0,0.003,476.89,0.006061953161308573,0.9636282810321467,0.009000000000000001,19.047100000000057,0.039940237790685604,0.00047169564100816945,0.9982704493163012,3.125097914327522e-05
163,3.0,0.003,479.89,0.006061953161308573,0.9696902341934552,0.009000000000000001,19.056100000000058,0.039709308383171264,0.00047169564100816945,0.9987421449573093,3.125097914327522e-05
161,3.0,0.003,482.89,0.006061953161308573,0.9757521873547638,0.009000000000000001,19.065100000000058,0.03948124831742231,0.00047169564100816945,0.9992138405983174,3.125097914327522e-05
91,3.0,0.003,485.89,0.006061953161308573,0.9818141405160723,0.009000000000000001,19.07410000000006,0.039256004445450736,0.00047169564100816945,0.9996855362393255,3.125097914327522e-05
164,3.0,0.002,488.89,0.006061953161308573,0.9878760936773808,0.006,19.08010000000006,0.039027388574117,0.00031446376067211293,0.9999999999999977,3.303363441042846e-05
156,3.0,0.0,491.89,0.006061953161308573,0.9939380468386894,0.0,19.08010000000006,0.03878936347557393,0.0,0.9999999999999977,3.674727612989901e-05
162,3.0,0.0,494.89,0.006061953161308573,0.9999999999999979,0.0,19.08010000000006,0.03855422417102802,0.0,0.9999999999999977,3.674727612989901e-05
