,weight,grade,cml_weight,weight_pct,cml_weight_pct,yield,cml_yield,cml_grade,recovery,cml_recovery,distributional_heterogeneity
1,0.6199999999999992,2.98,0.6199999999999992,0.03043691703485514,0.03043691703485514,1.8475999999999977,1.8475999999999977,2.98,0.3069444605961126,0.3069444605961126,0.07645642164628068
12,0.5,1.31,1.1199999999999992,0.024545900834560628,0.054982817869415765,0.655,2.5025999999999975,2.234464285714285,0.10881609747264236,0.41576055806875495,0.007101466041420961
10,0.5,0.72,1.6199999999999992,0.024545900834560628,0.07952871870397639,0.36,2.8625999999999974,1.7670370370370363,0.05980732074832251,0.47556787881707746,0.001243367734334643
7,0.1999999999999993,0.41,1.8199999999999985,0.009818360333824216,0.0893470790378006,0.0819999999999997,2.944599999999997,1.6179120879120876,0.013622778614895633,0.4891906574319731,1.44735984573504e-05
16,0.34999999999999787,0.39,2.1699999999999964,0.017182130584192334,0.10652920962199294,0.13649999999999918,3.0810999999999966,1.4198617511520746,0.022676942450405482,0.5118675998823786,3.0192957445076806e-05
15,2.0100000000000016,0.37,4.179999999999998,0.09867452135493379,0.20520373097692673,0.7437000000000006,3.824799999999997,0.9150239234449759,0.12355195677924302,0.6354195566616216,0.0006188867932906749
13,1.8500000000000014,0.34,6.029999999999999,0.09081983308787439,0.2960235640648011,0.6290000000000006,4.4537999999999975,0.738606965174129,0.10449667986304137,0.739916236524663,0.00018705613771139516
3,0.5300000000000011,0.25,6.5600000000000005,0.02601865488463432,0.32204221894943547,0.13250000000000028,4.586299999999998,0.6991310975609752,0.022012416664313195,0.7619286531889762,1.6049944677961794e-05
14,0.629999999999999,0.22,7.1899999999999995,0.03092783505154634,0.3529700540009818,0.13859999999999978,4.724899999999997,0.6571488178025031,0.02302581848810413,0.7849544716770803,6.244186576891505e-05
5,1.5700000000000003,0.17,8.76,0.07707412862052038,0.4300441826215022,0.2669000000000001,4.991799999999997,0.5698401826484015,0.04434048307702023,0.8292949547541005,0.0010714915505675078
18,1.1700000000000017,0.13,9.930000000000001,0.05743740795287195,0.4874815905743741,0.15210000000000024,5.143899999999997,0.5180161127895263,0.0252685930161663,0.8545635477702669,0.0010348326544320167
4,1.8999999999999986,0.13,11.83,0.09327442317133032,0.5807560137457044,0.24699999999999983,5.390899999999997,0.4556973795435331,0.04103446729121014,0.8955980150614771,0.0027290129903569027
11,0.6099999999999994,0.13,12.44,0.029945999018163937,0.6107020127638684,0.07929999999999993,5.470199999999997,0.4397266881028936,0.013174223709283252,0.9087722387707603,0.00028129244701157976
0,1.0,0.11,13.44,0.049091801669121256,0.6597938144329897,0.11,5.580199999999997,0.4151934523809522,0.01827445911754299,0.9270466978883033,0.0009497086019413165
19,1.0300000000000011,0.1,14.47,0.05056455571919495,0.7103583701521846,0.10300000000000012,5.683199999999997,0.3927574291637869,0.017111538991881184,0.9441582368801845,0.0011191043281579345
9,1.0199999999999996,0.096,15.49,0.05007363770250366,0.7604320078546882,0.09791999999999997,5.781119999999997,0.37321626856036133,0.016267591243543718,0.9604258281237282,0.001142848777185358
8,1.4900000000000002,0.058,16.98,0.07314678448699068,0.8335787923416789,0.08642000000000001,5.867539999999997,0.34555594817432256,0.014357079608527867,0.9747829077322561,0.003456229399696755
6,1.7800000000000011,0.057,18.76,0.08738340697103589,0.9209621993127147,0.10146000000000006,5.968999999999998,0.31817697228144975,0.01685569656423557,0.9916386042964916,0.00497415793522549
17,0.6099999999999994,0.053,19.37,0.029945999018163937,0.9509081983308787,0.03232999999999997,6.001329999999998,0.3098260196179658,0.005371029666092403,0.997009633962584,0.0006039291186552552
2,1.0,0.018,20.37,0.049091801669121256,1.0,0.018,6.019329999999997,0.29549975454099153,0.0029903660374161253,1.0000000000000002,0.002125342367304251
