,weight,grade,cml_weight,weight_pct,cml_weight_pct,yield,cml_yield,cml_grade,recovery,cml_recovery,distributional_heterogeneity
50,0.3000000000000007,2.49,0.3000000000000007,0.000985189320547768,0.000985189320547768,0.7470000000000019,0.7470000000000019,2.49,,,
59,0.7199999999999989,1.98,1.0199999999999996,0.0023644543693146338,0.003349643689862402,1.4255999999999978,2.1725999999999996,2.1300000000000003,,,
54,1.0,1.57,2.0199999999999996,0.0032839644018258854,0.006633608091688287,1.57,3.7425999999999995,1.8527722772277229,,,
43,0.2999999999999998,0.89,2.3199999999999994,0.000985189320547765,0.007618797412236053,0.26699999999999985,4.009599999999999,1.7282758620689656,,,
206,0.19999999999998863,0.48,2.519999999999988,0.0006567928803651397,0.008275590292601193,0.09599999999999453,4.105599999999994,1.6292063492063544,,,
255,1.5,0.43,4.019999999999988,0.004925946602738828,0.01320153689534002,0.645,4.750599999999993,1.1817412935323401,,,
167,0.700000000000017,0.4,4.720000000000005,0.002298775081278176,0.015500311976618197,0.28000000000000685,5.0306,1.0658050847457614,,,
97,0.36999999999999034,0.27,5.089999999999995,0.0012150668286755458,0.016715378805293744,0.0998999999999974,5.130499999999997,1.007956777996071,,,
20,0.3499999999999659,0.21,5.439999999999961,0.0011493875406389479,0.017864766345932693,0.07349999999999283,5.20399999999999,0.9566176470588285,,,
25,0.30000000000001137,0.2,5.739999999999973,0.000985189320547803,0.018849955666480497,0.060000000000002274,5.263999999999992,0.9170731707317104,,,
213,0.29999999999998295,0.19,6.039999999999956,0.0009851893205477097,0.019835144987028208,0.05699999999999676,5.320999999999989,0.8809602649006669,,,
208,0.19999999999998863,0.18,6.239999999999944,0.0006567928803651397,0.020491937867393346,0.03599999999999795,5.356999999999987,0.8584935897435954,,,
1,1.5,0.17,7.739999999999944,0.004925946602738828,0.025417884470132174,0.255,5.611999999999987,0.7250645994832077,,,
202,0.30000000000001137,0.15,8.039999999999957,0.000985189320547803,0.02640307379067998,0.045000000000001705,5.6569999999999885,0.7036069651741317,,,
0,1.5,0.13,9.539999999999957,0.004925946602738828,0.03132902039341881,0.195,5.851999999999989,0.6134171907756829,,,
48,1.5,0.13,11.039999999999957,0.004925946602738828,0.03625496699615764,0.195,6.046999999999989,0.547735507246378,,,
224,0.45000000000001705,0.13,11.489999999999974,0.0014777839808217045,0.03773275097697935,0.05850000000000222,6.105499999999991,0.5313751087902528,,,
55,1.5,0.13,12.989999999999974,0.004925946602738828,0.04265869757971817,0.195,6.3004999999999916,0.48502694380292566,,,
243,0.5600000000000023,0.11,13.549999999999976,0.0018390200650225035,0.04449771764474068,0.06160000000000025,6.362099999999992,0.469527675276753,,,
251,0.6500000000000057,0.098,14.199999999999982,0.002134576861186844,0.04663229450592752,0.06370000000000056,6.425799999999993,0.45252112676056344,,,
250,0.5,0.097,14.699999999999982,0.0016419822009129427,0.048274276706840466,0.0485,6.474299999999992,0.44042857142857145,,,
232,0.19999999999998863,0.094,14.89999999999997,0.0006567928803651397,0.048931069587205604,0.018799999999998932,6.493099999999991,0.4357785234899332,,,
52,1.5,0.083,16.39999999999997,0.004925946602738828,0.05385701618994443,0.1245,6.6175999999999915,0.4035121951219514,,,
49,1.5,0.08,17.89999999999997,0.004925946602738828,0.05878296279268326,0.12,6.737599999999992,0.37640223463687167,,,
83,1.5200000000000031,0.079,19.419999999999973,0.004991625890775357,0.06377458868345862,0.12008000000000024,6.857679999999992,0.35312461380020604,,,
249,0.6999999999999886,0.079,20.119999999999962,0.0022987750812780827,0.0660733637647367,0.0552999999999991,6.912979999999991,0.3435874751491056,,,
51,1.1999999999999993,0.078,21.31999999999996,0.00394075728219106,0.07001412104692777,0.09359999999999995,7.006579999999992,0.32863883677298333,,,
254,1.5,0.074,22.81999999999996,0.004925946602738828,0.0749400676496666,0.11099999999999999,7.117579999999991,0.3119009640666084,,,
56,1.5,0.073,24.31999999999996,0.004925946602738828,0.07986601425240543,0.10949999999999999,7.227079999999991,0.2971661184210527,,,
9,0.5,0.071,24.81999999999996,0.0016419822009129427,0.08150799645331837,0.0355,7.262579999999991,0.29260999194198234,,,
252,1.3499999999999943,0.065,26.169999999999956,0.004433351942464927,0.0859413483957833,0.08774999999999963,7.350329999999991,0.28086855177684383,,,
220,1.5,0.065,27.669999999999956,0.004925946602738828,0.09086729499852213,0.0975,7.447829999999991,0.2691662450307193,,,
53,1.5,0.063,29.169999999999956,0.004925946602738828,0.09579324160126096,0.0945,7.542329999999991,0.25856462118615026,,,
45,1.5,0.063,30.669999999999956,0.004925946602738828,0.10071918820399979,0.0945,7.636829999999991,0.24900000000000005,,,
19,1.0500000000000114,0.061,31.719999999999967,0.0034481626219172172,0.10416735082591701,0.06405000000000069,7.700879999999992,0.24277679697351828,,,
240,0.4000000000000057,0.058,32.119999999999976,0.001313585760730373,0.10548093658664738,0.02320000000000033,7.724079999999992,0.2404757160647571,,,
90,0.9499999999999993,0.056,33.06999999999998,0.003119766181734589,0.10860070276838198,0.05319999999999996,7.777279999999992,0.2351762927124281,,,
228,1.0800000000000125,0.048,34.14999999999999,0.0035466815539719975,0.11214738432235398,0.0518400000000006,7.8291199999999925,0.22925680819912136,,,
61,1.6099999999999994,0.047,35.75999999999999,0.005287182686939674,0.11743456700929365,0.07566999999999997,7.904789999999992,0.22105117449664413,,,
246,0.20000000000001705,0.046,35.96000000000001,0.0006567928803652331,0.11809135988965888,0.009200000000000784,7.913989999999993,0.2200775862068963,,,
21,1.6000000000000227,0.046,37.56000000000003,0.005254343042921492,0.12334570293258038,0.07360000000000104,7.987589999999994,0.21266214057507954,,,
234,1.3000000000000114,0.046,38.86000000000004,0.004269153722373688,0.12761485665495406,0.05980000000000052,8.047389999999995,0.2070867215645905,,,
225,0.9499999999999886,0.046,39.81000000000003,0.003119766181734554,0.13073462283668863,0.043699999999999475,8.091089999999994,0.20324265259984897,,,
57,1.1700000000000017,0.045,40.98000000000003,0.0038422383501362915,0.1345768611868249,0.05265000000000007,8.143739999999994,0.1987247437774521,,,
18,1.5,0.044,42.48000000000003,0.004925946602738828,0.13950280778956373,0.066,8.209739999999995,0.19326129943502798,,,
173,0.3900000000000148,0.042,42.87000000000005,0.001280746116712144,0.14078355390627587,0.016380000000000623,8.226119999999995,0.19188523442967076,,,
17,1.5,0.042,44.37000000000005,0.004925946602738828,0.14570950050901468,0.063,8.289119999999995,0.1868181203515886,,,
253,1.5,0.041,45.87000000000005,0.004925946602738828,0.1506354471117535,0.0615,8.350619999999996,0.18204970568999318,,,
189,0.12999999999999545,0.041,46.00000000000004,0.0004269153722373502,0.15106236248399085,0.005329999999999814,8.355949999999995,0.18165108695652146,,,
24,1.5,0.04,47.50000000000004,0.004925946602738828,0.15598830908672967,0.06,8.415949999999995,0.17717789473684184,,,
22,1.5,0.04,49.00000000000004,0.004925946602738828,0.1609142556894685,0.06,8.475949999999996,0.17297857142857118,,,
117,0.21000000000000796,0.039,49.21000000000005,0.0006896325243834621,0.16160388821385194,0.00819000000000031,8.484139999999996,0.17240682788051184,,,
235,1.1999999999999886,0.039,50.41000000000004,0.003940757282191025,0.16554464549604297,0.04679999999999956,8.530939999999996,0.16923110493949592,,,
3,1.75,0.039,52.16000000000004,0.0057469377031952994,0.17129158319923826,0.06825,8.599189999999997,0.16486177147239245,,,
226,0.6500000000000057,0.039,52.810000000000045,0.002134576861186844,0.1734261600604251,0.025350000000000223,8.624539999999996,0.16331263018367712,,,
241,0.5,0.038,53.310000000000045,0.0016419822009129427,0.17506814226133804,0.019,8.643539999999996,0.1621373100731568,,,
26,1.1999999999999886,0.038,54.51000000000003,0.003940757282191025,0.17900889954352908,0.045599999999999564,8.689139999999997,0.15940451293340654,,,
221,1.0,0.037,55.51000000000003,0.0032839644018258854,0.18229286394535496,0.037,8.726139999999997,0.15719942352729224,,,
229,0.5,0.037,56.01000000000003,0.0016419822009129427,0.1839348461462679,0.0185,8.744639999999997,0.1561264059989286,,,
201,0.799999999999983,0.035,56.81000000000002,0.0026271715214606526,0.18656201766772856,0.027999999999999407,8.772639999999996,0.15442070058088353,,,
211,1.5,0.035,58.31000000000002,0.004925946602738828,0.19148796427046738,0.052500000000000005,8.825139999999996,0.15134865374721307,,,
23,1.5,0.035,59.81000000000002,0.004925946602738828,0.1964139108732062,0.052500000000000005,8.877639999999996,0.14843069720782467,,,
230,0.6200000000000045,0.034,60.43000000000002,0.002036057929132064,0.19844996880233826,0.021080000000000158,8.898719999999996,0.14725666059904008,,,
210,0.19999999999998863,0.034,60.63000000000001,0.0006567928803651397,0.1991067616827034,0.006799999999999614,8.905519999999996,0.14688306119082953,,,
28,1.5,0.033,62.13000000000001,0.004925946602738828,0.2040327082854422,0.0495,8.955019999999996,0.14413359085787855,,,
16,1.5,0.032,63.63000000000001,0.004925946602738828,0.20895865488818102,0.048,9.003019999999996,0.14149017758918742,,,
11,1.5,0.032,65.13000000000001,0.004925946602738828,0.21388460149091984,0.048,9.051019999999996,0.1389685244894825,,,
223,0.799999999999983,0.032,65.92999999999999,0.0026271715214606526,0.2165117730123805,0.025599999999999457,9.076619999999995,0.1376705596845138,,,
29,1.5,0.032,67.42999999999999,0.004925946602738828,0.22143771961511932,0.048,9.124619999999995,0.13531988729052344,,,
142,0.4099999999999966,0.032,67.83999999999999,0.0013464254047486019,0.22278414501986793,0.01311999999999989,9.137739999999996,0.13469545990566034,,,
247,1.6200000000000045,0.032,69.46,0.005320022330957949,0.2281041673508259,0.05184000000000015,9.189579999999996,0.13230031672905265,,,
227,0.44999999999998863,0.031,69.90999999999998,0.001477783980821611,0.2295819513316475,0.013949999999999647,9.203529999999995,0.13164826205120866,,,
236,0.35000000000002274,0.031,70.26,0.0011493875406391346,0.23073133887228664,0.010850000000000705,9.214379999999997,0.13114688300597774,,,
222,0.9000000000000057,0.031,71.16000000000001,0.002955567961643316,0.23368690683392995,0.027900000000000175,9.242279999999997,0.12988026981450249,,,
198,0.7700000000000102,0.03,71.93000000000002,0.0025286525894059656,0.2362155594233359,0.023100000000000308,9.265379999999997,0.1288110663144723,,,
4,1.5,0.029,73.43000000000002,0.004925946602738828,0.24114150602607473,0.043500000000000004,9.308879999999997,0.12677216396568153,,,
41,1.0,0.029,74.43000000000002,0.0032839644018258854,0.2444254704279006,0.029,9.337879999999997,0.12545855165927708,,,
176,0.28000000000000114,0.029,74.71000000000002,0.0009195100325112517,0.24534498046041187,0.008120000000000033,9.345999999999997,0.12509704189532853,,,
112,0.20000000000000284,0.029,74.91000000000003,0.0006567928803651865,0.24600177334077705,0.005800000000000083,9.351799999999997,0.12484047523695092,,,
216,1.5,0.028,76.41000000000003,0.004925946602738828,0.25092771994351587,0.042,9.393799999999997,0.12293940583693226,,,
10,1.5,0.028,77.91000000000003,0.004925946602738828,0.2558536665462547,0.042,9.435799999999997,0.12111153895520464,,,
204,1.4199999999999875,0.028,79.33000000000001,0.004663229450592716,0.2605168959968474,0.03975999999999965,9.475559999999996,0.11944485062397574,,,
75,0.3200000000000003,0.028,79.65,0.0010508686085842843,0.2615677646054317,0.008960000000000008,9.484519999999996,0.11907746390458249,,,
212,1.8000000000000114,0.027,81.45000000000002,0.005911135923286632,0.2674789005287183,0.04860000000000031,9.533119999999997,0.11704260282381823,,,
27,1.5,0.026,82.95000000000002,0.004925946602738828,0.27240484713145713,0.039,9.572119999999996,0.11539626280892097,,,
5,1.5,0.026,84.45000000000002,0.004925946602738828,0.27733079373419595,0.039,9.611119999999996,0.11380840734162219,,,
242,2.0900000000000034,0.026,86.54000000000002,0.006863485599816112,0.28419427933401203,0.05434000000000009,9.665459999999996,0.11168777443956544,,,
47,1.5,0.026,88.04000000000002,0.004925946602738828,0.28912022593675085,0.039,9.704459999999996,0.11022785097682863,,,
231,0.5999999999999943,0.026,88.64000000000001,0.0019703786410955127,0.29109060457784636,0.015599999999999852,9.720059999999995,0.10965771660649812,,,
58,1.379999999999999,0.025,90.02000000000001,0.004531870874519719,0.2956224754523661,0.034499999999999975,9.754559999999994,0.10835992001777375,,,
44,1.4000000000000004,0.025,91.42000000000002,0.004597550162556241,0.30022002561492234,0.03500000000000001,9.789559999999994,0.10708335156420906,,,
71,1.1600000000000037,0.024,92.58000000000001,0.0038093987061180393,0.30402942432104035,0.02784000000000009,9.817399999999994,0.10604234175847907,,,
244,1.4699999999999989,0.024,94.05000000000001,0.004827427670684048,0.3088568519917244,0.03527999999999997,9.852679999999994,0.10476002126528434,,,
122,0.8100000000000023,0.023,94.86000000000001,0.0026600111654789746,0.3115168631572034,0.018630000000000053,9.871309999999994,0.10406188066624492,,,
6,1.5,0.023,96.36000000000001,0.004925946602738828,0.3164428097599422,0.0345,9.905809999999994,0.10280002075550013,,,
2,0.75,0.023,97.11000000000001,0.002462973301369414,0.3189057830613116,0.01725,9.923059999999994,0.10218370919575731,,,
196,1.1500000000000057,0.022,98.26000000000002,0.003776559062099787,0.3226823421234114,0.025300000000000124,9.948359999999994,0.10124526765723582,,,
12,1.5,0.022,99.76000000000002,0.004925946602738828,0.3276082887261502,0.033,9.981359999999993,0.10005372894947866,,,
209,2.200000000000017,0.022,101.96000000000004,0.007224721684017004,0.3348330104101672,0.04840000000000037,10.029759999999994,0.09836955668889752,,,
239,0.5,0.021,102.46000000000004,0.0016419822009129427,0.33647499261108016,0.0105,10.040259999999995,0.0979919968768299,,,
205,1.7700000000000102,0.02,104.23000000000005,0.005812616991231851,0.342287609602312,0.0354000000000002,10.075659999999996,0.0966675621222296,,,
32,1.5,0.02,105.73000000000005,0.004925946602738828,0.34721355620505084,0.03,10.105659999999995,0.09557987326208257,,,
7,1.5,0.02,107.23000000000005,0.004925946602738828,0.35213950280778966,0.03,10.135659999999994,0.09452261493984883,,,
30,1.5,0.02,108.73000000000005,0.004925946602738828,0.3570654494105285,0.03,10.165659999999994,0.09349452772923746,,,
31,1.5,0.02,110.23000000000005,0.004925946602738828,0.3619913960132673,0.03,10.195659999999993,0.09249442075659974,,,
62,1.490000000000002,0.019,111.72000000000006,0.004893106958720576,0.3668845029719879,0.028310000000000037,10.223969999999992,0.0915142320085928,,,
68,0.6200000000000045,0.019,112.34000000000006,0.002036057929132064,0.36892056090111996,0.011780000000000086,10.235749999999992,0.09111402884101823,,,
217,1.5,0.019,113.84000000000006,0.004925946602738828,0.3738465075038588,0.028499999999999998,10.264249999999992,0.09016382642304978,,,
199,0.29999999999998295,0.018,114.14000000000004,0.0009851893205477097,0.3748316968244065,0.005399999999999692,10.269649999999992,0.08997415454704738,,,
78,1.5500000000000043,0.018,115.69000000000005,0.005090144822830137,0.37992184164723664,0.027900000000000074,10.297549999999992,0.0890098539199584,,,
33,1.5,0.018,117.19000000000005,0.004925946602738828,0.38484778824997545,0.026999999999999996,10.324549999999991,0.08810094717979339,,,
81,1.5200000000000031,0.018,118.71000000000006,0.004991625890775357,0.3898394141407508,0.027360000000000054,10.351909999999991,0.08720335270828056,,,
174,0.6899999999999977,0.018,119.40000000000006,0.0022659354372598535,0.39210534957801063,0.012419999999999959,10.364329999999992,0.08680343383584578,,,
238,0.5699999999999932,0.018,119.97000000000006,0.0018718597090407324,0.3939772092870514,0.010259999999999877,10.374589999999992,0.08647653580061672,,,
245,1.2299999999999898,0.018,121.20000000000005,0.004039276214245806,0.3980164855012972,0.022139999999999813,10.396729999999993,0.08578160066006592,,,
168,1.289999999999992,0.017,122.49000000000004,0.004236314078355366,0.40225279957965254,0.021929999999999866,10.418659999999992,0.08505722916156412,,,
15,1.5,0.017,123.99000000000004,0.004925946602738828,0.40717874618239136,0.025500000000000002,10.444159999999991,0.0842338898298249,,,
121,0.21999999999999886,0.017,124.21000000000004,0.0007224721684016911,0.40790121835079307,0.0037399999999999808,10.447899999999992,0.08411480557120996,,,
60,1.2800000000000011,0.016,125.49000000000004,0.004203474434337137,0.41210469278513023,0.02048000000000002,10.468379999999991,0.0834200334688022,,,
13,1.5,0.016,126.99000000000004,0.004925946602738828,0.41703063938786905,0.024,10.49237999999999,0.08262367115520897,,,
100,1.480000000000004,0.016,128.47000000000003,0.004860267314702324,0.4218909067025714,0.023680000000000066,10.51605999999999,0.0818561531875145,,,
149,0.950000000000017,0.016,129.42000000000004,0.0031197661817346472,0.42501067288430605,0.015200000000000272,10.53125999999999,0.08137273991655067,,,
76,1.3200000000000003,0.016,130.74000000000004,0.00433483301041017,0.4293455058947162,0.021120000000000003,10.55237999999999,0.08071271225332712,,,
171,1.0,0.015,131.74000000000004,0.0032839644018258854,0.4326294702965421,0.015,10.567379999999991,0.08021390617883702,,,
203,1.5800000000000125,0.015,133.32000000000005,0.005188663754884941,0.437818134051427,0.023700000000000186,10.591079999999991,0.07944104410441034,,,
77,1.5,0.015,134.82000000000005,0.004925946602738828,0.4427440806541658,0.0225,10.613579999999992,0.07872407654650636,,,
123,1.2199999999999989,0.015,136.04000000000005,0.0040064365702275765,0.4467505172243934,0.018299999999999983,10.631879999999992,0.07815260217583055,,,
207,2.430000000000007,0.015,138.47000000000006,0.007980033496436924,0.45473055072083035,0.0364500000000001,10.668329999999992,0.07704434173467169,,,
197,0.44999999999998863,0.014,138.92000000000004,0.001477783980821611,0.45620833470165195,0.006299999999999841,10.674629999999992,0.07684012381226597,,,
219,1.0,0.014,139.92000000000004,0.0032839644018258854,0.45949229910347783,0.014,10.688629999999991,0.07639100914808453,,,
248,1.7800000000000011,0.014,141.70000000000005,0.00584545663525008,0.46533775573872793,0.024920000000000015,10.71354999999999,0.07560726887791099,,,
140,1.5,0.014,143.20000000000005,0.004925946602738828,0.47026370234146675,0.021,10.734549999999992,0.07496194134078205,,,
256,1.539999999999992,0.014,144.74000000000004,0.0050573051788118375,0.47532100752027856,0.02155999999999989,10.75610999999999,0.07431332043664493,,,
125,1.490000000000009,0.014,146.23000000000005,0.004893106958720599,0.48021411447899914,0.02086000000000013,10.776969999999992,0.07369876222389378,,,
46,1.5,0.014,147.73000000000005,0.004925946602738828,0.48514006108173796,0.021,10.797969999999992,0.0730926013673593,,,
14,1.5,0.014,149.23000000000005,0.004925946602738828,0.4900660076844768,0.021,10.818969999999993,0.0724986262815787,,,
119,0.4099999999999966,0.014,149.64000000000004,0.0013464254047486019,0.4914124330892254,0.005739999999999953,10.824709999999993,0.07233834536220254,,,
98,1.0500000000000114,0.013,150.69000000000005,0.0034481626219172172,0.4948605957111426,0.013650000000000146,10.838359999999993,0.07192487889043725,,,
214,0.9000000000000057,0.013,151.59000000000006,0.002955567961643316,0.4978161636727859,0.011700000000000073,10.850059999999992,0.07157503793126188,,,
101,1.4699999999999989,0.013,153.06000000000006,0.004827427670684048,0.5026435913434699,0.019109999999999985,10.869169999999992,0.07101247876649672,,,
102,1.4599999999999937,0.013,154.52000000000004,0.004794588026665773,0.5074381793701357,0.018979999999999917,10.88814999999999,0.07046434118560696,,,
160,1.5600000000000023,0.013,156.08000000000004,0.005122984466848389,0.512561163836984,0.020280000000000027,10.90842999999999,0.06988999231163498,,,
91,1.5400000000000063,0.013,157.62000000000006,0.005057305178811884,0.5176184690157959,0.02002000000000008,10.928449999999991,0.06933415810176365,,,
193,0.549999999999983,0.013,158.17000000000004,0.001806180421004181,0.5194246494368001,0.007149999999999778,10.93559999999999,0.06913826895112846,,,
137,0.5,0.013,158.67000000000004,0.0016419822009129427,0.521066631637713,0.0065,10.942099999999991,0.06896136635784955,,,
143,2.219999999999999,0.012,160.89000000000004,0.007290400972053462,0.5283570326097665,0.026639999999999987,10.968739999999991,0.0681753993411647,,,
124,1.6099999999999994,0.012,162.50000000000006,0.005287182686939674,0.5336442152967062,0.019319999999999993,10.988059999999992,0.0676188307692307,,,
126,0.6299999999999955,0.012,163.13000000000005,0.002068897573150293,0.5357131128698566,0.007559999999999945,10.995619999999992,0.06740403359283999,,,
66,1.3900000000000006,0.012,164.52000000000004,0.004564710518537983,0.5402778233883946,0.016680000000000007,11.01229999999999,0.06693593484074878,,,
67,1.1999999999999957,0.012,165.72000000000003,0.003940757282191049,0.5442185806705856,0.01439999999999995,11.026699999999991,0.0665381366159787,,,
169,1.0500000000000114,0.012,166.77000000000004,0.0034481626219172172,0.5476667432925029,0.012600000000000137,11.039299999999992,0.06619475924926539,,,
237,0.3299999999999841,0.012,167.10000000000002,0.00108370825260249,0.5487504515451054,0.003959999999999809,11.043259999999991,0.06608773189706756,,,
218,1.5,0.012,168.60000000000002,0.004925946602738828,0.5536763981478442,0.018000000000000002,11.061259999999992,0.06560652431791215,,,
127,1.6099999999999994,0.011,170.21000000000004,0.005287182686939674,0.5589635808347839,0.017709999999999993,11.078969999999991,0.06509000646260495,,,
200,1.4800000000000182,0.011,171.69000000000005,0.004860267314702371,0.5638238481494863,0.0162800000000002,11.095249999999991,0.06462374046246135,,,
183,1.2900000000000205,0.011,172.98000000000008,0.00423631407835546,0.5680601622278417,0.014190000000000225,11.109439999999992,0.0642238409064631,,,
195,0.5,0.011,173.48000000000008,0.0016419822009129427,0.5697021444287547,0.0055,11.114939999999992,0.06407044039658742,,,
70,0.14999999999999858,0.011,173.63000000000008,0.0004925946602738782,0.5701947390890285,0.0016499999999999844,11.116589999999992,0.06402459252433328,,,
34,1.5,0.011,175.13000000000008,0.004925946602738828,0.5751206856917673,0.0165,11.133089999999992,0.06357043339233705,,,
35,1.5,0.011,176.63000000000008,0.004925946602738828,0.5800466322945061,0.0165,11.149589999999993,0.06312398799750885,,,
153,1.8700000000000045,0.011,178.50000000000009,0.0061410134314144205,0.5861876457259205,0.02057000000000005,11.170159999999992,0.06257792717086827,,,
141,2.160000000000025,0.011,180.6600000000001,0.007093363107943995,0.5932810088338645,0.023760000000000274,11.193919999999993,0.0619612531827742,,,
63,1.5599999999999952,0.011,182.2200000000001,0.005122984466848365,0.5984039933007128,0.017159999999999946,11.211079999999994,0.06152496981670501,,,
131,2.049999999999997,0.01,184.2700000000001,0.006732127023743056,0.6051361203244559,0.020499999999999973,11.231579999999994,0.06095175557605681,,,
191,0.19999999999998863,0.01,184.47000000000008,0.0006567928803651397,0.605792913204821,0.0019999999999998864,11.233579999999995,0.060896514338374744,,,
135,0.9300000000000068,0.01,185.4000000000001,0.003054086893698096,0.6088470000985191,0.009300000000000069,11.242879999999994,0.06064120819848969,,,
113,1.7999999999999972,0.01,187.2000000000001,0.005911135923286585,0.6147581360218057,0.01799999999999997,11.260879999999995,0.060154273504273444,,,
120,0.7399999999999949,0.01,187.9400000000001,0.0024301336573511385,0.6171882696791569,0.007399999999999949,11.268279999999995,0.059956794721719636,,,
233,1.0,0.01,188.9400000000001,0.0032839644018258854,0.6204722340809827,0.01,11.278279999999995,0.059692389118238535,,,
106,1.5700000000000074,0.009,190.5100000000001,0.005155824110866665,0.6256280581918494,0.014130000000000066,11.292409999999995,0.05927463125295254,,,
187,1.5100000000000193,0.009,192.02000000000012,0.004958786246757151,0.6305868444386066,0.013590000000000173,11.305999999999996,0.058879283407978274,,,
65,1.4100000000000037,0.009,193.43000000000012,0.004630389806574511,0.6352172342451811,0.012690000000000033,11.318689999999995,0.05851569043064668,,,
103,1.3700000000000045,0.009,194.80000000000013,0.004499031230501478,0.6397162654756825,0.01233000000000004,11.331019999999995,0.05816745379876791,,,
151,1.0800000000000125,0.009,195.88000000000014,0.0035466815539719975,0.6432629470296545,0.009720000000000112,11.340739999999995,0.057896365121502896,,,
42,1.0,0.009,196.88000000000014,0.0032839644018258854,0.6465469114314804,0.009,11.349739999999995,0.057648008939455445,,,
118,1.0300000000000011,0.009,197.91000000000014,0.0033824833338806657,0.649929394765361,0.00927000000000001,11.359009999999996,0.057394825930978666,,,
99,1.539999999999992,0.009,199.45000000000013,0.0050573051788118375,0.6549866999441729,0.013859999999999928,11.372869999999995,0.05702115818500871,,,
154,0.9000000000000057,0.009,200.35000000000014,0.002955567961643316,0.6579422679058162,0.00810000000000005,11.380969999999996,0.05680544047916141,,,
87,1.5400000000000063,0.009,201.89000000000016,0.005057305178811884,0.6629995730846281,0.013860000000000055,11.394829999999995,0.05644078458566539,,,
107,0.37999999999999545,0.008,202.27000000000015,0.0012479064726938216,0.6642474795573219,0.0030399999999999637,11.397869999999996,0.056349779997033604,,,
111,1.1400000000000006,0.008,203.41000000000014,0.003743719418081511,0.6679911989754034,0.009120000000000005,11.406989999999995,0.05607880635170339,,,
72,1.509999999999998,0.008,204.92000000000013,0.004958786246757081,0.6729499852221604,0.012079999999999985,11.419069999999994,0.05572452664454415,,,
38,1.5,0.008,206.42000000000013,0.004925946602738828,0.6778759318248992,0.012,11.431069999999995,0.05537772502664465,,,
74,1.4099999999999966,0.008,207.83000000000013,0.004630389806574487,0.6825063216314737,0.011279999999999972,11.442349999999994,0.05505629601116291,,,
134,1.5500000000000114,0.008,209.38000000000014,0.0050901448228301595,0.687596466454304,0.012400000000000092,11.454749999999994,0.05470794727290088,,,
133,2.089999999999989,0.008,211.47000000000014,0.006863485599816066,0.69445995205412,0.016719999999999915,11.471469999999993,0.05424632335555864,,,
138,0.21999999999999886,0.008,211.69000000000014,0.0007224721684016911,0.6951824242225217,0.001759999999999991,11.473229999999994,0.05419826160895643,,,
170,1.509999999999991,0.008,213.20000000000013,0.004958786246757057,0.7001412104692788,0.012079999999999928,11.485309999999993,0.053871060037523386,,,
128,1.7600000000000051,0.008,214.96000000000015,0.005779777347213575,0.7059209878164924,0.01408000000000004,11.499389999999993,0.053495487532564126,,,
130,1.5499999999999972,0.008,216.51000000000016,0.0050901448228301135,0.7110111326393225,0.012399999999999977,11.511789999999992,0.05316978430557472,,,
155,0.19999999999998863,0.008,216.71000000000015,0.0006567928803651397,0.7116679255196876,0.001599999999999909,11.513389999999992,0.053128097457431515,,,
175,1.0300000000000011,0.008,217.74000000000015,0.0033824833338806657,0.7150504088535683,0.00824000000000001,11.521629999999993,0.05291462294479648,,,
132,0.4100000000000108,0.008,218.15000000000015,0.0013464254047486485,0.7163968342583169,0.0032800000000000867,11.524909999999993,0.05283020857208336,,,
185,1.3600000000000136,0.007,219.51000000000016,0.0044661915864832495,0.7208630258448001,0.009520000000000096,11.534429999999993,0.05254626212928789,,,
108,0.269999999999996,0.007,219.78000000000014,0.0008866703884929761,0.7217496962332931,0.0018899999999999722,11.536319999999993,0.052490308490308425,,,
96,0.5500000000000114,0.007,220.33000000000015,0.0018061804210042743,0.7235558766542973,0.0038500000000000795,11.540169999999993,0.05237675305223975,,,
164,1.5300000000000011,0.007,221.86000000000016,0.005024465534793608,0.728580342189091,0.010710000000000008,11.550879999999992,0.052063824033174,,,
69,1.5799999999999983,0.007,223.44000000000017,0.005188663754884894,0.7337690059439759,0.011059999999999988,11.561939999999993,0.05174516648764762,,,
89,1.5100000000000051,0.007,224.95000000000016,0.004958786246757104,0.7387277921907329,0.010570000000000036,11.572509999999992,0.051444809957768324,,,
64,1.6400000000000006,0.007,226.59000000000015,0.005385701618994454,0.7441134938097274,0.011480000000000004,11.583989999999993,0.05112312988216596,,,
85,1.5300000000000011,0.007,228.12000000000015,0.005024465534793608,0.749137959344521,0.010710000000000008,11.594699999999992,0.05082719621251966,,,
95,1.5,0.007,229.62000000000015,0.004925946602738828,0.7540639059472598,0.0105,11.605199999999993,0.050540893650378824,,,
80,1.5499999999999972,0.007,231.17000000000013,0.0050901448228301135,0.7591540507700899,0.010849999999999981,11.616049999999992,0.050248950988449996,,,
114,1.5499999999999972,0.007,232.72000000000014,0.0050901448228301135,0.76424419559292,0.010849999999999981,11.626899999999992,0.04996089721553792,,,
180,1.4699999999999989,0.007,234.19000000000014,0.004827427670684048,0.769071623263604,0.010289999999999992,11.637189999999991,0.04969123361373237,,,
116,1.3900000000000006,0.007,235.58000000000015,0.004564710518537983,0.773636333782142,0.009730000000000004,11.64691999999999,0.04943934120044139,,,
215,1.5,0.006,237.08000000000015,0.004925946602738828,0.7785622803848808,0.009000000000000001,11.655919999999991,0.049164501434115,,,
144,0.8999999999999773,0.006,237.98000000000013,0.002955567961643222,0.781517848346524,0.005399999999999864,11.661319999999991,0.04900126061013524,,,
188,2.6399999999999864,0.006,240.62000000000012,0.008669666020820293,0.7901875143673444,0.01583999999999992,11.677159999999992,0.04852946554733599,,,
181,1.5300000000000011,0.006,242.15000000000012,0.005024465534793608,0.795211979902138,0.009180000000000008,11.686339999999992,0.048260747470576036,,,
194,0.9000000000000057,0.006,243.05000000000013,0.002955567961643316,0.7981675478637813,0.005400000000000034,11.691739999999992,0.0481042583830487,,,
109,1.4000000000000057,0.006,244.45000000000013,0.004597550162556258,0.8027650980263376,0.008400000000000034,11.700139999999992,0.04786312129269783,,,
40,1.4399999999999977,0.006,245.89000000000013,0.0047289087386292675,0.8074940067649669,0.008639999999999986,11.708779999999992,0.04761795925007111,,,
39,1.5,0.006,247.39000000000013,0.004925946602738828,0.8124199533677057,0.009000000000000001,11.717779999999992,0.047365617041917565,,,
190,0.9200000000000159,0.006,248.31000000000014,0.003021247249679867,0.8154412006173856,0.005520000000000096,11.723299999999993,0.047212355523337704,,,
79,1.5,0.006,249.81000000000014,0.004925946602738828,0.8203671472201244,0.009000000000000001,11.732299999999993,0.04696489331892233,,,
115,1.5,0.006,251.31000000000014,0.004925946602738828,0.8252930938228632,0.009000000000000001,11.741299999999994,0.04672038518164811,,,
104,1.8199999999999932,0.006,253.13000000000014,0.005976815211323089,0.8312699090341863,0.01091999999999996,11.752219999999994,0.04642760636826922,,,
157,1.509999999999991,0.006,254.64000000000013,0.004958786246757057,0.8362286952809433,0.009059999999999945,11.761279999999994,0.04618787307571469,,,
36,1.5,0.006,256.1400000000001,0.004925946602738828,0.8411546418836822,0.009000000000000001,11.770279999999994,0.04595252596236429,,,
172,1.6699999999999875,0.006,257.81000000000006,0.005484220551049188,0.8466388624347313,0.010019999999999925,11.780299999999995,0.04569372793917999,,,
82,1.529999999999994,0.005,259.34000000000003,0.005024465534793585,0.8516633279695249,0.00764999999999997,11.787949999999995,0.045453651577080256,,,
156,1.420000000000016,0.005,260.76000000000005,0.00466322945059281,0.8563265574201178,0.007100000000000079,11.795049999999994,0.04523335634299736,,,
136,0.14999999999997726,0.005,260.91,0.0004925946602738081,0.8568191520803916,0.0007499999999998863,11.795799999999995,0.04521022574834231,,,
110,1.4099999999999966,0.005,262.32000000000005,0.004630389806574487,0.8614495418869661,0.007049999999999983,11.802849999999994,0.044994091186337265,,,
161,1.5199999999999818,0.005,263.84000000000003,0.004991625890775286,0.8664411677777414,0.007599999999999909,11.810449999999994,0.04476368253486959,,,
73,1.5300000000000011,0.005,265.37,0.005024465534793608,0.871465633312535,0.007650000000000006,11.818099999999994,0.0445344236349248,,,
92,1.5100000000000051,0.005,266.88,0.004958786246757104,0.8764244195592921,0.0075500000000000254,11.825649999999994,0.04431073890887288,,,
182,1.509999999999991,0.005,268.39,0.004958786246757057,0.8813832058060491,0.007549999999999954,11.833199999999994,0.044089571146465945,,,
139,1.25,0.005,269.64,0.004104955502282357,0.8854881613083315,0.00625,11.839449999999994,0.043908359293873295,,,
166,1.5300000000000011,0.005,271.16999999999996,0.005024465534793608,0.8905126268431252,0.007650000000000006,11.847099999999994,0.04368882988531178,,,
37,1.5,0.005,272.66999999999996,0.004925946602738828,0.895438573445864,0.0075,11.854599999999994,0.0434759966259581,,,
129,2.0999999999999943,0.004,274.77,0.006896325243834341,0.9023348986896983,0.008399999999999977,11.862999999999994,0.04317429122538849,,,
84,1.5200000000000031,0.004,276.28999999999996,0.004991625890775357,0.9073265245804737,0.0060800000000000125,11.869079999999995,0.04295877519997103,,,
86,1.519999999999996,0.004,277.80999999999995,0.004991625890775333,0.912318150471249,0.006079999999999984,11.875159999999996,0.04274561750836902,,,
159,1.490000000000009,0.004,279.29999999999995,0.004893106958720599,0.9172112574299696,0.0059600000000000364,11.881119999999996,0.04253891872538488,,,
178,1.0999999999999943,0.004,280.4,0.0036123608420084554,0.920823618271978,0.004399999999999978,11.885519999999996,0.04238773181169756,,,
147,1.4099999999999966,0.003,281.80999999999995,0.004630389806574487,0.9254540080785525,0.00422999999999999,11.889749999999996,0.042190660374010855,,,
148,0.3199999999999932,0.003,282.12999999999994,0.001050868608584261,0.9265048766871368,0.0009599999999999795,11.890709999999995,0.042146209194343025,,,
186,1.539999999999992,0.003,283.66999999999996,0.0050573051788118375,0.9315621818659486,0.0046199999999999766,11.895329999999994,0.04193369055592765,,,
150,0.6499999999999773,0.003,284.31999999999994,0.002134576861186751,0.9336967587271354,0.0019499999999999318,11.897279999999995,0.04184468204839616,,,
93,1.4899999999999949,0.003,285.80999999999995,0.004893106958720553,0.938589865685856,0.004469999999999984,11.901749999999995,0.04164217487141807,,,
163,1.5200000000000102,0.003,287.3299999999999,0.004991625890775379,0.9435814915766314,0.004560000000000031,11.906309999999994,0.04143775449831204,,,
105,1.480000000000004,0.003,288.80999999999995,0.004860267314702324,0.9484417588913338,0.004440000000000012,11.910749999999995,0.04124078113638723,,,
192,1.8000000000000114,0.003,290.60999999999996,0.005911135923286632,0.9543528948146204,0.005400000000000034,11.916149999999995,0.04100392278311137,,,
184,0.39999999999997726,0.003,291.00999999999993,0.0013135857607302795,0.9556664805753506,0.0011999999999999318,11.917349999999995,0.04095168550908903,,,
94,1.5499999999999972,0.003,292.55999999999995,0.0050901448228301135,0.9607566253981807,0.004649999999999992,11.921999999999995,0.04075061525840852,,,
152,0.3499999999999943,0.002,292.90999999999997,0.0011493875406390413,0.9619060129388198,0.0006999999999999886,11.922699999999995,0.04070431190468061,,,
146,1.2299999999999898,0.002,294.14,0.004039276214245806,0.9659452891530657,0.0024599999999999796,11.925159999999995,0.040542462772829246,,,
158,1.5300000000000011,0.002,295.66999999999996,0.005024465534793608,0.9709697546878593,0.0030600000000000024,11.928219999999994,0.040343017553353386,,,
145,0.7200000000000273,0.002,296.39,0.002364454369314727,0.973334209057174,0.0014400000000000545,11.929659999999995,0.04024987347751272,,,
88,1.509999999999991,0.002,297.9,0.004958786246757057,0.9782929953039311,0.003019999999999982,11.932679999999994,0.04005599194360522,,,
162,1.5300000000000011,0.002,299.42999999999995,0.005024465534793608,0.9833174608387247,0.0030600000000000024,11.935739999999994,0.039861536920148266,,,
165,1.5199999999999818,0.002,300.94999999999993,0.004991625890775286,0.9883090867295,0.0030399999999999637,11.938779999999994,0.03967031068283767,,,
177,1.6599999999999966,0.002,302.6099999999999,0.005451380907030959,0.993760467636531,0.003319999999999993,11.942099999999995,0.039463666104887475,,,
179,1.4000000000000057,0.002,304.0099999999999,0.004597550162556258,0.9983580177990873,0.0028000000000000112,11.944899999999995,0.03929114173875859,,,
8,0.5,,304.5099999999999,0.0016419822009129427,1.0000000000000002,,,,,,
