,weight,grade,cml_weight,weight_pct,cml_weight_pct,yield,cml_yield,cml_grade,recovery,cml_recovery,distributional_heterogeneity
234,0.5699999999999932,2.3,0.5699999999999932,0.0018708152816069104,0.0018708152816069104,1.3109999999999842,1.3109999999999842,2.3,,,
55,0.5,0.81,1.0699999999999932,0.0016410660364973096,0.0035118813181042197,0.405,1.7159999999999842,1.6037383177570048,,,
116,0.5300000000000011,0.67,1.5999999999999943,0.001739529998687152,0.005251411316791372,0.3551000000000008,2.071099999999985,1.294437499999995,,,
57,0.3499999999999943,0.62,1.9499999999999886,0.001148746225548098,0.00640015754233947,0.21699999999999647,2.2880999999999814,1.1733846153846126,,,
170,0.27000000000001023,0.6,2.219999999999999,0.0008861756597085807,0.007286333202048051,0.16200000000000614,2.4500999999999875,1.1036486486486436,,,
48,0.2699999999999818,0.55,2.4899999999999807,0.0008861756597084875,0.008172508861756538,0.14849999999999,2.5985999999999776,1.0436144578313244,,,
258,0.5,0.53,2.9899999999999807,0.0016410660364973096,0.009813574898253848,0.265,2.8635999999999777,0.9577257525083599,,,
238,0.4000000000000057,0.51,3.3899999999999864,0.0013128528291978664,0.011126427727451715,0.2040000000000029,3.0675999999999806,0.9048967551622398,,,
65,0.44999999999998863,0.42,3.839999999999975,0.0014769594328475414,0.012603387160299255,0.18899999999999523,3.2565999999999757,0.8480729166666658,,,
255,0.35000000000002274,0.36,4.189999999999998,0.0011487462255481912,0.013752133385847447,0.1260000000000082,3.382599999999984,0.8073031026252949,,,
190,0.37999999999999545,0.36,4.569999999999993,0.0012472101877379403,0.014999343573585388,0.13679999999999837,3.5193999999999823,0.7701094091903693,,,
56,1.5,0.28,6.069999999999993,0.004923198109491929,0.019922541683077315,0.42000000000000004,3.9393999999999822,0.6489950576606238,,,
236,1.1999999999999886,0.232,7.269999999999982,0.0039385584875935055,0.02386110017067082,0.27839999999999737,4.21779999999998,0.5801650618982105,,,
257,0.39999999999997726,0.23,7.669999999999959,0.001312852829197773,0.025173952999868594,0.09199999999999478,4.309799999999975,0.5619035202086047,,,
81,0.25,0.22,7.919999999999959,0.0008205330182486548,0.025994486018117248,0.055,4.364799999999975,0.5511111111111108,,,
53,0.46999999999999886,0.19,8.389999999999958,0.0015426020743074672,0.027537088092424715,0.08929999999999978,4.454099999999975,0.5308820023837899,,,
24,0.39999999999997726,0.19,8.789999999999935,0.001312852829197773,0.028849940921622488,0.07599999999999568,4.530099999999971,0.5153697383390221,,,
235,1.6200000000000045,0.19,10.40999999999994,0.005317053958251298,0.034166994879873784,0.30780000000000085,4.837899999999972,0.4647358309317963,,,
27,0.410000000000025,0.17,10.819999999999965,0.001345674149927876,0.03551266902980166,0.06970000000000426,4.907599999999976,0.45356746765249467,,,
104,0.1700000000000017,0.17,10.989999999999966,0.0005579624524090908,0.03607063148221075,0.028900000000000294,4.936499999999977,0.44918107370336596,,,
39,1.6000000000000227,0.17,12.58999999999999,0.0052514113167914656,0.041322042799002215,0.2720000000000039,5.20849999999998,0.4137013502779972,,,
97,0.3100000000000023,0.16,12.899999999999991,0.0010174609426283393,0.042339503741630556,0.049600000000000366,5.258099999999981,0.4076046511627895,,,
210,0.09000000000000341,0.16,12.989999999999995,0.00029539188656952693,0.04263489562820008,0.014400000000000546,5.272499999999981,0.40588914549653454,,,
40,1.5,0.16,14.489999999999995,0.004923198109491929,0.04755809373769201,0.24,5.5124999999999815,0.3804347826086945,,,
38,1.1499999999999773,0.15,15.639999999999972,0.0037744518839437375,0.05133254562163574,0.17249999999999657,5.684999999999978,0.36349104859334963,,,
275,0.4000000000000057,0.15,16.039999999999978,0.0013128528291978664,0.05264539845083361,0.06000000000000085,5.744999999999979,0.35816708229426353,,,
58,0.30000000000001137,0.14,16.33999999999999,0.000984639621898423,0.053630038072732034,0.0420000000000016,5.78699999999998,0.35416156670746535,,,
252,0.29999999999998295,0.14,16.639999999999972,0.0009846396218983298,0.05461467769463036,0.041999999999997616,5.828999999999978,0.35030048076923004,,,
259,1.0,0.14,17.639999999999972,0.003282132072994619,0.05789680976762498,0.14,5.968999999999978,0.3383786848072555,,,
237,0.30000000000001137,0.14,17.939999999999984,0.000984639621898423,0.0588814493895234,0.0420000000000016,6.01099999999998,0.3350613154960973,,,
50,0.14999999999997726,0.13,18.08999999999996,0.0004923198109491183,0.05937376920047252,0.019499999999997044,6.030499999999977,0.33336097291321115,,,
273,1.5,0.13,19.58999999999996,0.004923198109491929,0.06429696730996445,0.195,6.225499999999977,0.3177896886166406,,,
256,0.75,0.12,20.33999999999996,0.0024615990547459644,0.06675856636471042,0.09,6.315499999999977,0.3104965585054075,,,
1,1.5,0.12,21.83999999999996,0.004923198109491929,0.07168176447420235,0.18,6.495499999999977,0.2974130036630031,,,
25,0.6000000000000227,0.11,22.439999999999984,0.001969279243796846,0.0736510437179992,0.0660000000000025,6.561499999999979,0.292401960784313,,,
26,0.5,0.1,22.939999999999984,0.0016410660364973096,0.07529210975449652,0.05,6.611499999999979,0.28820836965998187,,,
31,0.9000000000000341,0.1,23.840000000000018,0.002953918865695269,0.07824602862019178,0.09000000000000341,6.7014999999999825,0.28110318791946215,,,
64,1.0,0.1,24.840000000000018,0.003282132072994619,0.0815281606931864,0.1,6.801499999999982,0.2738123993558767,,,
267,0.37000000000000455,0.1,25.210000000000022,0.001214388867008024,0.08274254956019442,0.037000000000000456,6.838499999999983,0.27126140420467976,,,
266,1.0,0.096,26.210000000000022,0.003282132072994619,0.08602468163318903,0.096,6.934499999999983,0.26457458985120097,,,
60,1.1999999999999886,0.094,27.41000000000001,0.0039385584875935055,0.08996324012078254,0.11279999999999893,7.047299999999982,0.2571068952936877,,,
21,1.5600000000000023,0.093,28.970000000000013,0.005120126033871613,0.09508336615465415,0.1450800000000002,7.192379999999982,0.24826993441491124,,,
62,0.19999999999998863,0.092,29.17,0.0006564264145988865,0.09573979256925304,0.018399999999998955,7.210779999999981,0.24719849160095922,,,
171,0.37999999999999545,0.09,29.549999999999997,0.0012472101877379403,0.09698700275699097,0.03419999999999959,7.24497999999998,0.2451769881556677,,,
42,0.410000000000025,0.086,29.960000000000022,0.001345674149927876,0.09833267690691885,0.03526000000000215,7.280239999999982,0.2429986648865146,,,
30,1.0,0.083,30.960000000000022,0.003282132072994619,0.10161480897991347,0.083,7.3632399999999825,0.23783074935400444,,,
187,0.19999999999998863,0.083,31.16000000000001,0.0006564264145988865,0.10227123539451236,0.016599999999999056,7.379839999999981,0.2368369704749672,,,
32,0.37000000000000455,0.081,31.530000000000015,0.001214388867008024,0.10348562426152037,0.029970000000000368,7.409809999999982,0.23500824611481058,,,
272,1.5,0.081,33.030000000000015,0.004923198109491929,0.1084088223710123,0.1215,7.531309999999982,0.22801422948834327,,,
28,0.9899999999999523,0.079,34.01999999999997,0.0032493107522645163,0.11165813312327683,0.07820999999999623,7.609519999999978,0.22367783656672502,,,
63,1.1999999999999886,0.076,35.219999999999956,0.0039385584875935055,0.11559669161087033,0.09119999999999913,7.7007199999999765,0.21864622373651293,,,
264,1.0,0.074,36.219999999999956,0.003282132072994619,0.11887882368386495,0.074,7.774719999999976,0.21465267807840932,,,
274,0.4000000000000057,0.072,36.61999999999996,0.0013128528291978664,0.12019167651306281,0.02880000000000041,7.803519999999977,0.21309448388858507,,,
43,0.8899999999999864,0.071,37.50999999999995,0.002921097544965166,0.12311277405802798,0.06318999999999902,7.8667099999999754,0.20972300719808015,,,
239,1.5999999999999943,0.071,39.10999999999994,0.005251411316791372,0.12836418537481936,0.11359999999999959,7.980309999999975,0.20404781385834792,,,
37,0.25,0.07,39.35999999999994,0.0008205330182486548,0.12918471839306803,0.0175,7.997809999999975,0.20319639227642244,,,
218,0.21999999999999886,0.07,39.57999999999994,0.0007220690560588124,0.12990678744912684,0.015399999999999922,8.013209999999976,0.20245603840323365,,,
41,0.6999999999999886,0.07,40.27999999999993,0.002297492451096196,0.13220427990022304,0.04899999999999921,8.062209999999975,0.20015417080436915,,,
29,1.0,0.069,41.27999999999993,0.003282132072994619,0.13548641197321767,0.069,8.131209999999976,0.1969769864341083,,,
260,0.700000000000017,0.067,41.97999999999995,0.002297492451096289,0.13778390442431396,0.04690000000000114,8.178109999999977,0.194809671272034,,,
229,0.21000000000000796,0.066,42.189999999999955,0.0006892477353288961,0.13847315215964284,0.013860000000000526,8.191969999999978,0.19416852334676432,,,
59,1.4499999999999886,0.066,43.639999999999944,0.004759091505842161,0.143232243665485,0.09569999999999926,8.287669999999977,0.18990994500458266,,,
217,0.28000000000000114,0.065,43.919999999999945,0.000918996980438497,0.1441512406459235,0.018200000000000074,8.305869999999977,0.1891136156648449,,,
66,1.5500000000000114,0.065,45.469999999999956,0.005087304713141697,0.1492385453590652,0.10075000000000074,8.406619999999979,0.18488277985484908,,,
242,1.5,0.063,46.969999999999956,0.004923198109491929,0.15416174346855713,0.0945,8.501119999999979,0.18099041941664865,,,
94,0.23000000000000043,0.063,47.19999999999996,0.0007548903767887637,0.1549166338453459,0.014490000000000027,8.51560999999998,0.18041546610169462,,,
33,0.7799999999999727,0.062,47.97999999999993,0.0025600630169357133,0.1574766968622816,0.04835999999999831,8.563969999999978,0.17849041267194643,,,
265,1.0,0.061,48.97999999999993,0.003282132072994619,0.16075882893527624,0.061,8.624969999999978,0.17609167006941587,,,
45,1.5,0.06,50.47999999999993,0.004923198109491929,0.16568202704476817,0.09,8.714969999999978,0.17264203645007903,,,
35,0.8500000000000227,0.059,51.329999999999956,0.0027898122620455008,0.16847183930681367,0.05015000000000134,8.76511999999998,0.17076017923241746,,,
102,0.14000000000000057,0.058,51.469999999999956,0.0004594984902192485,0.16893133779703293,0.008120000000000033,8.77323999999998,0.1704534680396345,,,
261,1.4000000000000057,0.058,52.86999999999996,0.0045949849021924855,0.1735263226992254,0.08120000000000033,8.85443999999998,0.16747569510119137,,,
169,1.1899999999999977,0.056,54.05999999999996,0.003905737166863589,0.177432059866089,0.06663999999999988,8.92107999999998,0.16502182759896386,,,
61,1.1000000000000227,0.056,55.15999999999998,0.0036103452802941556,0.18104240514638317,0.06160000000000127,8.982679999999982,0.16284771573604034,,,
71,1.5,0.055,56.65999999999998,0.004923198109491929,0.1859656032558751,0.0825,9.065179999999982,0.15999258736321895,,,
163,0.18999999999999773,0.054,56.84999999999998,0.0006236050938689702,0.18658920834974407,0.010259999999999877,9.075439999999983,0.15963834652594522,,,
36,1.0,0.054,57.84999999999998,0.003282132072994619,0.1898713404227387,0.054,9.129439999999983,0.15781227312013804,,,
72,1.1000000000000227,0.053,58.95,0.0036103452802941556,0.19348168570303287,0.058300000000001205,9.187739999999984,0.15585648854961803,,,
84,0.29000000000002046,0.053,59.24000000000002,0.0009518183011685067,0.19443350400420137,0.015370000000001084,9.203109999999985,0.1553529709655635,,,
51,1.5500000000000114,0.052,60.790000000000035,0.005087304713141697,0.19952080871734307,0.08060000000000059,9.283709999999985,0.15271771672972495,,,
201,0.09999999999999432,0.051,60.89000000000003,0.00032821320729944323,0.19984902192464252,0.00509999999999971,9.288809999999986,0.1525506651338476,,,
254,0.20000000000001705,0.051,61.090000000000046,0.0006564264145989798,0.2005054483392415,0.01020000000000087,9.299009999999987,0.15221820265182484,,,
23,1.0,0.051,62.090000000000046,0.003282132072994619,0.20378758041223613,0.051,9.350009999999987,0.15058801739410502,,,
91,0.6000000000000014,0.049,62.69000000000005,0.001969279243796776,0.2057568596560329,0.029400000000000072,9.379409999999988,0.1496157281863133,,,
75,0.19999999999998863,0.048,62.890000000000036,0.0006564264145988865,0.2064132860706318,0.009599999999999454,9.389009999999987,0.14929257433614218,,,
183,1.5200000000000102,0.048,64.41000000000005,0.004988840750951855,0.21140212682158366,0.0729600000000005,9.461969999999987,0.14690218910107095,,,
276,1.1999999999999886,0.048,65.61000000000004,0.0039385584875935055,0.21534068530917716,0.05759999999999946,9.519569999999986,0.14509327846364853,,,
89,0.8599999999999994,0.048,66.47000000000004,0.0028226335827753707,0.21816331889195253,0.041279999999999976,9.560849999999986,0.14383706935459575,,,
46,1.3000000000000114,0.048,67.77000000000005,0.004266771694893042,0.22243009058684557,0.062400000000000545,9.623249999999986,0.14199867197875135,,,
241,1.5,0.047,69.27000000000005,0.004923198109491929,0.2273532886963375,0.07050000000000001,9.693749999999987,0.13994153313122534,,,
176,0.3499999999999943,0.046,69.62000000000005,0.001148746225548098,0.2285020349218856,0.01609999999999974,9.709849999999987,0.13946926170640592,,,
106,0.18999999999999773,0.044,69.81000000000004,0.0006236050938689702,0.22912564001575456,0.008359999999999899,9.718209999999987,0.13920942558372698,,,
240,1.5,0.043,71.31000000000004,0.004923198109491929,0.2340488381252465,0.0645,9.782709999999987,0.13718566820922706,,,
19,1.5,0.042,72.81000000000004,0.004923198109491929,0.23897203623473842,0.063,9.845709999999988,0.13522469441010826,,,
73,0.19999999999998863,0.042,73.01000000000003,0.0006564264145988865,0.23962846264933732,0.008399999999999522,9.854109999999988,0.13496931927133246,,,
262,0.5,0.042,73.51000000000003,0.0016410660364973096,0.24126952868583462,0.021,9.875109999999989,0.13433696095769262,,,
231,0.18999999999999773,0.041,73.70000000000003,0.0006236050938689702,0.2418931337797036,0.007789999999999907,9.882899999999989,0.13409633649932137,,,
253,0.5999999999999943,0.041,74.30000000000003,0.0019692792437967527,0.24386241302350034,0.024599999999999768,9.907499999999988,0.13334454912516802,,,
70,1.5,0.041,75.80000000000003,0.004923198109491929,0.24878561113299227,0.0615,9.968999999999989,0.13151715039577816,,,
74,1.6999999999999886,0.04,77.50000000000001,0.005579624524090815,0.2543652356570831,0.06799999999999955,10.036999999999988,0.12950967741935465,,,
209,0.25,0.039,77.75000000000001,0.0008205330182486548,0.2551857686753317,0.00975,10.046749999999989,0.12921864951768472,,,
120,0.6300000000000026,0.039,78.38000000000002,0.0020677432059866183,0.25725351188131834,0.0245700000000001,10.07131999999999,0.12849349323807077,,,
230,0.5099999999999909,0.039,78.89000000000001,0.0016738873572272259,0.2589273992385456,0.019889999999999644,10.09120999999999,0.1279149448599314,,,
16,1.5,0.038,80.39000000000001,0.004923198109491929,0.2638505973480375,0.056999999999999995,10.14820999999999,0.1262372185595222,,,
78,1.5,0.038,81.89000000000001,0.004923198109491929,0.26877379545752944,0.056999999999999995,10.20520999999999,0.12462095493955291,,,
216,0.36000000000001364,0.038,82.25000000000003,0.0011815675462781077,0.26995536300380757,0.013680000000000518,10.218889999999991,0.12424182370820654,,,
79,1.5,0.037,83.75000000000003,0.004923198109491929,0.2748785611132995,0.055499999999999994,10.274389999999991,0.1226792835820894,,,
233,2.3400000000000034,0.036,86.09000000000003,0.0076801890508074195,0.2825587501641069,0.08424000000000012,10.358629999999991,0.12032326634916933,,,
2,1.5,0.036,87.59000000000003,0.004923198109491929,0.28748194827359885,0.05399999999999999,10.412629999999991,0.11887920995547423,,,
69,0.30000000000001137,0.035,87.89000000000004,0.000984639621898423,0.2884665878954973,0.0105000000000004,10.423129999999992,0.11859290021617916,,,
5,1.4699999999999989,0.035,89.36000000000004,0.004824734147302086,0.2932913220427994,0.05144999999999997,10.47457999999999,0.11721777081468203,,,
263,1.1999999999999886,0.035,90.56000000000003,0.0039385584875935055,0.2972298805303929,0.04199999999999961,10.51657999999999,0.1161283127208479,,,
52,1.5,0.035,92.06000000000003,0.004923198109491929,0.30215307863988483,0.052500000000000005,10.56907999999999,0.11480643058874633,,,
212,1.420000000000016,0.034,93.48000000000005,0.004660627543652411,0.30681370618353726,0.048280000000000545,10.61735999999999,0.1135789473684209,,,
22,0.4399999999999977,0.034,93.92000000000004,0.0014441381121176248,0.3082578442956549,0.014959999999999923,10.632319999999991,0.11320613287904585,,,
124,2.1200000000000045,0.034,96.04000000000005,0.006958119994748608,0.3152159642904035,0.07208000000000016,10.70439999999999,0.11145772594752171,,,
227,1.549999999999983,0.033,97.59000000000003,0.005087304713141604,0.3203032690035451,0.05114999999999944,10.75554999999999,0.110211599549134,,,
243,1.5,0.033,99.09000000000003,0.004923198109491929,0.32522646711303704,0.0495,10.80504999999999,0.10904278938338871,,,
168,0.8199999999999932,0.033,99.91000000000003,0.0026913482998555654,0.3279178154128926,0.027059999999999775,10.832109999999991,0.1084186768091281,,,
277,1.5,0.033,101.41000000000003,0.004923198109491929,0.33284101352238454,0.0495,10.881609999999991,0.10730312592446493,,,
268,1.4699999999999989,0.032,102.88000000000002,0.004824734147302086,0.33766574766968666,0.047039999999999964,10.92864999999999,0.10622715785381015,,,
228,0.8000000000000114,0.032,103.68000000000004,0.0026257056583957328,0.3402914533280824,0.025600000000000366,10.954249999999991,0.10565441743827149,,,
47,0.5,0.032,104.18000000000004,0.0016410660364973096,0.34193251936457975,0.016,10.970249999999991,0.10530092148205018,,,
232,1.3400000000000034,0.032,105.52000000000004,0.0043980569778128,0.34633057634239256,0.04288000000000011,11.013129999999991,0.10437007202426068,,,
68,1.1999999999999886,0.032,106.72000000000003,0.0039385584875935055,0.35026913482998606,0.038399999999999636,11.05152999999999,0.10355631559220378,,,
44,1.5,0.032,108.22000000000003,0.004923198109491929,0.355192332939478,0.048,11.09952999999999,0.10256449824431702,,,
118,1.4699999999999989,0.031,109.69000000000003,0.004824734147302086,0.3600170670867801,0.045569999999999965,11.14509999999999,0.10160543349439317,,,
119,1.5799999999999983,0.031,111.27000000000002,0.0051857686753314924,0.3652028357621116,0.04897999999999995,11.19407999999999,0.10060285791318405,,,
67,1.0,0.031,112.27000000000002,0.003282132072994619,0.3684849678351062,0.031,11.225079999999991,0.0999828983700008,,,
100,0.379999999999999,0.031,112.65000000000002,0.001247210187737952,0.36973217802284414,0.01177999999999997,11.236859999999991,0.09975019973368832,,,
20,1.5,0.03,114.15000000000002,0.004923198109491929,0.37465537613233607,0.045,11.281859999999991,0.09883363994743749,,,
247,1.1999999999999886,0.03,115.35000000000001,0.0039385584875935055,0.3785939346199296,0.03599999999999966,11.31785999999999,0.09811755526657989,,,
77,1.5,0.029,116.85000000000001,0.004923198109491929,0.3835171327294215,0.043500000000000004,11.36135999999999,0.09723029525032084,,,
10,1.5,0.029,118.35000000000001,0.004923198109491929,0.38844033083891344,0.043500000000000004,11.40485999999999,0.09636552598225594,,,
4,1.5,0.029,119.85000000000001,0.004923198109491929,0.39336352894840537,0.043500000000000004,11.44835999999999,0.0955224030037546,,,
123,0.259999999999998,0.028,120.11000000000001,0.0008533543389785944,0.39421688328738397,0.0072799999999999445,11.45563999999999,0.09537623844808915,,,
95,1.6600000000000001,0.028,121.77000000000001,0.005448339241171068,0.399665222528555,0.04648000000000001,11.50211999999999,0.09445774821384569,,,
76,1.3000000000000114,0.027,123.07000000000002,0.004266771694893042,0.40393199422344805,0.035100000000000305,11.53721999999999,0.09374518566669365,,,
80,0.75,0.027,123.82000000000002,0.0024615990547459644,0.406393593278194,0.02025,11.557469999999991,0.09334089807785487,,,
6,1.5300000000000011,0.027,125.35000000000002,0.005021662071681771,0.4114152553498758,0.04131000000000003,11.59877999999999,0.09253115277223764,,,
83,0.7599999999999909,0.026,126.11000000000001,0.0024944203754758807,0.41390967572535164,0.019759999999999764,11.61853999999999,0.09213020379034167,,,
85,0.38999999999998636,0.026,126.5,0.0012800315084678566,0.4151897072338195,0.010139999999999644,11.62867999999999,0.09192632411067186,,,
246,1.5,0.026,128.0,0.004923198109491929,0.4201129053433114,0.039,11.66767999999999,0.09115374999999992,,,
110,1.5300000000000011,0.026,129.53,0.005021662071681771,0.42513456741499317,0.03978000000000003,11.70745999999999,0.09038415811009025,,,
90,1.0,0.025,130.53,0.003282132072994619,0.4284166994879878,0.025,11.73245999999999,0.08988324523098132,,,
15,1.5,0.025,132.03,0.004923198109491929,0.4333398975974797,0.037500000000000006,11.76995999999999,0.08914610315837303,,,
14,1.5,0.025,133.53,0.004923198109491929,0.43826309570697164,0.037500000000000006,11.80745999999999,0.088425522354527,,,
224,1.1800000000000068,0.025,134.71,0.003872915846133673,0.44213601155310533,0.029500000000000172,11.83695999999999,0.08786994284017512,,,
206,0.4099999999999966,0.025,135.12,0.0013456741499277827,0.4434816857030331,0.010249999999999915,11.84720999999999,0.08767917406749548,,,
87,0.5,0.024,135.62,0.0016410660364973096,0.4451227517395304,0.012,11.85920999999999,0.08744440348031256,,,
82,1.1999999999999886,0.024,136.82,0.0039385584875935055,0.4490613102271239,0.02879999999999973,11.88800999999999,0.08688795497734243,,,
133,0.9900000000000091,0.024,137.81,0.003249310752264703,0.4523106209793886,0.02376000000000022,11.91176999999999,0.0864361802481677,,,
34,0.19999999999998863,0.023,138.01,0.0006564264145988865,0.4529670473939875,0.004599999999999739,11.91636999999999,0.0863442504166364,,,
49,0.2300000000000182,0.023,138.24,0.0007548903767888221,0.45372193777077635,0.0052900000000004185,11.92165999999999,0.08623885995370363,,,
54,1.789999999999992,0.023,140.03,0.005875016410660342,0.4595969541814367,0.04116999999999982,11.96282999999999,0.08543047918303213,,,
220,1.5,0.023,141.53,0.004923198109491929,0.46452015229092863,0.0345,11.99732999999999,0.08476881226595061,,,
222,1.5300000000000011,0.023,143.06,0.005021662071681771,0.4695418143626104,0.03519000000000003,12.03251999999999,0.08410820634698721,,,
251,1.8000000000000114,0.023,144.86,0.005907837731390352,0.47544965209400075,0.04140000000000026,12.073919999999989,0.08334888858207916,,,
105,2.3299999999999983,0.021,147.19,0.007647367730077457,0.4830970198240782,0.04892999999999997,12.122849999999989,0.08236191317344921,,,
219,1.0699999999999932,0.021,148.26,0.00351188131810422,0.4866089011421824,0.022469999999999858,12.14531999999999,0.08191906110886274,,,
107,1.3300000000000054,0.02,149.59,0.0043652356570828615,0.49097413679926527,0.02660000000000011,12.17191999999999,0.08136854067785272,,,
223,1.5199999999999818,0.02,151.10999999999999,0.004988840750951761,0.495962977550217,0.030399999999999636,12.20231999999999,0.08075124081794713,,,
249,1.3499999999999943,0.02,152.45999999999998,0.004430878298542717,0.5003938558487597,0.026999999999999885,12.229319999999989,0.08021330184966542,,,
17,1.5,0.02,153.95999999999998,0.004923198109491929,0.5053170539582517,0.03,12.259319999999988,0.07962665627435692,,,
175,1.9500000000000028,0.02,155.90999999999997,0.006400157542339516,0.5117172115005911,0.039000000000000055,12.298319999999988,0.07888089282278231,,,
109,1.5200000000000031,0.02,157.42999999999998,0.0049888407509518316,0.516706052251543,0.030400000000000062,12.328719999999988,0.07831239280950257,,,
11,1.5,0.02,158.92999999999998,0.004923198109491929,0.5216292503610349,0.03,12.358719999999987,0.07776203359969791,,,
271,1.5,0.02,160.42999999999998,0.004923198109491929,0.5265524484705268,0.03,12.388719999999987,0.07722196596646505,,,
3,1.5,0.02,161.92999999999998,0.004923198109491929,0.5314756465800188,0.03,12.418719999999986,0.07669190390909644,,,
145,1.3400000000000034,0.02,163.26999999999998,0.0043980569778128,0.5358737035578316,0.02680000000000007,12.445519999999986,0.07622661848471848,,,
157,1.3199999999999932,0.019,164.58999999999997,0.004332414336352875,0.5402061178941845,0.02507999999999987,12.470599999999985,0.07576766510723608,,,
211,1.9599999999999795,0.019,166.54999999999995,0.006432978863069387,0.5466390967572539,0.037239999999999614,12.507839999999984,0.0750996097268087,,,
167,0.519999999999996,0.019,167.06999999999994,0.0017067086779571888,0.548345805435211,0.009879999999999924,12.517719999999985,0.0749250014963787,,,
132,0.1700000000000017,0.019,167.23999999999995,0.0005579624524090908,0.5489037678876202,0.0032300000000000323,12.520949999999985,0.07486815355178181,,,
184,1.5300000000000011,0.019,168.76999999999995,0.005021662071681771,0.5539254299593019,0.02907000000000002,12.550019999999986,0.07436167565325584,,,
146,0.25,0.018,169.01999999999995,0.0008205330182486548,0.5547459629775506,0.0045,12.554519999999986,0.07427831025914086,,,
12,1.5,0.018,170.51999999999995,0.004923198109491929,0.5596691610870426,0.026999999999999996,12.581519999999985,0.07378325123152703,,,
248,1.3000000000000114,0.018,171.81999999999996,0.004266771694893042,0.5639359327819357,0.023400000000000202,12.604919999999986,0.07336119194505872,,,
250,1.6500000000000057,0.018,173.46999999999997,0.00541551792044114,0.5693514507023768,0.0297000000000001,12.634619999999986,0.0728346111719605,,,
185,1.4799999999999898,0.017,174.94999999999996,0.004857555468032002,0.5742090061704088,0.02515999999999983,12.659779999999985,0.07236227493569584,,,
99,1.5,0.017,176.44999999999996,0.004923198109491929,0.5791322042799008,0.025500000000000002,12.685279999999985,0.07189164069141393,,,
161,1.7199999999999989,0.017,178.16999999999996,0.005645267165550741,0.5847774714454514,0.02923999999999998,12.714519999999984,0.07136173317617998,,,
108,1.529999999999994,0.017,179.69999999999996,0.005021662071681748,0.5897991335171332,0.0260099999999999,12.740529999999984,0.0708988870339454,,,
162,1.3200000000000074,0.017,181.01999999999998,0.004332414336352922,0.5941315478534861,0.022440000000000127,12.762969999999983,0.07050585570655167,,,
103,0.7199999999999989,0.017,181.73999999999998,0.002363135092556122,0.5964946829460422,0.012239999999999982,12.775209999999984,0.07029388136898858,,,
207,1.2700000000000102,0.016,183.01,0.0041683077327032,0.6006629906787454,0.020320000000000164,12.795529999999983,0.06991710835473462,,,
166,1.1700000000000017,0.016,184.18,0.0038400945254037097,0.6045030852041491,0.01872000000000003,12.814249999999983,0.06957460093386895,,,
269,1.5,0.015,185.68,0.004923198109491929,0.609426283313641,0.0225,12.836749999999984,0.06913372468763455,,,
178,2.219999999999999,0.015,187.9,0.007286333202048051,0.6167126165156891,0.03329999999999998,12.870049999999985,0.06849414582224579,,,
244,1.5,0.015,189.4,0.004923198109491929,0.621635814625181,0.0225,12.892549999999986,0.0680704857444561,,,
18,1.5,0.015,190.9,0.004923198109491929,0.626559012734673,0.0225,12.915049999999987,0.06765348349921417,,,
164,1.539999999999992,0.015,192.44,0.005054483392411688,0.6316134961270846,0.02309999999999988,12.938149999999986,0.06723212429848258,,,
101,0.8500000000000014,0.015,193.29,0.002789812262045431,0.6344033083891301,0.01275000000000002,12.950899999999987,0.06700243157949189,,,
177,1.3800000000000097,0.014,194.67000000000002,0.004529342260732606,0.6389326506498627,0.019320000000000136,12.970219999999987,0.0666267015975753,,,
203,0.3900000000000148,0.014,195.06000000000003,0.0012800315084679499,0.6402126821583307,0.005460000000000207,12.975679999999986,0.06652148057008092,,,
98,1.9899999999999984,0.014,197.05000000000004,0.006531442825259286,0.64674412498359,0.02785999999999998,13.003539999999987,0.06599106825678754,,,
158,0.20000000000000284,0.014,197.25000000000006,0.0006564264145989332,0.647400551398189,0.00280000000000004,13.006339999999987,0.06593835234474009,,,
159,1.3299999999999983,0.014,198.58000000000004,0.004365235657082838,0.6517657870552718,0.018619999999999977,13.024959999999988,0.06559049249672669,,,
270,1.5,0.014,200.08000000000004,0.004923198109491929,0.6566889851647637,0.021,13.045959999999988,0.06520371851259489,,,
226,1.5,0.014,201.58000000000004,0.004923198109491929,0.6616121832742556,0.021,13.06695999999999,0.06482270066474842,,,
197,0.18000000000000682,0.014,201.76000000000005,0.0005907837731390539,0.6622029670473947,0.0025200000000000955,13.06947999999999,0.06477735923869937,,,
160,2.539999999999992,0.014,204.30000000000004,0.008336615465406306,0.670539582512801,0.03555999999999989,13.10503999999999,0.06414605971610371,,,
215,2.4499999999999886,0.014,206.75000000000003,0.008041223578836779,0.6785808060916377,0.034299999999999845,13.13933999999999,0.06355182587666258,,,
7,1.5200000000000102,0.014,208.27000000000004,0.004988840750951855,0.6835696468425896,0.021280000000000143,13.16061999999999,0.06319018581648815,,,
205,1.1800000000000068,0.014,209.45000000000005,0.003872915846133673,0.6874425626887233,0.016520000000000097,13.17713999999999,0.06291305800907132,,,
186,0.9399999999999977,0.013,210.39000000000004,0.0030852041486149344,0.6905277668373382,0.01221999999999997,13.18935999999999,0.06269005180854598,,,
86,2.129999999999999,0.013,212.52000000000004,0.006990941315478535,0.6975187081528167,0.027689999999999985,13.21704999999999,0.062192028985507186,,,
181,1.519999999999996,0.013,214.04000000000002,0.004988840750951808,0.7025075489037685,0.019759999999999948,13.23680999999999,0.06184269295458787,,,
180,1.6700000000000017,0.013,215.71000000000004,0.005481160561901019,0.7079887094656696,0.02171000000000002,13.25851999999999,0.06146455889852111,,,
92,1.6600000000000001,0.012,217.37000000000003,0.005448339241171068,0.7134370487068407,0.019920000000000004,13.278439999999991,0.06108681050742968,,,
165,1.3500000000000085,0.012,218.72000000000003,0.0044308782985427635,0.7178679270053834,0.016200000000000103,13.29463999999999,0.0607838332114118,,,
149,1.5300000000000011,0.012,220.25000000000003,0.005021662071681771,0.7228895890770651,0.018360000000000015,13.31299999999999,0.060444948921679856,,,
221,1.3900000000000148,0.012,221.64000000000004,0.004562163581462569,0.7274517526585277,0.016680000000000177,13.32967999999999,0.060141129759971074,,,
117,1.4500000000000028,0.012,223.09000000000003,0.004759091505842207,0.7322108441643699,0.017400000000000033,13.347079999999991,0.0598282307588865,,,
134,0.3399999999999892,0.012,223.43,0.001115924904818135,0.733326769069188,0.00407999999999987,13.351159999999991,0.0597554491339569,,,
172,1.9000000000000057,0.012,225.33,0.006236050938689795,0.7395628200078779,0.02280000000000007,13.373959999999991,0.059352771490702484,,,
112,1.5300000000000011,0.012,226.86,0.005021662071681771,0.7445844820795596,0.018360000000000015,13.392319999999991,0.059033412677422153,,,
150,1.5300000000000011,0.012,228.39000000000001,0.005021662071681771,0.7496061441512414,0.018360000000000015,13.41067999999999,0.05871833267656198,,,
189,0.28000000000000114,0.012,228.67000000000002,0.000918996980438497,0.7505251411316799,0.0033600000000000136,13.414039999999991,0.05866112738881353,,,
122,1.4200000000000017,0.012,230.09000000000003,0.004660627543652365,0.7551857686753323,0.01704000000000002,13.43107999999999,0.058373158329349334,,,
204,1.8599999999999852,0.012,231.95000000000002,0.0061047656557699425,0.7612905343311022,0.022319999999999823,13.453399999999991,0.0580012933821944,,,
198,2.1699999999999875,0.011,234.12,0.007122226598398282,0.7684127609295004,0.02386999999999986,13.477269999999992,0.05756565009396887,,,
93,1.0999999999999979,0.011,235.22,0.003610345280294074,0.7720231062097944,0.012099999999999975,13.489369999999992,0.05734788708443156,,,
245,1.5,0.011,236.72,0.004923198109491929,0.7769463043192864,0.0165,13.505869999999993,0.057054199053734336,,,
173,1.539999999999992,0.011,238.26,0.005054483392411688,0.782000787711698,0.01693999999999991,13.522809999999993,0.05675652648367327,,,
182,1.5300000000000011,0.01,239.79,0.005021662071681771,0.7870224497833798,0.015300000000000012,13.538109999999993,0.05645819258517867,,,
214,1.0600000000000023,0.01,240.85,0.003479059997374304,0.7905015097807541,0.010600000000000023,13.548709999999993,0.05625372638571722,,,
147,1.2800000000000011,0.01,242.13,0.004201129053433116,0.7947026388341871,0.012800000000000011,13.561509999999993,0.05600920992855075,,,
96,0.75,0.01,242.88,0.0024615990547459644,0.7971642378889331,0.0075,13.569009999999993,0.055867136034255575,,,
13,1.5,0.01,244.38,0.004923198109491929,0.802087435998425,0.015,13.584009999999994,0.05558560438661099,,,
115,1.0599999999999952,0.01,245.44,0.0034790599973742804,0.8055664959957993,0.010599999999999951,13.594609999999994,0.0553887304432855,,,
148,1.519999999999996,0.01,246.95999999999998,0.004988840750951808,0.8105553367467512,0.01519999999999996,13.609809999999994,0.05510936993845155,,,
88,0.9299999999999997,0.009,247.89,0.0030523828278849947,0.8136077195746362,0.008369999999999997,13.618179999999994,0.05493638307313726,,,
208,0.25,0.009,248.14,0.0008205330182486548,0.8144282525928849,0.00225,13.620429999999994,0.05489010236157006,,,
121,0.36999999999999744,0.009,248.51,0.0012143888670080006,0.8156426414598928,0.0033299999999999766,13.623759999999994,0.05482177779566212,,,
179,1.3699999999999903,0.008,249.88,0.004496520940002596,0.8201391623998955,0.010959999999999923,13.634719999999994,0.054565071234192394,,,
138,1.5300000000000011,0.008,251.41,0.005021662071681771,0.8251608244715772,0.01224000000000001,13.646959999999995,0.054281691261286326,,,
137,1.509999999999991,0.008,252.92,0.004956019430221845,0.8301168439017991,0.012079999999999928,13.659039999999994,0.05400537719436974,,,
196,2.3499999999999943,0.008,255.26999999999998,0.007713010371537336,0.8378298542733364,0.018799999999999956,13.677839999999994,0.05358185450699258,,,
156,1.5200000000000102,0.008,256.78999999999996,0.004988840750951855,0.8428186950242883,0.012160000000000082,13.689999999999994,0.053312044861560014,,,
193,2.240000000000009,0.008,259.03,0.007351975843507976,0.8501706708677963,0.017920000000000075,13.707919999999994,0.05292020229317066,,,
188,0.5800000000000125,0.008,259.61,0.0019036366023369201,0.8520743074701332,0.0046400000000001,13.712559999999995,0.05281984515234388,,,
213,0.5,0.008,260.11,0.0016410660364973096,0.8537153735066305,0.004,13.716559999999994,0.05273368959286453,,,
9,1.5,0.008,261.61,0.004923198109491929,0.8586385716161224,0.012,13.728559999999995,0.052477198883834696,,,
113,1.5200000000000031,0.008,263.13,0.0049888407509518316,0.8636274123670743,0.012160000000000025,13.740719999999994,0.05222027134876295,,,
114,1.5300000000000011,0.007,264.65999999999997,0.005021662071681771,0.868649074438756,0.010710000000000008,13.751429999999994,0.051958852867830405,,,
129,1.5500000000000043,0.007,266.21,0.005087304713141673,0.8737363791518977,0.01085000000000003,13.762279999999993,0.05169708125164342,,,
225,1.8700000000000045,0.007,268.08,0.0061375869764999525,0.8798739661283976,0.013090000000000032,13.775369999999993,0.05138529543419872,,,
130,0.14999999999999858,0.007,268.22999999999996,0.0004923198109491882,0.8803662859393468,0.0010499999999999902,13.776419999999993,0.0513604742198859,,,
8,1.4799999999999898,0.007,269.7099999999999,0.004857555468032002,0.8852238414073789,0.010359999999999928,13.786779999999993,0.05111705164806643,,,
192,0.37000000000000455,0.007,270.0799999999999,0.001214388867008024,0.8864382302743868,0.002590000000000032,13.789369999999993,0.051056612855450226,,,
140,1.529999999999987,0.007,271.6099999999999,0.0050216620716817244,0.8914598923460686,0.010709999999999909,13.800079999999992,0.05080843857000846,,,
142,1.5499999999999972,0.007,273.1599999999999,0.00508730471314165,0.8965471970592103,0.010849999999999981,13.810929999999992,0.05055985503001902,,,
139,1.5200000000000102,0.006,274.67999999999995,0.004988840750951855,0.9015360378101621,0.009120000000000062,13.820049999999991,0.05031327362749379,,,
151,1.519999999999996,0.006,276.19999999999993,0.004988840750951808,0.906524878561114,0.009119999999999977,13.82916999999999,0.05006940622737145,,,
143,1.5,0.006,277.69999999999993,0.004923198109491929,0.9114480766706059,0.009000000000000001,13.838169999999991,0.04983136478213898,,,
195,1.6299999999999955,0.006,279.3299999999999,0.0053498752789812145,0.9167979519495871,0.009779999999999973,13.84794999999999,0.04957559159417175,,,
125,1.2999999999999972,0.006,280.62999999999994,0.0042667716948929955,0.9210647236444801,0.007799999999999983,13.85574999999999,0.04937373053486795,,,
191,1.789999999999992,0.006,282.41999999999996,0.005875016410660342,0.9269397400551405,0.010739999999999953,13.86648999999999,0.04909882444586074,,,
131,0.5700000000000003,0.006,282.98999999999995,0.0018708152816069338,0.9288105553367474,0.0034200000000000016,13.86990999999999,0.049012014558818304,,,
174,0.20000000000000284,0.006,283.18999999999994,0.0006564264145989332,0.9294669817513463,0.001200000000000017,13.871109999999991,0.04898163776969523,,,
155,1.5499999999999972,0.006,284.73999999999995,0.00508730471314165,0.934554286464488,0.009299999999999984,13.88040999999999,0.048747664536067964,,,
154,1.5100000000000051,0.006,286.24999999999994,0.004956019430221892,0.9395103058947099,0.009060000000000032,13.88946999999999,0.0485221659388646,,,
136,1.5400000000000063,0.006,287.78999999999996,0.0050544833924117336,0.9445647892871216,0.009240000000000038,13.89870999999999,0.04829462455262515,,,
152,1.5100000000000051,0.006,289.29999999999995,0.004956019430221892,0.9495208087173435,0.009060000000000032,13.90776999999999,0.048073867957137896,,,
141,1.5100000000000051,0.005,290.80999999999995,0.004956019430221892,0.9544768281475653,0.0075500000000000254,13.91531999999999,0.04785021147828477,,,
202,0.7599999999999909,0.005,291.56999999999994,0.0024944203754758807,0.9569712485230412,0.0037999999999999545,13.91911999999999,0.04773851905202865,,,
153,1.529999999999987,0.005,293.0999999999999,0.0050216620716817244,0.9619929105947229,0.007649999999999935,13.92676999999999,0.04751542135789831,,,
111,1.519999999999996,0.005,294.6199999999999,0.004988840750951808,0.9669817513456748,0.00759999999999998,13.93436999999999,0.047296076301676725,,,
199,1.7900000000000205,0.005,296.4099999999999,0.005875016410660436,0.9728567677563352,0.008950000000000102,13.943319999999991,0.04704065314935392,,,
135,1.3400000000000034,0.004,297.7499999999999,0.0043980569778128,0.977254824734148,0.005360000000000014,13.94867999999999,0.04684695214105792,,,
194,0.19999999999998863,0.004,297.9499999999999,0.0006564264145988865,0.9779112511487469,0.0007999999999999545,13.94947999999999,0.04681819097163952,,,
144,0.18000000000000682,0.003,298.1299999999999,0.0005907837731390539,0.9785020349218859,0.0005400000000000205,13.950019999999991,0.04679173514909602,,,
200,1.5600000000000023,0.003,299.6899999999999,0.005120126033871613,0.9836221609557575,0.004680000000000007,13.954699999999992,0.04656378257532783,,,
128,1.490000000000002,0.003,301.1799999999999,0.004890376788761989,0.9885125377445195,0.004470000000000006,13.959169999999991,0.04634826349691213,,,
127,1.529999999999994,0.003,302.70999999999987,0.005021662071681748,0.9935341998162013,0.004589999999999982,13.963759999999992,0.046129166529021166,,,
126,1.5200000000000031,0.003,304.22999999999985,0.0049888407509518316,0.9985230405671531,0.004560000000000009,13.968319999999991,0.04591368372612825,,,
0,0.45000000000001705,,304.67999999999984,0.0014769594328476346,1.0000000000000007,,,,,,
