,weight,grade,cml_weight,weight_pct,cml_weight_pct,yield,cml_yield,cml_grade,recovery,cml_recovery,distributional_heterogeneity
1,1.0,0.034,1.0,0.0956937799043062,0.0956937799043062,0.034,0.034,0.034,0.13665594855305466,0.13665594855305466,0.0016778992604085106
0,1.3499999999999996,0.032,2.3499999999999996,0.12918660287081335,0.22488038277511957,0.04319999999999999,0.07719999999999999,0.03285106382978723,0.17363344051446938,0.310289389067524,0.00197552137652152
7,0.6000000000000014,0.031,2.950000000000001,0.057416267942583865,0.28229665071770343,0.018600000000000044,0.09580000000000004,0.03247457627118644,0.07475884244373007,0.3850482315112541,0.0003007648903278068
2,1.0,0.03,3.950000000000001,0.0956937799043062,0.37799043062200965,0.03,0.12580000000000002,0.031848101265822784,0.12057877813504822,0.5056270096463024,0.0006192631369440329
5,0.5,0.03,4.450000000000001,0.0478468899521531,0.42583732057416274,0.015,0.14080000000000004,0.031640449438202246,0.06028938906752411,0.5659163987138265,0.00015481578423600823
6,2.0,0.022,6.450000000000001,0.1913875598086124,0.6172248803827751,0.044,0.18480000000000002,0.02865116279069767,0.17684887459807072,0.7427652733118972,0.00021137336765122402
3,2.0,0.02,8.450000000000001,0.1913875598086124,0.8086124401913876,0.04,0.22480000000000003,0.026603550295857988,0.1607717041800643,0.9035369774919615,0.0009373306158681015
4,1.0,0.016,9.450000000000001,0.0956937799043062,0.9043062200956937,0.016,0.24080000000000001,0.02548148148148148,0.06430868167202572,0.9678456591639872,0.000985024391049896
8,1.0,0.008,10.450000000000001,0.0956937799043062,0.9999999999999999,0.008,0.24880000000000002,0.023808612440191387,0.03215434083601286,1.0,0.004037260317113363
