,weight,grade,cml_weight,weight_pct,cml_weight_pct,yield,cml_yield,cml_grade,recovery,cml_recovery,distributional_heterogeneity
0,0.3000000000000007,0.051,0.3000000000000007,0.043478260869565286,0.043478260869565286,0.015300000000000036,0.015300000000000036,0.051,0.12368633791430922,0.12368633791430922,0.006433335623215577
8,0.5,0.051,0.8000000000000007,0.07246376811594198,0.11594202898550726,0.0255,0.04080000000000003,0.05099999999999999,0.2061438965238482,0.3298302344381574,0.017870376731154297
6,0.29999999999999716,0.043,1.0999999999999979,0.04347826086956477,0.15942028985507203,0.012899999999999877,0.05369999999999991,0.04881818181818183,0.10428455941794575,0.43411479385610313,0.003697405943154838
9,0.3999999999999915,0.03,1.4999999999999893,0.05797101449275234,0.2173913043478244,0.011999999999999744,0.06569999999999965,0.043800000000000075,0.09700889248180886,0.531123686337912,0.0015239559178884627
10,0.4000000000000057,0.028,1.899999999999995,0.0579710144927544,0.27536231884057877,0.01120000000000016,0.0768999999999998,0.040473684210526314,0.09054163298302483,0.6216653193209368,0.0010608451888387451
2,1.0,0.013,2.899999999999995,0.14492753623188395,0.42028985507246275,0.013,0.0898999999999998,0.030999999999999982,0.10509296685529516,0.726758286176232,0.0015867929174182645
7,0.20000000000000284,0.012,3.099999999999998,0.0289855072463772,0.44927536231883997,0.002400000000000034,0.09229999999999983,0.029774193548387062,0.01940177849636246,0.7461600646725944,9.184785675385908e-05
1,0.8000000000000007,0.01,3.8999999999999986,0.11594202898550725,0.5652173913043472,0.008000000000000007,0.10029999999999983,0.025717948717948684,0.064672594987874,0.8108326596604685,0.002628554862437672
4,1.1000000000000014,0.01,5.0,0.15942028985507253,0.7246376811594197,0.011000000000000015,0.11129999999999984,0.022259999999999967,0.08892481810832681,0.8997574777687953,0.004969611536796227
3,0.5,0.008,5.5,0.07246376811594198,0.7971014492753618,0.004,0.11529999999999985,0.020963636363636337,0.032336297493936975,0.9320937752627323,0.0016102138985198738
5,1.4000000000000057,0.006,6.900000000000006,0.20289855072463833,1.0,0.008400000000000034,0.12369999999999988,0.017927536231884027,0.06790622473726793,1.0000000000000002,0.01822292807548048
