,weight,grade,cml_weight,weight_pct,cml_weight_pct,yield,cml_yield,cml_grade,recovery,cml_recovery,distributional_heterogeneity
17,0.10000000000000853,0.158,0.10000000000000853,0.0036166365280292405,0.0036166365280292405,0.015800000000001348,0.015800000000001348,0.158,0.04448824440377668,0.04448824440377668,0.0016704883303488602
15,0.25,0.097,0.3500000000000085,0.00904159132007233,0.01265822784810157,0.02425,0.04005000000000135,0.11442857142857249,0.068281008024778,0.11276925242855468,0.003509308491513762
11,1.0,0.018,1.3500000000000085,0.03616636528028932,0.04882459312839089,0.018,0.05805000000000135,0.04300000000000073,0.05068281008024759,0.16345206250880226,0.00021072716963023544
0,1.5999999999999996,0.018,2.950000000000008,0.0578661844484629,0.10669077757685379,0.028799999999999992,0.08685000000000134,0.02944067796610207,0.08109249612839613,0.24454455863719837,0.0005394615542534025
3,2.0,0.014,4.950000000000008,0.07233273056057864,0.17902350813743242,0.028,0.11485000000000134,0.023202020202020435,0.07883992679149625,0.32338448542869463,4.2343602787668444e-05
12,2.0,0.014,6.950000000000008,0.07233273056057864,0.25135623869801105,0.028,0.14285000000000134,0.020553956834532542,0.07883992679149625,0.4022244122201909,4.2343602787668444e-05
7,2.0,0.013,8.950000000000008,0.07233273056057864,0.3236889692585897,0.026,0.16885000000000133,0.018865921787709627,0.07320850344924651,0.4754329156694374,7.669781525256826e-07
1,2.0,0.013,10.950000000000008,0.07233273056057864,0.39602169981916835,0.026,0.19485000000000133,0.017794520547945312,0.07320850344924651,0.5486414191186839,7.669781525256826e-07
16,0.5,0.013,11.450000000000008,0.01808318264014466,0.414104882459313,0.0065,0.20135000000000133,0.017585152838428052,0.018302125862311627,0.5669435449809955,4.793613453285516e-08
13,1.5,0.012,12.950000000000008,0.05424954792043398,0.46835443037974694,0.018000000000000002,0.21935000000000132,0.01693822393822403,0.050682810080247595,0.6176263550612431,1.2721618820617443e-05
2,2.0,0.012,14.950000000000008,0.07233273056057864,0.5406871609403255,0.024,0.24335000000000132,0.016277591973244226,0.06757708010699678,0.6852034351682399,2.2616211236653232e-05
8,2.0,0.011,16.95000000000001,0.07233273056057864,0.6130198915009042,0.022,0.2653500000000013,0.015654867256637235,0.06194565676474705,0.747149091932987,0.00010789130204005117
9,2.0,0.01,18.95000000000001,0.07233273056057864,0.6853526220614828,0.02,0.2853500000000013,0.015058047493403755,0.05631423342249732,0.8034633253554843,0.0002565922505627192
4,2.1999999999999993,0.009,21.15000000000001,0.07956600361663647,0.7649186256781193,0.01979999999999999,0.3051500000000013,0.014427895981087527,0.05575109108827232,0.8592144164437566,0.0005671500587336357
6,2.0,0.009,23.15000000000001,0.07233273056057864,0.837251356238698,0.018,0.3231500000000013,0.013958963282937416,0.05068281008024759,0.9098972265240042,0.00046871905680465786
5,2.0,0.008,25.15000000000001,0.07233273056057864,0.9095840867992766,0.016,0.33915000000000134,0.013485089463220724,0.045051386737997856,0.954948613262002,0.0007442717207658664
10,2.0,0.007,27.15000000000001,0.07233273056057864,0.9819168173598553,0.014,0.35315000000000135,0.01300736648250465,0.039419963395748124,0.9943685766577501,0.0010832502424463453
14,0.5,0.004,27.65000000000001,0.01808318264014466,0.9999999999999999,0.002,0.35515000000000135,0.0128444846292948,0.005631423342249732,0.9999999999999999,0.00015504630961271277
