,weight,grade,cml_weight,weight_pct,cml_weight_pct,yield,cml_yield,cml_grade,recovery,cml_recovery,distributional_heterogeneity
27,1.3299999999999983,2.99,1.3299999999999983,0.004671255970778303,0.004671255970778303,3.9766999999999952,3.9766999999999952,2.99,0.21785063752276834,0.21785063752276834,0.045445448718888955
21,1.8499999999999943,1.83,3.1799999999999926,0.006497611688676575,0.011168867659454879,3.3854999999999897,7.362199999999985,2.3151572327044034,0.18546365914786905,0.4033142966706374,0.03202884614316593
18,1.5,0.58,4.679999999999993,0.0052683338016296715,0.01643720146108455,0.8699999999999999,8.232199999999985,1.7590170940170935,0.04766013394141088,0.4509744306120483,0.0017970647190911548
26,2.480000000000004,0.448,7.159999999999997,0.008710311885361071,0.025147513346445622,1.1110400000000018,9.343239999999987,1.304921787709496,0.060864730131339355,0.5118391607433876,0.0027200833425764332
49,1.0,0.438,8.159999999999997,0.003512222534419781,0.028659735880865404,0.438,9.781239999999988,1.1986813725490186,0.023994412260158585,0.5358335730035463,0.0004195200959611603
14,2.0,0.388,10.159999999999997,0.007024445068839562,0.03568418094970496,0.776,10.557239999999988,1.0390984251968496,0.04251064820521247,0.5783442212087587,0.0012592706130359229
13,1.7299999999999969,0.373,11.889999999999993,0.0060761449845462105,0.04176032593425118,0.6452899999999988,11.202529999999987,0.9421808242220348,0.03535012394373905,0.6136943451524978,0.0008569658441032654
20,2.700000000000003,0.373,14.589999999999996,0.00948300084293342,0.0512433267771846,1.007100000000001,12.209629999999988,0.8368492117888959,0.05517071366941949,0.6688650588219173,0.00208736710331546
17,2.0,0.152,16.589999999999996,0.007024445068839562,0.05826777184602416,0.304,12.513629999999988,0.7542875226039778,0.016653655997918286,0.6855187148198355,9.272170311668916e-05
88,0.950000000000017,0.115,17.540000000000013,0.003336611407698852,0.061604383253723013,0.10925000000000197,12.62287999999999,0.7196624857468632,0.005984907624251992,0.6915036224440875,7.013472850609677e-06
15,3.0,0.082,20.540000000000013,0.010536667603259343,0.07214105085698236,0.246,12.86887999999999,0.6265277507302814,0.013476313735157562,0.704979936179245,8.641519380784162e-06
9,1.0,0.08,21.540000000000013,0.003512222534419781,0.07565327339140214,0.08,12.94887999999999,0.6011550603528311,0.00438254105208376,0.7093624772313288,7.574543221888255e-07
16,2.0,0.079,23.540000000000013,0.007024445068839562,0.0826777184602417,0.158,13.10687999999999,0.5567918436703476,0.008655518577865427,0.7180179958091942,2.660400791845944e-06
28,2.5600000000000023,0.066,26.100000000000016,0.008991289688114648,0.09166900814835635,0.16896000000000017,13.27583999999999,0.5086528735632176,0.00925592670200091,0.7272739225111952,7.003274911863754e-08
0,3.080000000000001,0.065,29.180000000000017,0.010817645406012929,0.10248665355436928,0.20020000000000007,13.47603999999999,0.4618245373543517,0.010967308982839614,0.7382412314940348,2.2399186228556628e-08
48,2.200000000000003,0.062,31.38000000000002,0.0077268895757235286,0.11021354313009281,0.1364000000000002,13.61243999999999,0.43379349904397646,0.007472232493802821,0.7457134639878376,6.485022937237033e-08
55,2.4399999999999977,0.057,33.82000000000002,0.008569822983984258,0.11878336611407707,0.13907999999999987,13.75151999999999,0.4066091070372555,0.0076190476190476095,0.7533325116068852,9.039737945704168e-07
82,3.0,0.056,36.82000000000002,0.010536667603259343,0.1293200337173364,0.168,13.91951999999999,0.3780423682781092,0.009203336209375896,0.762535847816261,1.7777726059151772e-06
109,2.8700000000000045,0.053,39.690000000000026,0.010080078673784788,0.1394001123911212,0.15211000000000025,14.07162999999999,0.35453842277651754,0.008332853992905773,0.7708687018091668,3.0527940854727793e-06
30,1.3400000000000034,0.046,41.03000000000003,0.004706378196122519,0.14410649058724373,0.06164000000000015,14.13326999999999,0.3444618571776744,0.0033767478806305453,0.7742454496897974,1.7679167758752843e-06
113,2.7799999999999727,0.045,43.81,0.009763978645686896,0.15387046923293063,0.12509999999999877,14.258369999999989,0.32545925587765323,0.006853198570195912,0.7810986482599933,8.472640647875298e-06
79,2.6999999999999886,0.044,46.50999999999999,0.009483000842933369,0.163353470075864,0.11879999999999949,14.377169999999989,0.3091199741990968,0.006508073462344355,0.7876067217223377,8.85019291977821e-06
8,2.6999999999999993,0.044,49.209999999999994,0.009483000842933407,0.17283647091879742,0.11879999999999996,14.49596999999999,0.29457366388945316,0.006508073462344381,0.7941147951846821,8.850192919778278e-06
19,1.5,0.043,50.709999999999994,0.0052683338016296715,0.17810480472042708,0.0645,14.56046999999999,0.2871321238414512,0.0035334237232425313,0.7976482189079246,3.0099129800892746e-06
87,1.4499999999999886,0.039,52.15999999999998,0.005092722674908643,0.18319752739533574,0.05654999999999956,14.61701999999999,0.2802342791411042,0.0030979087061916836,0.8007461276141162,3.979282769788306e-06
110,1.6899999999999977,0.038,53.84999999999998,0.005935656083169422,0.18913318347850516,0.06421999999999992,14.68123999999999,0.2726321262766944,0.0035180848295602338,0.8042642124436765,5.844650766277505e-06
93,3.0,0.038,56.84999999999998,0.010536667603259343,0.1996698510817645,0.11399999999999999,14.79523999999999,0.26025048372911164,0.006245120999219357,0.8105093334428959,1.8417372254647138e-05
83,3.0,0.037,59.84999999999998,0.010536667603259343,0.21020651868502382,0.11099999999999999,14.906239999999991,0.24905998329156218,0.006080775709766216,0.8165901091526621,1.9854972566497765e-05
29,3.0,0.033,62.84999999999998,0.010536667603259343,0.22074318628828316,0.099,15.005239999999992,0.2387468575974542,0.005423394551953653,0.8220135037046157,2.6145561297209007e-05
7,3.0,0.032,65.84999999999998,0.010536667603259343,0.2312798538915425,0.096,15.101239999999992,0.22932786636294603,0.005259049262500512,0.8272725529671162,2.7853255350714002e-05
62,3.0,0.032,68.84999999999998,0.010536667603259343,0.24181652149480182,0.096,15.197239999999992,0.22072970225127084,0.005259049262500512,0.8325316022296168,2.7853255350714002e-05
4,2.6999999999999993,0.031,71.54999999999998,0.009483000842933407,0.2512995223377352,0.08369999999999998,15.280939999999992,0.2135700908455625,0.004585233575742633,0.8371168358053593,2.3988124203565382e-05
86,2.6999999999999886,0.031,74.24999999999997,0.009483000842933369,0.2607825231806686,0.08369999999999965,15.364639999999993,0.20693117845117842,0.004585233575742614,0.8417020693811019,2.3988124203565196e-05
80,1.700000000000017,0.03,75.94999999999999,0.005970778308513688,0.26675330148918225,0.05100000000000051,15.415639999999993,0.20297090190915068,0.002793869920703425,0.8444959393018053,1.0092746904539203e-05
36,2.1599999999999966,0.03,78.10999999999999,0.007586400674346716,0.274339702163529,0.0647999999999999,15.480439999999993,0.19818768403533474,0.00354985825218784,0.8480457975539931,1.629367472588824e-05
84,1.75,0.028,79.85999999999999,0.006146389435234617,0.2804860915987636,0.049,15.529439999999992,0.1944583020285499,0.002684306394401303,0.8507301039483944,1.1986018981625648e-05
35,2.6400000000000006,0.028,82.49999999999999,0.009272267490868224,0.2897583590896318,0.07392000000000001,15.603359999999991,0.18913163636363628,0.004049467932125395,0.8547795718805198,2.7277635230804298e-05
37,3.0,0.028,85.49999999999999,0.010536667603259343,0.30029502669289115,0.084,15.687359999999991,0.18347789473684203,0.004601668104687948,0.8593812399852078,3.5224219048042725e-05
57,3.0,0.027,88.49999999999999,0.010536667603259343,0.3108316942961505,0.081,15.76835999999999,0.17817355932203383,0.004437322815234807,0.8638185628004426,3.720200684320209e-05
112,3.0,0.026,91.49999999999999,0.010536667603259343,0.3213683618994098,0.078,15.84635999999999,0.17318426229508188,0.0042729775257816655,0.8680915403262243,3.9233813386692325e-05
90,3.0,0.024,94.49999999999999,0.010536667603259343,0.33190502950266915,0.07200000000000001,15.91835999999999,0.16844825396825389,0.0039442869468753845,0.8720358272730997,4.3459482718665406e-05
56,2.930000000000007,0.024,97.42999999999999,0.010290812025849983,0.3421958415285191,0.07032000000000016,15.98867999999999,0.1641042799958944,0.0038522535847816336,0.8758880808578813,4.145503479905248e-05
54,2.6299999999999955,0.022,100.05999999999999,0.00923714526552401,0.3514329867940431,0.0578599999999999,16.04653999999999,0.16036917849290416,0.0031696728159195738,0.8790577536738009,3.681422192670884e-05
32,3.0,0.021,103.05999999999999,0.010536667603259343,0.36196965439730244,0.063,16.10953999999999,0.1563122452940034,0.003451251078515961,0.8825090047523169,5.020312732910659e-05
12,1.2700000000000031,0.021,104.32999999999998,0.004460522618713133,0.3664301770160156,0.02667000000000007,16.136209999999988,0.1546651011214415,0.0014610296232384272,0.8839700343755553,8.996958229901824e-06
6,3.0,0.021,107.32999999999998,0.010536667603259343,0.37696684461927493,0.063,16.199209999999987,0.1509290040063355,0.003451251078515961,0.8874212854540713,5.020312732910659e-05
89,2.5999999999999943,0.02,109.92999999999998,0.00913177858949141,0.38609862320876637,0.05199999999999989,16.251209999999986,0.14783234785772756,0.0028486516838544377,0.8902699371379257,3.947768371233924e-05
47,1.7999999999999972,0.019,111.72999999999998,0.006322000561955596,0.39242062377072195,0.034199999999999946,16.285409999999985,0.14575682448760394,0.0018735362997658043,0.8921434734376915,1.9788834291979764e-05
77,3.0,0.019,114.72999999999998,0.010536667603259343,0.4029572913739813,0.056999999999999995,16.342409999999983,0.14244234289200722,0.0031225604996096786,0.8952660339373012,5.496898414438841e-05
45,3.0,0.018,117.72999999999998,0.010536667603259343,0.4134939589772406,0.05399999999999999,16.39640999999998,0.13927129873439212,0.0029582152101565373,0.8982242491474577,5.743294067452564e-05
46,2.0,0.018,119.72999999999998,0.007024445068839562,0.42051840404608015,0.036,16.432409999999983,0.13724555249310938,0.001972143473437692,0.9001963926208953,2.5525751410900282e-05
38,3.0,0.018,122.72999999999998,0.010536667603259343,0.4310550716493395,0.05399999999999999,16.48640999999998,0.1343307259838669,0.0029582152101565373,0.9031546078310518,5.743294067452564e-05
40,2.0,0.017,124.72999999999998,0.007024445068839562,0.438079516718179,0.034,16.52040999999998,0.13244937064058354,0.001862579947135598,0.9050171877781874,2.6644851534663882e-05
85,1.5500000000000114,0.017,126.27999999999999,0.005443944928350701,0.4435234616465297,0.026350000000000196,16.54675999999998,0.13103230915426023,0.001443499459030099,0.9064606872372175,1.6003563953007732e-05
22,2.450000000000003,0.017,128.73,0.008604945209328474,0.4521284068558582,0.04165000000000005,16.588409999999982,0.12886203682125366,0.00228166043524111,0.9087423476724587,3.998393033420508e-05
51,2.0,0.017,130.73,0.007024445068839562,0.45915285192469774,0.034,16.62240999999998,0.12715069226650336,0.001862579947135598,0.9106049276195942,2.6644851534663882e-05
50,2.0,0.017,132.73,0.007024445068839562,0.46617729699353727,0.034,16.65640999999998,0.12549092141942275,0.001862579947135598,0.9124675075667298,2.6644851534663882e-05
81,2.5999999999999943,0.017,135.32999999999998,0.00913177858949141,0.4753090755830287,0.044199999999999906,16.70060999999998,0.12340656173797371,0.002421353931276272,0.9148888614980061,4.502979909358176e-05
31,2.6599999999999966,0.017,137.98999999999998,0.009342511941556607,0.4846515875245853,0.04521999999999995,16.74582999999998,0.12135538807159926,0.002477231329690342,0.9173660928276964,4.713207787966682e-05
78,3.0,0.016,140.98999999999998,0.010536667603259343,0.49518825512784465,0.048,16.79382999999998,0.11911362507979276,0.002629524631250256,0.9199956174589466,6.252290997979271e-05
43,1.8499999999999943,0.016,142.83999999999997,0.006497611688676575,0.5016858668165213,0.02959999999999991,16.823429999999977,0.11777814337720513,0.0016215401892709863,0.9216171576482176,2.3776073267315474e-05
3,3.0,0.016,145.83999999999997,0.010536667603259343,0.5122225344197806,0.048,16.871429999999975,0.11568451727920995,0.002629524631250256,0.9242466822794678,6.252290997979271e-05
63,3.0,0.016,148.83999999999997,0.010536667603259343,0.5227592020230399,0.048,16.919429999999974,0.11367528890083295,0.002629524631250256,0.926876206910718,6.252290997979271e-05
100,3.0,0.016,151.83999999999997,0.010536667603259343,0.5332958696262993,0.048,16.967429999999972,0.11174545574288708,0.002629524631250256,0.9295057315419682,6.252290997979271e-05
72,3.0,0.015,154.83999999999997,0.010536667603259343,0.5438325372295586,0.045,17.012429999999974,0.10987102815809853,0.002465179341797115,0.9319709108837654,6.514892275492256e-05
92,3.0,0.015,157.83999999999997,0.010536667603259343,0.5543692048328179,0.045,17.057429999999975,0.10806785352255435,0.002465179341797115,0.9344360902255625,6.514892275492256e-05
61,2.4499999999999886,0.015,160.28999999999996,0.008604945209328424,0.5629741500421463,0.03674999999999983,17.094179999999977,0.10664533033876088,0.002013229795800968,0.9364493200213635,4.3450712092935445e-05
53,1.1700000000000017,0.015,161.45999999999998,0.00410930036527115,0.5670834504074175,0.017550000000000024,17.111729999999977,0.10598123374210318,0.0009614199433008761,0.9374107399646644,9.90915115102375e-06
11,2.0,0.015,163.45999999999998,0.007024445068839562,0.5741078954762571,0.03,17.141729999999978,0.10486804111097504,0.00164345289453141,0.9390541928591958,2.895507677996558e-05
5,2.3000000000000007,0.015,165.76,0.008078111829165499,0.5821860073054226,0.03450000000000001,17.17622999999998,0.10362107866795355,0.001889970828711122,0.9409441636879069,3.829308904150451e-05
24,3.0,0.014,168.76,0.010536667603259343,0.5927226749086819,0.042,17.21822999999998,0.10202790945721724,0.002300834052343974,0.9432449977402508,6.782895427838327e-05
105,3.0,0.014,171.76,0.010536667603259343,0.6032593425119412,0.042,17.260229999999982,0.10049039357242655,0.002300834052343974,0.9455458317925948,6.782895427838327e-05
41,1.6299999999999955,0.014,173.39,0.005724922731104227,0.6089842652430455,0.022819999999999938,17.28304999999998,0.09967731703097055,0.001250119835106889,0.9467959516277017,2.0023860958026166e-05
23,3.0,0.014,176.39,0.010536667603259343,0.6195209328463048,0.042,17.325049999999983,0.09822013719598607,0.002300834052343974,0.9490967856800456,6.782895427838327e-05
25,1.6299999999999955,0.014,178.01999999999998,0.005724922731104227,0.6252458555774091,0.022819999999999938,17.347869999999983,0.09744899449500047,0.001250119835106889,0.9503469055151526,2.0023860958026166e-05
34,2.769999999999996,0.014,180.78999999999996,0.00972885642034278,0.6349747119977519,0.038779999999999946,17.38664999999998,0.09617041871784936,0.0021244367749975995,0.9524713422901502,5.7827198142511723e-05
94,3.0,0.013,183.78999999999996,0.010536667603259343,0.6455113796010112,0.039,17.425649999999983,0.09481282986016643,0.0021364887628908327,0.954607831053041,7.056300455017487e-05
1,2.66,0.013,186.44999999999996,0.009342511941556619,0.6548538915425679,0.03458,17.46022999999998,0.0936456422633413,0.0018943533697632052,0.9565021844228042,5.5475066110579705e-05
60,2.5500000000000114,0.013,188.99999999999997,0.008956167462770483,0.6638100590053384,0.033150000000000145,17.49337999999998,0.09255756613756605,0.0018160154484572158,0.9583181998712614,5.098177078750179e-05
71,3.0,0.013,191.99999999999997,0.010536667603259343,0.6743467266085977,0.039,17.532379999999982,0.09131447916666659,0.0021364887628908327,0.9604546886341523,7.056300455017487e-05
70,3.0,0.013,194.99999999999997,0.010536667603259343,0.6848833942118571,0.039,17.571379999999984,0.09010964102564095,0.0021364887628908327,0.9625911773970431,7.056300455017487e-05
42,1.5200000000000102,0.013,196.51999999999998,0.005338578252318103,0.6902219724641752,0.01976000000000013,17.591139999999985,0.08951323020557697,0.001082487639864696,0.9636736650369079,1.8114307301414024e-05
76,3.0,0.013,199.51999999999998,0.010536667603259343,0.7007586400674345,0.039,17.630139999999987,0.08836277064955889,0.0021364887628908327,0.9658101537997987,7.056300455017487e-05
2,2.1999999999999993,0.012,201.71999999999997,0.007726889575723516,0.708485529643158,0.026399999999999993,17.656539999999985,0.08752994249454683,0.0014462385471876403,0.9672563923469863,3.9446577342248765e-05
39,2.0,0.012,203.71999999999997,0.007024445068839562,0.7155099747119976,0.024,17.680539999999986,0.08678843510700956,0.001314762315625128,0.9685711546626115,3.260047714235437e-05
52,1.8299999999999983,0.012,205.54999999999995,0.006427367237988193,0.7219373419499858,0.02195999999999998,17.702499999999986,0.08612259790805152,0.001203007518796991,0.9697741621814084,2.729393447550759e-05
10,2.3000000000000007,0.011,207.84999999999997,0.008078111829165499,0.7300154537791513,0.025300000000000007,17.727799999999988,0.0852913158527784,0.0013859786077214894,0.9711601407891299,4.4784647053554586e-05
75,3.0,0.011,210.84999999999997,0.010536667603259343,0.7405521213824107,0.033,17.76079999999999,0.08423428977946404,0.0018077981839845511,0.9729679389731145,7.619316133875068e-05
33,2.430000000000007,0.011,213.27999999999997,0.008534700758640093,0.7490868221410507,0.026730000000000073,17.78752999999999,0.08339989684921227,0.0014643165290274902,0.974432255502142,4.9990333154354595e-05
73,3.0,0.011,216.27999999999997,0.010536667603259343,0.75962348974431,0.033,17.82052999999999,0.08239564453486219,0.0018077981839845511,0.9762400536861265,7.619316133875068e-05
104,3.0,0.011,219.27999999999997,0.010536667603259343,0.7701601573475694,0.033,17.853529999999992,0.0814188708500547,0.0018077981839845511,0.9780478518701111,7.619316133875068e-05
98,2.5999999999999943,0.01,221.87999999999997,0.00913177858949141,0.7792919359370608,0.025999999999999943,17.879529999999992,0.08058198125112671,0.0014243258419272189,0.9794721777120383,5.9404827855934814e-05
91,3.0,0.01,224.87999999999997,0.010536667603259343,0.7898286035403201,0.03,17.909529999999993,0.0796403859836357,0.00164345289453141,0.9811156306065697,7.908926785553486e-05
103,3.0,0.009,227.87999999999997,0.010536667603259343,0.8003652711435795,0.026999999999999996,17.936529999999994,0.07871041776373529,0.0014791076050782686,0.982594738211648,8.203939312064994e-05
69,3.0,0.009,230.87999999999997,0.010536667603259343,0.8109019387468388,0.026999999999999996,17.963529999999995,0.0778046171171171,0.0014791076050782686,0.9840738458167263,8.203939312064994e-05
44,3.0,0.009,233.87999999999997,0.010536667603259343,0.8214386063500981,0.026999999999999996,17.990529999999996,0.0769220540448093,0.0014791076050782686,0.9855529534218046,8.203939312064994e-05
111,3.0,0.008,236.87999999999997,0.010536667603259343,0.8319752739533575,0.024,18.014529999999997,0.0760491810199257,0.001314762315625128,0.9868677157374297,8.504353713409591e-05
108,1.4399999999999977,0.008,238.31999999999996,0.0050576004495644766,0.837032874402922,0.011519999999999982,18.026049999999998,0.07563800772071165,0.0006310859115000604,0.9874988016489298,1.9594030955695637e-05
97,2.4000000000000057,0.008,240.71999999999997,0.008429334082607496,0.8454622084855294,0.019200000000000047,18.04525,0.0749636507145231,0.001051809852500105,0.9885506115014299,5.4427863765821644e-05
102,3.0,0.008,243.71999999999997,0.010536667603259343,0.8559988760887888,0.024,18.06925,0.07413938125718038,0.001314762315625128,0.989865373817055,8.504353713409591e-05
95,3.0,0.007,246.71999999999997,0.010536667603259343,0.8665355436920481,0.021,18.09025,0.07332299773022051,0.001150417026171987,0.991015790843227,8.810169989587275e-05
106,2.0,0.007,248.71999999999997,0.007024445068839562,0.8735599887608877,0.014,18.10425,0.07278968317787071,0.000766944684114658,0.9917827355273416,3.915631106483233e-05
59,3.0,0.006,251.71999999999997,0.010536667603259343,0.884096656364147,0.018000000000000002,18.12225,0.07199368345781028,0.0009860717367188461,0.9927688072640605,9.121388140598044e-05
58,3.0,0.006,254.71999999999997,0.010536667603259343,0.8946333239674064,0.018000000000000002,18.14025,0.0712164337311558,0.0009860717367188461,0.9937548790007793,9.121388140598044e-05
99,3.0,0.006,257.71999999999997,0.010536667603259343,0.9051699915706657,0.018000000000000002,18.158250000000002,0.07045727921775573,0.0009860717367188461,0.9947409507374981,9.121388140598044e-05
64,3.0,0.005,260.71999999999997,0.010536667603259343,0.915706659173925,0.015,18.173250000000003,0.06970408867750846,0.000821726447265705,0.9955626771847639,9.438008166441902e-05
65,3.0,0.005,263.71999999999997,0.010536667603259343,0.9262433267771844,0.015,18.188250000000004,0.06896803427878055,0.000821726447265705,0.9963844036320296,9.438008166441902e-05
66,3.0,0.005,266.71999999999997,0.010536667603259343,0.9367799943804437,0.015,18.203250000000004,0.06824853779244154,0.000821726447265705,0.9972061300792954,9.438008166441902e-05
101,3.0,0.003,269.71999999999997,0.010536667603259343,0.947316661983703,0.009000000000000001,18.212250000000004,0.06752280142369868,0.0004930358683594231,0.9976991659476548,0.00010087453842628877
107,3.0,0.003,272.71999999999997,0.010536667603259343,0.9578533295869623,0.009000000000000001,18.221250000000005,0.06681303168084485,0.0004930358683594231,0.9981922018160143,0.00010087453842628877
96,3.0,0.003,275.71999999999997,0.010536667603259343,0.9683899971902217,0.009000000000000001,18.230250000000005,0.06611870738430294,0.0004930358683594231,0.9986852376843738,0.00010087453842628877
68,3.0,0.003,278.71999999999997,0.010536667603259343,0.978926664793481,0.009000000000000001,18.239250000000006,0.06543932979334101,0.0004930358683594231,0.9991782735527333,0.00010087453842628877
67,3.0,0.003,281.71999999999997,0.010536667603259343,0.9894633323967403,0.009000000000000001,18.248250000000006,0.06477442141133043,0.0004930358683594231,0.9996713094210927,0.00010087453842628877
74,3.0,0.002,284.71999999999997,0.010536667603259343,0.9999999999999997,0.006,18.254250000000006,0.06411298819893231,0.000328690578906282,0.999999999999999,0.00010420279492972
