,weight,grade,cml_weight,weight_pct,cml_weight_pct,yield,cml_yield,cml_grade,recovery,cml_recovery,distributional_heterogeneity
54,0.37999999999999545,0.339,0.37999999999999545,0.002426564495529983,0.002426564495529983,0.12881999999999846,0.12881999999999846,0.339,0.0274543067585075,0.0274543067585075,0.0006263878827820308
102,2.0,0.171,2.3799999999999955,0.012771392081736905,0.015197956577266887,0.342,0.47081999999999846,0.19782352941176443,0.07288754006683494,0.10034184682534245,0.0036139512485662073
97,1.0,0.157,3.3799999999999955,0.0063856960408684525,0.02158365261813534,0.157,0.6278199999999985,0.18574556213017732,0.03346006956284528,0.13380191638818772,0.0007330217016075201
92,0.9000000000000057,0.141,4.280000000000001,0.005747126436781644,0.027330779054916984,0.1269000000000008,0.7547199999999993,0.17633644859813064,0.02704511355111524,0.16084702993930297,0.00045360425512231984
96,1.0,0.133,5.280000000000001,0.0063856960408684525,0.03371647509578544,0.133,0.8877199999999993,0.1681287878787877,0.028345154470435813,0.18919218440973878,0.0004822178145198969
68,2.0,0.119,7.280000000000001,0.012771392081736905,0.046487867177522346,0.238,1.1257199999999994,0.15463186813186802,0.050722907999727236,0.239915092409466,0.0014403175604734736
90,1.0,0.119,8.280000000000001,0.0063856960408684525,0.0528735632183908,0.119,1.2447199999999994,0.15032850241545884,0.025361453999863618,0.2652765464093296,0.0003600793901183684
38,1.0,0.094,9.280000000000001,0.0063856960408684525,0.05925925925925925,0.094,1.3387199999999995,0.1442586206896551,0.020033417445270423,0.28530996385460006,0.00018626029953217166
88,1.0,0.086,10.280000000000001,0.0063856960408684525,0.0656449553001277,0.086,1.4247199999999995,0.1385914396887159,0.018328445747800598,0.3036384096024006,0.00014262927056242781
26,1.0,0.075,11.280000000000001,0.0063856960408684525,0.07203065134099616,0.075,1.4997199999999995,0.1329539007092198,0.01598410966377959,0.31962251926618024,9.212954407648612e-05
89,1.0,0.07,12.280000000000001,0.0063856960408684525,0.07841634738186462,0.07,1.5697199999999996,0.12782736156351787,0.014918502352860954,0.3345410216190412,7.280878355797906e-05
67,2.0,0.063,14.280000000000001,0.012771392081736905,0.09118773946360152,0.126,1.6957199999999997,0.11874789915966383,0.026853304235149714,0.3613943258541909,0.00019830024989643535
103,2.0,0.061,16.28,0.012771392081736905,0.10395913154533842,0.122,1.8177199999999996,0.11165356265356262,0.0260008183864148,0.3873951442406057,0.00017501772035090346
65,2.0,0.058,18.28,0.012771392081736905,0.11673052362707532,0.116,1.9337199999999997,0.10578336980306344,0.024722089613312438,0.4121172338539182,0.0001428191714912055
34,0.8500000000000014,0.05,19.130000000000003,0.0054278416347381935,0.12215836526181352,0.04250000000000007,1.9762199999999996,0.10330475692629375,0.009057662142808452,0.42117489599672664,1.3175596920807417e-05
95,1.0,0.047,20.130000000000003,0.0063856960408684525,0.12854406130268198,0.047,2.02322,0.10050769995032288,0.010016708722635211,0.43119160471936185,1.3184253095151024e-05
48,1.0,0.047,21.130000000000003,0.0063856960408684525,0.13492975734355042,0.047,2.07022,0.0979753904401325,0.010016708722635211,0.44120831344199707,1.3184253095151024e-05
101,2.0,0.046,23.130000000000003,0.012771392081736905,0.14770114942528734,0.092,2.16222,0.09348119325551231,0.019607174520902965,0.46081548796290006,4.6727921555611093e-05
100,2.0,0.045,25.130000000000003,0.012771392081736905,0.16047254150702425,0.09,2.25222,0.08962276163947472,0.01918093159653551,0.47999641955943556,4.1082196791764725e-05
70,1.0,0.045,26.130000000000003,0.0063856960408684525,0.1668582375478927,0.045,2.29722,0.08791504018369689,0.009590465798267755,0.48958688535770334,1.0270549197941181e-05
64,2.0,0.045,28.130000000000003,0.012771392081736905,0.1796296296296296,0.09,2.3872199999999997,0.0848638464273018,0.01918093159653551,0.5087678169542389,4.1082196791764725e-05
61,2.0,0.043,30.130000000000003,0.012771392081736905,0.19240102171136653,0.086,2.4732199999999995,0.08208496515101225,0.018328445747800598,0.5270962627020395,3.0880845447511915e-05
42,1.0,0.042,31.130000000000003,0.0063856960408684525,0.19878671775223497,0.042,2.5152199999999993,0.080797301638291,0.008951101411716572,0.5360473641137561,6.581304716776376e-06
98,2.0,0.042,33.13,0.012771392081736905,0.21155810983397189,0.084,2.5992199999999994,0.07845517657712041,0.017902202823433144,0.5539495669371892,2.6325218867105503e-05
56,1.519999999999996,0.042,34.65,0.009706257982120022,0.2212643678160919,0.06383999999999984,2.6630599999999993,0.07685598845598844,0.013605674145809155,0.5675552410829984,1.520544641764006e-05
55,0.6300000000000097,0.041,35.28000000000001,0.004022988505747187,0.2252873563218391,0.025830000000000398,2.68889,0.07621570294784578,0.005504927368205776,0.5730601684512041,2.196142792065057e-06
91,1.1999999999999886,0.04,36.48,0.007662835249042071,0.23295019157088118,0.04799999999999954,2.7368899999999994,0.07502439692982454,0.010229830184818841,0.5832899986360229,6.58946300030359e-06
99,2.0,0.039,38.48,0.012771392081736905,0.2457215836526181,0.078,2.8148899999999992,0.07315202702702701,0.016623474050330777,0.5999134726863538,1.4838535492766023e-05
39,1.0,0.038,39.48,0.0063856960408684525,0.25210727969348656,0.038,2.852889999999999,0.07226165146909826,0.00809861556298166,0.6080120882493354,2.934093289236537e-06
71,0.8499999999999943,0.034,40.32999999999999,0.005427841634738148,0.2575351213282247,0.028899999999999808,2.8817899999999987,0.07145524423506074,0.0061592102571096955,0.6141712985064451,5.349000617896542e-07
30,1.0,0.033,41.32999999999999,0.0063856960408684525,0.2639208173690932,0.033,2.9147899999999987,0.07052480038712798,0.007033008252063021,0.6212043067585081,4.1901309876160095e-07
27,1.0,0.032,42.32999999999999,0.0063856960408684525,0.27030651340996165,0.032,2.9467899999999987,0.06961469407039923,0.006819886789879293,0.6280241935483875,1.8852160652659416e-07
60,2.0,0.031,44.32999999999999,0.012771392081736905,0.28307790549169853,0.062,3.0087899999999985,0.06787254680803066,0.01321353065539113,0.6412377242037786,1.954865183129913e-07
84,2.0,0.031,46.32999999999999,0.012771392081736905,0.2958492975734354,0.062,3.0707899999999984,0.06628081156917762,0.01321353065539113,0.6544512548591697,1.954865183129913e-07
74,0.4000000000000057,0.031,46.73,0.002554278416347417,0.29840357598978284,0.012400000000000177,3.0831899999999983,0.06597881446608171,0.0026427061310782636,0.657093960990248,7.819460732519876e-09
73,2.3999999999999915,0.031,49.12999999999999,0.015325670498084231,0.3137292464878671,0.07439999999999973,3.157589999999998,0.06427009973539587,0.0158562367864693,0.6729501977767173,2.815005863707055e-07
47,1.0,0.03,50.12999999999999,0.0063856960408684525,0.32011494252873557,0.03,3.187589999999998,0.06358647516457208,0.006393643865511837,0.6793438416422292,6.316791656197746e-11
35,1.0,0.03,51.12999999999999,0.0063856960408684525,0.32650063856960404,0.03,3.2175899999999977,0.06292959123802071,0.006393643865511837,0.685737485507741,6.316791656197746e-11
7,2.0,0.029,53.12999999999999,0.012771392081736905,0.33927203065134093,0.058,3.2755899999999976,0.061652362130622966,0.012361044806656219,0.6980985303143973,1.6838488616614521e-07
43,1.0,0.029,54.12999999999999,0.0063856960408684525,0.3456577266922094,0.029,3.3045899999999975,0.06104914095695545,0.0061805224033281096,0.7042790527177254,4.2096221541536303e-08
8,2.0,0.027,56.12999999999999,0.012771392081736905,0.3584291187739463,0.054,3.3585899999999973,0.05983591662212717,0.011508558957921307,0.7157876116756468,1.5947474986058654e-06
20,2.0,0.027,58.12999999999999,0.012771392081736905,0.3712005108556832,0.054,3.412589999999997,0.058706175812833265,0.011508558957921307,0.7272961706335681,1.5947474986058654e-06
75,2.0,0.024,60.12999999999999,0.012771392081736905,0.38397190293742006,0.048,3.460589999999997,0.05755180442374851,0.010229830184818938,0.737526000818387,6.459536875865252e-06
21,2.0,0.022,62.12999999999999,0.012771392081736905,0.39674329501915695,0.044,3.504589999999997,0.056407371640109415,0.009377344336084026,0.7469033451544711,1.151956009977139e-05
25,1.0,0.022,63.12999999999999,0.0063856960408684525,0.4031289910600254,0.022,3.526589999999997,0.05586234753682873,0.004688672168042013,0.7515920173225131,2.8798900249428476e-06
62,2.0,0.022,65.13,0.012771392081736905,0.4159003831417623,0.044,3.570589999999997,0.05482250882849681,0.009377344336084026,0.7609693616585972,1.151956009977139e-05
94,1.3300000000000125,0.021,66.46000000000001,0.008492975734355122,0.42439335887611745,0.027930000000000264,3.5985199999999975,0.05414565151971106,0.005952482438791576,0.7669218440973887,6.4541061848033245e-06
83,4.0,0.021,70.46000000000001,0.02554278416347381,0.4499361430395913,0.084,3.6825199999999976,0.052263979562872515,0.017902202823433144,0.7848240469208219,5.837848321377763e-05
33,0.8500000000000014,0.021,71.31,0.0054278416347381935,0.4553639846743295,0.017850000000000033,3.7003699999999977,0.05189131959052023,0.00380421809997955,0.7886282650208014,2.636153382622155e-06
46,1.0,0.02,72.31,0.0063856960408684525,0.46174968071519795,0.02,3.7203699999999977,0.051450283501590345,0.004262429243674558,0.792890694264476,4.50826189206602e-06
76,2.0,0.02,74.31,0.012771392081736905,0.47452107279693484,0.04,3.7603699999999978,0.050603821827479446,0.008524858487349116,0.8014155527518251,1.803304756826408e-05
78,2.0,0.02,76.31,0.012771392081736905,0.4872924648786717,0.04,3.800369999999998,0.04980172978639756,0.008524858487349116,0.8099404112391742,1.803304756826408e-05
63,2.0,0.02,78.31,0.012771392081736905,0.5000638569604087,0.04,3.840369999999998,0.049040607840633355,0.008524858487349116,0.8184652697265232,1.803304756826408e-05
87,1.0,0.019,79.31,0.0063856960408684525,0.5064495530012771,0.019,3.859369999999998,0.04866183331231872,0.00404930778149083,0.822514577508014,5.458710098557598e-06
66,2.0,0.019,81.31,0.012771392081736905,0.5192209450830141,0.038,3.897369999999998,0.047932234657483676,0.00809861556298166,0.8306131930709957,2.1834840394230393e-05
57,1.1099999999999994,0.019,82.42,0.007088122605363979,0.526309067688378,0.021089999999999987,3.918459999999998,0.04754258675078862,0.004494731637454819,0.8351079247084505,6.72567671243281e-06
85,1.8000000000000114,0.018,84.22000000000001,0.011494252873563288,0.5378033205619414,0.0324000000000002,3.950859999999998,0.0469111849916884,0.006905135374752827,0.8420130600832033,2.105999941788838e-05
69,2.0,0.017,86.22000000000001,0.012771392081736905,0.5505747126436783,0.034,3.9848599999999976,0.04621735096265364,0.007246129714246749,0.8492591897974501,3.052852422960293e-05
53,1.1200000000000045,0.017,87.34000000000002,0.007151979565772696,0.557726692209451,0.019040000000000078,4.003899999999998,0.04584268376459809,0.004057832639978195,0.8533170224374282,9.573745198403557e-06
59,1.0,0.016,88.34000000000002,0.0063856960408684525,0.5641123882503195,0.016,4.019899999999998,0.045504867557165464,0.0034099433949396464,0.8567269658323678,8.855103809752292e-06
11,2.0,0.016,90.34000000000002,0.012771392081736905,0.5768837803320565,0.032,4.051899999999998,0.04485167146336061,0.006819886789879293,0.8635468526222472,3.542041523900917e-05
50,1.0,0.016,91.34000000000002,0.0063856960408684525,0.5832694763729249,0.016,4.067899999999998,0.04453580030654694,0.0034099433949396464,0.8669567960171868,8.855103809752292e-06
82,2.0,0.015,93.34000000000002,0.012771392081736905,0.5960408684546619,0.03,4.097899999999998,0.04390293550460679,0.006393643865511837,0.8733504398826987,4.067567230956205e-05
49,1.0,0.015,94.34000000000002,0.0063856960408684525,0.6024265644955303,0.015,4.112899999999998,0.043596565613737516,0.0031968219327559184,0.8765472618154546,1.0168918077390513e-05
37,1.0,0.014,95.34000000000002,0.0063856960408684525,0.6088122605363988,0.014,4.126899999999998,0.0432861338367946,0.0029837004705721907,0.8795309622860268,1.1573573860315393e-05
45,1.0,0.014,96.34000000000002,0.0063856960408684525,0.6151979565772673,0.014,4.1408999999999985,0.04298214656425158,0.0029837004705721907,0.882514662756599,1.1573573860315393e-05
41,1.0,0.014,97.34000000000002,0.0063856960408684525,0.6215836526181358,0.014,4.154899999999999,0.04268440517772753,0.0029837004705721907,0.8854983632271711,1.1573573860315393e-05
28,1.0,0.013,98.34000000000002,0.0063856960408684525,0.6279693486590042,0.013,4.167899999999999,0.04238255033557045,0.0027705790083884627,0.8882689422355596,1.3069071158526933e-05
15,2.0,0.013,100.34000000000002,0.012771392081736905,0.6407407407407412,0.026,4.193899999999998,0.04179689057205499,0.005541158016776925,0.8938101002523365,5.227628463410773e-05
44,1.0,0.013,101.34000000000002,0.0063856960408684525,0.6471264367816096,0.013,4.206899999999998,0.04151272942569565,0.0027705790083884627,0.896580679260725,1.3069071158526933e-05
40,1.0,0.013,102.34000000000002,0.0063856960408684525,0.6535121328224781,0.013,4.219899999999998,0.04123412155559896,0.0027705790083884627,0.8993512582691136,1.3069071158526933e-05
79,2.0,0.013,104.34000000000002,0.012771392081736905,0.666283524904215,0.026,4.245899999999998,0.04069292696952269,0.005541158016776925,0.9048924162858905,5.227628463410773e-05
9,2.0,0.012,106.34000000000002,0.012771392081736905,0.679054916985952,0.024,4.269899999999998,0.04015328192589804,0.005114915092409469,0.9100073313782999,5.862163988810052e-05
86,1.0,0.012,107.34000000000002,0.0063856960408684525,0.6854406130268205,0.012,4.281899999999998,0.03989100055897146,0.0025574575462047346,0.9125647889245047,1.465540997202513e-05
12,2.0,0.012,109.34000000000002,0.012771392081736905,0.6982120051085574,0.024,4.305899999999998,0.03938083043716844,0.005114915092409469,0.9176797040169141,5.862163988810052e-05
77,2.0,0.012,111.34000000000002,0.012771392081736905,0.7109833971902944,0.024,4.329899999999998,0.03888898868331235,0.005114915092409469,0.9227946191093236,5.862163988810052e-05
24,1.0,0.011,112.34000000000002,0.0063856960408684525,0.7173690932311628,0.011,4.340899999999998,0.038640733487626824,0.0023443360840210065,0.9251389551933445,1.633259030080999e-05
51,1.1200000000000045,0.011,113.46000000000002,0.007151979565772696,0.7245210727969356,0.01232000000000005,4.353219999999998,0.038367882954345116,0.0026256564141035384,0.927764611607448,2.0487601273336217e-05
16,2.0,0.011,115.46000000000002,0.012771392081736905,0.7372924648786725,0.022,4.375219999999998,0.03789381604018705,0.004688672168042013,0.9324532837754901,6.533036120323997e-05
80,2.0,0.011,117.46000000000002,0.012771392081736905,0.7500638569604094,0.022,4.397219999999998,0.03743589306998125,0.004688672168042013,0.9371419559435321,6.533036120323997e-05
6,2.0,0.01,119.46000000000002,0.012771392081736905,0.7628352490421464,0.02,4.417219999999998,0.03697656119203078,0.004262429243674558,0.9414043851872067,7.240244857952603e-05
93,0.7699999999999818,0.01,120.23,0.004916985951468593,0.767752234993615,0.007699999999999818,4.4249199999999975,0.03680379273059966,0.001641035258814666,0.9430454204460214,1.073185294069974e-05
14,2.0,0.01,122.23,0.012771392081736905,0.780523627075352,0.02,4.444919999999997,0.03636521312280125,0.004262429243674558,0.947307849689696,7.240244857952603e-05
58,1.0,0.01,123.23,0.0063856960408684525,0.7869093231162204,0.01,4.454919999999997,0.036151261868051586,0.002131214621837279,0.9494390643115332,1.8100612144881506e-05
29,1.0,0.01,124.23,0.0063856960408684525,0.7932950191570889,0.01,4.464919999999997,0.03594075505111484,0.002131214621837279,0.9515702789333705,1.8100612144881506e-05
13,2.0,0.009,126.23,0.012771392081736905,0.8060664112388258,0.018,4.4829199999999965,0.035513903192584934,0.0038361863193071017,0.9554064652526777,7.983790201695877e-05
81,2.0,0.008,128.23000000000002,0.012771392081736905,0.8188378033205628,0.016,4.4989199999999965,0.03508476955470635,0.0034099433949396464,0.9588164086476173,8.763672151553814e-05
17,2.0,0.008,130.23000000000002,0.012771392081736905,0.8316091954022997,0.016,4.5149199999999965,0.03466881670889961,0.0034099433949396464,0.9622263520425569,8.763672151553814e-05
18,2.0,0.008,132.23000000000002,0.012771392081736905,0.8443805874840367,0.016,4.5309199999999965,0.03426544657036978,0.0034099433949396464,0.9656362954374965,8.763672151553814e-05
36,1.0,0.008,133.23000000000002,0.0063856960408684525,0.8507662835249051,0.008,4.5389199999999965,0.03406830293477442,0.0017049716974698232,0.9673412671349664,2.1909180378884534e-05
22,1.0,0.008,134.23000000000002,0.0063856960408684525,0.8571519795657736,0.008,4.5469199999999965,0.033874096699694524,0.0017049716974698232,0.9690462388324362,2.1909180378884534e-05
23,1.0,0.008,135.23000000000002,0.0063856960408684525,0.8635376756066421,0.008,4.5549199999999965,0.03368276270058416,0.0017049716974698232,0.9707512105299061,2.1909180378884534e-05
3,2.0,0.008,137.23000000000002,0.012771392081736905,0.876309067688379,0.016,4.5709199999999965,0.03330846024921661,0.0034099433949396464,0.9741611539248457,8.763672151553814e-05
19,2.0,0.008,139.23000000000002,0.012771392081736905,0.889080459770116,0.016,4.5869199999999966,0.032944911297852444,0.0034099433949396464,0.9775710973197853,8.763672151553814e-05
52,1.1199999999999903,0.007,140.35000000000002,0.007151979565772605,0.8962324393358886,0.007839999999999932,4.594759999999996,0.03273786961168504,0.0016708722635204122,0.9792419695833057,3.0042537258802318e-05
72,1.3500000000000085,0.007,141.70000000000005,0.008620689655172466,0.9048531289910611,0.009450000000000059,4.604209999999997,0.03249266055045868,0.0020139978176362413,0.9812559674009419,4.364837703616778e-05
1,2.0,0.007,143.70000000000005,0.012771392081736905,0.917624521072798,0.014,4.618209999999997,0.03213785664578981,0.0029837004705721907,0.9842396678715141,9.579890707526414e-05
5,2.0,0.007,145.70000000000005,0.012771392081736905,0.930395913154535,0.014,4.632209999999997,0.03179279341111871,0.0029837004705721907,0.9872233683420862,9.579890707526414e-05
4,2.0,0.007,147.70000000000005,0.012771392081736905,0.9431673052362719,0.014,4.646209999999997,0.03145707515233579,0.0029837004705721907,0.9902070688126584,9.579890707526414e-05
10,2.0,0.006,149.70000000000005,0.012771392081736905,0.9559386973180088,0.012,4.658209999999997,0.031116967267869042,0.0025574575462047346,0.9927645263588631,0.0001043244586961368
0,2.5999999999999996,0.006,152.30000000000004,0.016602809706257975,0.9725415070242668,0.015599999999999998,4.673809999999997,0.030688181221273772,0.0033246948100661548,0.9960892211689293,0.00017630833519647113
32,1.1499999999999986,0.005,153.45000000000005,0.007343550446998711,0.9798850574712655,0.005749999999999993,4.679559999999997,0.0304956663408276,0.001225448407556434,0.9973146695764857,3.743117256502775e-05
31,1.1499999999999986,0.004,154.60000000000005,0.007343550446998711,0.9872286079182643,0.004599999999999995,4.684159999999997,0.030298576972833086,0.0009803587260451471,0.9982950283025309,4.0490208877611984e-05
2,2.0,0.004,156.60000000000005,0.012771392081736905,1.000000000000001,0.008,4.692159999999997,0.0299627075351213,0.0017049716974698232,1.0000000000000007,0.00012246566012132199
