,weight,grade,cml_weight,weight_pct,cml_weight_pct,yield,cml_yield,cml_grade,recovery,cml_recovery,distributional_heterogeneity
64,0.5,0.508,0.5,0.002531132935101752,0.002531132935101752,0.254,0.254,0.508,0.041797283176593536,0.041797283176593536,0.001541830554787405
61,0.20999999999999375,0.364,0.7099999999999937,0.0010630758327427041,0.003594208767844456,0.07643999999999772,0.33043999999999774,0.46540845070422626,0.012578678448892575,0.05437596162548611,0.00013260910361307778
42,1.1700000000000017,0.336,1.8799999999999955,0.005922851068138109,0.009517059835982566,0.3931200000000006,0.7235599999999983,0.3848723404255319,0.06469034630859241,0.11906630793407852,0.0034536184968368203
63,0.9000000000000057,0.264,2.780000000000001,0.004556039283183182,0.014073099119165749,0.2376000000000015,0.9611599999999998,0.3457410071942444,0.03909856095574286,0.15816486888982137,0.001193185803499255
47,1.2100000000000009,0.183,3.990000000000002,0.006125341702946244,0.020198440822111995,0.22143000000000015,1.18259,0.2963884711779447,0.03643768666847682,0.1946025555582982,0.0009188382573093267
116,0.4200000000000159,0.123,4.410000000000018,0.0021261516654855523,0.022324592487597546,0.051660000000001954,1.234250000000002,0.27987528344671136,0.008500974995680723,0.20310353055397892,4.0638372491200644e-05
65,0.8999999999999915,0.112,5.310000000000009,0.00455603928318311,0.026880631770780657,0.10079999999999904,1.3350500000000012,0.25142184557438774,0.016587268284254286,0.2196907988382332,0.0001447504712762161
66,1.2000000000000028,0.104,6.510000000000012,0.0060747190442442195,0.032955350815024875,0.12480000000000029,1.4598500000000014,0.2242473118279568,0.02053661787574364,0.24022741671397685,0.0002091465178125244
72,0.6199999999999903,0.101,7.130000000000003,0.0031386048395261237,0.036093955654551,0.06261999999999902,1.5224700000000004,0.21353015427769984,0.010304511309126954,0.2505319280231038,5.1350215531067035e-05
70,1.980000000000004,0.091,9.110000000000007,0.010023286423002958,0.04611724207755396,0.18018000000000037,1.7026500000000009,0.1868990120746432,0.029649742058104875,0.2801816700812087,0.0003851977607966237
41,1.0399999999999991,0.087,10.150000000000006,0.00526475650501164,0.0513819985825656,0.09047999999999992,1.7931300000000008,0.1766630541871921,0.014889047959914093,0.2950707180411228,9.262698600890837e-05
43,1.009999999999998,0.086,11.160000000000004,0.005112888528905529,0.056494887111471125,0.08685999999999983,1.8799900000000007,0.1684578853046595,0.01429335439653113,0.3093640724376539,8.428095354663868e-05
12,1.25,0.083,12.410000000000004,0.00632783233775438,0.0628227194492255,0.10375000000000001,1.9837400000000007,0.15985012087026593,0.01707270917154165,0.32643678160919554,0.00011545237817325837
49,1.0,0.081,13.410000000000004,0.005062265870203504,0.067884985319429,0.081,2.064740000000001,0.1539701715137957,0.013329054871275892,0.33976583648047143,6.83398003882514e-05
86,1.0999999999999943,0.078,14.509999999999998,0.005568492457223826,0.07345347777665283,0.08579999999999956,2.1505400000000003,0.14821088904204002,0.014118924789573647,0.3538847612700451,7.310989307009323e-05
60,1.0,0.075,15.509999999999998,0.005062265870203504,0.07851574364685633,0.075,2.2255400000000005,0.1434906511927789,0.012341717473403601,0.3662264787434487,5.2990415643332475e-05
53,1.0999999999999943,0.071,16.609999999999992,0.005568492457223826,0.08408423610408015,0.07809999999999959,2.30364,0.1386899458157737,0.01285184179563755,0.37907832053908624,5.304717758537164e-05
36,1.8699999999999974,0.069,18.47999999999999,0.00946643717728054,0.0935506732813607,0.12902999999999984,2.43267,0.13163798701298707,0.02123269074124353,0.40031101128032975,0.00013844472293147176
54,1.0,0.067,19.47999999999999,0.005062265870203504,0.0986129391515642,0.067,2.49967,0.12831981519507193,0.011025267609573886,0.41133627888990365,3.55573897437342e-05
44,1.0200000000000031,0.067,20.499999999999993,0.00516351118760759,0.1037764503391718,0.06834000000000022,2.56801,0.12526878048780493,0.0112457729617654,0.422582051851669,3.699390828938129e-05
46,1.0999999999999943,0.063,21.599999999999987,0.005568492457223826,0.10934494279639562,0.06929999999999964,2.63731,0.12209768518518525,0.01140374694542487,0.43398579879709387,3.4050194942070435e-05
51,0.8100000000000023,0.063,22.40999999999999,0.00410043535486485,0.11344537815126046,0.051030000000000145,2.68834,0.11996162427487735,0.008397304568903835,0.44238310336599773,1.8463085042556004e-05
67,1.0,0.06,23.40999999999999,0.005062265870203504,0.11850764402146396,0.06,2.7483400000000002,0.11740025630072624,0.009873373978722882,0.45225647734472063,2.3146761231860904e-05
52,1.0,0.058,24.40999999999999,0.005062265870203504,0.12356990989166747,0.058,2.80634,0.1149668168783286,0.009544261512765453,0.46180073885748607,2.0088284939944298e-05
55,1.0,0.056,25.40999999999999,0.005062265870203504,0.12863217576187097,0.056,2.86234,0.11264620228256597,0.009215149046808023,0.4710158879042941,1.7246438678524845e-05
101,1.0,0.055,26.40999999999999,0.005062265870203504,0.13369444163207447,0.055,2.9173400000000003,0.11046346081029919,0.00905059281382931,0.4800664807181234,1.5906751809251552e-05
23,1.5499999999999972,0.054,27.959999999999987,0.007846512098815418,0.1415409537308899,0.08369999999999984,3.00104,0.10733333333333339,0.013773356700318394,0.4938398374184418,3.512748693036499e-05
29,0.970000000000006,0.052,28.929999999999993,0.004910397894097429,0.14645135162498732,0.05044000000000031,3.0514800000000006,0.10547805046664367,0.008300216391446421,0.5021400538098882,1.149086944496937e-05
35,1.0,0.051,29.929999999999993,0.005062265870203504,0.15151361749519082,0.051,3.102480000000001,0.10365786835950556,0.008392367881914449,0.5105324216918027,1.1089579408401285e-05
37,1.1300000000000026,0.051,31.059999999999995,0.0057203604333299725,0.15723397792852079,0.057630000000000126,3.160110000000001,0.1017421120412106,0.009483375706563348,0.520015797398366,1.4160283946587663e-05
57,1.7999999999999972,0.049,32.85999999999999,0.009112078566366293,0.16634605649488707,0.08819999999999986,3.248310000000001,0.09885301278149732,0.014513859748722614,0.5345296571470887,2.9179239942058853e-05
56,0.8400000000000034,0.048,33.699999999999996,0.0042523033309709605,0.17059835982585803,0.04032000000000016,3.2886300000000013,0.09758545994065287,0.006634907313701803,0.5411645644607904,5.676801738524876e-06
24,1.4500000000000028,0.045,35.15,0.007340285511795095,0.17793864533765313,0.06525000000000013,3.3538800000000015,0.09541621621621627,0.010737294201861154,0.5519018586626516,1.1539668040384325e-05
11,1.1000000000000014,0.045,36.25,0.005568492457223862,0.18350713779487698,0.049500000000000065,3.4033800000000016,0.09388634482758625,0.008145533532446389,0.560047392195098,6.641140703384074e-06
48,1.0100000000000051,0.043,37.260000000000005,0.005112888528905565,0.18862002632378255,0.04343000000000022,3.446810000000002,0.09250697799248528,0.0071466771982656154,0.5671940693933636,4.136296351617323e-06
0,1.04,0.042,38.300000000000004,0.005264756505011644,0.1938847828287942,0.043680000000000004,3.490490000000002,0.09113550913838124,0.007187816256510259,0.5743818856498738,3.698158807833913e-06
99,1.0,0.041,39.300000000000004,0.005062265870203504,0.1989470486989977,0.041,3.531490000000002,0.08985979643765908,0.006746805552127303,0.5811286912020011,2.837673939975934e-06
62,1.0400000000000063,0.039,40.34000000000001,0.0052647565050116755,0.2042118052040094,0.04056000000000024,3.572050000000002,0.08854858701041153,0.0066744008096167075,0.5878030920116177,1.9870970655054058e-06
18,1.2800000000000011,0.037,41.62000000000001,0.006479700313860491,0.2106915055178699,0.04736000000000004,3.619410000000002,0.08696323882748681,0.007793383193871935,0.5955964752054896,1.7257627092351618e-06
59,1.25,0.037,42.87000000000001,0.00632783233775438,0.21701933785562427,0.04625,3.665660000000002,0.08550641474224402,0.0076107257752655545,0.6032072009807552,1.6458155720092379e-06
103,1.0,0.035,43.87000000000001,0.005062265870203504,0.22208160372582778,0.035,3.7006600000000023,0.08435514018691592,0.005759468154255015,0.6089666691350102,4.860910248866439e-07
31,1.0,0.035,44.87000000000001,0.005062265870203504,0.22714386959603128,0.035,3.7356600000000024,0.0832551816358369,0.005759468154255015,0.6147261372892652,4.860910248866439e-07
85,1.0,0.034,45.87000000000001,0.005062265870203504,0.23220613546623478,0.034,3.7696600000000022,0.08218138216699371,0.0055949119212763,0.6203210492105414,2.837118157234438e-07
28,1.2999999999999972,0.034,47.17000000000001,0.006580945631264541,0.23878708109749933,0.044199999999999906,3.8138600000000022,0.08085350858596568,0.0072733854976591746,0.6275944347082006,4.79472968572618e-07
112,2.0,0.034,49.17000000000001,0.010124531740407007,0.24891161283790633,0.068,3.8818600000000023,0.07894773235712836,0.0111898238425526,0.6387842585507533,1.1348472628937752e-06
102,1.0,0.033,50.17000000000001,0.005062265870203504,0.25397387870810983,0.033,3.9148600000000022,0.07803189156866656,0.005430355688297585,0.6442146142390509,1.354901141845339e-07
80,0.9099999999999966,0.033,51.080000000000005,0.004606661941885171,0.258580540649995,0.03002999999999989,3.9448900000000022,0.07722963978073613,0.004941623676350784,0.6491562379154017,1.1219936355621169e-07
34,1.0,0.033,52.080000000000005,0.005062265870203504,0.26364280652019856,0.033,3.977890000000002,0.07638037634408605,0.005430355688297585,0.6545865936036993,1.354901141845339e-07
127,1.0,0.031,53.080000000000005,0.005062265870203504,0.2687050723904021,0.031,4.008890000000002,0.07552543330821404,0.005101243222340156,0.6596878368260395,1.5192339795845461e-09
71,1.7000000000000028,0.03,54.78000000000001,0.008605851979345972,0.2773109243697481,0.05100000000000008,4.059890000000002,0.07411263234757214,0.008392367881914463,0.6680802047079539,4.5575459856145473e-08
30,0.7299999999999969,0.03,55.510000000000005,0.003695454085248542,0.2810063784549966,0.021899999999999906,4.081790000000002,0.07353251666366423,0.0036037815022338365,0.6716839862101878,8.403862476588111e-09
45,0.990000000000002,0.03,56.50000000000001,0.005011643211501479,0.2860180216664981,0.02970000000000006,4.111490000000002,0.07276973451327436,0.004887320119467836,0.6765713063296556,1.545623121280561e-08
2,1.0,0.03,57.50000000000001,0.005062265870203504,0.2910802875367016,0.03,4.141490000000002,0.07202591304347829,0.004936686989361441,0.681507993319017,1.5770055313545097e-08
33,1.0,0.029,58.50000000000001,0.005062265870203504,0.29614255340690515,0.029,4.170490000000002,0.07129042735042737,0.004772130756382727,0.6862801240753997,8.417838427179547e-08
26,1.2000000000000028,0.029,59.70000000000001,0.0060747190442442195,0.3022172724511494,0.03480000000000008,4.2052900000000015,0.07044036850921274,0.005726556907659284,0.6920066809830591,1.2121687335138604e-07
27,1.0,0.029,60.70000000000001,0.005062265870203504,0.3072795383213529,0.029,4.234290000000001,0.06975766062602967,0.004772130756382727,0.6967788117394418,8.417838427179547e-08
50,1.5700000000000003,0.028,62.27000000000001,0.007947757416219503,0.3152272957375724,0.043960000000000006,4.278250000000002,0.06870483378834111,0.007233892001744299,0.7040127037411861,5.096038299838534e-07
9,0.8499999999999996,0.028,63.12000000000001,0.004302925989672976,0.3195302217272454,0.02379999999999999,4.302050000000001,0.06815668567807352,0.0039164383448934085,0.7079291420860795,1.4937269956725774e-07
148,1.039999999999992,0.028,64.16,0.0052647565050116035,0.324794978232257,0.029119999999999778,4.331170000000001,0.06750576683291773,0.004791877504340136,0.7127210195904197,2.236145492760466e-07
32,1.0,0.027,65.16,0.005062265870203504,0.32985724410246053,0.027,4.358170000000001,0.06688413136893802,0.004443018290425297,0.7171640378808449,3.83467565061167e-07
137,2.0,0.027,67.16,0.010124531740407007,0.33998177584286754,0.054,4.4121700000000015,0.06569639666468138,0.008886036580850593,0.7260500744616956,1.533870260244668e-06
40,1.1000000000000014,0.027,68.25999999999999,0.005568492457223862,0.3455502683000914,0.02970000000000004,4.4418700000000015,0.06507280984471144,0.004887320119467833,0.7309373945811634,4.639957537240132e-07
68,1.4399999999999977,0.026,69.69999999999999,0.007289662853093034,0.3528399311531844,0.03743999999999994,4.479310000000002,0.06426556671449071,0.0061609853627230685,0.7370983799438864,1.2739128772678445e-06
81,1.0,0.026,70.69999999999999,0.005062265870203504,0.35790219702338794,0.026,4.5053100000000015,0.06372432814710045,0.004278462057446582,0.7413768420013329,6.14348416892288e-07
120,1.0,0.026,71.69999999999999,0.005062265870203504,0.36296446289359147,0.026,4.531310000000001,0.06319818688981872,0.004278462057446582,0.7456553040587794,6.14348416892288e-07
38,1.0,0.025,72.69999999999999,0.005062265870203504,0.368026728763795,0.025,4.556310000000002,0.06267276478679508,0.004113905824467867,0.7497692098832474,8.993867763476981e-07
69,1.5799999999999983,0.024,74.27999999999999,0.007998380074921528,0.37602510883871654,0.03791999999999996,4.594230000000001,0.06185016155088856,0.006239972354552855,0.7560091822378002,3.0919977110521527e-06
100,1.0,0.023,75.27999999999999,0.005062265870203504,0.38108737470892007,0.023,4.617230000000001,0.06133408607863977,0.003784793358510438,0.7597939755963107,1.6319360181313905e-06
3,1.0,0.023,76.27999999999999,0.005062265870203504,0.3861496405791236,0.023,4.640230000000001,0.06083154168851601,0.003784793358510438,0.7635787689548211,1.6319360181313905e-06
105,1.0,0.023,77.27999999999999,0.005062265870203504,0.39121190644932713,0.023,4.66323,0.06034200310559008,0.003784793358510438,0.7673635623133316,1.6319360181313905e-06
79,2.0900000000000034,0.022,79.36999999999999,0.01058013566872534,0.4017920421180525,0.04598000000000007,4.709210000000001,0.05933236739322163,0.0075662955923613134,0.7749298579056929,9.083232005897923e-06
107,1.0500000000000114,0.022,80.42,0.005315379163713736,0.4071074212817662,0.02310000000000025,4.732310000000001,0.058844939069883126,0.0038012489818083505,0.7787311068875012,2.292590207756838e-06
146,1.0,0.022,81.42,0.005062265870203504,0.4121696871519697,0.022,4.754310000000001,0.05839240972733973,0.003620237125531723,0.782351344013033,2.079446900459672e-06
132,2.0,0.021,83.42,0.010124531740407007,0.4222942188923767,0.042,4.796310000000001,0.057495924238791664,0.006911361785106018,0.789262705798139,1.0324461161648966e-05
109,1.0,0.021,84.42,0.005062265870203504,0.42735648476258026,0.021,4.817310000000001,0.05706361051883441,0.003455680892553009,0.792718386690692,2.5811152904122415e-06
104,1.0,0.02,85.42,0.005062265870203504,0.4324187506327838,0.02,4.83731,0.05662971201123859,0.003291124659574294,0.7960095113502662,3.1369411879891032e-06
110,1.0,0.02,86.42,0.005062265870203504,0.4374810165029873,0.02,4.85731,0.05620585512612821,0.003291124659574294,0.7993006360098405,3.1369411879891032e-06
39,1.2299999999999969,0.02,87.65,0.006226587020350294,0.4437076035233376,0.024599999999999938,4.8819099999999995,0.05569777524244152,0.004048083331276371,0.8033487193411168,4.74587832330869e-06
129,2.0,0.019,89.65,0.010124531740407007,0.4538321352637446,0.038,4.91991,0.054879085331846066,0.006253136853191159,0.809601856194308,1.4987698372761021e-05
84,1.0,0.019,90.65,0.005062265870203504,0.45889440113394814,0.019,4.93891,0.05448328736900165,0.0031265684265955793,0.8127284246209036,3.7469245931902553e-06
10,1.799999999999999,0.019,92.45,0.009112078566366302,0.46800647970031445,0.03419999999999998,4.97311,0.05379242833964305,0.00562782316787204,0.8183562477887756,1.2140035681936412e-05
115,0.8799999999999955,0.018,93.33,0.00445479396577906,0.47246127366609353,0.015839999999999917,4.98895,0.05345494481945784,0.002606570730382827,0.8209628185191584,3.4159291278585205e-06
111,1.0,0.018,94.33,0.005062265870203504,0.47752353953629706,0.018,5.00695,0.053079084066574786,0.0029620121936168643,0.8239248307127753,4.411065506015697e-06
22,2.0,0.018,96.33,0.010124531740407007,0.48764807127670406,0.036,5.042949999999999,0.05235077338316204,0.0059240243872337285,0.829848855100009,1.764426202406279e-05
73,1.6800000000000068,0.017,98.01,0.008504606661941921,0.496152677938646,0.028560000000000117,5.071509999999999,0.05174482195694316,0.004699726013872111,0.8345485811138812,1.4477116746056138e-05
140,2.0,0.017,100.01,0.010124531740407007,0.506277209679053,0.034,5.105509999999999,0.051049995000499934,0.0055949119212763,0.8401434930351575,2.0517455705861705e-05
6,1.0,0.017,101.01,0.005062265870203504,0.5113394755492565,0.017,5.122509999999999,0.0507128997128997,0.00279745596063815,0.8429409489957956,5.129363926465426e-06
122,1.0,0.016,102.01,0.005062265870203504,0.51640174141946,0.016,5.138509999999999,0.05037261052837956,0.002632899727659435,0.8455738487234551,5.901819854539448e-06
126,1.0,0.016,103.01,0.005062265870203504,0.5214640072896636,0.016,5.154509999999999,0.05003892825939228,0.002632899727659435,0.8482067484511145,5.901819854539448e-06
8,0.5,0.016,103.51,0.002531132935101752,0.5239951402247653,0.008,5.162509999999999,0.049874504878755666,0.0013164498638297175,0.8495231983149443,1.475454963634862e-06
145,1.329999999999984,0.015,104.83999999999999,0.00673281360737058,0.5307279538321359,0.01994999999999976,5.182459999999999,0.04943208698969858,0.0032828968479253185,0.8528060951628695,1.190192564710129e-05
139,2.0,0.015,106.83999999999999,0.010124531740407007,0.540852485572543,0.03,5.212459999999999,0.04878753275926619,0.004936686989361441,0.857742782152231,2.6913733160951042e-05
58,2.0,0.015,108.83999999999999,0.010124531740407007,0.55097701731295,0.03,5.2424599999999995,0.04816666666666666,0.004936686989361441,0.8626794691415924,2.6913733160951042e-05
91,2.0,0.015,110.83999999999999,0.010124531740407007,0.5611015490533571,0.03,5.27246,0.047568206423673765,0.004936686989361441,0.8676161561309539,2.6913733160951042e-05
16,1.259999999999998,0.015,112.1,0.006378454996456405,0.5674800040498135,0.01889999999999997,5.29136,0.0472021409455843,0.0031101128032977026,0.8707262689342515,1.0682060691581435e-05
147,1.0,0.014,113.1,0.005062265870203504,0.572542269920017,0.014,5.30536,0.046908576480990276,0.002303787261702006,0.8730300561959535,7.609204233560363e-06
113,1.0,0.014,114.1,0.005062265870203504,0.5776045357902205,0.014,5.3193600000000005,0.04662015775635408,0.002303787261702006,0.8753338434576555,7.609204233560363e-06
95,2.0,0.014,116.1,0.010124531740407007,0.5877290675306276,0.028,5.34736,0.046058225667528,0.004607574523404012,0.8799414179810595,3.043681693424145e-05
138,2.0,0.014,118.1,0.010124531740407007,0.5978535992710347,0.028,5.37536,0.04551532599491956,0.004607574523404012,0.8845489925044635,3.043681693424145e-05
98,1.0,0.014,119.1,0.005062265870203504,0.6029158651412382,0.014,5.38936,0.04525071368597817,0.002303787261702006,0.8868527797661655,7.609204233560363e-06
25,0.7999999999999972,0.014,119.89999999999999,0.004049812696162789,0.606965677837401,0.01119999999999996,5.40056,0.045042201834862385,0.001843029809361598,0.8886958095755271,4.869890709478597e-06
117,0.6999999999999886,0.014,120.59999999999998,0.0035435861091423953,0.6105092639465434,0.009799999999999842,5.41036,0.0448620232172471,0.001612651083191378,0.8903084606587185,3.7285100744444563e-06
128,1.0,0.014,121.59999999999998,0.005062265870203504,0.6155715298167469,0.014,5.42436,0.04460822368421053,0.002303787261702006,0.8926122479204205,7.609204233560363e-06
1,1.0,0.014,122.59999999999998,0.005062265870203504,0.6206337956869504,0.014,5.43836,0.04435856443719414,0.002303787261702006,0.8949160351821225,7.609204233560363e-06
124,1.0,0.014,123.59999999999998,0.005062265870203504,0.625696061557154,0.014,5.4523600000000005,0.044112944983818785,0.002303787261702006,0.8972198224438245,7.609204233560363e-06
13,1.0,0.013,124.59999999999998,0.005062265870203504,0.6307583274273575,0.013,5.46536,0.043863242375601935,0.002139231028723291,0.8993590534725477,8.544132684507255e-06
119,1.0,0.013,125.59999999999998,0.005062265870203504,0.635820593297561,0.013,5.47836,0.043617515923566885,0.002139231028723291,0.901498284501271,8.544132684507255e-06
83,1.0,0.013,126.59999999999998,0.005062265870203504,0.6408828591677646,0.013,5.49136,0.043375671406003166,0.002139231028723291,0.9036375155299943,8.544132684507255e-06
106,1.0,0.013,127.59999999999998,0.005062265870203504,0.6459451250379681,0.013,5.50436,0.04313761755485894,0.002139231028723291,0.9057767465587175,8.544132684507255e-06
90,2.0,0.013,129.59999999999997,0.010124531740407007,0.6560696567783751,0.026,5.53036,0.04267253086419754,0.004278462057446582,0.9100552086161641,3.417653073802902e-05
94,2.0,0.013,131.59999999999997,0.010124531740407007,0.6661941885187822,0.026,5.55636,0.04222158054711247,0.004278462057446582,0.9143336706736106,3.417653073802902e-05
118,1.0,0.013,132.59999999999997,0.005062265870203504,0.6712564543889857,0.013,5.56936,0.04200120663650076,0.002139231028723291,0.9164729017023339,8.544132684507255e-06
17,1.4299999999999997,0.012,134.02999999999997,0.007239040194391009,0.6784954945833768,0.017159999999999998,5.586519999999999,0.041681116168022087,0.002823784957914744,0.9192966866602487,1.9494478803231086e-05
130,2.0,0.012,136.02999999999997,0.010124531740407007,0.6886200263237838,0.024,5.610519999999999,0.04124472542821437,0.003949349591489153,0.9232460362517378,3.813287457231374e-05
21,2.0,0.012,138.02999999999997,0.010124531740407007,0.6987445580641909,0.024,5.634519999999999,0.04082098094617113,0.003949349591489153,0.927195385843227,3.813287457231374e-05
92,2.0,0.012,140.02999999999997,0.010124531740407007,0.708869089804598,0.024,5.658519999999999,0.04040934085553096,0.003949349591489153,0.9311447354347162,3.813287457231374e-05
5,1.0,0.012,141.02999999999997,0.005062265870203504,0.7139313556748015,0.012,5.670519999999999,0.04020789902857548,0.0019746747957445766,0.9331194102304607,9.533218643078435e-06
87,0.9000000000000057,0.012,141.92999999999998,0.004556039283183182,0.7184873949579846,0.010800000000000068,5.681319999999999,0.04002902839427887,0.00177720731617013,0.9348966175466309,7.72190710089363e-06
93,2.0,0.011,143.92999999999998,0.010124531740407007,0.7286119266983917,0.022,5.703319999999999,0.03962565135829917,0.003620237125531723,0.9385168546721626,4.230584843709563e-05
134,2.0,0.011,145.92999999999998,0.010124531740407007,0.7387364584387988,0.022,5.725319999999999,0.039233331049133145,0.003620237125531723,0.9421370917976943,4.230584843709563e-05
131,2.0,0.011,147.92999999999998,0.010124531740407007,0.7488609901792058,0.022,5.747319999999999,0.03885161900899074,0.003620237125531723,0.9457573289232261,4.230584843709563e-05
20,1.0,0.011,148.92999999999998,0.005062265870203504,0.7539232560494094,0.011,5.758319999999999,0.03866460753374069,0.0018101185627658616,0.947567447485992,1.0576462109273907e-05
82,1.0,0.011,149.92999999999998,0.005062265870203504,0.7589855219196129,0.011,5.76932,0.038480090708997536,0.0018101185627658616,0.9493775660487579,1.0576462109273907e-05
7,1.0,0.011,150.92999999999998,0.005062265870203504,0.7640477877898164,0.011,5.78032,0.03829801894918174,0.0018101185627658616,0.9511876846115238,1.0576462109273907e-05
114,1.0,0.011,151.92999999999998,0.005062265870203504,0.7691100536600199,0.011,5.79132,0.03811834397419865,0.0018101185627658616,0.9529978031742897,1.0576462109273907e-05
123,1.0,0.01,152.92999999999998,0.005062265870203504,0.7741723195302235,0.01,5.80132,0.037934479827372004,0.001645562329787147,0.9546433655040769,1.1673863083093665e-05
125,1.0,0.01,153.92999999999998,0.005062265870203504,0.779234585400427,0.01,5.811319999999999,0.03775300461248619,0.001645562329787147,0.9562889278338641,1.1673863083093665e-05
108,0.9499999999999886,0.01,154.87999999999997,0.004809152576693271,0.7840437379771202,0.009499999999999887,5.820819999999999,0.03758277376033058,0.001563284213297771,0.9578522120471619,1.0535661432491782e-05
143,1.3799999999999955,0.01,156.25999999999996,0.006985926900880813,0.7910296648780011,0.013799999999999955,5.834619999999999,0.03733917829258928,0.0022708760151062555,0.9601230880622681,2.2231704855443432e-05
89,2.0,0.009,158.25999999999996,0.010124531740407007,0.8011541966184081,0.018,5.852619999999999,0.0369810438518893,0.0029620121936168643,0.963085100255885,5.1301686258150874e-05
136,2.0,0.009,160.25999999999996,0.010124531740407007,0.8112787283588152,0.018,5.870619999999999,0.03663184824659928,0.0029620121936168643,0.9660471124495019,5.1301686258150874e-05
141,1.0,0.009,161.25999999999996,0.005062265870203504,0.8163409942290187,0.009,5.879619999999999,0.03646049857373186,0.0014810060968084321,0.9675281185463104,1.2825421564537718e-05
88,2.0,0.009,163.25999999999996,0.010124531740407007,0.8264655259694258,0.018,5.897619999999999,0.03612409653313733,0.0029620121936168643,0.9704901307399273,5.1301686258150874e-05
150,2.0,0.009,165.25999999999996,0.010124531740407007,0.8365900577098329,0.018,5.915619999999999,0.03579583686312477,0.0029620121936168643,0.9734521429335442,5.1301686258150874e-05
121,1.0,0.009,166.25999999999996,0.005062265870203504,0.8416523235800364,0.009,5.924619999999999,0.035634668591362925,0.0014810060968084321,0.9749331490303527,1.2825421564537718e-05
19,1.0,0.009,167.25999999999996,0.005062265870203504,0.8467145894502399,0.009,5.9336199999999995,0.03547542747817769,0.0014810060968084321,0.9764141551271611,1.2825421564537718e-05
142,1.0,0.008,168.25999999999996,0.005062265870203504,0.8517768553204434,0.008,5.9416199999999995,0.03531213598003091,0.0013164498638297175,0.9777306049909908,1.4031137553606062e-05
14,1.0300000000000011,0.008,169.28999999999996,0.0052141338463096145,0.8569909891667531,0.00824000000000001,5.949859999999999,0.035145962549471325,0.0013559433597446107,0.9790865483507355,1.4885633830620704e-05
15,1.0,0.008,170.28999999999996,0.005062265870203504,0.8620532550369566,0.008,5.957859999999999,0.03498655235187034,0.0013164498638297175,0.9804029982145652,1.4031137553606062e-05
149,1.6100000000000136,0.007,171.89999999999998,0.00815024805102771,0.8702035030879843,0.011270000000000096,5.969129999999999,0.03472443280977312,0.0018545487456701304,0.9822575469602354,3.9635829743479914e-05
155,1.5,0.007,173.39999999999998,0.007593398805305256,0.8777969018932896,0.0105,5.979629999999999,0.03448460207612457,0.0017278404462765045,0.9839853874065119,3.440477486317206e-05
96,2.0,0.007,175.39999999999998,0.010124531740407007,0.8879214336336967,0.014,5.99363,0.0341712086659065,0.002303787261702006,0.9862891746682139,6.116404420119477e-05
4,1.0,0.007,176.39999999999998,0.005062265870203504,0.8929836995039002,0.007,6.000629999999999,0.034017176870748296,0.001151893630851003,0.9874410682990649,1.5291011050298693e-05
133,2.0,0.006,178.39999999999998,0.010124531740407007,0.9031082312443073,0.012,6.012629999999999,0.03370308295964125,0.0019746747957445766,0.9894157430948094,6.642016821846248e-05
152,2.0,0.006,180.39999999999998,0.010124531740407007,0.9132327629847143,0.012,6.024629999999998,0.03339595343680709,0.0019746747957445766,0.9913904178905539,6.642016821846248e-05
144,0.6400000000000148,0.005,181.04,0.0032398501569303175,0.9164726131416446,0.003200000000000074,6.027829999999998,0.033295570039770205,0.0005265799455318992,0.9919169978360858,7.361835240062016e-06
75,2.0400000000000063,0.005,183.07999999999998,0.01032702237521518,0.9267996355168598,0.010200000000000032,6.038029999999998,0.03298028184400262,0.0016784735763828952,0.9935954714124686,7.479739632578334e-05
135,2.0,0.004,185.07999999999998,0.010124531740407007,0.9369241672572669,0.008,6.046029999999998,0.03266711692241192,0.0013164498638297175,0.9949119212762983,7.758230634448932e-05
151,2.0,0.004,187.07999999999998,0.010124531740407007,0.947048698997674,0.008,6.054029999999998,0.03236064785118665,0.0013164498638297175,0.9962283711401281,7.758230634448932e-05
153,2.0,0.004,189.07999999999998,0.010124531740407007,0.957173230738081,0.008,6.062029999999998,0.03206066215358578,0.0013164498638297175,0.9975448210039578,7.758230634448932e-05
74,2.0,0.003,191.07999999999998,0.010124531740407007,0.9672977624784881,0.006,6.0680299999999985,0.031756489428511614,0.0009873373978722883,0.9985321584018301,8.34883204532485e-05
76,0.9599999999999937,0.002,192.03999999999996,0.004859775235395332,0.9721575377138835,0.0019199999999999875,6.069949999999999,0.03160773797125599,0.00031594796731913014,0.9988481063691492,2.0646366242112838e-05
154,1.5,0.002,193.53999999999996,0.007593398805305256,0.9797509365191888,0.003,6.072949999999999,0.031378268058282525,0.0004936686989361442,0.9993417750680854,5.040616758328395e-05
78,1.0,0.002,194.53999999999996,0.005062265870203504,0.9848132023893923,0.002,6.0749499999999985,0.031227254035159864,0.0003291124659574294,0.9996708875340429,2.24027411481262e-05
97,2.0,0.001,196.53999999999996,0.010124531740407007,0.9949377341297994,0.002,6.076949999999998,0.030919660120077335,0.0003291124659574294,1.0000000000000002,9.59502387622583e-05
77,1.0,0.0,197.53999999999996,0.005062265870203504,1.0000000000000029,0.0,6.076949999999998,0.030763136579933174,0.0,1.0000000000000002,2.562653574062724e-05
