,weight,grade,cml_weight,weight_pct,cml_weight_pct,yield,cml_yield,cml_grade,recovery,cml_recovery,distributional_heterogeneity
29,2.0,0.055,2.0,0.018696830887164624,0.018696830887164624,0.11,0.11,0.055,0.08615220745451557,0.08615220745451557,0.004550227827843119
50,1.0,0.037,3.0,0.009348415443582312,0.028045246330746936,0.037,0.147,0.048999999999999995,0.028978469780155235,0.11513067723467081,0.00038533903325680546
51,1.0,0.034,4.0,0.009348415443582312,0.03739366177432925,0.034,0.181,0.04525,0.026628864122304814,0.14175954135697563,0.00029861390653796225
61,1.4399999999999977,0.032,5.439999999999998,0.013461718238758509,0.05085538001308776,0.04607999999999993,0.22707999999999992,0.04174264705882353,0.036089942904582464,0.1778494842615581,0.0005120365515270038
49,1.0,0.024,6.439999999999998,0.009348415443582312,0.06020379545667007,0.024,0.2510799999999999,0.03898757763975155,0.018796845262803397,0.1966463295243615,8.927282604874616e-05
55,2.0,0.023,8.439999999999998,0.018696830887164624,0.07890062634383468,0.046,0.2970799999999999,0.03519905213270142,0.036027286753706506,0.232673616278068,0.000300344700542156
62,1.4300000000000068,0.021,9.870000000000005,0.01336823408432277,0.09226886042815746,0.030030000000000143,0.32711000000000007,0.033141843971631196,0.02351955263508286,0.25619316891315086,0.00010304926831900599
60,2.0,0.02,11.870000000000005,0.018696830887164624,0.11096569131532208,0.04,0.36711000000000005,0.030927548441449022,0.03132807543800566,0.2875212443511565,0.00015954833890315134
28,2.0,0.018,13.870000000000005,0.018696830887164624,0.1296625222024867,0.036,0.40311,0.029063446286950245,0.02819526789420509,0.31571651224536157,9.022030557671585e-05
58,2.0,0.017,15.870000000000005,0.018696830887164624,0.1483593530896513,0.034,0.43711,0.027543163201008185,0.026628864122304814,0.3423453763676664,6.29171512433685e-05
26,2.0,0.017,17.870000000000005,0.018696830887164624,0.16705618397681593,0.034,0.47111000000000003,0.026363178511471734,0.026628864122304814,0.3689742404899712,6.29171512433685e-05
48,1.0,0.016,18.870000000000005,0.009348415443582312,0.17640459942039824,0.016,0.48711000000000004,0.02581399046104928,0.012531230175202265,0.38150547066517343,1.0130309615816983e-05
52,1.0,0.016,19.870000000000005,0.009348415443582312,0.18575301486398055,0.016,0.5031100000000001,0.02532008052340211,0.012531230175202265,0.3940367008403757,1.0130309615816983e-05
27,2.0,0.016,21.870000000000005,0.018696830887164624,0.20444984575114517,0.032,0.5351100000000001,0.024467764060356653,0.02506246035040453,0.4190991611907802,4.052123846326793e-05
20,2.0,0.016,23.870000000000005,0.018696830887164624,0.22314667663830978,0.032,0.5671100000000001,0.023758273984080435,0.02506246035040453,0.44416162154118477,4.052123846326793e-05
7,2.0,0.016,25.870000000000005,0.018696830887164624,0.2418435075254744,0.032,0.5991100000000001,0.023158484731349054,0.02506246035040453,0.4692240818915893,4.052123846326793e-05
30,2.0,0.015,27.870000000000005,0.018696830887164624,0.260540338412639,0.03,0.6291100000000002,0.022573017581628996,0.023496056578504246,0.49272013847009355,2.3032567236414238e-05
21,2.0,0.015,29.870000000000005,0.018696830887164624,0.27923716929980363,0.03,0.6591100000000002,0.022065952460662876,0.023496056578504246,0.5162161950485978,2.3032567236414238e-05
59,2.0,0.015,31.870000000000005,0.018696830887164624,0.29793400018696825,0.03,0.6891100000000002,0.021622529024160658,0.023496056578504246,0.5397122516271021,2.3032567236414238e-05
11,2.0,0.014,33.870000000000005,0.018696830887164624,0.31663083107413287,0.028,0.7171100000000002,0.02117242397401831,0.02192965280660396,0.5616419044337061,1.0451137562807437e-05
18,2.0,0.013,35.870000000000005,0.018696830887164624,0.3353276619612975,0.026,0.7431100000000003,0.020716754948424874,0.020363249034703677,0.5820051534684098,2.7769494424474854e-06
53,2.0,0.012,37.870000000000005,0.018696830887164624,0.3540244928484621,0.024,0.7671100000000003,0.020256403485608667,0.018796845262803397,0.6008019987312132,1.0002875334413035e-08
6,2.0,0.012,39.870000000000005,0.018696830887164624,0.3727213237356267,0.024,0.7911100000000003,0.019842237271131182,0.018796845262803397,0.6195988439940165,1.0002875334413035e-08
14,2.0,0.011,41.870000000000005,0.018696830887164624,0.39141815462279134,0.022,0.8131100000000003,0.01941987102937665,0.017230441490903112,0.6368292854849197,2.150297861468208e-06
19,2.0,0.011,43.870000000000005,0.018696830887164624,0.41011498550995595,0.022,0.8351100000000004,0.019036015500341924,0.017230441490903112,0.6540597269758228,2.150297861468208e-06
35,1.0,0.011,44.870000000000005,0.009348415443582312,0.4194634009535383,0.011,0.8461100000000004,0.018856919991085363,0.008615220745451556,0.6626749477212743,5.37574465367052e-07
39,1.0,0.011,45.870000000000005,0.009348415443582312,0.4288118163971206,0.011,0.8571100000000004,0.0186856333115326,0.008615220745451556,0.6712901684667258,5.37574465367052e-07
54,2.0,0.011,47.870000000000005,0.018696830887164624,0.44750864728428524,0.022,0.8791100000000004,0.018364528932525596,0.017230441490903112,0.688520609957629,2.150297861468208e-06
9,2.0,0.01,49.870000000000005,0.018696830887164624,0.46620547817144986,0.02,0.8991100000000004,0.01802907559655104,0.01566403771900283,0.7041846476766318,9.197834400848864e-06
1,2.0,0.01,51.870000000000005,0.018696830887164624,0.4849023090586145,0.02,0.9191100000000004,0.017719491035280515,0.01566403771900283,0.7198486853956346,9.197834400848864e-06
13,2.0,0.01,53.870000000000005,0.018696830887164624,0.5035991399457791,0.02,0.9391100000000004,0.01743289400408391,0.01566403771900283,0.7355127231146374,9.197834400848864e-06
42,1.0,0.01,54.870000000000005,0.009348415443582312,0.5129475553893614,0.01,0.9491100000000005,0.01729743028977584,0.007832018859501416,0.7433447419741389,2.299458600212216e-06
36,1.0,0.01,55.870000000000005,0.009348415443582312,0.5222959708329438,0.01,0.9591100000000005,0.017166815822444968,0.007832018859501416,0.7511767608336404,2.299458600212216e-06
56,2.0,0.009,57.870000000000005,0.018696830887164624,0.5409928017201084,0.018,0.9771100000000005,0.01688456886124072,0.014097633947102546,0.7652743947807429,2.1152612493476405e-05
16,2.0,0.009,59.870000000000005,0.018696830887164624,0.5596896326072731,0.018,0.9951100000000005,0.01662117922164691,0.014097633947102546,0.7793720287278454,2.1152612493476405e-05
12,2.0,0.009,61.870000000000005,0.018696830887164624,0.5783864634944378,0.018,1.0131100000000004,0.016374818167124622,0.014097633947102546,0.7934696626749479,2.1152612493476405e-05
5,2.0,0.008,63.870000000000005,0.018696830887164624,0.5970832943816025,0.016,1.0291100000000004,0.01611257241271333,0.012531230175202265,0.8060008928501502,3.801463213935079e-05
15,2.0,0.008,65.87,0.018696830887164624,0.6157801252687671,0.016,1.0451100000000004,0.015866251707909524,0.012531230175202265,0.8185321230253525,3.801463213935079e-05
25,2.0,0.008,67.87,0.018696830887164624,0.6344769561559318,0.016,1.0611100000000004,0.015634448209812885,0.012531230175202265,0.8310633532005548,3.801463213935079e-05
22,2.0,0.008,69.87,0.018696830887164624,0.6531737870430965,0.016,1.0771100000000005,0.015415915271217983,0.012531230175202265,0.8435945833757571,3.801463213935079e-05
44,1.0,0.008,70.87,0.009348415443582312,0.6625222024866788,0.008,1.0851100000000005,0.015311274163962189,0.0062656150876011325,0.8498601984633583,9.503658034837698e-06
0,2.1,0.007,72.97,0.01963167243152286,0.6821538749182017,0.014700000000000001,1.0998100000000004,0.015072084418254082,0.011513067723467081,0.8613732661868253,6.591174240566544e-05
2,2.0,0.007,74.97,0.018696830887164624,0.7008507058053663,0.014,1.1138100000000004,0.014856742697078837,0.01096482640330198,0.8723380925901273,5.978389333847205e-05
10,2.0,0.007,76.97,0.018696830887164624,0.719547536692531,0.014,1.1278100000000004,0.014652591918929458,0.01096482640330198,0.8833029189934293,5.978389333847205e-05
17,2.0,0.007,78.97,0.018696830887164624,0.7382443675796957,0.014,1.1418100000000004,0.014458781815879453,0.01096482640330198,0.8942677453967313,5.978389333847205e-05
23,2.0,0.007,80.97,0.018696830887164624,0.7569411984668604,0.014,1.1558100000000004,0.014274546128195634,0.01096482640330198,0.9052325718000332,5.978389333847205e-05
34,2.0,0.007,82.97,0.018696830887164624,0.775638029354025,0.014,1.1698100000000005,0.014099192479209358,0.01096482640330198,0.9161973982033352,5.978389333847205e-05
32,2.0,0.006,84.97,0.018696830887164624,0.7943348602411897,0.012,1.1818100000000005,0.013908555960927391,0.009398422631401698,0.9255958208347369,8.646039609084019e-05
24,2.0,0.006,86.97,0.018696830887164624,0.8130316911283544,0.012,1.1938100000000005,0.013726687363458669,0.009398422631401698,0.9349942434661386,8.646039609084019e-05
8,2.0,0.006,88.97,0.018696830887164624,0.8317285220155191,0.012,1.2058100000000005,0.013552995391705075,0.009398422631401698,0.9443926660975402,8.646039609084019e-05
57,2.0,0.006,90.97,0.018696830887164624,0.8504253529026837,0.012,1.2178100000000005,0.013386940749697708,0.009398422631401698,0.9537910887289419,8.646039609084019e-05
33,2.0,0.006,92.97,0.018696830887164624,0.8691221837898484,0.012,1.2298100000000005,0.013228030547488443,0.009398422631401698,0.9631895113603436,8.646039609084019e-05
31,2.0,0.005,94.97,0.018696830887164624,0.8878190146770131,0.01,1.2398100000000005,0.013054754132884074,0.007832018859501416,0.971021530219845,0.00011804414039645519
46,1.0,0.005,95.97,0.009348415443582312,0.8971674301205954,0.005,1.2448100000000004,0.012970824215900807,0.003916009429750708,0.9749375396495957,2.9511035099113797e-05
3,2.0,0.004,97.97,0.018696830887164624,0.9158642610077601,0.008,1.2528100000000004,0.012787690109217112,0.0062656150876011325,0.9812031547371969,0.00015453512625531704
43,1.0,0.003,98.97,0.009348415443582312,0.9252126764513424,0.003,1.2558100000000003,0.012688794584217443,0.0023496056578504246,0.9835527603950474,4.898333841685644e-05
37,1.0,0.003,99.97,0.009348415443582312,0.9345610918949248,0.003,1.2588100000000002,0.012591877563268983,0.0023496056578504246,0.9859023660528978,4.898333841685644e-05
47,1.0,0.003,100.97,0.009348415443582312,0.9439095073385071,0.003,1.26181,0.012496880261463802,0.0023496056578504246,0.9882519717107483,4.898333841685644e-05
4,2.0,0.003,102.97,0.018696830887164624,0.9626063382256718,0.006,1.26781,0.012312421093522386,0.004699211315700849,0.9929511830264491,0.00019593335366742577
40,1.0,0.003,103.97,0.009348415443582312,0.9719547536692541,0.003,1.27081,0.01222285274598442,0.0023496056578504246,0.9953007886842996,4.898333841685644e-05
41,1.0,0.003,104.97,0.009348415443582312,0.9813031691128364,0.003,1.2738099999999999,0.012134990949795178,0.0023496056578504246,0.9976503943421501,4.898333841685644e-05
45,1.0,0.002,105.97,0.009348415443582312,0.9906515845564188,0.002,1.2758099999999999,0.012039350759648956,0.0015664037719002831,0.9992167981140504,6.055970565819535e-05
38,1.0,0.001,106.97,0.009348415443582312,1.000000000000001,0.001,1.2768099999999998,0.011936150322520331,0.0007832018859501416,1.0000000000000004,7.336288328784598e-05
