,weight,grade,cml_weight,weight_pct,cml_weight_pct,yield,cml_yield,cml_grade,recovery,cml_recovery,distributional_heterogeneity
65,1.4699999999999989,0.583,1.4699999999999989,0.006043910862593531,0.006043910862593531,0.8570099999999993,0.8570099999999993,0.583,0.1391663432480754,0.1391663432480754,0.017721582004227195
66,1.0,0.449,2.469999999999999,0.004111503988158868,0.010155414850752399,0.449,1.3060099999999992,0.528748987854251,0.07291127071841158,0.21207761396648697,0.004733407902137188
67,1.0,0.348,3.469999999999999,0.004111503988158868,0.014266918838911267,0.348,1.654009999999999,0.47665994236311227,0.05651029445435908,0.26858790842084607,0.0027456332423207545
146,0.3499999999999943,0.163,3.819999999999993,0.0014390263958555802,0.015705945234766847,0.057049999999999074,1.7110599999999982,0.44792146596858673,0.009264115800635441,0.27785202422148153,6.123202419279803e-05
111,1.0,0.128,4.819999999999993,0.004111503988158868,0.019817449222925713,0.128,1.8390599999999981,0.38154771784232383,0.020785395661373458,0.29863741988285497,0.00027801866353009485
63,1.0,0.12,5.819999999999993,0.004111503988158868,0.023928953211084583,0.12,1.9590599999999982,0.33660824742268053,0.019486308432537614,0.3181237283153926,0.0002363846117028885
54,0.45000000000000284,0.103,6.269999999999996,0.001850176794671502,0.025779130005756084,0.04635000000000029,2.0054099999999986,0.31984210526315787,0.0075265866320677,0.3256503149474603,3.2221628642088345e-05
112,0.9900000000000091,0.097,7.260000000000005,0.004070388948277316,0.0298495189540334,0.09603000000000088,2.1014399999999993,0.28945454545454513,0.01559391832313837,0.34124423327059866,0.0001327917292532856
138,1.0,0.082,8.260000000000005,0.004111503988158868,0.03396102294219227,0.082,2.183439999999999,0.2643389830508472,0.013315644095567371,0.354559877366166,8.471619511680583e-05
137,1.0,0.082,9.260000000000005,0.004111503988158868,0.03807252693035114,0.082,2.265439999999999,0.24464794816414662,0.013315644095567371,0.36787552146173336,8.471619511680583e-05
69,1.4699999999999989,0.074,10.730000000000004,0.006043910862593531,0.04411643779294467,0.1087799999999999,2.374219999999999,0.22126933830382087,0.017664338594095334,0.3855398600558287,0.00013503434066305616
148,0.8700000000000045,0.068,11.600000000000009,0.0035770084696982334,0.0476934462626429,0.059160000000000317,2.433379999999999,0.20977413793103425,0.009606750057241096,0.3951466101130698,3.635778361254391e-05
140,1.0,0.065,12.600000000000009,0.004111503988158868,0.05180495025080177,0.065,2.498379999999999,0.19828412698412679,0.01055508373429121,0.405701693847361,4.151971994476693e-05
126,2.0,0.059,14.600000000000009,0.008223007976317736,0.06002795822711951,0.118,2.616379999999999,0.17920410958904093,0.019161536625328653,0.42486323047268965,0.00011965140900523265
147,0.7900000000000205,0.058,15.390000000000029,0.0032480881506455894,0.0632760463777651,0.045820000000001186,2.6622000000000003,0.17298245614035057,0.007440522103157472,0.43230375257584713,1.7576502446174407e-05
62,1.0,0.058,16.39000000000003,0.004111503988158868,0.06738755036592396,0.058,2.7202,0.16596705308114676,0.009418382409059848,0.441722134984907,2.8162958574224482e-05
127,2.0,0.057,18.39000000000003,0.008223007976317736,0.0756105583422417,0.114,2.8342,0.15411636759108188,0.018511993010910735,0.4602341279958177,0.00010586321304207872
85,0.8700000000000045,0.056,19.260000000000034,0.0035770084696982334,0.07918756681193993,0.048720000000000256,2.8829200000000004,0.1496843198338523,0.007911441223610314,0.468145569219428,1.8787307298185858e-05
30,2.0,0.048,21.260000000000034,0.008223007976317736,0.08741057478825767,0.096,2.9789200000000005,0.14011853245531494,0.015589046746030092,0.4837346159654581,5.425852715690554e-05
84,1.0,0.046,22.260000000000034,0.004111503988158868,0.09152207877641653,0.046,3.0249200000000003,0.13589038634321635,0.007469751565806086,0.4912043675312642,1.127782679277341e-05
83,1.0,0.046,23.260000000000034,0.004111503988158868,0.0956335827645754,0.046,3.07092,0.1320257953568356,0.007469751565806086,0.49867411909707027,1.127782679277341e-05
128,2.0,0.046,25.260000000000034,0.008223007976317736,0.10385659074089314,0.092,3.16292,0.12521456848772747,0.014939503131612172,0.5136136222286825,4.511130717109364e-05
139,1.0,0.044,26.260000000000034,0.004111503988158868,0.107968094729052,0.044,3.20692,0.12212185833967998,0.007144979758597125,0.5207586019872796,9.201975249835982e-06
103,0.4300000000000068,0.043,26.69000000000004,0.0017679467149083411,0.10973604144396035,0.01849000000000029,3.2254100000000006,0.12084713375796162,0.003002515357646885,0.5237611173449265,1.5241597336332904e-06
58,0.9900000000000091,0.038,27.68000000000005,0.004070388948277316,0.11380643039223766,0.03762000000000035,3.263030000000001,0.11788403179190735,0.006108957693600599,0.5298700750385271,4.155762529408941e-06
68,1.0,0.036,28.68000000000005,0.004111503988158868,0.11791793438039652,0.036,3.299030000000001,0.11502894002789384,0.005845892529761284,0.5357159675682884,3.008103613241758e-06
59,1.009999999999991,0.036,29.69000000000004,0.004152619028040419,0.12207055340843694,0.03635999999999967,3.3353900000000007,0.11234051869316256,0.005904351455058844,0.5416203190233473,3.0685664958678618e-06
56,1.0,0.036,30.69000000000004,0.004111503988158868,0.1261820573965958,0.036,3.3713900000000008,0.10985304659498196,0.005845892529761284,0.5474662115531086,3.008103613241758e-06
129,2.0,0.034,32.69000000000004,0.008223007976317736,0.13440506537291352,0.068,3.439390000000001,0.10521229733863556,0.01104224144510465,0.5585084529982133,7.948077351528299e-06
144,1.0,0.033,33.69000000000004,0.004111503988158868,0.1385165693610724,0.033,3.4723900000000008,0.10306886316414356,0.005358734818947845,0.5638671878171612,1.5555847452705618e-06
104,1.3700000000000045,0.032,35.060000000000045,0.005632760463777667,0.14414932982485007,0.04384000000000015,3.516230000000001,0.10029178551055323,0.007118998014020433,0.5709861858311815,2.208902055751617e-06
78,2.0,0.031,37.060000000000045,0.008223007976317736,0.1523723378011678,0.062,3.578230000000001,0.0965523475445223,0.010067926023477768,0.5810541118546593,3.4037226007367894e-06
134,1.5,0.03,38.560000000000045,0.006167255982238301,0.1585395937834061,0.045,3.623230000000001,0.09396343360995842,0.007307365662201606,0.5883614775168609,1.299850082346028e-06
125,2.0,0.03,40.560000000000045,0.008223007976317736,0.16676260175972382,0.06,3.683230000000001,0.09080941814595653,0.009743154216268807,0.5981046317331297,2.310844590837383e-06
136,2.0,0.029,42.560000000000045,0.008223007976317736,0.17498560973604155,0.058,3.7412300000000007,0.08790484022556383,0.009418382409059848,0.6075230141421896,1.4289200344535284e-06
31,2.0,0.028,44.560000000000045,0.008223007976317736,0.18320861771235927,0.056,3.7972300000000008,0.08521611310592453,0.009093610601850887,0.6166166247440404,7.579489315852184e-07
70,2.219999999999999,0.026,46.780000000000044,0.009127538853712681,0.19233615656607195,0.057719999999999966,3.8549500000000005,0.08240594271056001,0.009372914356050588,0.625989539100091,6.020913714757998e-08
8,1.0,0.025,47.780000000000044,0.004111503988158868,0.19644766055423082,0.025,3.8799500000000005,0.08120447886144824,0.004059647590112004,0.630049186690203,2.689086018394809e-09
135,2.0,0.025,49.780000000000044,0.008223007976317736,0.20467066853054855,0.05,3.9299500000000003,0.07894636400160701,0.008119295180224008,0.6381684818704271,1.0756344073579237e-08
119,0.700000000000017,0.025,50.48000000000006,0.0028780527917112776,0.20754872132225982,0.01750000000000043,3.947450000000001,0.078198296354992,0.002841753313078472,0.6410102351835055,1.3176521490135207e-09
110,1.0,0.025,51.48000000000006,0.004111503988158868,0.2116602253104187,0.025,3.9724500000000007,0.07716491841491833,0.004059647590112004,0.6450698827736175,2.689086018394809e-09
57,0.9299999999999926,0.024,52.41000000000005,0.0038236987089877166,0.21548392401940641,0.022319999999999823,3.9947700000000004,0.07622152261018883,0.003624453368451968,0.6486943361420695,3.969870572520645e-08
143,1.0,0.024,53.41000000000005,0.004111503988158868,0.2195954280075653,0.024,4.01877,0.07524377457404972,0.003897261686507523,0.652591597828577,4.589976381686563e-08
4,1.0,0.024,54.41000000000005,0.004111503988158868,0.22370693199572417,0.024,4.04277,0.07430196655026643,0.003897261686507523,0.6564888595150845,4.589976381686563e-08
80,2.0,0.023,56.41000000000005,0.008223007976317736,0.2319299399720419,0.046,4.08877,0.07248307037759256,0.007469751565806086,0.6639586110808906,5.673952199768943e-07
61,1.0,0.023,57.41000000000005,0.004111503988158868,0.23604144396020077,0.023,4.11177,0.07162114614178708,0.003734875782903043,0.6676934868637936,1.4184880499422358e-07
124,2.0,0.022,59.41000000000005,0.008223007976317736,0.2442644519365185,0.044,4.1557699999999995,0.06995068170341687,0.007144979758597125,0.6748384666223908,1.1621448382018745e-06
27,2.019999999999996,0.022,61.43000000000005,0.008305238056080896,0.2525696899925994,0.04443999999999991,4.200209999999999,0.06837392153670838,0.007216429556183082,0.6820548961785738,1.1855039494497276e-06
9,1.0,0.022,62.43000000000005,0.004111503988158868,0.2566811939807582,0.022,4.22221,0.06763110683966037,0.0035724898792985627,0.6856273860578724,2.905362095504686e-07
3,1.0,0.022,63.43000000000005,0.004111503988158868,0.2607926979689171,0.022,4.24421,0.06691171370014183,0.0035724898792985627,0.689199875937171,2.905362095504686e-07
145,1.3499999999999943,0.021,64.78000000000004,0.0055505303840144475,0.2663432283529315,0.028349999999999882,4.2725599999999995,0.06595492435937013,0.004603640367186993,0.693803516304358,8.966007039674985e-07
29,2.0,0.021,66.78000000000004,0.008223007976317736,0.27456623632924926,0.042,4.314559999999999,0.06460856543875407,0.006820207951388166,0.7006237242557461,1.9678479099424e-06
105,1.0,0.021,67.78000000000004,0.004111503988158868,0.2786777403174081,0.021,4.335559999999999,0.06396518146945997,0.003410103975694083,0.7040338282314402,4.919619774856e-07
120,1.6299999999999955,0.02,69.41000000000004,0.006701751500698935,0.28537949181810707,0.03259999999999991,4.368159999999999,0.06293271862843965,0.005293780457506037,0.7093276086889463,1.982382458469697e-06
51,2.0,0.019,71.41000000000004,0.008223007976317736,0.2936024997944248,0.038,4.406159999999999,0.06170228259347425,0.006170664336970245,0.7154982730259165,4.212114413970101e-06
11,0.40000000000000036,0.019,71.81000000000004,0.0016446015952635484,0.29524710138968835,0.007600000000000007,4.413759999999999,0.061464419997214824,0.0012341328673940502,0.7167324058933106,1.6848457655880435e-07
53,1.2199999999999989,0.019,73.03000000000004,0.0050160348655538135,0.30026313625524215,0.02317999999999998,4.436939999999999,0.060755032178556705,0.003764105245551846,0.7204965111388624,1.5673277734382719e-06
71,1.4500000000000028,0.019,74.48000000000005,0.0059616807828303696,0.3062248170380725,0.027550000000000054,4.464489999999999,0.05994213211600424,0.004473731644303436,0.7249702427831658,2.213992638843043e-06
115,2.0,0.019,76.48000000000005,0.008223007976317736,0.3144478250143903,0.038,4.502489999999999,0.05887146966527192,0.006170664336970245,0.731140907120136,4.212114413970101e-06
106,1.0,0.019,77.48000000000005,0.004111503988158868,0.31855932900254913,0.019,4.521489999999999,0.058356866288074294,0.0030853321684851226,0.7342262392886212,1.0530286034925253e-06
118,0.6699999999999875,0.019,78.15000000000003,0.00275470767206639,0.3213140366746155,0.012729999999999762,4.534219999999999,0.05801944977607161,0.0020671725528849934,0.7362934118415062,4.72704540107777e-07
60,1.460000000000008,0.018,79.61000000000004,0.006002795822711979,0.32731683249732746,0.02628000000000014,4.560499999999998,0.05728551689486241,0.004267501546725761,0.7405609133882319,3.0112462242705347e-06
142,1.0,0.018,80.61000000000004,0.004111503988158868,0.3314283364854863,0.018,4.578499999999998,0.056798163999503735,0.002922946264880642,0.7434838596531126,1.4126694615643187e-06
79,2.0,0.018,82.61000000000004,0.008223007976317736,0.33965134446180406,0.036,4.614499999999998,0.055858854860186366,0.005845892529761284,0.7493297521828739,5.650677846257275e-06
89,1.0,0.018,83.61000000000004,0.004111503988158868,0.3437628484499629,0.018,4.632499999999998,0.05540605190766649,0.002922946264880642,0.7522526984477546,1.4126694615643187e-06
87,1.0,0.017,84.61000000000004,0.004111503988158868,0.34787435243812176,0.017,4.649499999999998,0.0549521333175747,0.0027605603612761626,0.7550132588090307,1.8250486830149978e-06
1,0.9999999999999996,0.017,85.61000000000004,0.004111503988158865,0.3519858564262806,0.016999999999999994,4.666499999999998,0.054508819063193506,0.0027605603612761613,0.7577738191703068,1.825048683014996e-06
131,1.9699999999999989,0.017,87.58000000000004,0.008099662856672964,0.36008551928295357,0.033489999999999985,4.699989999999998,0.05366510618862749,0.005438303911714037,0.7632121230820209,7.0828314339128976e-06
39,1.0,0.017,88.58000000000004,0.004111503988158868,0.3641970232711124,0.017,4.716989999999998,0.05325118536915778,0.0027605603612761626,0.765972683443297,1.8250486830149978e-06
33,2.0,0.017,90.58000000000004,0.008223007976317736,0.37242003124743017,0.034,4.750989999999998,0.05245076175756233,0.005521120722552325,0.7714938041658493,7.300194732059991e-06
17,1.0,0.017,91.58000000000004,0.004111503988158868,0.376531535235589,0.017,4.767989999999998,0.052063660187813894,0.0027605603612761626,0.7742543645271255,1.8250486830149978e-06
133,0.7199999999999989,0.016,92.30000000000004,0.00296028287147438,0.3794918181070634,0.011519999999999982,4.779509999999998,0.051782340195016215,0.0018706856095236082,0.7761250501366491,1.187222193250619e-06
64,1.0,0.016,93.30000000000004,0.004111503988158868,0.38360332209522224,0.016,4.795509999999998,0.05139882100750264,0.002598174457671682,0.7787232245943208,2.2901662678445654e-06
114,1.8700000000000045,0.016,95.17000000000004,0.007688512457857101,0.39129183455307937,0.029920000000000075,4.825429999999998,0.05070326783650306,0.004858586235846058,0.7835818108301668,8.0084824220257e-06
121,2.0,0.016,97.17000000000004,0.008223007976317736,0.3995148425293971,0.032,4.857429999999998,0.049988988370896326,0.005196348915343364,0.7887781597455101,9.160665071378261e-06
40,1.0,0.015,98.17000000000004,0.004111503988158868,0.40362634651755597,0.015,4.872429999999998,0.049632576143424624,0.0024357885540672018,0.7912139482995774,2.8080222160530198e-06
37,1.0,0.015,99.17000000000004,0.004111503988158868,0.4077378505057148,0.015,4.8874299999999975,0.04928335182010684,0.0024357885540672018,0.7936497368536446,2.8080222160530198e-06
116,2.0,0.014,101.17000000000004,0.008223007976317736,0.41596085848203257,0.028,4.915429999999997,0.04858584560640501,0.0045468053009254435,0.79819654215457,1.3514466110561443e-05
156,2.0,0.014,103.17000000000004,0.008223007976317736,0.4241838664583503,0.028,4.943429999999997,0.047915382378598374,0.0045468053009254435,0.8027433474554955,1.3514466110561443e-05
122,2.0,0.014,105.17000000000004,0.008223007976317736,0.4324068744346681,0.028,4.971429999999996,0.04727041932109912,0.0045468053009254435,0.8072901527564209,1.3514466110561443e-05
117,2.0,0.014,107.17000000000004,0.008223007976317736,0.44062988241098583,0.028,4.999429999999996,0.04664952878604081,0.0045468053009254435,0.8118369580573463,1.3514466110561443e-05
123,2.0,0.014,109.17000000000004,0.008223007976317736,0.4488528903873036,0.028,5.027429999999995,0.04605138774388562,0.0045468053009254435,0.8163837633582718,1.3514466110561443e-05
88,1.0,0.014,110.17000000000004,0.004111503988158868,0.45296439437546243,0.014,5.041429999999996,0.04576046110556407,0.0022734026504627218,0.8186571660087345,3.3786165276403608e-06
36,1.0,0.013,111.17000000000004,0.004111503988158868,0.4570758983636213,0.013,5.0544299999999955,0.045465773140235616,0.0021110167468582418,0.8207681827555927,4.001949202606588e-06
149,1.009999999999991,0.013,112.18000000000004,0.004152619028040419,0.4612285173916617,0.013129999999999881,5.067559999999996,0.04517347120698872,0.002132126914326805,0.8229003096699196,4.082388381578907e-06
32,2.0,0.013,114.18000000000004,0.008223007976317736,0.46945152536797946,0.026,5.093559999999996,0.04460991417060776,0.0042220334937164835,0.8271223431636361,1.6007796810426354e-05
42,1.0,0.013,115.18000000000004,0.004111503988158868,0.4735630293561383,0.013,5.1065599999999955,0.04433547490883829,0.0021110167468582418,0.8292333599104943,4.001949202606588e-06
49,2.0,0.013,117.18000000000004,0.008223007976317736,0.48178603733245606,0.026,5.132559999999995,0.04380064857484207,0.0042220334937164835,0.8334553934042108,1.6007796810426354e-05
50,2.0,0.013,119.18000000000004,0.008223007976317736,0.4900090453087738,0.026,5.158559999999995,0.04328377244504106,0.0042220334937164835,0.8376774268979273,1.6007796810426354e-05
7,1.0,0.013,120.18000000000004,0.004111503988158868,0.49412054929693267,0.013,5.171559999999995,0.043031785654851,0.0021110167468582418,0.8397884436447856,4.001949202606588e-06
38,1.0,0.012,121.18000000000004,0.004111503988158868,0.4982320532850915,0.012,5.183559999999995,0.04277570556197387,0.0019486308432537615,0.8417370744880394,4.678020240951704e-06
18,0.5500000000000007,0.012,121.73000000000003,0.0022613271934873802,0.5004933804785789,0.006600000000000009,5.190159999999994,0.042636654891973984,0.0010717469637895702,0.8428088214518289,1.415101122887894e-06
155,2.0,0.012,123.73000000000003,0.008223007976317736,0.5087163884548966,0.024,5.214159999999994,0.042141436999919124,0.003897261686507523,0.8467060831383364,1.8712080963806815e-05
109,1.1399999999999864,0.012,124.87000000000002,0.004687114546501053,0.5134035030013977,0.013679999999999836,5.227839999999994,0.04186626091134775,0.0022214391613092615,0.8489275222996456,6.079555105140689e-06
130,2.0,0.012,126.87000000000002,0.008223007976317736,0.5216265109777154,0.024,5.251839999999994,0.04139544415543465,0.003897261686507523,0.8528247839861531,1.8712080963806815e-05
0,1.0700000000000003,0.012,127.94000000000003,0.004399309267329989,0.5260258202450454,0.012840000000000004,5.264679999999994,0.04114960137564478,0.0020850350022815255,0.8549098189884347,5.355865373865609e-06
12,1.0,0.011,128.94000000000003,0.004111503988158868,0.5301373242332043,0.011,5.275679999999994,0.04091577477896691,0.0017862449396492813,0.856696063928084,5.406829642675706e-06
26,1.2000000000000028,0.011,130.14000000000004,0.004933804785790653,0.5350711290189949,0.013200000000000031,5.2888799999999945,0.040639926233287174,0.0021434939275791426,0.8588395578556631,7.785834685453053e-06
97,2.0,0.011,132.14000000000004,0.008223007976317736,0.5432941369953126,0.022,5.310879999999995,0.04019131224458902,0.0035724898792985627,0.8624120477349617,2.1627318570702825e-05
52,2.0,0.011,134.14000000000004,0.008223007976317736,0.5515171449716303,0.022,5.332879999999995,0.039756075741762285,0.0035724898792985627,0.8659845376142603,2.1627318570702825e-05
48,2.0,0.011,136.14000000000004,0.008223007976317736,0.559740152947948,0.022,5.354879999999995,0.03933362714852353,0.0035724898792985627,0.8695570274935589,2.1627318570702825e-05
47,2.5,0.011,138.64000000000004,0.010278759970397169,0.5700189129183452,0.027499999999999997,5.382379999999995,0.03882270628967104,0.004465612349123203,0.8740226398426821,3.3792685266723165e-05
76,2.0,0.011,140.64000000000004,0.008223007976317736,0.5782419208946629,0.022,5.404379999999995,0.03842704778156992,0.0035724898792985627,0.8775951297219807,2.1627318570702825e-05
141,1.0,0.011,141.64000000000004,0.004111503988158868,0.5823534248828217,0.011,5.415379999999995,0.038233408641626616,0.0017862449396492813,0.87938137466163,5.406829642675706e-06
45,2.0,0.011,143.64000000000004,0.008223007976317736,0.5905764328591394,0.022,5.437379999999996,0.037854218880534626,0.0035724898792985627,0.8829538645409286,2.1627318570702825e-05
98,2.0200000000000102,0.01,145.66000000000005,0.008305238056080955,0.5988816709152204,0.020200000000000103,5.457579999999996,0.037467939036111446,0.0032801952528105156,0.8862340597937391,2.5251055174700037e-05
113,1.0,0.01,146.66000000000005,0.004111503988158868,0.6029931749033792,0.01,5.467579999999995,0.03728064912041452,0.0016238590360448013,0.8878579188297839,6.188377407778595e-06
2,1.1500000000000004,0.01,147.81000000000006,0.004728229586382699,0.607721404489762,0.011500000000000003,5.479079999999995,0.03706839861984976,0.001867437891451522,0.8897253567212354,8.184129121787198e-06
5,1.0,0.01,148.81000000000006,0.004111503988158868,0.6118329084779208,0.01,5.489079999999995,0.03688649956320135,0.0016238590360448013,0.8913492157572802,6.188377407778595e-06
46,2.5,0.01,151.31000000000006,0.010278759970397169,0.622111668448318,0.025,5.514079999999995,0.036442270834710154,0.004059647590112004,0.8954088633473922,3.867735879861622e-05
157,2.0,0.01,153.31000000000006,0.008223007976317736,0.6303346764246357,0.02,5.534079999999995,0.03609731915726302,0.0032477180720896026,0.8986565814194818,2.475350963111438e-05
28,1.7800000000000011,0.01,155.09000000000006,0.007318477098922789,0.6376531535235584,0.01780000000000001,5.551879999999995,0.035797794828809036,0.002890469084159748,0.9015470505036416,1.9607254978805726e-05
86,1.1299999999999955,0.01,156.22000000000006,0.004645999506619502,0.6422991530301779,0.011299999999999954,5.563179999999996,0.035611189348354846,0.001834960710730618,0.9033820112143722,7.901939111992424e-06
43,2.0,0.01,158.22000000000006,0.008223007976317736,0.6505221610064956,0.02,5.583179999999995,0.03528744785741368,0.0032477180720896026,0.9066297292864618,2.475350963111438e-05
90,1.0,0.01,159.22000000000006,0.004111503988158868,0.6546336649946545,0.01,5.593179999999995,0.03512862705690235,0.0016238590360448013,0.9082535883225066,6.188377407778595e-06
91,2.0,0.01,161.22000000000006,0.008223007976317736,0.6628566729709722,0.02,5.6131799999999945,0.034816896166728645,0.0032477180720896026,0.9115013063945961,2.475350963111438e-05
102,0.7299999999999898,0.01,161.95000000000005,0.003001397911355931,0.6658580708823281,0.007299999999999898,5.620479999999994,0.03470503241741274,0.0011854170963126883,0.9126867234909088,3.2977863206051207e-06
154,2.0,0.01,163.95000000000005,0.008223007976317736,0.6740810788586458,0.02,5.640479999999994,0.03440365965233298,0.0032477180720896026,0.9159344415629984,2.475350963111438e-05
55,1.0,0.009,164.95000000000005,0.004111503988158868,0.6781925828468046,0.009,5.649479999999994,0.034249651409517995,0.001461473132440321,0.9173959146954387,7.02266353626037e-06
25,1.0,0.009,165.95000000000005,0.004111503988158868,0.6823040868349635,0.009,5.658479999999995,0.03409749924676103,0.001461473132440321,0.918857387827879,7.02266353626037e-06
152,2.4199999999999875,0.009,168.37000000000003,0.009949839651344407,0.6922539264863079,0.021779999999999886,5.680259999999994,0.0337367702084694,0.0035367649805055587,0.9223941528083845,4.1127526733754806e-05
10,1.0,0.009,169.37000000000003,0.004111503988158868,0.6963654304744668,0.009,5.689259999999995,0.033590718545196865,0.001461473132440321,0.9238556259408248,7.02266353626037e-06
153,2.0,0.009,171.37000000000003,0.008223007976317736,0.7045884384507844,0.018,5.7072599999999944,0.033303728773997746,0.002922946264880642,0.9267785722057055,2.809065414504148e-05
22,2.0,0.009,173.37000000000003,0.008223007976317736,0.7128114464271021,0.018,5.725259999999994,0.03302336044298317,0.002922946264880642,0.9297015184705861,2.809065414504148e-05
21,2.0,0.009,175.37000000000003,0.008223007976317736,0.7210344544034198,0.018,5.743259999999994,0.03274938701032099,0.002922946264880642,0.9326244647354668,2.809065414504148e-05
159,2.0,0.009,177.37000000000003,0.008223007976317736,0.7292574623797375,0.018,5.761259999999994,0.032481592151998605,0.002922946264880642,0.9355474110003474,2.809065414504148e-05
151,1.5800000000000125,0.009,178.95000000000005,0.006496176301291062,0.7357536386810286,0.014220000000000111,5.775479999999994,0.03227426655490356,0.0023091275492557253,0.9378565385496032,1.7531377251920667e-05
150,1.6299999999999955,0.009,180.58000000000004,0.006701751500698935,0.7424553901817276,0.014669999999999957,5.7901499999999935,0.03206418207996452,0.002382201205877717,0.9402387397554809,1.8658514749490072e-05
44,2.0,0.009,182.58000000000004,0.008223007976317736,0.7506783981580453,0.018,5.808149999999993,0.03181153466973377,0.002922946264880642,0.9431616860203615,2.809065414504148e-05
132,1.8100000000000023,0.009,184.39000000000004,0.00744182221856756,0.7581202203766129,0.01629000000000002,5.824439999999993,0.03158761321112854,0.0026452663697169847,0.9458069523900785,2.3006948011142657e-05
160,1.9699999999999989,0.008,186.36000000000004,0.008099662856672964,0.7662198832332858,0.015759999999999993,5.840199999999993,0.03133827001502464,0.002559201840806606,0.9483661542308851,3.069670826833488e-05
161,2.030000000000001,0.008,188.39000000000004,0.008346353095962506,0.7745662363292484,0.016240000000000008,5.856439999999993,0.03108678804607459,0.0026371470745367586,0.9510033013054219,3.2595033395084e-05
162,2.0,0.008,190.39000000000004,0.008223007976317736,0.7827892443055661,0.016,5.872439999999993,0.03084426703083141,0.002598174457671682,0.9536014757630935,3.1638752112484134e-05
6,1.0,0.008,191.39000000000004,0.004111503988158868,0.7869007482937249,0.008,5.880439999999993,0.030724907257432425,0.001299087228835841,0.9549005629919294,7.909688028121033e-06
107,2.0,0.008,193.39000000000004,0.008223007976317736,0.7951237562700426,0.016,5.896439999999993,0.030489890894048254,0.002598174457671682,0.957498737449601,3.1638752112484134e-05
15,1.3000000000000007,0.008,194.69000000000005,0.005344955184606531,0.8004687114546492,0.010400000000000006,5.906839999999993,0.030339719554162984,0.0016888133974865944,0.9591875508470876,1.3367372767524562e-05
16,1.379999999999999,0.008,196.07000000000005,0.005673875503659233,0.8061425869583084,0.011039999999999993,5.917879999999993,0.030182485846891375,0.0017927403757934594,0.9609802912228811,1.5063209880753676e-05
93,2.0,0.008,198.07000000000005,0.008223007976317736,0.8143655949346261,0.016,5.933879999999993,0.029958499520371544,0.002598174457671682,0.9635784656805527,3.1638752112484134e-05
77,2.0,0.008,200.07000000000005,0.008223007976317736,0.8225886029109438,0.016,5.949879999999993,0.0297389913530264,0.002598174457671682,0.9661766401382244,3.1638752112484134e-05
19,1.7699999999999996,0.007,201.84000000000006,0.007277362059041194,0.829865964969985,0.012389999999999997,5.962269999999993,0.029539585810542963,0.0020119613456595084,0.9681886014838839,2.7724444672480364e-05
41,1.0,0.007,202.84000000000006,0.004111503988158868,0.8339774689581438,0.007,5.969269999999993,0.02942846578584101,0.0011367013252313609,0.9693253028091152,8.849450883360585e-06
96,2.0,0.007,204.84000000000006,0.008223007976317736,0.8422004769344615,0.014,5.983269999999993,0.02920948057020109,0.0022734026504627218,0.9715987054595779,3.539780353344234e-05
34,2.0,0.007,206.84000000000006,0.008223007976317736,0.8504234849107792,0.014,5.997269999999993,0.028994730226261804,0.0022734026504627218,0.9738721081100407,3.539780353344234e-05
82,1.0,0.007,207.84000000000006,0.004111503988158868,0.8545349888989381,0.007,6.004269999999993,0.028888904926866778,0.0011367013252313609,0.975008809435272,8.849450883360585e-06
24,2.0,0.007,209.84000000000006,0.008223007976317736,0.8627579968752558,0.014,6.018269999999993,0.028680280213495956,0.0022734026504627218,0.9772822120857347,3.539780353344234e-05
23,2.0,0.006,211.84000000000006,0.008223007976317736,0.8709810048515735,0.012,6.030269999999993,0.028466153700906303,0.0019486308432537615,0.9792308429289885,3.936780840791609e-05
108,1.0,0.006,212.84000000000006,0.004111503988158868,0.8750925088397323,0.006,6.036269999999993,0.028360599511370002,0.0009743154216268808,0.9802051583506154,9.841952101979023e-06
20,2.0,0.006,214.84000000000006,0.008223007976317736,0.88331551681605,0.012,6.0482699999999925,0.0281524390243902,0.0019486308432537615,0.9821537891938692,3.936780840791609e-05
100,2.1200000000000045,0.006,216.96000000000006,0.008716388454896818,0.8920319052709469,0.012720000000000028,6.060989999999992,0.02793597898230084,0.0020655486938489917,0.9842193378877182,4.423366952713471e-05
35,1.0,0.006,217.96000000000006,0.004111503988158868,0.8961434092591057,0.006,6.0669899999999926,0.027835336759038314,0.0009743154216268808,0.985193653309345,9.841952101979023e-06
158,2.0,0.005,219.96000000000006,0.008223007976317736,0.9043664172354234,0.01,6.076989999999992,0.027627705037279463,0.0016238590360448013,0.9868175123453898,4.354876673590538e-05
81,2.0,0.005,221.96000000000006,0.008223007976317736,0.9125894252117411,0.01,6.086989999999992,0.027423815101820105,0.0016238590360448013,0.9884413713814346,4.354876673590538e-05
95,2.0,0.005,223.96000000000006,0.008223007976317736,0.9208124331880588,0.01,6.096989999999992,0.02722356670834073,0.0016238590360448013,0.9900652304174794,4.354876673590538e-05
94,2.0,0.004,225.96000000000006,0.008223007976317736,0.9290354411643765,0.008,6.104989999999992,0.027018012037528724,0.001299087228835841,0.9913643176463153,4.794067851741023e-05
14,1.0,0.004,226.96000000000006,0.004111503988158868,0.9331469451525354,0.004,6.1089899999999915,0.026916593232287584,0.0006495436144179206,0.9920138612607332,1.1985169629352558e-05
13,1.5999999999999996,0.004,228.56000000000006,0.006578406381054187,0.9397253515335896,0.006399999999999999,6.115389999999992,0.026756169058452878,0.0010392697830686726,0.9930531310438019,3.068203425114253e-05
101,2.469999999999999,0.004,231.03000000000006,0.010155414850752399,0.949880766384342,0.009879999999999996,6.1252699999999916,0.02651287711552608,0.0016043727276122632,0.9946575037714142,7.312032139171694e-05
72,2.3299999999999983,0.004,233.36000000000007,0.009579804292410154,0.9594605706767522,0.009319999999999993,6.134589999999991,0.026288095646211818,0.0015134366215937536,0.9961709403930079,6.5066287400792e-05
75,2.0,0.003,235.36000000000007,0.008223007976317736,0.9676835786530699,0.006,6.1405899999999916,0.026090202243371812,0.0009743154216268808,0.9971452558146348,5.254354375243063e-05
92,2.0,0.003,237.36000000000007,0.008223007976317736,0.9759065866293876,0.006,6.146589999999992,0.02589564374789345,0.0009743154216268808,0.9981195712362616,5.254354375243063e-05
99,1.8599999999999852,0.003,239.22000000000006,0.007647397417975433,0.983553984047363,0.005579999999999956,6.152169999999992,0.025717623944486206,0.000906113342112992,0.9990256845783746,4.5444910991476524e-05
73,2.0,0.002,241.22000000000006,0.008223007976317736,0.9917769920236807,0.004,6.1561699999999915,0.025520976701765983,0.0006495436144179206,0.9996752281927925,5.7357362440966555e-05
74,2.0,0.001,243.22000000000006,0.008223007976317736,0.9999999999999984,0.002,6.158169999999991,0.025319340514760258,0.0003247718072089603,1.0000000000000016,6.238213458301806e-05
