,weight,grade,cml_weight,weight_pct,cml_weight_pct,yield,cml_yield,cml_grade,recovery,cml_recovery,distributional_heterogeneity
59,0.9000000000000057,0.455,0.9000000000000057,0.0060614224137931424,0.0060614224137931424,0.4095000000000026,0.4095000000000026,0.455,0.07812798107375951,0.07812798107375951,0.005193588877090375
93,1.0,0.279,1.9000000000000057,0.006734913793103449,0.012796336206896592,0.279,0.6885000000000026,0.36236842105263184,0.05323005303926439,0.1313580341130239,0.002161797973519896
94,1.0,0.2,2.9000000000000057,0.006734913793103449,0.01953125000000004,0.2,0.8885000000000025,0.30637931034482785,0.03815774411416802,0.16951577822719194,0.0009873942653864153
61,1.0,0.176,3.9000000000000057,0.006734913793103449,0.02626616379310349,0.176,1.0645000000000024,0.27294871794871817,0.03357881482046785,0.20309459304765978,0.0007205950223669359
60,1.0,0.161,4.900000000000006,0.006734913793103449,0.03300107758620694,0.161,1.2255000000000025,0.25010204081632675,0.030716984011905257,0.23381157705956504,0.0005751396919795406
95,1.0,0.149,5.900000000000006,0.006734913793103449,0.03973599137931039,0.149,1.3745000000000025,0.23296610169491544,0.028427519365055172,0.26223909642462023,0.00047056913650027105
51,1.0,0.126,6.900000000000006,0.006734913793103449,0.04647090517241383,0.126,1.5005000000000024,0.2174637681159422,0.02403937879192585,0.2862784752165461,0.0002994445088954697
58,0.5999999999999943,0.116,7.5,0.004040948275862031,0.05051185344827586,0.06959999999999934,1.5701000000000018,0.2093466666666669,0.013278894951730345,0.29955737016827644,8.533965878618645e-05
47,1.0,0.116,8.5,0.006734913793103449,0.05724676724137931,0.116,1.686100000000002,0.19836470588235317,0.022131491586217453,0.3216888617544939,0.0002370546077394113
54,1.0,0.097,9.5,0.006734913793103449,0.06398168103448276,0.097,1.783100000000002,0.18769473684210547,0.018506505895371488,0.3401953676498654,0.00013857038062217933
68,1.0,0.097,10.5,0.006734913793103449,0.07071659482758622,0.097,1.8801000000000019,0.17905714285714303,0.018506505895371488,0.3587018735452369,0.00013857038062217933
53,1.0,0.075,11.5,0.006734913793103449,0.07745150862068967,0.075,1.9551000000000018,0.17000869565217408,0.014309154042813006,0.37301102758804994,5.736911536032032e-05
69,1.0,0.075,12.5,0.006734913793103449,0.08418642241379312,0.075,2.030100000000002,0.16240800000000014,0.014309154042813006,0.38732018163086296,5.736911536032032e-05
57,1.0,0.074,13.5,0.006734913793103449,0.09092133620689657,0.074,2.1041000000000016,0.1558592592592594,0.014118365322242166,0.4014385469531051,5.4515356483140874e-05
62,1.0,0.068,14.5,0.006734913793103449,0.09765625000000003,0.068,2.1721000000000017,0.14980000000000013,0.012973632998817127,0.41441217995192225,3.892161732774073e-05
42,1.0,0.058,15.5,0.006734913793103449,0.10439116379310348,0.058,2.2301000000000015,0.1438774193548388,0.011065745793108726,0.42547792574503096,1.8756105812269714e-05
92,1.0,0.057,16.5,0.006734913793103449,0.11112607758620693,0.057,2.2871000000000015,0.1386121212121213,0.010874957072537886,0.43635288281756884,1.7139958355590252e-05
90,1.0,0.057,17.5,0.006734913793103449,0.11786099137931039,0.057,2.3441000000000014,0.1339485714285715,0.010874957072537886,0.4472278398901067,1.7139958355590252e-05
46,1.0,0.057,18.5,0.006734913793103449,0.12459590517241384,0.057,2.4011000000000013,0.12978918918918927,0.010874957072537886,0.4581027969626446,1.7139958355590252e-05
43,1.0,0.055,19.5,0.006734913793103449,0.1313308189655173,0.055,2.4561000000000015,0.12595384615384622,0.010493379631396205,0.4685961765940408,1.4126065457613678e-05
41,1.0,0.051,20.5,0.006734913793103449,0.13806573275862075,0.051,2.5071000000000017,0.12229756097560984,0.009730224749112844,0.47832640134315363,8.971887723189921e-06
91,1.0,0.05,21.5,0.006734913793103449,0.1448006465517242,0.05,2.5571000000000015,0.1189348837209303,0.009539436028542006,0.48786583737169564,7.865344969069281e-06
17,2.0,0.049,23.5,0.013469827586206897,0.1582704741379311,0.098,2.6551000000000013,0.1129829787234043,0.018697294615942328,0.506563131987638,2.7326411546971e-05
83,2.0,0.049,25.5,0.013469827586206897,0.171740301724138,0.098,2.753100000000001,0.10796470588235299,0.018697294615942328,0.5252604266035803,2.7326411546971e-05
32,2.0,0.048,27.5,0.013469827586206897,0.18521012931034492,0.096,2.8491000000000013,0.10360363636363641,0.01831571717480065,0.5435761437783809,2.3482645904841334e-05
89,1.0,0.046,28.5,0.006734913793103449,0.19194504310344837,0.046,2.895100000000001,0.10158245614035091,0.008776281146258644,0.5523524249246395,4.167180670527851e-06
22,2.0,0.046,30.5,0.013469827586206897,0.20541487068965528,0.092,2.987100000000001,0.09793770491803283,0.01755256229251729,0.5699049872171569,1.6668722682111403e-05
70,1.0,0.039,31.5,0.006734913793103449,0.21214978448275873,0.039,3.0261000000000013,0.0960666666666667,0.007440760102262764,0.5773457473194197,4.982190121538279e-07
98,2.0,0.038,33.5,0.013469827586206897,0.22561961206896564,0.076,3.1021000000000014,0.09260000000000004,0.014499942763383847,0.5918456900828035,1.0611372782502997e-06
67,1.0,0.037,34.5,0.006734913793103449,0.2323545258620691,0.037,3.1391000000000013,0.09098840579710149,0.007059182661121083,0.5989048727439246,1.0515029876543831e-07
55,1.0,0.036,35.5,0.006734913793103449,0.23908943965517254,0.036,3.1751000000000014,0.08943943661971834,0.006868393940550243,0.6057732666844748,1.7816949762418032e-08
52,1.0,0.036,36.5,0.006734913793103449,0.245824353448276,0.036,3.2111000000000014,0.08797534246575346,0.006868393940550243,0.6126416606250251,1.7816949762418032e-08
87,1.0,0.036,37.5,0.006734913793103449,0.25255926724137945,0.036,3.2471000000000014,0.08658933333333337,0.006868393940550243,0.6195100545655754,1.7816949762418032e-08
34,2.0,0.034,39.5,0.013469827586206897,0.26602909482758635,0.068,3.3151000000000015,0.08392658227848106,0.012973632998817127,0.6324836875643925,2.462090685549033e-07
23,2.0,0.034,41.5,0.013469827586206897,0.27949892241379326,0.068,3.3831000000000016,0.08152048192771089,0.012973632998817127,0.6454573205632097,2.462090685549033e-07
79,2.0,0.033,43.5,0.013469827586206897,0.29296875000000017,0.066,3.4491000000000014,0.07928965517241382,0.012592055557675447,0.6580493761208851,7.704837340722162e-07
38,1.0,0.031,44.5,0.006734913793103449,0.2997036637931036,0.031,3.4801000000000015,0.07820449438202251,0.005914450337696043,0.6639638264585811,6.731602816590595e-07
7,2.0,0.031,46.5,0.013469827586206897,0.3131734913793105,0.062,3.5421000000000014,0.07617419354838713,0.011828900675392086,0.6757927271339732,2.692641126636238e-06
49,1.0,0.03,47.5,0.006734913793103449,0.3199084051724139,0.03,3.572100000000001,0.07520210526315792,0.005723661617125202,0.6815163887510984,1.0226309634207369e-06
25,2.0,0.03,49.5,0.013469827586206897,0.33337823275862083,0.06,3.632100000000001,0.0733757575757576,0.011447323234250404,0.6929637119853488,4.0905238536829475e-06
50,1.0,0.029,50.5,0.006734913793103449,0.34011314655172425,0.029,3.661100000000001,0.07249702970297033,0.005532872896554363,0.6984965848819031,1.4449023169765287e-06
12,2.0,0.028,52.5,0.013469827586206897,0.35358297413793116,0.056,3.717100000000001,0.07080190476190479,0.010684168351967045,0.7091807532338702,7.759897369305754e-06
96,1.0,0.027,53.5,0.006734913793103449,0.3603178879310346,0.027,3.7441000000000013,0.06998317757009348,0.005151295455412683,0.7143320486892829,2.5078470394704646e-06
14,2.0,0.027,55.5,0.013469827586206897,0.3737877155172415,0.054,3.798100000000001,0.06843423423423425,0.010302590910825365,0.7246346396001083,1.0031388157881858e-05
20,2.0,0.027,57.5,0.013469827586206897,0.3872575431034484,0.054,3.852100000000001,0.06699304347826089,0.010302590910825365,0.7349372305109337,1.0031388157881858e-05
48,1.0,0.025,58.5,0.006734913793103449,0.3939924568965518,0.025,3.877100000000001,0.06627521367521369,0.004769718014271003,0.7397069485252047,3.8619944491408626e-06
86,1.0,0.025,59.5,0.006734913793103449,0.40072737068965525,0.025,3.902100000000001,0.06558151260504202,0.004769718014271003,0.7444766665394756,3.8619944491408626e-06
37,1.0,0.024,60.5,0.006734913793103449,0.4074622844827587,0.024,3.926100000000001,0.06489421487603307,0.004578929293700162,0.7490555958331758,4.648269161667237e-06
45,1.0,0.023,61.5,0.006734913793103449,0.4141971982758621,0.023,3.949100000000001,0.06421300813008132,0.004388140573129322,0.7534437364063051,5.507344545987728e-06
8,2.0,0.023,63.5,0.013469827586206897,0.427667025862069,0.046,3.9951000000000008,0.06291496062992127,0.008776281146258644,0.7622200175525637,2.2029378183950914e-05
26,2.0,0.023,65.5,0.013469827586206897,0.4411368534482759,0.046,4.041100000000001,0.06169618320610688,0.008776281146258644,0.7709962986988224,2.2029378183950914e-05
15,2.0,0.023,67.5,0.013469827586206897,0.4546066810344828,0.046,4.087100000000001,0.06054962962962965,0.008776281146258644,0.779772579845081,2.2029378183950914e-05
21,2.0,0.022,69.5,0.013469827586206897,0.4680765086206897,0.044,4.131100000000001,0.05944028776978418,0.008394703705116963,0.7881672835501979,2.5756882408409344e-05
13,2.0,0.022,71.5,0.013469827586206897,0.48154633620689663,0.044,4.1751000000000005,0.058393006993007,0.008394703705116963,0.7965619872553149,2.5756882408409344e-05
40,1.0,0.022,72.5,0.006734913793103449,0.48828125000000006,0.022,4.197100000000001,0.05789103448275863,0.0041973518525584815,0.8007593391078733,6.439220602102336e-06
44,2.0,0.022,74.5,0.013469827586206897,0.501751077586207,0.044,4.2411,0.05692751677852349,0.008394703705116963,0.8091540428129903,2.5756882408409344e-05
6,2.0,0.022,76.5,0.013469827586206897,0.5152209051724138,0.044,4.2851,0.05601437908496732,0.008394703705116963,0.8175487465181073,2.5756882408409344e-05
97,2.0,0.021,78.5,0.013469827586206897,0.5286907327586207,0.042,4.3271,0.05512229299363057,0.008013126263975285,0.8255618727820826,2.9775589320044226e-05
4,2.0,0.021,80.5,0.013469827586206897,0.5421605603448275,0.042,4.3690999999999995,0.054274534161490674,0.008013126263975285,0.8335749990460579,2.9775589320044226e-05
11,2.0,0.021,82.5,0.013469827586206897,0.5556303879310344,0.042,4.411099999999999,0.05346787878787878,0.008013126263975285,0.8415881253100332,2.9775589320044226e-05
9,2.0,0.021,84.5,0.013469827586206897,0.5691002155172412,0.042,4.453099999999999,0.05269940828402366,0.008013126263975285,0.8496012515740086,2.9775589320044226e-05
88,1.0,0.021,85.5,0.006734913793103449,0.5758351293103446,0.021,4.474099999999999,0.052328654970760224,0.0040065631319876425,0.8536078147059962,7.443897330011057e-06
27,2.0,0.02,87.5,0.013469827586206897,0.5893049568965515,0.04,4.514099999999999,0.051589714285714273,0.0076315488228336035,0.8612393635288298,3.408549891885559e-05
66,1.0,0.02,88.5,0.006734913793103449,0.5960398706896549,0.02,4.534099999999999,0.05123276836158191,0.0038157744114168017,0.8650551379402466,8.521374729713897e-06
10,2.0,0.019,90.5,0.013469827586206897,0.6095096982758618,0.038,4.572099999999999,0.05052044198895026,0.007249971381691924,0.8723051093219385,3.868661120484341e-05
33,2.0,0.019,92.5,0.013469827586206897,0.6229795258620686,0.038,4.610099999999999,0.04983891891891891,0.007249971381691924,0.8795550807036304,3.868661120484341e-05
39,1.0,0.018,93.5,0.006734913793103449,0.629714439655172,0.018,4.628099999999999,0.049498395721925124,0.0034341969702751216,0.8829892776739056,1.0894731544501926e-05
84,1.0,0.018,94.5,0.006734913793103449,0.6364493534482755,0.018,4.646099999999999,0.04916507936507935,0.0034341969702751216,0.8864234746441807,1.0894731544501926e-05
85,1.0,0.018,95.5,0.006734913793103449,0.6431842672413789,0.018,4.664099999999999,0.048838743455497366,0.0034341969702751216,0.8898576716144558,1.0894731544501926e-05
99,2.0,0.017,97.5,0.013469827586206897,0.6566540948275857,0.034,4.698099999999998,0.04818564102564101,0.006486816499408563,0.8963444881138644,4.876244383834844e-05
36,1.0,0.017,98.5,0.006734913793103449,0.6633890086206892,0.017,4.715099999999999,0.04786903553299491,0.0032434082497042817,0.8995878963635686,1.219061095958711e-05
24,2.0,0.017,100.5,0.013469827586206897,0.676858836206896,0.034,4.7490999999999985,0.04725472636815919,0.006486816499408563,0.9060747128629771,4.876244383834844e-05
18,2.0,0.017,102.5,0.013469827586206897,0.6903286637931029,0.034,4.783099999999998,0.046664390243902426,0.006486816499408563,0.9125615293623857,4.876244383834844e-05
82,2.0,0.016,104.5,0.013469827586206897,0.7037984913793097,0.032,4.815099999999998,0.046077511961722474,0.006105239058266883,0.9186667684206525,5.423716418586566e-05
81,2.0,0.016,106.5,0.013469827586206897,0.7172683189655166,0.032,4.847099999999998,0.04551267605633801,0.006105239058266883,0.9247720074789194,5.423716418586566e-05
1,2.0,0.016,108.5,0.013469827586206897,0.7307381465517234,0.032,4.879099999999998,0.044968663594470035,0.006105239058266883,0.9308772465371863,5.423716418586566e-05
63,1.0,0.015,109.5,0.006734913793103449,0.7374730603448268,0.015,4.894099999999998,0.044694977168949754,0.002861830808562601,0.9337390773457489,1.5000771805139837e-05
35,2.0,0.014,111.5,0.013469827586206897,0.7509428879310337,0.028,4.922099999999998,0.04414439461883406,0.0053420841759835224,0.9390811615217324,6.606021294242949e-05
64,1.0,0.014,112.5,0.006734913793103449,0.7576778017241371,0.014,4.936099999999998,0.043876444444444426,0.0026710420879917612,0.9417522036097241,1.6515053235607373e-05
19,2.0,0.013,114.5,0.013469827586206897,0.771147629310344,0.026,4.962099999999998,0.04333711790393011,0.004960506734841842,0.9467127103445659,7.24085413514761e-05
72,1.0,0.013,115.5,0.006734913793103449,0.7778825431034474,0.013,4.975099999999998,0.043074458874458856,0.002480253367420921,0.9491929637119869,1.8102135337869025e-05
76,1.0,0.012,116.5,0.006734913793103449,0.7846174568965508,0.012,4.987099999999997,0.04280772532188839,0.002289464646850081,0.951482428358837,1.9762018111924793e-05
56,1.0,0.012,117.5,0.006734913793103449,0.7913523706896542,0.012,4.999099999999997,0.04254553191489359,0.002289464646850081,0.9537718930056871,1.9762018111924793e-05
78,2.0,0.011,119.5,0.013469827586206897,0.8048221982758611,0.022,5.021099999999997,0.042017573221757296,0.0041973518525584815,0.9579692448582455,8.597880623109871e-05
29,2.0,0.01,121.5,0.013469827586206897,0.818292025862068,0.02,5.041099999999997,0.04149053497942384,0.0038157744114168017,0.9617850192696623,9.32007427016747e-05
30,2.0,0.01,123.5,0.013469827586206897,0.8317618534482748,0.02,5.061099999999996,0.0409805668016194,0.0038157744114168017,0.9656007936810791,9.32007427016747e-05
31,2.0,0.01,125.5,0.013469827586206897,0.8452316810344817,0.02,5.081099999999996,0.0404868525896414,0.0038157744114168017,0.9694165680924959,9.32007427016747e-05
65,1.0,0.01,126.5,0.006734913793103449,0.8519665948275851,0.01,5.0910999999999955,0.0402458498023715,0.0019078872057084009,0.9713244552982043,2.3300185675418675e-05
75,2.0,0.01,128.5,0.013469827586206897,0.8654364224137919,0.02,5.111099999999995,0.039775097276264555,0.0038157744114168017,0.9751402297096211,9.32007427016747e-05
0,2.48,0.01,130.98,0.016702586206896554,0.8821390086206885,0.0248,5.135899999999995,0.0392113299740418,0.0047315602701568345,0.979871789979778,0.000143305461978095
77,2.0,0.009,132.98,0.013469827586206897,0.8956088362068954,0.018,5.153899999999995,0.03875695593322301,0.0034341969702751216,0.9833059869500531,0.00010071388185942717
16,2.0,0.008,134.98,0.013469827586206897,0.9090786637931022,0.016,5.169899999999995,0.03830122981182394,0.0030526195291334414,0.9863586064791866,0.00010851822370435613
3,2.0,0.008,136.98,0.013469827586206897,0.922548491379309,0.016,5.185899999999995,0.03785881150532921,0.0030526195291334414,0.9894112260083201,0.00010851822370435613
5,2.0,0.007,138.98,0.013469827586206897,0.9360183189655159,0.014,5.199899999999995,0.03741473593322777,0.0026710420879917612,0.9920822680963118,0.00011661376823646151
80,2.0,0.006,140.98,0.013469827586206897,0.9494881465517228,0.012,5.211899999999995,0.036969073627464856,0.002289464646850081,0.9943717327431619,0.00012500051545574339
28,2.0,0.006,142.98,0.013469827586206897,0.9629579741379296,0.012,5.223899999999994,0.036535879143936176,0.002289464646850081,0.996661197390012,0.00012500051545574339
71,1.0,0.005,143.98,0.006734913793103449,0.969692887931033,0.005,5.228899999999994,0.03631684956243919,0.0009539436028542004,0.9976151409928662,3.341961634055043e-05
73,1.0,0.004,144.98,0.006734913793103449,0.9764278017241365,0.004,5.232899999999994,0.03609394399227476,0.0007631548822833603,0.9983782958751496,3.566190448895912e-05
74,1.5,0.003,146.48,0.010102370689655173,0.9865301724137916,0.0045000000000000005,5.237399999999994,0.03575505188421624,0.0008585492425687805,0.9992368451177184,8.544823494561435e-05
2,2.0,0.002,148.48,0.013469827586206897,0.9999999999999984,0.004,5.241399999999993,0.03530037715517237,0.0007631548822833603,1.0000000000000018,0.00016145953120463545
