,weight,grade,cml_weight,weight_pct,cml_weight_pct,yield,cml_yield,cml_grade,recovery,cml_recovery,distributional_heterogeneity
23,1.6000000000000014,0.134,1.6000000000000014,0.010088272383354363,0.010088272383354363,0.2144000000000002,0.2144000000000002,0.134,0.1368918401225899,0.1368918401225899,0.01607914479139889
73,0.15000000000000568,0.042,1.750000000000007,0.0009457755359395066,0.011034047919293868,0.0063000000000002394,0.22070000000000045,0.12611428571428546,0.004022474779721774,0.14091431490231168,9.466078236690373e-06
21,1.1999999999999957,0.034,2.950000000000003,0.007566204287515739,0.01860025220680961,0.04079999999999986,0.2615000000000003,0.08864406779661019,0.026050312859149452,0.16696462776146115,0.00034166226968794294
90,0.3499999999999943,0.033,3.299999999999997,0.0022068095838587293,0.020807061790668338,0.011549999999999812,0.2730500000000001,0.08274242424242435,0.007374537096156185,0.17433916485761733,2.670540764135605e-05
78,2.0500000000000114,0.027,5.3500000000000085,0.012925598991172838,0.03373266078184117,0.05535000000000031,0.3284000000000004,0.061383177570093435,0.035340314136125865,0.2096794789937432,0.0005024194550293865
38,1.0799999999999983,0.027,6.430000000000007,0.006809583858764179,0.04054224464060535,0.029159999999999953,0.3575600000000004,0.05560808709175739,0.018618311837568614,0.22829779083131183,0.0001394460564773987
77,1.5300000000000011,0.027,7.960000000000008,0.00964691046658261,0.05018915510718796,0.04131000000000003,0.3988700000000004,0.05010929648241206,0.02637594176988893,0.25467373260120074,0.00027986048834700286
63,1.4799999999999898,0.023,9.439999999999998,0.009331651954602713,0.05952080706179067,0.034039999999999765,0.43291000000000013,0.04585911016949155,0.021734133571702067,0.2764078661729028,0.00015382155026248738
46,1.5,0.023,10.939999999999998,0.009457755359394707,0.06897856242118539,0.0345,0.4674100000000001,0.04272486288848265,0.022027838079427927,0.29843570425233074,0.0001580069795884776
26,1.3000000000000043,0.021,12.240000000000002,0.00819672131147544,0.07717528373266083,0.02730000000000009,0.4947100000000002,0.04041748366013073,0.017430724045460415,0.31586642829779116,8.526680649124199e-05
47,0.8199999999999932,0.021,13.059999999999995,0.0051702395964690635,0.0823455233291299,0.017219999999999857,0.5119300000000001,0.039198315467075064,0.010994764397905673,0.32686119269569686,3.3925089162550164e-05
6,1.3999999999999986,0.019,14.459999999999994,0.00882723833543505,0.09117276166456495,0.02659999999999997,0.5385300000000001,0.03724273858921164,0.016983782403269046,0.3438449750989659,6.652921113051795e-05
44,1.0,0.019,15.459999999999994,0.006305170239596472,0.09747793190416142,0.019,0.5575300000000001,0.03606274256144892,0.01213127314519219,0.3559762482441581,3.394347506659086e-05
20,1.2000000000000028,0.018,16.659999999999997,0.007566204287515784,0.1050441361916772,0.02160000000000005,0.5791300000000001,0.034761704681872764,0.013791342101902731,0.3697675903460608,3.87523408081103e-05
18,2.0,0.016,18.659999999999997,0.012610340479192943,0.11765447667087015,0.032,0.6111300000000002,0.032750803858520916,0.02043161792874474,0.3901992082748056,6.117238094286746e-05
72,2.1999999999999886,0.016,20.859999999999985,0.013871374527112165,0.13152585119798232,0.03519999999999982,0.64633,0.03098418024928094,0.0224747797216191,0.4126739879964247,7.401858094086888e-05
34,1.0,0.015,21.859999999999985,0.006305170239596472,0.1378310214375788,0.015,0.66133,0.030252973467520605,0.009577320904099096,0.42225130890052376,1.0706969971204972e-05
4,2.0,0.014,23.859999999999985,0.012610340479192943,0.15044136191677174,0.028,0.68933,0.028890611902766154,0.01787766568765165,0.4401289745881754,2.7744714851664537e-05
76,1.6099999999999852,0.013,25.46999999999997,0.010151324085750226,0.16059268600252197,0.020929999999999806,0.7102599999999998,0.027886140557518674,0.013363555101519483,0.4534925296896949,1.0318428098669995e-05
61,2.210000000000008,0.013,27.67999999999998,0.013934426229508252,0.1745271122320302,0.028730000000000103,0.7389899999999999,0.026697615606936433,0.018343761971651204,0.4718362916613461,1.944224168693932e-05
64,1.8400000000000034,0.013,29.519999999999982,0.01160151324085753,0.18612862547288775,0.023920000000000042,0.76291,0.0258438346883469,0.01527263440173672,0.4871089260630828,1.3477130577854984e-05
65,2.0,0.013,31.519999999999982,0.012610340479192943,0.19873896595208068,0.026,0.78891,0.02502887055837565,0.0166006895671051,0.5037096156301879,1.5922885843401387e-05
71,2.0,0.013,33.51999999999998,0.012610340479192943,0.21134930643127361,0.026,0.81491,0.024311157517899775,0.0166006895671051,0.520310305197293,1.5922885843401387e-05
67,2.0,0.012,35.51999999999998,0.012610340479192943,0.22395964691046655,0.024,0.83891,0.023617961711711724,0.015323713446558555,0.5356340186438516,7.362392860030468e-06
24,1.6000000000000014,0.012,37.11999999999998,0.010088272383354363,0.2340479192938209,0.01920000000000002,0.85811,0.02311718750000001,0.012258970757246856,0.5478929894010984,4.711931430419508e-06
25,1.0999999999999943,0.012,38.21999999999998,0.006935687263556083,0.240983606557377,0.013199999999999932,0.8713099999999999,0.02279722658294088,0.008428042395607162,0.5563210317967056,2.2271238401591934e-06
70,2.0,0.011,40.21999999999998,0.012610340479192943,0.25359394703656996,0.022,0.8933099999999999,0.02221059174540031,0.01404673732601201,0.5703677691227176,2.0632359015517523e-06
19,2.0,0.011,42.21999999999998,0.012610340479192943,0.2662042875157629,0.022,0.91531,0.021679535765040277,0.01404673732601201,0.5844145064487296,2.0632359015517523e-06
16,1.7199999999999989,0.011,43.939999999999976,0.010844892812105924,0.27704918032786885,0.018919999999999985,0.9342299999999999,0.021261492944924906,0.012080194100370319,0.5964947005490999,1.525969272787674e-06
51,1.2099999999999937,0.011,45.14999999999997,0.007629255989911691,0.28467843631778056,0.013309999999999931,0.9475399999999998,0.020986489479512746,0.008498276082237221,0.6049929766313371,7.551959208654723e-07
48,1.6700000000000017,0.01,46.81999999999997,0.010529634300126118,0.29520807061790666,0.016700000000000017,0.9642399999999999,0.020594617684750117,0.010662750606563673,0.6156557272379007,1.771995103957681e-08
53,2.0,0.01,48.81999999999997,0.012610340479192943,0.3078184110970996,0.02,0.9842399999999999,0.020160589922163057,0.012769761205465463,0.6284254884433662,2.5414967965257663e-08
45,1.6800000000000068,0.01,50.49999999999998,0.010592686002522115,0.31841109709962173,0.01680000000000007,1.00104,0.01982257425742575,0.010726599412591032,0.6391520878559572,1.7932801396285954e-08
69,2.0,0.01,52.49999999999998,0.012610340479192943,0.3310214375788147,0.02,1.02104,0.01944838095238096,0.012769761205465463,0.6519218490614227,2.5414967965257663e-08
57,2.0,0.009,54.49999999999998,0.012610340479192943,0.34363177805800765,0.018,1.03904,0.019064954128440375,0.011492785084918916,0.6634146341463416,1.2489300592709774e-06
50,1.6599999999999966,0.009,56.159999999999975,0.010466582597730121,0.3540983606557378,0.014939999999999969,1.05398,0.01876745014245015,0.009539011620482681,0.6729536457668243,8.603879178317729e-07
91,2.0900000000000034,0.009,58.24999999999998,0.013177805800756648,0.36727616645649447,0.018810000000000028,1.07279,0.018416995708154513,0.012009960413740285,0.6849636061805645,1.3638628479753936e-06
39,1.0,0.009,59.24999999999998,0.006305170239596472,0.37358133669609095,0.009,1.0817899999999998,0.018258059071729962,0.005746392542459458,0.690709998723024,3.1223251481774435e-07
79,2.0,0.009,61.24999999999998,0.012610340479192943,0.3861916771752839,0.018,1.0997899999999998,0.01795575510204082,0.011492785084918916,0.7022027838079429,1.2489300592709774e-06
60,2.219999999999999,0.008,63.46999999999998,0.01399747793190416,0.40018915510718805,0.01775999999999999,1.1175499999999998,0.01760753111706318,0.011339547950453326,0.7135423317583962,7.064591786295231e-06
84,2.0,0.008,65.46999999999997,0.012610340479192943,0.412799495586381,0.016,1.1335499999999998,0.017314036963494737,0.01021580896437237,0.7237581407227686,5.7337811754689065e-06
37,1.1800000000000068,0.008,66.64999999999998,0.007440100882723879,0.4202395964691049,0.009440000000000054,1.14299,0.017149137284321086,0.006027327288979733,0.7297854680117483,1.9959292271807497e-06
22,1.6000000000000014,0.008,68.24999999999997,0.010088272383354363,0.43032786885245927,0.012800000000000011,1.1557899999999999,0.01693465201465202,0.008172647171497903,0.7379581151832462,3.669619952300107e-06
92,0.21000000000000796,0.007,68.45999999999998,0.0013240857503153093,0.43165195460277456,0.0014700000000000557,1.15726,0.016904177621969038,0.0009385774486017471,0.7388966926318479,1.4861665069007484e-07
9,1.9499999999999993,0.007,70.40999999999998,0.012295081967213115,0.4439470365699877,0.013649999999999995,1.17091,0.016629882119017187,0.008715362022730176,0.747612054654578,1.2814394880928942e-05
15,1.2100000000000009,0.007,71.61999999999998,0.007629255989911736,0.4515762925598994,0.008470000000000005,1.1793799999999999,0.01646718793633064,0.005407993870514627,0.7530200485250926,4.934005403068535e-06
40,1.289999999999992,0.007,72.90999999999997,0.008133669609079398,0.4597099621689788,0.009029999999999944,1.1884099999999997,0.016299684542586755,0.005765547184267621,0.7587855957093602,5.608003818896411e-06
28,2.6000000000000014,0.007,75.50999999999996,0.016393442622950834,0.47610340479192964,0.01820000000000001,1.2066099999999997,0.015979472917494377,0.01162048269697358,0.7704060784063338,2.278114645498483e-05
17,1.8500000000000014,0.007,77.35999999999996,0.011664564943253481,0.4877679697351831,0.01295000000000001,1.2195599999999998,0.01576473629782834,0.008268420380538894,0.7786744987868727,1.153379789085586e-05
74,1.75,0.006,79.10999999999996,0.011034047919293825,0.4988020176544769,0.0105,1.2300599999999997,0.015548729616989007,0.0067041246328693686,0.7853786234197421,1.874823566632077e-05
62,2.030000000000001,0.006,81.13999999999996,0.012799495586380844,0.5116015132408578,0.012180000000000007,1.2422399999999998,0.015309834853339912,0.0077767845741284715,0.7931554079938705,2.5227625912601257e-05
27,2.0,0.006,83.13999999999996,0.012610340479192943,0.5242118537200507,0.012,1.2542399999999998,0.015085879239836425,0.0076618567232792775,0.8008172647171498,2.4487491482541417e-05
55,2.0,0.006,85.13999999999996,0.012610340479192943,0.5368221941992437,0.012,1.2662399999999998,0.014872445384073295,0.0076618567232792775,0.808479121440429,2.4487491482541417e-05
14,2.009999999999998,0.006,87.14999999999995,0.012673392181588895,0.5494955863808326,0.012059999999999989,1.2782999999999998,0.014667814113597253,0.007700166006895667,0.8161792874473247,2.473297858465384e-05
33,2.0,0.006,89.14999999999995,0.012610340479192943,0.5621059268600256,0.012,1.2902999999999998,0.014473359506449809,0.0076618567232792775,0.823841144170604,2.4487491482541417e-05
10,1.75,0.006,90.89999999999995,0.011034047919293825,0.5731399747793194,0.0105,1.3007999999999997,0.014310231023102315,0.0067041246328693686,0.8305452688034733,1.874823566632077e-05
49,1.6700000000000017,0.006,92.56999999999995,0.010529634300126118,0.5836696090794455,0.01002000000000001,1.3108199999999997,0.014160311115912287,0.006397650363938203,0.8369429191674116,1.7073291248914974e-05
2,2.0,0.006,94.56999999999995,0.012610340479192943,0.5962799495586385,0.012,1.3228199999999997,0.013987733953685105,0.0076618567232792775,0.8446047758906908,2.4487491482541417e-05
82,2.180000000000007,0.006,96.74999999999996,0.013745271122320352,0.6100252206809589,0.013080000000000041,1.3358999999999996,0.0138077519379845,0.008351423828374439,0.8529561997190652,2.9093588630407638e-05
12,1.8200000000000003,0.005,98.56999999999996,0.01147540983606558,0.6215006305170244,0.009100000000000002,1.3449999999999998,0.013645125291670897,0.005810241348486787,0.858766441067552,3.20941339926558e-05
29,2.6700000000000017,0.005,101.23999999999997,0.01683480453972259,0.6383354350567471,0.01335000000000001,1.3583499999999997,0.013417127617542475,0.008523815604648202,0.8672902566722002,6.90725370789289e-05
68,2.0,0.005,103.23999999999997,0.012610340479192943,0.65094577553594,0.01,1.3683499999999997,0.01325406819062379,0.006384880602732732,0.8736751372749328,3.875635067341599e-05
59,2.219999999999999,0.005,105.45999999999997,0.01399747793190416,0.6649432534678442,0.011099999999999995,1.3794499999999996,0.013080314811302864,0.0070872174690333285,0.8807623547439661,4.775169966471579e-05
8,2.210000000000001,0.005,107.66999999999996,0.013934426229508207,0.6788776796973525,0.011050000000000004,1.3904999999999996,0.012914460852605184,0.007055293066019671,0.8878176478099858,4.73224730810078e-05
7,1.6400000000000006,0.005,109.30999999999996,0.010340479192938217,0.6892181588902907,0.008200000000000002,1.3986999999999996,0.012795718598481384,0.0052356020942408415,0.8930532499042266,2.605977019280493e-05
13,1.8200000000000003,0.004,111.12999999999997,0.01147540983606558,0.7006935687263562,0.007280000000000001,1.4059799999999996,0.01265166921623324,0.004648193078789429,0.897701442983016,4.661088865083228e-05
80,2.259999999999991,0.004,113.38999999999996,0.014249684741487969,0.7149432534678443,0.009039999999999963,1.4150199999999995,0.01247923097274892,0.005771932064870366,0.9034733750478864,7.187229044589691e-05
81,1.740000000000009,0.004,115.12999999999997,0.010970996216897918,0.7259142496847422,0.0069600000000000365,1.4219799999999996,0.01235108138625901,0.004443876899502004,0.9079172519473884,4.2603286583522896e-05
83,1.8199999999999932,0.004,116.94999999999996,0.011475409836065535,0.7373896595208077,0.007279999999999973,1.4292599999999995,0.012221120136810603,0.004648193078789412,0.9125654450261778,4.661088865083192e-05
87,2.0,0.004,118.94999999999996,0.012610340479192943,0.7500000000000007,0.008,1.4372599999999995,0.012082891971416562,0.005107904482186185,0.917673349508364,5.6286545889182784e-05
3,2.0,0.004,120.94999999999996,0.012610340479192943,0.7626103404791936,0.008,1.4452599999999995,0.01194923522116577,0.005107904482186185,0.9227812539905502,5.6286545889182784e-05
0,1.5999999999999996,0.004,122.54999999999995,0.010088272383354352,0.7726986128625479,0.006399999999999999,1.4516599999999995,0.01184545083639331,0.004086323585748947,0.9268675775762991,3.602338936907696e-05
66,2.0,0.004,124.54999999999995,0.012610340479192943,0.7853089533417409,0.008,1.4596599999999995,0.011719470092332398,0.005107904482186185,0.9319754820584853,5.6286545889182784e-05
30,2.219999999999999,0.004,126.76999999999995,0.01399747793190416,0.7993064312736451,0.008879999999999996,1.4685399999999995,0.01158428650311588,0.005669773975226663,0.937645256033712,6.935065319006203e-05
31,1.9099999999999966,0.004,128.67999999999995,0.01204287515762924,0.8113493064312743,0.007639999999999986,1.4761799999999996,0.011471712775878148,0.004878048780487798,0.9425233048141998,5.133473701458174e-05
41,1.2600000000000051,0.004,129.93999999999994,0.007944514501891587,0.8192938209331659,0.00504000000000002,1.4812199999999995,0.01139926119747576,0.0032179798237773095,0.9457412846379771,2.234013006341683e-05
54,2.0,0.004,131.93999999999994,0.012610340479192943,0.8319041614123589,0.008,1.4892199999999995,0.011287100197059271,0.005107904482186185,0.9508491891201634,5.6286545889182784e-05
35,1.0,0.004,132.93999999999994,0.006305170239596472,0.8382093316519553,0.004,1.4932199999999995,0.011232285241462315,0.0025539522410930925,0.9534031413612565,1.4071636472295696e-05
42,2.1899999999999977,0.003,135.12999999999994,0.013808322824716258,0.8520176544766715,0.006569999999999993,1.4997899999999995,0.011098867756974766,0.0041948665559954,0.9575980079172519,9.241854143060836e-05
5,0.8000000000000007,0.003,135.92999999999995,0.005044136191677181,0.8570617906683488,0.0024000000000000024,1.5021899999999995,0.011051202824983447,0.001532371344655857,0.9591303792619078,1.233249234077471e-05
1,2.0,0.003,137.92999999999995,0.012610340479192943,0.8696721311475417,0.006,1.5081899999999995,0.010934459508446313,0.0038309283616396387,0.9629613076235475,7.707807712984179e-05
89,1.3499999999999943,0.003,139.27999999999994,0.008511979823455201,0.8781841109709969,0.004049999999999983,1.5122399999999994,0.010857553130384836,0.0025858766441067458,0.9655471842676542,3.511869889228387e-05
36,1.0,0.003,140.27999999999994,0.006305170239596472,0.8844892812105933,0.003,1.5152399999999993,0.01080153977758768,0.0019154641808198194,0.967462648448474,1.9269519282460447e-05
85,2.0,0.003,142.27999999999994,0.012610340479192943,0.8970996216897863,0.006,1.5212399999999993,0.010691875175709867,0.0038309283616396387,0.9712935768101136,7.707807712984179e-05
52,1.7900000000000063,0.003,144.06999999999994,0.011286254728877723,0.908385876418664,0.005370000000000019,1.5266099999999994,0.010596307350593462,0.003428680883667489,0.9747222576937811,6.174146673293196e-05
11,1.8200000000000003,0.003,145.88999999999993,0.01147540983606558,0.9198612862547295,0.005460000000000001,1.5320699999999994,0.010501542257865516,0.003486144809092072,0.9782084025028731,6.382835567122202e-05
56,2.0,0.003,147.88999999999993,0.012610340479192943,0.9324716267339225,0.006,1.5380699999999994,0.010400094664953683,0.0038309283616396387,0.9820393308645128,7.707807712984179e-05
32,2.0,0.003,149.88999999999993,0.012610340479192943,0.9450819672131154,0.006,1.5440699999999994,0.010301354326506106,0.0038309283616396387,0.9858702592261525,7.707807712984179e-05
58,2.0,0.003,151.88999999999993,0.012610340479192943,0.9576923076923084,0.006,1.5500699999999994,0.01020521429982224,0.0038309283616396387,0.9897011875877921,7.707807712984179e-05
75,1.710000000000008,0.003,153.59999999999994,0.010781841109710017,0.9684741488020184,0.005130000000000024,1.5551999999999995,0.010125,0.003275443749201907,0.992976631336994,5.634600133384312e-05
43,1.0,0.003,154.59999999999994,0.006305170239596472,0.9747793190416149,0.003,1.5581999999999994,0.010078913324708927,0.0019154641808198194,0.9948920955178138,1.9269519282460447e-05
86,2.0,0.002,156.59999999999994,0.012610340479192943,0.9873896595208078,0.004,1.5621999999999994,0.0099757343550447,0.0025539522410930925,0.9974460477589069,0.00010113094439539301
88,2.0,0.002,158.59999999999994,0.012610340479192943,1.0000000000000007,0.004,1.5661999999999994,0.00987515762925599,0.0025539522410930925,1.0,0.00010113094439539301
