,weight,grade,cml_weight,weight_pct,cml_weight_pct,yield,cml_yield,cml_grade,recovery,cml_recovery,distributional_heterogeneity
19,1.0,0.586,1.0,0.0037312040595500187,0.0037312040595500187,0.586,0.586,0.586,0.0578239448363514,0.0578239448363514,0.002926024604746231
41,2.0,0.218,3.0,0.007462408119100037,0.011193612178650055,0.436,1.022,0.3406666666666667,0.04302259376902596,0.10084653860537736,0.0012645268034571974
14,1.0,0.216,4.0,0.0037312040595500187,0.014924816238200075,0.216,1.238,0.3095,0.02131394553694864,0.122160484142326,0.0003091527978610339
3,0.7699999999999996,0.212,4.77,0.0028730271258535127,0.017797843364053587,0.1632399999999999,1.4012399999999998,0.2937610062893082,0.01610781698820136,0.13826830113052735,0.00017515966270050537
73,0.8500000000000227,0.202,5.620000000000022,0.0031715234506176004,0.020969366814671188,0.1717000000000046,1.5729400000000044,0.27988256227757974,0.01694261318839898,0.15521091431892634,0.0001896429125660276
58,1.0600000000000023,0.187,6.680000000000025,0.0039550763031230285,0.024924443117794216,0.19822000000000042,1.771160000000005,0.2651437125748501,0.019559492057101707,0.17477040637602803,0.00024349779102301794
0,1.0099999999999998,0.178,7.690000000000024,0.0037685161001455177,0.028692959217939733,0.17977999999999994,1.950940000000005,0.2536983094928477,0.01773991263255845,0.19251031900858648,0.00019519992106592016
15,1.0100000000000016,0.162,8.700000000000026,0.0037685161001455247,0.032461475318085256,0.16362000000000027,2.1145600000000053,0.24305287356321828,0.01614531374423862,0.2086556327528251,0.00015318511992282839
146,2.0,0.157,10.700000000000026,0.007462408119100037,0.039923883437185295,0.314,2.4285600000000054,0.22696822429906538,0.030984161567601264,0.23963979432042634,0.0005532728852920794
75,0.2599999999999909,0.113,10.960000000000017,0.0009701130554829709,0.04089399649266827,0.029379999999998973,2.4579400000000042,0.22426459854014602,0.0028990912957200425,0.2425388856161464,3.7209570513081097e-06
48,1.0,0.103,11.960000000000017,0.0037312040595500187,0.04462520055221829,0.103,2.5609400000000044,0.21412541806020075,0.01016359439956347,0.2527024800157099,4.137564548629838e-05
17,1.0,0.098,12.960000000000017,0.0037312040595500187,0.04835640461176831,0.098,2.6589400000000043,0.2051651234567902,0.009670216030652623,0.2623726960463625,3.5271863192900053e-05
61,0.8099999999999881,0.093,13.770000000000005,0.0030222752882354703,0.051378679900003776,0.07532999999999888,2.734270000000003,0.19856717501815557,0.007433238506010728,0.2698059345523732,1.945659650856626e-05
63,0.7000000000000028,0.091,14.470000000000008,0.0026118428416850234,0.0539905227416888,0.06370000000000026,2.7979700000000034,0.19336351071181768,0.00628564041992423,0.27609157497229747,1.3496788645876264e-05
16,0.8999999999999986,0.089,15.370000000000006,0.0033580836535950114,0.05734860639528381,0.08009999999999987,2.8780700000000032,0.18725243981782708,0.007903921469951773,0.28399549644224925,2.0664641452619222e-05
121,2.0,0.087,17.370000000000005,0.007462408119100037,0.06481101451438384,0.174,3.052070000000003,0.1757092688543467,0.017169567238097514,0.3011650636803468,9.422893816153586e-05
45,1.0,0.086,18.370000000000005,0.0037312040595500187,0.06854221857393386,0.086,3.138070000000003,0.17082580293957553,0.008486107945266587,0.3096511716256134,2.2609110962402525e-05
103,0.6399999999999864,0.085,19.00999999999999,0.002387970598111961,0.07093018917204583,0.054399999999998845,3.192470000000002,0.16793634928984763,0.005367956653749914,0.3150191282793633,8.880316891796644e-06
62,1.0,0.082,20.00999999999999,0.0037312040595500187,0.07466139323159585,0.082,3.2744700000000018,0.16364167916041994,0.00809140525013791,0.3231105335295012,1.9011354422404065e-05
72,1.8699999999999761,0.081,21.879999999999967,0.006977351591358445,0.08163874482295429,0.15146999999999808,3.4259399999999998,0.1565786106032909,0.014946404307785044,0.33805693783728624,6.350580119718615e-05
69,1.0,0.079,22.879999999999967,0.0037312040595500187,0.0853699488825043,0.079,3.50494,0.1531879370629373,0.007795378228791401,0.34585231606607764,1.651751167792888e-05
140,2.0,0.074,24.879999999999967,0.007462408119100037,0.09283235700160435,0.148,3.65294,0.14682234726688123,0.014603999719761104,0.36045631578583875,5.1002330590632706e-05
167,1.5,0.073,26.379999999999967,0.005596806089325028,0.09842916309092938,0.10949999999999999,3.7624400000000002,0.14262471569370755,0.010804986279147572,0.3712613020649863,2.7125140889660007e-05
43,1.0,0.07,27.379999999999967,0.0037312040595500187,0.1021603671504794,0.07,3.83244,0.13997224251278323,0.006907297164751875,0.37816859922973817,1.0087567412910769e-05
18,1.0,0.065,28.379999999999967,0.0037312040595500187,0.10589157121002941,0.065,3.89744,0.13733051444679367,0.006413918795841026,0.3845825180255792,7.19695835631293e-06
7,1.0,0.063,29.379999999999967,0.0037312040595500187,0.10962277526957943,0.063,3.96044,0.13480054458815535,0.006216567448276687,0.3907990854738559,6.1770311740229064e-06
122,2.0,0.061,31.379999999999967,0.007462408119100037,0.11708518338867947,0.122,4.08244,0.1300968769917146,0.012038432201424695,0.4028375176752806,2.0939996402015222e-05
4,1.0,0.06,32.37999999999997,0.0037312040595500187,0.12081638744822949,0.06,4.14244,0.12793205682520087,0.005920540426930177,0.4087580581022108,4.79319372953335e-06
100,1.0,0.06,33.37999999999997,0.0037312040595500187,0.12454759150777951,0.06,4.202439999999999,0.12589694427801087,0.005920540426930177,0.41467859852914096,4.79319372953335e-06
139,2.0,0.059,35.37999999999997,0.007462408119100037,0.13200999962687954,0.118,4.32044,0.1221153193894857,0.011643729506296016,0.42632232803543696,1.74834485430225e-05
138,2.0,0.058,37.37999999999997,0.007462408119100037,0.13947240774597958,0.116,4.436439999999999,0.11868485821294819,0.011446378158731677,0.43776870619416863,1.5872017276682533e-05
152,0.7299999999999613,0.057,38.10999999999993,0.002723778963471369,0.14219618670945094,0.0416099999999978,4.478049999999997,0.11750327997900828,0.004105894786075861,0.4418746009802445,1.9102441470936904e-06
141,2.0,0.057,40.10999999999993,0.007462408119100037,0.14965859482855098,0.114,4.592049999999997,0.11448641236599365,0.011249026811167339,0.45312362779141185,1.4338481119113476e-05
153,1.7900000000000205,0.056,41.89999999999995,0.006678855266594609,0.1563374500951456,0.10024000000000115,4.692289999999998,0.11198782816229126,0.009891249539924797,0.46301487733133667,1.031947696732458e-05
118,2.0,0.056,43.89999999999995,0.007462408119100037,0.16379985821424564,0.112,4.804289999999998,0.10943712984054678,0.011051675463602998,0.47406655279493964,1.288284007031534e-05
145,2.0,0.055,45.89999999999995,0.007462408119100037,0.17126226633334568,0.11,4.9142899999999985,0.10706514161220053,0.01085432411603866,0.4849208769109783,1.1505094130288126e-05
136,2.0,0.054,47.89999999999995,0.007462408119100037,0.17872467445244572,0.108,5.022289999999998,0.10484947807933201,0.01065697276847432,0.4955778496794526,1.0205243299031834e-05
71,2.0,0.054,49.89999999999995,0.007462408119100037,0.18618708257154576,0.108,5.130289999999998,0.10281142284569145,0.01065697276847432,0.506234822447927,1.0205243299031834e-05
51,1.9599999999999937,0.053,51.85999999999994,0.007313159956718013,0.19350024252826378,0.10387999999999967,5.234169999999997,0.10092884689548791,0.010250428992491747,0.5164852514404187,8.627549388515167e-06
117,2.0,0.051,53.85999999999994,0.007462408119100037,0.20096265064736382,0.102,5.336169999999997,0.09907482361678431,0.010064918725781302,0.5265501701662,6.773061457888482e-06
82,2.0,0.05,55.85999999999994,0.007462408119100037,0.20842505876646386,0.1,5.436169999999997,0.09731775868242039,0.009867567378216964,0.5364177375444169,5.7847910617158815e-06
6,1.0,0.05,56.85999999999994,0.0037312040595500187,0.21215626282601388,0.05,5.486169999999997,0.09648557861414003,0.004933783689108482,0.5413515212335254,1.4461977654289704e-06
5,1.0,0.048,57.85999999999994,0.0037312040595500187,0.2158874668855639,0.048,5.534169999999997,0.09564759764949883,0.004736432341544142,0.5460879535750696,1.0104838989208573e-06
44,1.0,0.048,58.85999999999994,0.0037312040595500187,0.21961867094511392,0.048,5.582169999999997,0.09483809038396199,0.004736432341544142,0.5508243859166138,1.0104838989208573e-06
96,1.5999999999999943,0.047,60.45999999999994,0.005969926495280008,0.22558859744039392,0.07519999999999974,5.657369999999997,0.09357211379424417,0.0074204106684191305,0.5582447965850329,2.10390433652708e-06
68,1.0000000000000142,0.045,61.45999999999995,0.0037312040595500716,0.229319801499944,0.04500000000000064,5.7023699999999975,0.09278180930686629,0.004440405320197696,0.5626852019052306,5.029664281041799e-07
10,1.0,0.045,62.45999999999995,0.0037312040595500187,0.233051005559494,0.045,5.747369999999997,0.09201681075888572,0.004440405320197633,0.5671256072254283,5.029664281041656e-07
70,1.0,0.044,63.45999999999995,0.0037312040595500187,0.23678220961904403,0.044,5.791369999999997,0.09126016388276081,0.004341729646415464,0.5714673368718437,3.727414922173957e-07
2,1.2300000000000004,0.044,64.68999999999996,0.004589380993246525,0.24137159061229055,0.054120000000000015,5.845489999999997,0.0903615705673211,0.005340327465091022,0.5768076643369348,5.639206035756983e-07
137,2.0,0.044,66.68999999999996,0.007462408119100037,0.2488339987313906,0.088,5.933489999999997,0.08897121007647325,0.008683459292830927,0.5854911236297656,1.4909659688695829e-06
26,0.8100000000000023,0.043,67.49999999999996,0.0030222752882355236,0.2518562740196261,0.0348300000000001,5.968319999999998,0.08841955555555557,0.003436873717832978,0.5889279973475986,1.71891857824675e-07
1,1.0,0.043,68.49999999999996,0.0037312040595500187,0.25558747807917614,0.043,6.011319999999998,0.08775649635036499,0.0042430539726332935,0.5931710513202318,2.619903335233562e-07
60,1.6300000000000097,0.043,70.12999999999997,0.006081862617066567,0.2616693406962427,0.07009000000000042,6.081409999999998,0.08671624126621989,0.00691617797539231,0.6000872292956242,6.960821171382135e-07
144,2.0,0.043,72.12999999999997,0.007462408119100037,0.26913174881534274,0.086,6.1674099999999985,0.0855040898377929,0.008486107945266587,0.6085733372408908,1.0479613340934249e-06
112,2.0,0.042,74.12999999999997,0.007462408119100037,0.2765941569344428,0.084,6.251409999999998,0.08433036557399165,0.00828875659770225,0.616862093838593,6.828518080881905e-07
132,2.0,0.042,76.12999999999997,0.007462408119100037,0.2840565650535428,0.084,6.335409999999998,0.08321831078418496,0.00828875659770225,0.6251508504362953,6.828518080881905e-07
151,1.4800000000000182,0.042,77.60999999999999,0.0055221820081340954,0.2895787470616769,0.06216000000000077,6.397569999999998,0.08243228965339518,0.00613367988229974,0.631284530318595,3.739296501091023e-07
36,2.069999999999993,0.041,79.67999999999998,0.007723592403268513,0.29730233946494544,0.08486999999999972,6.482439999999998,0.0813559236947791,0.008374604433892709,0.6396591347524877,4.238166640174391e-07
124,2.0,0.041,81.67999999999998,0.007462408119100037,0.3047647475840455,0.082,6.564439999999998,0.08036777668952007,0.00809140525013791,0.6477505400026257,3.9563739085387467e-07
13,1.4899999999999984,0.04,83.16999999999997,0.005559494048729522,0.310324241632775,0.05959999999999994,6.624039999999997,0.07964458338343151,0.0058810701574173035,0.653631610160043,1.0341119367877611e-07
101,1.7700000000000102,0.039,84.93999999999998,0.006604231185403571,0.3169284728181786,0.0690300000000004,6.693069999999998,0.07879762185071815,0.006811581761183209,0.6604431919212262,4.2994261276147254e-08
86,1.450000000000017,0.039,86.39,0.00541024588634759,0.3223387187045262,0.05655000000000066,6.749619999999998,0.07812964463479567,0.005580109352381758,0.666023301273608,2.8853597093140757e-08
88,0.799999999999983,0.038,87.18999999999998,0.0029849632476399513,0.32532368195216615,0.03039999999999935,6.780019999999998,0.07776144053217111,0.002999740482977893,0.6690230417565859,2.1836668423290396e-10
28,2.0,0.038,89.18999999999998,0.007462408119100037,0.3327860900712662,0.076,6.856019999999997,0.07686982845610493,0.007499351207444892,0.6765223929640308,1.3647917764557082e-09
162,1.9300000000000068,0.037,91.11999999999999,0.007201223834931561,0.33998731390619774,0.07141000000000025,6.9274299999999975,0.0760253511852502,0.007046429864784758,0.6835688228288156,2.396117319380956e-08
8,1.0,0.036,92.11999999999999,0.0037312040595500187,0.34371851796574776,0.036,6.963429999999997,0.07559085974815456,0.0035523242561581064,0.6871211470849737,3.1997984061529196e-08
64,0.9099999999999966,0.036,93.02999999999999,0.003395395694190504,0.34711391365993827,0.03275999999999987,6.996189999999997,0.0752035902397076,0.0032326150731038644,0.6903537621580776,2.6497530601352135e-08
110,2.0,0.033,95.02999999999999,0.007462408119100037,0.3545763217790383,0.066,7.062189999999997,0.07431537409239185,0.006512594469623196,0.6968663566277008,9.021459687325164e-07
154,2.3999999999999986,0.032,97.42999999999998,0.008954889742920039,0.36353121152195833,0.07679999999999995,7.138989999999996,0.07327301652468436,0.007578291746470622,0.7044446483741714,1.8950220438285474e-06
65,1.0900000000000034,0.032,98.51999999999998,0.004067012424909533,0.36759822394686786,0.03488000000000011,7.173869999999996,0.07281638246041411,0.0034418075015220876,0.7078864558756935,3.9088119622790175e-07
95,0.5300000000000011,0.032,99.04999999999998,0.0019775381515615142,0.36957576209842935,0.016960000000000038,7.1908299999999965,0.07259798081776878,0.0016735394273456007,0.7095599953030391,9.24152243249031e-08
120,2.0,0.032,101.04999999999998,0.007462408119100037,0.3770381702175294,0.064,7.254829999999997,0.07179445818901532,0.006315243122058856,0.715875238425098,1.3159875304364929e-06
134,2.0,0.032,103.04999999999998,0.007462408119100037,0.38450057833662943,0.064,7.318829999999997,0.07102212518195049,0.006315243122058856,0.7221904815471569,1.3159875304364929e-06
67,1.0,0.031,104.04999999999998,0.0037312040595500187,0.38823178239617945,0.031,7.349829999999996,0.07063748197981737,0.0030589458872472583,0.7252494274344042,4.519310502278476e-07
165,2.0,0.03,106.04999999999998,0.007462408119100037,0.3956941905152795,0.06,7.409829999999996,0.06987109853842524,0.005920540426930177,0.7311699678613344,2.3773559801572096e-06
81,2.0,0.03,108.04999999999998,0.007462408119100037,0.4031565986343795,0.06,7.4698299999999955,0.069133086534012,0.005920540426930177,0.7370905082882645,2.3773559801572096e-06
42,2.0,0.03,110.04999999999998,0.007462408119100037,0.41061900675347957,0.06,7.529829999999995,0.06842189913675599,0.005920540426930177,0.7430110487151946,2.3773559801572096e-06
142,2.0,0.029,112.04999999999998,0.007462408119100037,0.4180814148725796,0.058,7.587829999999995,0.06771825078090135,0.005723189079365839,0.7487342377945605,3.0248828681739477e-06
119,2.0,0.026,114.04999999999998,0.007462408119100037,0.42554382299167964,0.052,7.639829999999995,0.06698667251205608,0.00513113503667282,0.7538653728312333,5.434834184849697e-06
49,2.0,0.026,116.04999999999998,0.007462408119100037,0.4330062311107797,0.052,7.691829999999994,0.06628031021111586,0.00513113503667282,0.7589965078679062,5.434834184849697e-06
125,2.0,0.026,118.04999999999998,0.007462408119100037,0.4404686392298797,0.052,7.743829999999994,0.06559788225328246,0.00513113503667282,0.764127642904579,5.434834184849697e-06
59,1.5,0.025,119.54999999999998,0.005596806089325028,0.4460654453192047,0.037500000000000006,7.781329999999993,0.06508849853617729,0.0037003377668313616,0.7678279806714103,3.596592098221942e-06
32,2.0,0.025,121.54999999999998,0.007462408119100037,0.45352785343830476,0.05,7.831329999999993,0.06442887700534755,0.004933783689108482,0.7727617643605188,6.39394150795012e-06
50,2.0,0.025,123.54999999999998,0.007462408119100037,0.4609902615574048,0.05,7.881329999999993,0.06379061108862803,0.004933783689108482,0.7776955480496273,6.39394150795012e-06
37,2.0,0.025,125.54999999999998,0.007462408119100037,0.46845266967650484,0.05,7.931329999999993,0.06317268020708876,0.004933783689108482,0.7826293317387357,6.39394150795012e-06
123,2.0,0.025,127.54999999999998,0.007462408119100037,0.4759150777956049,0.05,7.981329999999993,0.0625741277930223,0.004933783689108482,0.7875631154278442,6.39394150795012e-06
74,0.5699999999999932,0.024,128.11999999999998,0.0021267863139434852,0.47804186410954835,0.013679999999999836,7.995009999999993,0.062402513268810446,0.0013498832173400644,0.7889129986451843,6.035784215119843e-07
11,1.0,0.024,129.11999999999998,0.0037312040595500187,0.4817730681690984,0.024,8.019009999999993,0.06210509603469636,0.002368216170772071,0.7912812148159564,1.8577359849553669e-06
27,2.0,0.024,131.11999999999998,0.007462408119100037,0.4892354762881984,0.048,8.067009999999993,0.06152387126296518,0.004736432341544142,0.7960176471575006,7.4309439398214675e-06
83,2.0,0.024,133.11999999999998,0.007462408119100037,0.49669788440729845,0.048,8.115009999999993,0.06096011117788457,0.004736432341544142,0.8007540794990448,7.4309439398214675e-06
76,0.8700000000000045,0.024,133.98999999999998,0.003246147531808533,0.49994403193910697,0.02088000000000011,8.135889999999993,0.060720128367788596,0.0020603480685717126,0.8028144275676165,1.4061203670127318e-06
20,0.9600000000000009,0.023,134.95,0.003581955897168021,0.503525987836275,0.02208000000000002,8.157969999999994,0.060451796961837674,0.0021787588771103074,0.8049931864447267,1.968961877098848e-06
9,1.0,0.023,135.95,0.0037312040595500187,0.507257191895825,0.023,8.180969999999993,0.060176314821625554,0.0022695404969899015,0.8072627269417166,2.136460370115934e-06
149,2.0,0.023,137.95,0.007462408119100037,0.514719600014925,0.046,8.226969999999993,0.059637332366799516,0.004539080993979803,0.8118018079356965,8.545841480463736e-06
127,2.0,0.022,139.95,0.007462408119100037,0.522182008134025,0.044,8.270969999999993,0.059099464094319355,0.004341729646415464,0.8161435375821119,9.738634129876925e-06
114,2.0,0.022,141.95,0.007462408119100037,0.5296444162531251,0.044,8.314969999999994,0.058576752377597706,0.004341729646415464,0.8204852672285273,9.738634129876925e-06
130,2.0,0.022,143.95,0.007462408119100037,0.5371068243722251,0.044,8.358969999999994,0.058068565474122924,0.004341729646415464,0.8248269968749428,9.738634129876925e-06
24,0.9400000000000013,0.022,144.89,0.0035073318159770223,0.5406141561882022,0.020680000000000028,8.379649999999994,0.05783456415211537,0.0020406129338152706,0.8268676098087581,2.1512642792898184e-06
150,2.0,0.022,146.89,0.007462408119100037,0.5480765643073022,0.044,8.423649999999995,0.05734665395874461,0.004341729646415464,0.8312093394551735,9.738634129876925e-06
126,2.0,0.022,148.89,0.007462408119100037,0.5555389724264023,0.044,8.467649999999995,0.05687185170259921,0.004341729646415464,0.8355510691015889,9.738634129876925e-06
155,2.0,0.021,150.89,0.007462408119100037,0.5630013805455023,0.042,8.509649999999995,0.05639638146994497,0.004144378298851125,0.8396954474004401,1.1009321888061032e-05
143,2.0,0.021,152.89,0.007462408119100037,0.5704637886646023,0.042,8.551649999999995,0.05593335077506702,0.004144378298851125,0.8438398256992913,1.1009321888061032e-05
159,2.0,0.021,154.89,0.007462408119100037,0.5779261967837024,0.042,8.593649999999995,0.05548227774549678,0.004144378298851125,0.8479842039981424,1.1009321888061032e-05
111,2.0,0.021,156.89,0.007462408119100037,0.5853886049028024,0.042,8.635649999999995,0.05504270507999232,0.004144378298851125,0.8521285822969936,1.1009321888061032e-05
129,2.0,0.02,158.89,0.007462408119100037,0.5928510130219025,0.04,8.675649999999994,0.05460161117754418,0.003947026951286786,0.8560756092482804,1.2357904755016063e-05
133,2.0,0.02,160.89,0.007462408119100037,0.6003134211410025,0.04,8.715649999999993,0.054171483622350636,0.003947026951286786,0.8600226361995672,1.2357904755016063e-05
168,2.0,0.02,162.89,0.007462408119100037,0.6077758292601025,0.04,8.755649999999992,0.05375191847258882,0.003947026951286786,0.863969663150854,1.2357904755016063e-05
12,1.0,0.02,163.89,0.0037312040595500187,0.6115070333196525,0.02,8.775649999999992,0.05354597595948497,0.001973513475643393,0.8659431766264973,3.089476188754016e-06
66,1.0,0.02,164.89,0.0037312040595500187,0.6152382373792025,0.02,8.795649999999991,0.053342531384559355,0.001973513475643393,0.8679166901021407,3.089476188754016e-06
87,0.37999999999999545,0.02,165.26999999999998,0.0014178575426289902,0.6166560949218315,0.007599999999999909,8.803249999999991,0.05326586797361888,0.0007499351207444802,0.8686666252228852,4.461203616560692e-07
35,2.0,0.02,167.26999999999998,0.007462408119100037,0.6241185030409315,0.04,8.84324999999999,0.0528681174149578,0.003947026951286786,0.872613652174172,1.2357904755016063e-05
52,1.8800000000000097,0.019,169.14999999999998,0.007014663631954071,0.6311331666728855,0.03572000000000018,8.87896999999999,0.05249169376293226,0.003524695067499117,0.8761383472416711,1.2179880580883774e-05
128,2.0,0.019,171.14999999999998,0.007462408119100037,0.6385955747919856,0.038,8.91696999999999,0.05210032135553603,0.003749675603722446,0.8798880228453935,1.3784382730742019e-05
91,0.9399999999999977,0.018,172.08999999999997,0.003507331815977009,0.6421029066079625,0.01691999999999996,8.933889999999991,0.05191405659829155,0.0016695924003943062,0.8815576152457878,3.3772861595862554e-06
109,2.0,0.018,174.08999999999997,0.007462408119100037,0.6495653147270626,0.036,8.96988999999999,0.051524441380894896,0.0035523242561581064,0.8851099395019459,1.5288755815238893e-05
135,2.0,0.018,176.08999999999997,0.007462408119100037,0.6570277228461626,0.036,9.00588999999999,0.051143676529047596,0.0035523242561581064,0.8886622637581041,1.5288755815238893e-05
79,2.0,0.018,178.08999999999997,0.007462408119100037,0.6644901309652627,0.036,9.04188999999999,0.05077146386658426,0.0035523242561581064,0.8922145880142622,1.5288755815238893e-05
21,0.9800000000000004,0.018,179.06999999999996,0.0036565799783590197,0.6681467109436217,0.017640000000000006,9.05952999999999,0.050592114815435255,0.0017406388855174728,0.8939552268997797,3.6708302712388615e-06
80,2.0,0.018,181.06999999999996,0.007462408119100037,0.6756091190627217,0.036,9.09552999999999,0.05023212017451809,0.0035523242561581064,0.8975075511559378,1.5288755815238893e-05
116,2.0,0.018,183.06999999999996,0.007462408119100037,0.6830715271818217,0.036,9.131529999999989,0.04987999126017365,0.0035523242561581064,0.901059875412096,1.5288755815238893e-05
147,2.0,0.018,185.06999999999996,0.007462408119100037,0.6905339353009218,0.036,9.167529999999989,0.04953547306424591,0.0035523242561581064,0.9046121996682541,1.5288755815238893e-05
107,2.0,0.017,187.06999999999996,0.007462408119100037,0.6979963434200218,0.034,9.20152999999999,0.04918763029881858,0.003354972908593768,0.9079671725768479,1.6871024008506685e-05
157,2.0,0.017,189.06999999999996,0.007462408119100037,0.7054587515391219,0.034,9.23552999999999,0.04884714655947528,0.003354972908593768,0.9113221454854417,1.6871024008506685e-05
166,1.5,0.017,190.56999999999996,0.005596806089325028,0.7110555576284469,0.025500000000000002,9.26102999999999,0.04859647373668464,0.0025162296814453256,0.913838375166887,9.489951004785011e-06
29,2.0,0.016,192.56999999999996,0.007462408119100037,0.7185179657475469,0.032,9.29302999999999,0.048257932180505746,0.003157621561029428,0.9169959967279164,1.8531187310545403e-05
97,1.6000000000000227,0.016,194.17,0.005969926495280114,0.7244878922428271,0.025600000000000366,9.31862999999999,0.047992120306947474,0.0025260972488235786,0.91952209397674,1.1859959878749394e-05
161,2.0,0.016,196.17,0.007462408119100037,0.7319503003619271,0.032,9.35062999999999,0.047665952999948975,0.003157621561029428,0.9226797155377694,1.8531187310545403e-05
131,2.0,0.016,198.17,0.007462408119100037,0.7394127084810271,0.032,9.38262999999999,0.04734636927890191,0.003157621561029428,0.9258373370987988,1.8531187310545403e-05
38,3.0,0.016,201.17,0.011193612178650055,0.7506063206596771,0.048,9.43062999999999,0.04687890838594219,0.004736432341544142,0.930573769440343,4.1695171448727157e-05
106,2.0,0.016,203.17,0.007462408119100037,0.7580687287787772,0.032,9.46262999999999,0.046574937244671905,0.003157621561029428,0.9337313910013724,1.8531187310545403e-05
33,2.0,0.016,205.17,0.007462408119100037,0.7655311368978772,0.032,9.49462999999999,0.04627689233318707,0.003157621561029428,0.9368890125624018,1.8531187310545403e-05
148,2.0,0.015,207.17,0.007462408119100037,0.7729935450169773,0.03,9.52462999999999,0.04597494811024758,0.0029602702134650886,0.9398492827758669,2.0269245721355042e-05
23,1.0,0.015,208.17,0.0037312040595500187,0.7767247490765272,0.015,9.53962999999999,0.04582615170293505,0.0014801351067325443,0.9413294178825994,5.067311430338761e-06
40,2.0,0.015,210.17,0.007462408119100037,0.7841871571956273,0.03,9.56962999999999,0.04553280677546743,0.0029602702134650886,0.9442896880960645,2.0269245721355042e-05
104,2.0900000000000034,0.015,212.26,0.007798216484459552,0.7919853736800868,0.03135000000000005,9.60097999999999,0.0452321680957316,0.003093482373071023,0.9473831704691356,2.213452305886281e-05
108,2.0,0.014,214.26,0.007462408119100037,0.7994477817991869,0.028,9.62897999999999,0.04494063287594507,0.0027629188659007496,0.9501460893350363,2.2085199240935602e-05
31,2.0,0.014,216.26,0.007462408119100037,0.8069101899182869,0.028,9.65697999999999,0.044654489965781884,0.0027629188659007496,0.952909008200937,2.2085199240935602e-05
55,1.2099999999999937,0.014,217.46999999999997,0.004514756912055499,0.8114249468303424,0.016939999999999913,9.67391999999999,0.04448392881776793,0.001671565913869945,0.954580574114807,8.08373505216337e-06
77,1.2800000000000011,0.014,218.74999999999997,0.004775941196224028,0.8162008880265664,0.017920000000000016,9.69183999999999,0.04430555428571425,0.0017682680741764813,0.9563488421889835,9.046097609087238e-06
163,1.0,0.013,219.74999999999997,0.0037312040595500187,0.8199320920861164,0.013,9.70483999999999,0.04416309442548347,0.001282783759168205,0.9576316259481518,5.994761967321771e-06
47,1.0,0.013,220.74999999999997,0.0037312040595500187,0.8236632961456664,0.013,9.71783999999999,0.0440219252548131,0.001282783759168205,0.95891440970732,5.994761967321771e-06
85,1.4099999999999966,0.013,222.15999999999997,0.005260997723965513,0.8289242938696318,0.018329999999999954,9.73616999999999,0.04382503601008279,0.0018087251004271648,0.9607231348077472,1.1918186267232356e-05
99,1.0999999999999943,0.012,223.25999999999996,0.0041043244655049995,0.8330286183351369,0.013199999999999932,9.74936999999999,0.04366823434560598,0.0013025188939246324,0.9620256537016718,7.850114460938787e-06
105,2.0,0.012,225.25999999999996,0.007462408119100037,0.8404910264542369,0.024,9.77336999999999,0.043387063837343476,0.002368216170772071,0.9643938698724439,2.5950791606409482e-05
57,2.0,0.012,227.25999999999996,0.007462408119100037,0.8479534345733369,0.024,9.797369999999988,0.04311084220716356,0.002368216170772071,0.966762086043216,2.5950791606409482e-05
34,2.0,0.011,229.25999999999996,0.007462408119100037,0.855415842692437,0.022,9.819369999999989,0.04283071621739505,0.002170864823207732,0.9689329508664237,2.8000430452302803e-05
113,2.0,0.01,231.25999999999996,0.007462408119100037,0.862878250811537,0.02,9.839369999999988,0.042546787165960345,0.001973513475643393,0.9709064643420671,3.0127964406967047e-05
39,2.0,0.01,233.25999999999996,0.007462408119100037,0.8703406589306371,0.02,9.859369999999988,0.04226772699991421,0.001973513475643393,0.9728799778177104,3.0127964406967047e-05
25,1.509999999999998,0.01,234.76999999999995,0.00563411812992052,0.8759747770605576,0.01509999999999998,9.874469999999988,0.042060186565574774,0.0014900026741107594,0.9743699804918212,1.7173692911081343e-05
158,2.0,0.01,236.76999999999995,0.007462408119100037,0.8834371851796576,0.02,9.894469999999988,0.04178937365375677,0.001973513475643393,0.9763434939674646,3.0127964406967047e-05
90,2.0,0.01,238.76999999999995,0.007462408119100037,0.8908995932987577,0.02,9.914469999999987,0.041523097541567154,0.001973513475643393,0.9783170074431079,3.0127964406967047e-05
102,1.4399999999999977,0.01,240.20999999999995,0.005372933845752018,0.8962725271445097,0.014399999999999977,9.928869999999987,0.041334124307897215,0.0014209297024632404,0.9797379371455711,1.561833674857167e-05
164,2.0,0.01,242.20999999999995,0.007462408119100037,0.9037349352636097,0.02,9.948869999999987,0.0410753891251393,0.001973513475643393,0.9817114506212145,3.0127964406967047e-05
56,1.5499999999999972,0.009,243.75999999999993,0.005783366292302518,0.9095183015559122,0.013949999999999973,9.962819999999986,0.0408714309156547,0.0013765256492612636,0.9830879762704757,1.9420244453160256e-05
78,2.0,0.009,245.75999999999993,0.007462408119100037,0.9169807096750122,0.018,9.980819999999987,0.04061206054687496,0.0017761621280790532,0.9848641383985548,3.233339347040221e-05
89,1.960000000000008,0.009,247.71999999999994,0.007313159956718066,0.9242938696317303,0.01764000000000007,9.998459999999987,0.04036194090101724,0.001740638885517479,0.9866047772840723,3.105299108897454e-05
22,1.0,0.008,248.71999999999994,0.0037312040595500187,0.9280250736912803,0.008,10.006459999999986,0.04023182695400446,0.000789405390257357,0.9873941826743297,8.654179410652074e-06
160,2.0,0.008,250.71999999999994,0.007462408119100037,0.9354874818103803,0.016,10.022459999999986,0.03997471282705803,0.001578810780514714,0.9889729934548444,3.46167176426083e-05
30,2.0,0.008,252.71999999999994,0.007462408119100037,0.9429498899294804,0.016,10.038459999999986,0.03972166824944598,0.001578810780514714,0.990551804235359,3.46167176426083e-05
156,2.0,0.008,254.71999999999994,0.007462408119100037,0.9504122980485804,0.016,10.054459999999986,0.039472597361809,0.001578810780514714,0.9921306150158737,3.46167176426083e-05
46,1.0,0.008,255.71999999999994,0.0037312040595500187,0.9541435021081304,0.008,10.062459999999986,0.03934952291568899,0.000789405390257357,0.9929200204061311,8.654179410652074e-06
84,2.0,0.007,257.7199999999999,0.007462408119100037,0.9616059102272304,0.014,10.076459999999985,0.03909847896942414,0.0013814594329503748,0.9943014798390816,3.697793692358531e-05
98,0.5999999999999943,0.006,258.31999999999994,0.0022387224357299897,0.9638446326629604,0.003599999999999966,10.080059999999985,0.03902160111489621,0.00035523242561580733,0.9946567122646974,3.5475346181999247e-06
115,2.0,0.006,260.31999999999994,0.007462408119100037,0.9713070407820604,0.012,10.092059999999986,0.03876790104486781,0.0011841080853860356,0.9958408203500835,3.941705131333324e-05
94,1.0300000000000011,0.006,261.3499999999999,0.003843140181336523,0.9751501809633969,0.006180000000000007,10.098239999999986,0.03863876028314517,0.000609815663973809,0.9964506360140573,1.0454387434578833e-05
54,2.0,0.006,263.3499999999999,0.007462408119100037,0.9826125890824969,0.012,10.110239999999987,0.03839088665274346,0.0011841080853860356,0.9976347440994433,3.941705131333324e-05
92,0.6700000000000159,0.006,264.0199999999999,0.002499906719898572,0.9851124958023955,0.0040200000000000955,10.114259999999987,0.038308688735701805,0.00039667620860433134,0.9980314203080476,4.423578583639034e-06
93,1.9899999999999807,0.005,266.0099999999999,0.007425096078504465,0.9925375918809,0.009949999999999903,10.124209999999987,0.03805950904101347,0.0009818229541325783,0.9990132432621802,4.151576855525307e-05
53,2.0,0.005,268.0099999999999,0.007462408119100037,1.0,0.01,10.134209999999987,0.037812805492332346,0.0009867567378216964,1.000000000000002,4.19340608118521e-05
