,weight,grade,cml_weight,weight_pct,cml_weight_pct,yield,cml_yield,cml_grade,recovery,cml_recovery,distributional_heterogeneity
101,0.4299999999999784,0.193,0.4299999999999784,0.0019051838723968915,0.0019051838723968915,0.08298999999999583,0.08298999999999583,0.193,0.034027216853290604,0.034027216853290604,0.0010318250028256233
120,0.30000000000001137,0.139,0.7299999999999898,0.0013291980505095763,0.003234381922906468,0.04170000000000158,0.12468999999999741,0.17080821917808103,0.017097661679507693,0.0511248785327983,0.00024864444521903646
80,0.45000000000000284,0.091,1.1799999999999926,0.0019937970757643014,0.005228178998670769,0.04095000000000026,0.16563999999999768,0.14037288135593112,0.01679014977879659,0.06791502831159489,0.00021893205331253087
137,0.4099999999999966,0.069,1.5899999999999892,0.0018165706690296704,0.0070447496677004395,0.028289999999999767,0.19392999999999744,0.12196855345911871,0.011599348894802165,0.07951437720639706,9.570274981464841e-05
29,1.2899999999999991,0.056,2.8799999999999883,0.005715551617190958,0.012760301284891397,0.07223999999999996,0.2661699999999974,0.09242013888888836,0.02961954627644096,0.10913392348283803,0.0005714009606694525
123,0.29999999999998295,0.055,3.1799999999999713,0.0013291980505094503,0.014089499335400848,0.01649999999999906,0.2826699999999965,0.08888993710691794,0.006765261815631898,0.11589918529846993,2.955078925847725e-05
100,0.8000000000000114,0.046,3.9799999999999827,0.00354452813469212,0.017634027470092968,0.03680000000000052,0.319469999999997,0.08026884422110511,0.015088583928198276,0.13098776922666822,0.00013326522416358305
105,1.0,0.044,4.979999999999983,0.004430660168365087,0.022064687638458057,0.044,0.36346999999999696,0.07298594377510005,0.01804069817501942,0.14902846740168763,0.0001852331345425755
102,0.700000000000017,0.043,5.68,0.003101462117855636,0.02516614975631369,0.03010000000000073,0.3935699999999977,0.06929049295774607,0.01234147761518404,0.16136994501687166,8.537788639086906e-05
135,1.0,0.038,6.68,0.004430660168365087,0.02959680992467878,0.038,0.4315699999999977,0.06460628742514936,0.015580602969334955,0.1769505479862066,0.00012432122446489978
136,1.1200000000000045,0.037,7.800000000000004,0.004962339388568917,0.034559149313247696,0.041440000000000164,0.4730099999999978,0.06064230769230738,0.01699105755392745,0.19394160554013407,0.00014469006070162634
138,1.4699999999999989,0.034,9.270000000000003,0.006513070447496673,0.04107221976074437,0.04997999999999996,0.5229899999999977,0.05641747572815508,0.02049259306335159,0.21443419860348567,0.0001954270525671992
104,1.0,0.032,10.270000000000003,0.004430660168365087,0.04550287992910946,0.032,0.5549899999999978,0.054039922103213005,0.013120507763650488,0.22755470636713615,7.551345122928749e-05
124,1.5100000000000193,0.032,11.780000000000022,0.006690296854231366,0.052193176783340824,0.04832000000000062,0.6033099999999983,0.05121477079796241,0.019811966723112494,0.24736667309024865,0.0001721782201479028
103,1.0699999999999932,0.03,12.850000000000016,0.0047408063801506126,0.056933983163491436,0.032099999999999795,0.6354099999999981,0.04944824902723715,0.013161509350411812,0.26052818244066045,7.090823851336579e-05
134,1.0,0.029,13.850000000000016,0.004430660168365087,0.061364643331856525,0.029,0.6644099999999982,0.04797184115523447,0.011890460160808256,0.2724186426014687,5.564861592725509e-05
30,1.009999999999998,0.027,14.860000000000014,0.004474966770048728,0.06583961010190525,0.027269999999999947,0.6916799999999981,0.04654643337819633,0.01118113270983588,0.2835997753113046,4.497266161196125e-05
115,1.0,0.026,15.860000000000014,0.004430660168365087,0.07027027027027034,0.026,0.7176799999999981,0.04525094577553578,0.010660412557966022,0.2942601878692706,3.880981483573855e-05
142,0.6099999999999852,0.024,16.47,0.0027027027027026374,0.07297297297297298,0.014639999999999646,0.7323199999999978,0.04446387370977522,0.0060026323018699534,0.3002628201711406,1.0889535359460558e-05
144,1.0,0.023,17.47,0.004430660168365087,0.07740363314133807,0.023,0.7553199999999978,0.04323526044647955,0.00943036495512379,0.30969318512626437,2.4997047954737872e-05
151,2.0,0.022,19.47,0.008861320336730174,0.08626495347806824,0.044,0.7993199999999978,0.04105392912172562,0.01804069817501942,0.3277338833012838,8.426097749807577e-05
81,1.269999999999996,0.021,20.739999999999995,0.005626938413823643,0.09189189189189188,0.02666999999999992,0.8259899999999978,0.039825940212150336,0.010935123189267421,0.3386690064905512,2.8176825610253102e-05
125,1.5,0.021,22.239999999999995,0.00664599025254763,0.09853788214443951,0.0315,0.8574899999999978,0.03855620503597113,0.01291549982984345,0.3515845063203947,3.930675033980401e-05
117,1.0,0.02,23.239999999999995,0.004430660168365087,0.1029685423128046,0.02,0.8774899999999978,0.03775774526678132,0.008200317352281555,0.3597848236726762,1.421031528425304e-05
140,2.0,0.018,25.239999999999995,0.008861320336730174,0.11182986264953478,0.036,0.9134899999999978,0.0361921553090332,0.014760571234106798,0.374545394906783,3.4801161150198906e-05
133,2.0,0.018,27.239999999999995,0.008861320336730174,0.12069118298626495,0.036,0.9494899999999978,0.034856461086637223,0.014760571234106798,0.3893059661408898,3.4801161150198906e-05
127,0.8499999999999943,0.017,28.08999999999999,0.0037660611431102986,0.12445724412937526,0.014449999999999904,0.9639399999999977,0.03431612673549299,0.005924729287023384,0.39523069542791317,4.659848155545167e-06
152,2.0,0.017,30.08999999999999,0.008861320336730174,0.13331856446610543,0.034,0.9979399999999977,0.03316517115320698,0.013940539498878645,0.4091712349267918,2.5798467297136217e-05
153,2.0,0.017,32.08999999999999,0.008861320336730174,0.1421798848028356,0.034,1.0319399999999976,0.0321576815207229,0.013940539498878645,0.42311177442567044,2.5798467297136217e-05
4,1.0,0.017,33.08999999999999,0.004430660168365087,0.14661054497120068,0.017,1.0489399999999975,0.031699607132064,0.0069702697494393225,0.43008204417510976,6.449616824284054e-06
110,1.0,0.017,34.08999999999999,0.004430660168365087,0.15104120513956576,0.017,1.0659399999999974,0.03126840715752414,0.0069702697494393225,0.4370523139245491,6.449616824284054e-06
38,1.75,0.017,35.83999999999999,0.007753655294638902,0.15879486043420465,0.029750000000000002,1.0956899999999974,0.03057170758928565,0.012197972061518814,0.44925028598606787,1.9751951524369918e-05
114,1.0,0.016,36.83999999999999,0.004430660168365087,0.16322552060256973,0.016,1.1116899999999974,0.03017616720955477,0.006560253881825244,0.4558105398678931,4.535169384409023e-06
143,1.0800000000000125,0.016,37.92,0.004785112981834349,0.16801063358440407,0.0172800000000002,1.1289699999999976,0.02977241561181428,0.0070850741923713465,0.46289561406026447,5.2898215699748065e-06
96,0.7099999999999795,0.016,38.62999999999998,0.0031457687195391207,0.1711564023039432,0.011359999999999672,1.1403299999999972,0.02951928552938125,0.004657780256095789,0.4675533943163603,2.2861788866804564e-06
40,1.3800000000000026,0.016,40.009999999999984,0.006114311032343831,0.17727071333628702,0.02208000000000004,1.1624099999999973,0.029052986753311617,0.009053150356918853,0.4766065446732791,8.636776575668576e-06
146,1.5999999999999943,0.015,41.60999999999998,0.007089056269384114,0.18435976960567113,0.023999999999999914,1.1864099999999973,0.02851261715933665,0.009840380822737832,0.486446925496017,7.569786797887031e-06
111,1.0,0.015,42.60999999999998,0.004430660168365087,0.1887904297740362,0.015,1.2014099999999972,0.02819549401548927,0.006150238014211167,0.49259716351022814,2.9569479679246424e-06
122,1.039999999999992,0.015,43.64999999999997,0.004607886575099655,0.19339831634913587,0.01559999999999988,1.217009999999997,0.02788109965635734,0.006396247534779564,0.4989934110450077,3.198234922107244e-06
41,0.3500000000000014,0.015,43.99999999999997,0.0015507310589277865,0.19494904740806365,0.005250000000000021,1.222259999999997,0.027778636363636314,0.002152583304973917,0.5011459943499816,3.622261260707716e-07
119,1.25,0.014,45.24999999999997,0.005538325210456358,0.20048737261852,0.0175,1.239759999999997,0.02739801104972371,0.007175277683246362,0.508321272033228,2.679613398173304e-06
37,1.7700000000000031,0.014,47.019999999999975,0.007842268498006217,0.20832964111652622,0.024780000000000045,1.264539999999997,0.026893662271373835,0.010160193199476865,0.5184814652327049,5.37277492168779e-06
2,0.9500000000000002,0.014,47.96999999999998,0.004209127159946833,0.21253876827647306,0.013300000000000003,1.2778399999999972,0.026638315613925323,0.005453211039267236,0.5239346762719721,1.5477446987849007e-06
1,1.0,0.014,48.96999999999998,0.004430660168365087,0.21696942844483813,0.014,1.2918399999999972,0.02638023279558909,0.005740222146597089,0.5296748984185692,1.7149525748309143e-06
141,1.710000000000008,0.014,50.679999999999986,0.007576428887904333,0.22454585733274246,0.02394000000000011,1.3157799999999973,0.025962509865824736,0.009815779870681067,0.5394906782892502,5.014692824063124e-06
39,0.46999999999999886,0.013,51.149999999999984,0.0020824102791315857,0.22662826761187405,0.006109999999999985,1.3218899999999973,0.02584340175953075,0.002505196951122009,0.5419958752403723,1.7874857001273766e-07
139,2.0,0.013,53.149999999999984,0.008861320336730174,0.23548958794860422,0.026,1.3478899999999974,0.02536011288805264,0.010660412557966022,0.5526562877983383,3.2367328205113363e-06
44,2.0,0.013,55.149999999999984,0.008861320336730174,0.2443509082853344,0.026,1.3738899999999974,0.024911876699909297,0.010660412557966022,0.5633167003563043,3.2367328205113363e-06
109,1.0,0.013,56.149999999999984,0.004430660168365087,0.24878156845369948,0.013,1.3868899999999973,0.024699732858414918,0.005330206278983011,0.5686469066352874,8.091832051278341e-07
116,1.0,0.013,57.149999999999984,0.004430660168365087,0.25321222862206455,0.013,1.3998899999999972,0.024495013123359537,0.005330206278983011,0.5739771129142704,8.091832051278341e-07
26,1.0,0.013,58.149999999999984,0.004430660168365087,0.2576428887904296,0.013,1.412889999999997,0.024297334479793594,0.005330206278983011,0.5793073191932535,8.091832051278341e-07
12,1.0,0.012,59.149999999999984,0.004430660168365087,0.2620735489587947,0.012,1.424889999999997,0.024089433643279756,0.004920190411368933,0.5842275096046224,2.3963985881540496e-07
108,1.0,0.012,60.149999999999984,0.004430660168365087,0.2665042091271598,0.012,1.4368899999999971,0.023888445552784663,0.004920190411368933,0.5891477000159914,2.3963985881540496e-07
147,2.0,0.011,62.149999999999984,0.008861320336730174,0.2753655294638899,0.022,1.4588899999999971,0.023473692679002373,0.00902034908750971,0.5981680491035011,2.529014357449999e-08
113,2.0,0.011,64.14999999999998,0.008861320336730174,0.2842268498006201,0.022,1.4808899999999972,0.023084801247077128,0.00902034908750971,0.6071883981910108,2.529014357449999e-08
28,0.8599999999999994,0.011,65.00999999999998,0.003810367744793972,0.28803721754541406,0.009459999999999993,1.4903499999999972,0.022924934625442206,0.0038787501076291728,0.61106714829864,4.676147546925042e-09
112,2.0,0.011,67.00999999999998,0.008861320336730174,0.2968985378821442,0.022,1.5123499999999972,0.022569019549320963,0.00902034908750971,0.6200874973861497,2.529014357449999e-08
131,2.0,0.011,69.00999999999998,0.008861320336730174,0.30575985821887436,0.022,1.5343499999999972,0.022233734241414255,0.00902034908750971,0.6291078464736594,2.529014357449999e-08
130,2.0,0.01,71.00999999999998,0.008861320336730174,0.3146211785556045,0.02,1.5543499999999972,0.02188917053936062,0.008200317352281555,0.6373081638259409,4.369249454499801e-07
25,1.0,0.01,72.00999999999998,0.004430660168365087,0.3190518387239696,0.01,1.5643499999999972,0.021724066101930256,0.0041001586761407775,0.6414083225020817,1.0923123636249502e-07
69,2.0,0.01,74.00999999999998,0.008861320336730174,0.32791315906069973,0.02,1.5843499999999973,0.021407242264558812,0.008200317352281555,0.6496086398543632,4.369249454499801e-07
19,1.0,0.01,75.00999999999998,0.004430660168365087,0.3323438192290648,0.01,1.5943499999999973,0.021255165977869587,0.0041001586761407775,0.653708798530504,1.0923123636249502e-07
154,2.0,0.01,77.00999999999998,0.008861320336730174,0.34120513956579496,0.02,1.6143499999999973,0.020962861965978415,0.008200317352281555,0.6619091158827856,4.369249454499801e-07
3,1.1900000000000004,0.01,78.19999999999997,0.005272485600354455,0.34647762516614944,0.011900000000000004,1.6262499999999973,0.02079603580562657,0.004879188824607528,0.666788304707393,1.546823538129293e-07
90,2.0500000000000114,0.009,80.24999999999999,0.009082853345148478,0.3555604785112979,0.018450000000000102,1.6446999999999974,0.020494704049844208,0.007564792757479777,0.6743530974648728,2.3045079478330453e-06
118,1.0,0.009,81.24999999999999,0.004430660168365087,0.359991138679663,0.009,1.6536999999999973,0.020353230769230738,0.0036901428085266996,0.6780432402733996,5.483659602220154e-07
33,1.0,0.009,82.24999999999999,0.004430660168365087,0.36442179884802806,0.009,1.6626999999999972,0.020215197568389028,0.0036901428085266996,0.6817333830819263,5.483659602220154e-07
5,1.5599999999999996,0.009,83.80999999999999,0.006911829862649534,0.3713336287106776,0.014039999999999995,1.6767399999999972,0.02000644314520937,0.00575662278130165,0.687490005863228,1.334503400796296e-06
11,1.0,0.009,84.80999999999999,0.004430660168365087,0.3757642888790427,0.009,1.6857399999999971,0.019876665487560397,0.0036901428085266996,0.6911801486717547,5.483659602220154e-07
150,2.0,0.009,86.80999999999999,0.008861320336730174,0.3846256092157728,0.018,1.7037399999999971,0.0196260799447068,0.007380285617053399,0.6985604342888081,2.1934638408880615e-06
148,2.0,0.009,88.80999999999999,0.008861320336730174,0.393486929552503,0.018,1.7217399999999972,0.01938678076793151,0.007380285617053399,0.7059407199058615,2.1934638408880615e-06
27,1.0,0.009,89.80999999999999,0.004430660168365087,0.39791758972086805,0.009,1.730739999999997,0.019271127936755342,0.0036901428085266996,0.7096308627143882,5.483659602220154e-07
49,2.0,0.009,91.80999999999999,0.008861320336730174,0.4067789100575982,0.018,1.748739999999997,0.01904738045964489,0.007380285617053399,0.7170111483314416,2.1934638408880615e-06
91,2.0,0.009,93.80999999999999,0.008861320336730174,0.41564023039432835,0.018,1.766739999999997,0.01883317343566781,0.007380285617053399,0.724391433948495,2.1934638408880615e-06
50,2.0,0.009,95.80999999999999,0.008861320336730174,0.4245015507310585,0.018,1.784739999999997,0.01862790940402878,0.007380285617053399,0.7317717195655484,2.1934638408880615e-06
43,2.039999999999999,0.008,97.85,0.009038546743464772,0.43354009747452327,0.016319999999999994,1.801059999999997,0.01840633622892179,0.006691458959461747,0.7384631785250102,5.508821065816238e-06
98,2.0,0.008,99.85,0.008861320336730174,0.4424014178112534,0.016,1.817059999999997,0.018197896845267875,0.006560253881825244,0.7450234324068354,5.294906829888738e-06
99,1.0,0.008,100.85,0.004430660168365087,0.4468320779796185,0.008,1.825059999999997,0.018096777392166554,0.003280126940912622,0.7483035593477481,1.3237267074721846e-06
6,1.0,0.008,101.85,0.004430660168365087,0.45126273814798357,0.008,1.833059999999997,0.017997643593519855,0.003280126940912622,0.7515836862886607,1.3237267074721846e-06
36,1.2299999999999969,0.008,103.07999999999998,0.005449712007089043,0.4567124501550726,0.009839999999999976,1.842899999999997,0.017878346915017437,0.004034556137322515,0.7556182424259832,2.002666135734658e-06
15,1.0,0.008,104.07999999999998,0.004430660168365087,0.4611431103234377,0.008,1.850899999999997,0.017783435818601052,0.003280126940912622,0.7588983693668958,1.3237267074721846e-06
145,1.0,0.008,105.07999999999998,0.004430660168365087,0.46557377049180276,0.008,1.858899999999997,0.017690331176246646,0.003280126940912622,0.7621784963078084,1.3237267074721846e-06
121,1.0,0.008,106.07999999999998,0.004430660168365087,0.47000443066016784,0.008,1.8668999999999971,0.017598981900452466,0.003280126940912622,0.765458623248721,1.3237267074721846e-06
31,1.8400000000000034,0.008,107.91999999999999,0.008152414709791774,0.4781568453699596,0.014720000000000028,1.8816199999999972,0.01743532246108226,0.006035433571279236,0.7714940568200003,4.481609140817844e-06
32,1.0,0.008,108.91999999999999,0.004430660168365087,0.4825875055383247,0.008,1.8896199999999972,0.01734869629085565,0.003280126940912622,0.7747741837609129,1.3237267074721846e-06
149,2.0,0.007,110.91999999999999,0.008861320336730174,0.49144882587505484,0.014,1.9036199999999972,0.017162098809953095,0.005740222146597089,0.78051440590751,9.741253912452017e-06
128,1.75,0.007,112.66999999999999,0.007753655294638902,0.49920248116969373,0.01225,1.9158699999999973,0.017004260228987288,0.005022694378272453,0.7855371002857824,7.458147526721075e-06
107,1.0,0.007,113.66999999999999,0.004430660168365087,0.5036331413380588,0.007,1.9228699999999972,0.01691624879035803,0.0028701110732985446,0.788407211359081,2.435313478113004e-06
126,1.5,0.007,115.16999999999999,0.00664599025254763,0.5102791315906064,0.0105,1.9333699999999971,0.016787097334375247,0.004305166609947817,0.7927123779690288,5.479455325754259e-06
95,2.0800000000000125,0.007,117.25,0.009215773150199436,0.5194949047408058,0.014560000000000088,1.9479299999999973,0.01661347547974411,0.005969831032461009,0.7986822090014898,1.0536140231708228e-05
0,1.0,0.007,118.25,0.004430660168365087,0.523925564909171,0.007,1.9549299999999972,0.016532177589851985,0.0028701110732985446,0.8015523200747884,2.435313478113004e-06
78,2.0,0.007,120.25,0.008861320336730174,0.5327868852459011,0.014,1.9689299999999972,0.01637363825363823,0.005740222146597089,0.8072925422213855,9.741253912452017e-06
51,1.5,0.007,121.75,0.00664599025254763,0.5394328754984488,0.0105,1.9794299999999971,0.016258151950718662,0.004305166609947817,0.8115977088313333,5.479455325754259e-06
45,2.0,0.007,123.75,0.008861320336730174,0.5482941958351789,0.014,1.9934299999999971,0.01610852525252523,0.005740222146597089,0.8173379309779304,9.741253912452017e-06
42,2.009999999999998,0.007,125.75999999999999,0.008905626938413815,0.5571998227735927,0.014069999999999987,2.007499999999997,0.015962945292620843,0.005768923257330069,0.8231068542352604,9.838909982924328e-06
14,1.0,0.007,126.75999999999999,0.004430660168365087,0.5616304829419578,0.007,2.0144999999999973,0.01589223729883242,0.0028701110732985446,0.825976965308559,2.435313478113004e-06
82,1.5,0.007,128.26,0.00664599025254763,0.5682764731945055,0.0105,2.0249999999999972,0.015788242632153417,0.004305166609947817,0.8302821319185069,5.479455325754259e-06
79,1.7800000000000011,0.007,130.04,0.007886575099689859,0.5761630482941953,0.012460000000000008,2.037459999999997,0.01566794832359272,0.005108797710471413,0.8353909296289783,7.716047224053253e-06
18,1.0,0.007,131.04,0.004430660168365087,0.5805937084625604,0.007,2.0444599999999973,0.015601800976800957,0.0028701110732985446,0.8382610407022769,2.435313478113004e-06
92,2.0,0.006,133.04,0.008861320336730174,0.5894550287992906,0.012,2.0564599999999973,0.015457456404088977,0.004920190411368933,0.8431812311136458,1.5532505088577892e-05
106,1.0,0.006,134.04,0.004430660168365087,0.5938856889676557,0.006,2.062459999999997,0.015386899433005053,0.0024600952056844667,0.8456413263193303,3.883126272144473e-06
34,1.0,0.006,135.04,0.004430660168365087,0.5983163491360208,0.006,2.068459999999997,0.015317387440758272,0.0024600952056844667,0.8481014215250148,3.883126272144473e-06
24,1.0,0.006,136.04,0.004430660168365087,0.602747009304386,0.006,2.0744599999999966,0.015248897383122587,0.0024600952056844667,0.8505615167306992,3.883126272144473e-06
70,2.0,0.006,138.04,0.008861320336730174,0.6116083296411161,0.012,2.0864599999999967,0.015114894233555469,0.004920190411368933,0.8554817071420682,1.5532505088577892e-05
72,0.45999999999999375,0.006,138.5,0.0020381036774479123,0.613646433318564,0.0027599999999999626,2.0892199999999965,0.015084620938628134,0.0011316437946148393,0.856613350936683,8.216695191857482e-07
20,1.0,0.006,139.5,0.004430660168365087,0.6180770934869292,0.006,2.0952199999999963,0.015019498207885278,0.0024600952056844667,0.8590734461423675,3.883126272144473e-06
76,2.0,0.006,141.5,0.008861320336730174,0.6269384138236593,0.012,2.1072199999999963,0.014892014134275593,0.004920190411368933,0.8639936365537364,1.5532505088577892e-05
77,2.0,0.006,143.5,0.008861320336730174,0.6357997341603895,0.012,2.1192199999999963,0.014768083623693353,0.004920190411368933,0.8689138269651053,1.5532505088577892e-05
87,0.3299999999999841,0.006,143.82999999999998,0.001462117855560408,0.6372618520159499,0.0019799999999999046,2.1211999999999964,0.014747966349162181,0.0008118314178758349,0.8697256583829812,4.228724510364923e-07
9,1.0,0.006,144.82999999999998,0.004430660168365087,0.641692512184315,0.006,2.127199999999996,0.014687564731063982,0.0024600952056844667,0.8721857535886657,3.883126272144473e-06
88,2.240000000000009,0.006,147.07,0.009924678777137834,0.6516171909614529,0.013440000000000054,2.1406399999999963,0.014555245801319075,0.005510613260733228,0.8776963668493989,1.9483974383112268e-05
8,1.0,0.006,148.07,0.004430660168365087,0.656047851129818,0.006,2.146639999999996,0.014497467414060891,0.0024600952056844667,0.8801564620550834,3.883126272144473e-06
94,2.0,0.006,150.07,0.008861320336730174,0.6649091714665482,0.012,2.158639999999996,0.014384220697008038,0.004920190411368933,0.8850766524664523,1.5532505088577892e-05
129,2.0,0.006,152.07,0.008861320336730174,0.6737704918032783,0.012,2.170639999999996,0.014273952784901666,0.004920190411368933,0.8899968428778212,1.5532505088577892e-05
60,2.0,0.005,154.07,0.008861320336730174,0.6826318121400085,0.01,2.180639999999996,0.014153566560654222,0.0041001586761407775,0.894097001553962,2.2668660358266374e-05
17,1.0,0.005,155.07,0.004430660168365087,0.6870624723083736,0.005,2.185639999999996,0.014094537950602927,0.0020500793380703887,0.8961470808920324,5.6671650895665935e-06
22,1.0,0.005,156.07,0.004430660168365087,0.6914931324767387,0.005,2.1906399999999957,0.014036265778176432,0.0020500793380703887,0.8981971602301029,5.6671650895665935e-06
13,1.0,0.005,157.07,0.004430660168365087,0.6959237926451038,0.005,2.1956399999999956,0.013978735595594293,0.0020500793380703887,0.9002472395681733,5.6671650895665935e-06
23,1.0,0.005,158.07,0.004430660168365087,0.700354452813469,0.005,2.2006399999999955,0.013921933320680683,0.0020500793380703887,0.9022973189062438,5.6671650895665935e-06
10,1.0,0.005,159.07,0.004430660168365087,0.7047851129818341,0.005,2.2056399999999954,0.01386584522537245,0.0020500793380703887,0.9043473982443142,5.6671650895665935e-06
48,2.0,0.005,161.07,0.008861320336730174,0.7136464333185643,0.01,2.215639999999995,0.013755758365927828,0.0041001586761407775,0.908447556920455,2.2668660358266374e-05
132,2.0,0.005,163.07,0.008861320336730174,0.7225077536552944,0.01,2.225639999999995,0.013648371864843288,0.0041001586761407775,0.9125477155965958,2.2668660358266374e-05
155,2.0,0.005,165.07,0.008861320336730174,0.7313690739920246,0.01,2.2356399999999947,0.013543587568910128,0.0041001586761407775,0.9166478742727365,2.2668660358266374e-05
75,2.0,0.005,167.07,0.008861320336730174,0.7402303943287547,0.01,2.2456399999999945,0.013441312024899711,0.0041001586761407775,0.9207480329488773,2.2668660358266374e-05
74,2.1299999999999955,0.005,169.2,0.009437306158617615,0.7496677004873723,0.010649999999999977,2.2562899999999946,0.013335047281323845,0.004366668990089919,0.9251147019389673,2.5711361294854567e-05
68,2.0,0.005,171.2,0.008861320336730174,0.7585290208241025,0.01,2.2662899999999944,0.013237675233644828,0.0041001586761407775,0.929214860615108,2.2668660358266374e-05
67,2.0,0.005,173.2,0.008861320336730174,0.7673903411608326,0.01,2.276289999999994,0.013142551963048466,0.0041001586761407775,0.9333150192912488,2.2668660358266374e-05
86,1.3600000000000136,0.005,174.56,0.006025697828976578,0.7734160389898092,0.006800000000000068,2.2830899999999943,0.01307911319890006,0.0027881078997757567,0.9361031271910246,1.0481988549662581e-05
35,1.0,0.004,175.56,0.004430660168365087,0.7778466991581743,0.004,2.2870899999999943,0.013027398040555903,0.001640063470456311,0.9377431906614809,7.787429930379362e-06
65,2.0,0.004,177.56,0.008861320336730174,0.7867080194949044,0.008,2.2950899999999943,0.012925715251182666,0.003280126940912622,0.9410233176023935,3.1149719721517446e-05
85,2.0,0.004,179.56,0.008861320336730174,0.7955693398316346,0.008,2.3030899999999943,0.012826297616395602,0.003280126940912622,0.9443034445433062,3.1149719721517446e-05
21,1.0,0.004,180.56,0.004430660168365087,0.7999999999999997,0.004,2.3070899999999943,0.012777414709791728,0.001640063470456311,0.9459435080137625,7.787429930379362e-06
71,1.2000000000000028,0.004,181.76,0.005316792202038116,0.8053167922020378,0.004800000000000012,2.3118899999999942,0.012719465228873208,0.0019680761645475783,0.94791158417831,1.1213899099746336e-05
66,2.0,0.004,183.76,0.008861320336730174,0.8141781125387679,0.008,2.3198899999999942,0.012624564649542851,0.003280126940912622,0.9511917111192226,3.1149719721517446e-05
16,1.0,0.004,184.76,0.004430660168365087,0.8186087727071331,0.004,2.3238899999999942,0.012577884823554852,0.001640063470456311,0.9528317745896789,7.787429930379362e-06
64,2.0,0.004,186.76,0.008861320336730174,0.8274700930438632,0.008,2.3318899999999942,0.012486024844720467,0.003280126940912622,0.9561119015305916,3.1149719721517446e-05
89,2.019999999999982,0.004,188.77999999999997,0.008949933540097394,0.8364200265839606,0.008079999999999928,2.3399699999999943,0.012395221951477882,0.0033129282103217185,0.9594248297409133,3.177582908791938e-05
52,1.7000000000000028,0.004,190.47999999999996,0.00753212228622066,0.8439521488701813,0.006800000000000012,2.3467699999999945,0.012320296094078092,0.0027881078997757337,0.9622129376406889,2.250567249879643e-05
7,1.0,0.004,191.47999999999996,0.004430660168365087,0.8483828090385465,0.004,2.3507699999999945,0.012276843534572776,0.001640063470456311,0.9638530011111452,7.787429930379362e-06
61,2.0,0.004,193.47999999999996,0.008861320336730174,0.8572441293752766,0.008,2.3587699999999945,0.012191285921025403,0.003280126940912622,0.9671331280520579,3.1149719721517446e-05
47,2.0,0.003,195.47999999999996,0.008861320336730174,0.8661054497120068,0.006,2.3647699999999943,0.012097247800286447,0.0024600952056844667,0.9695932232577423,4.097568317833113e-05
84,2.0,0.003,197.47999999999996,0.008861320336730174,0.8749667700487369,0.006,2.370769999999994,0.01200511444196878,0.0024600952056844667,0.9720533184634268,4.097568317833113e-05
63,2.0,0.003,199.47999999999996,0.008861320336730174,0.8838280903854671,0.006,2.376769999999994,0.011914828554240997,0.0024600952056844667,0.9745134136691113,4.097568317833113e-05
73,2.210000000000008,0.003,201.68999999999997,0.009791758972086877,0.8936198493575539,0.006630000000000024,2.3833999999999937,0.011817145123704666,0.0027184052022813454,0.9772318188713927,5.003233355282211e-05
54,2.519999999999996,0.003,204.20999999999998,0.011165263624280001,0.904785112981834,0.007559999999999989,2.3909599999999935,0.0117083394544831,0.0030997199591624234,0.9803315388305551,6.505299461391828e-05
55,2.280000000000001,0.003,206.48999999999998,0.010101905183872403,0.9148870181657064,0.006840000000000003,2.3977999999999935,0.011612184609424155,0.002804508534480293,0.9831360473650355,5.325199785855917e-05
56,2.0,0.003,208.48999999999998,0.008861320336730174,0.9237483385024365,0.006,2.4037999999999933,0.011529569763537788,0.0024600952056844667,0.9855961425707199,4.097568317833113e-05
57,1.9500000000000028,0.003,210.44,0.008639787328311931,0.9323881258307485,0.005850000000000009,2.4096499999999934,0.011450532218209434,0.0023985928255423586,0.9879947353962623,3.895250882140113e-05
97,2.210000000000008,0.003,212.65,0.009791758972086877,0.9421798848028353,0.006630000000000024,2.4162799999999933,0.011362708676228513,0.0027184052022813454,0.9907131405985437,5.003233355282211e-05
59,2.319999999999993,0.002,214.97,0.01027913159060697,0.9524590163934423,0.004639999999999986,2.4209199999999935,0.011261664418290894,0.0019024736257293152,0.9926156142242729,7.016839866054825e-05
83,2.0,0.002,216.97,0.008861320336730174,0.9613203367301725,0.004,2.4249199999999935,0.011176291653223919,0.001640063470456311,0.9942556776947292,5.2146550728707394e-05
93,2.0,0.002,218.97,0.008861320336730174,0.9701816570669026,0.004,2.4289199999999935,0.011092478421701574,0.001640063470456311,0.9958957411651855,5.2146550728707394e-05
46,2.0,0.002,220.97,0.008861320336730174,0.9790429774036328,0.004,2.4329199999999935,0.0110101823776983,0.001640063470456311,0.9975358046356418,5.2146550728707394e-05
53,1.2800000000000011,0.002,222.25,0.005671245015507316,0.9847142224191401,0.0025600000000000024,2.4354799999999934,0.010958290213723255,0.0010496406210920401,0.9985854452567339,2.135922717847859e-05
62,2.0,0.001,224.25,0.008861320336730174,0.9935755427558702,0.002,2.437479999999993,0.01086947603121513,0.0008200317352281555,0.999405476991962,6.466232237264629e-05
58,1.4500000000000028,0.001,225.7,0.006424457244129388,0.9999999999999997,0.001450000000000003,2.4389299999999934,0.010806070004430632,0.0005945230080404139,1.0000000000000024,3.398813319712234e-05
