,weight,grade,cml_weight,weight_pct,cml_weight_pct,yield,cml_yield,cml_grade,recovery,cml_recovery,distributional_heterogeneity
47,1.0,0.103,1.0,0.005724098454493417,0.005724098454493417,0.103,0.103,0.103,0.022355341407301308,0.022355341407301308,0.00027659824215532213
4,1.2000000000000002,0.083,2.2,0.006868918145392102,0.012593016599885518,0.09960000000000002,0.2026,0.09209090909090908,0.021617398098710786,0.04397273950601209,0.00021751766093344306
32,1.8999999999999986,0.08,4.099999999999999,0.010875787063537486,0.023468803663423004,0.15199999999999989,0.3545999999999999,0.08648780487804879,0.03299040673698832,0.07696314624300041,0.0004890564033013786
97,0.9000000000000057,0.078,5.000000000000004,0.005151688609044108,0.028620492272467112,0.07020000000000044,0.42480000000000034,0.08496,0.01523635890089866,0.09219950514389907,0.00010170057489541375
84,2.0,0.068,7.000000000000004,0.011448196908986834,0.04006868918145395,0.136,0.5608000000000004,0.08011428571428572,0.02951773234362115,0.12171723748752022,0.0003265081108235051
11,1.5,0.062,8.500000000000004,0.008586147681740127,0.04865483686319407,0.093,0.6538000000000004,0.07691764705882355,0.020184919911446813,0.14190215739896703,0.00013453151723661502
99,1.75,0.058,10.250000000000004,0.010017172295363481,0.05867200915855755,0.1015,0.7553000000000004,0.0736878048780488,0.02202977818292314,0.16393193558189018,0.0001443027002098329
42,1.4000000000000057,0.048,11.65000000000001,0.008013737836290818,0.06668574699484837,0.06720000000000027,0.8225000000000007,0.07060085836909871,0.014585232452142273,0.17851716803403245,4.3184541486164675e-05
88,1.3499999999999943,0.048,13.000000000000004,0.007727532913566081,0.07441327990841445,0.06479999999999973,0.8873000000000004,0.06825384615384616,0.014064331293137076,0.19258149932716953,4.015501370333358e-05
98,1.0,0.047,14.000000000000004,0.005724098454493417,0.08013737836290787,0.047,0.9343000000000005,0.0667357142857143,0.010200981030516133,0.20278248035768567,2.0042477599495768e-05
103,2.0,0.046,16.000000000000004,0.011448196908986834,0.0915855752718947,0.092,1.0263000000000004,0.06414375000000001,0.019967877761861364,0.22275035811954705,7.258496183483684e-05
85,2.0,0.046,18.000000000000004,0.011448196908986834,0.10303377218088154,0.092,1.1183000000000005,0.062127777777777796,0.019967877761861364,0.24271823588140842,7.258496183483684e-05
104,2.0,0.045,20.000000000000004,0.011448196908986834,0.11448196908986838,0.09,1.2083000000000006,0.06041500000000002,0.019533793462690463,0.26225202934409886,6.5376871629264e-05
54,1.0,0.044,21.000000000000004,0.005724098454493417,0.12020606754436179,0.044,1.2523000000000006,0.05963333333333335,0.009549854581759783,0.27180188392585863,1.463640994531613e-05
46,2.0,0.043,23.000000000000004,0.011448196908986834,0.13165426445334863,0.086,1.3383000000000007,0.05818695652173915,0.018665624864348664,0.2904675087902073,5.209126629083843e-05
58,2.0,0.042,25.000000000000004,0.011448196908986834,0.14310246136233545,0.084,1.4223000000000008,0.056892000000000026,0.01823154056517777,0.30869904935538506,4.6013751157985776e-05
83,2.0,0.042,27.000000000000004,0.011448196908986834,0.15455065827132228,0.084,1.5063000000000009,0.055788888888888916,0.01823154056517777,0.32693058992056284,4.6013751157985776e-05
7,1.0,0.041,28.000000000000004,0.005724098454493417,0.1602747567258157,0.041,1.5473000000000008,0.05526071428571431,0.008898728133003435,0.33582931805356625,1.007827359567661e-05
75,2.0,0.041,30.000000000000004,0.011448196908986834,0.17172295363480253,0.082,1.6293000000000009,0.054310000000000025,0.01779745626600687,0.3536267743195731,4.031309438270644e-05
64,2.0,0.04,32.0,0.011448196908986834,0.18317115054378935,0.08,1.709300000000001,0.05341562500000003,0.017363371966835968,0.3709901462864091,3.49892959650005e-05
41,1.0999999999999943,0.04,33.099999999999994,0.006296508299942727,0.18946765884373207,0.043999999999999775,1.7533000000000007,0.052969788519637497,0.009549854581759734,0.3805400008681688,1.0584262029412542e-05
92,1.0,0.039,34.099999999999994,0.005724098454493417,0.1951917572982255,0.039,1.7923000000000007,0.05256011730205282,0.008464643833832535,0.38900464470200136,7.510588976216984e-06
62,2.0,0.039,36.099999999999994,0.011448196908986834,0.20663995420721232,0.078,1.8703000000000007,0.051808864265928005,0.01692928766766507,0.4059339323696664,3.0042355904867936e-05
78,2.0,0.038,38.099999999999994,0.011448196908986834,0.21808815111619914,0.076,1.9463000000000008,0.05108398950131236,0.01649520336849417,0.4224291357381606,2.5472274202308756e-05
3,1.2999999999999998,0.038,39.39999999999999,0.007441327990841442,0.22552947910704058,0.04939999999999999,1.9957000000000007,0.05065228426395942,0.01072188218952121,0.4331510179276818,1.0762035850475447e-05
100,2.0,0.038,41.39999999999999,0.011448196908986834,0.2369776760160274,0.076,2.0717000000000008,0.05004106280193239,0.01649520336849417,0.449646221296176,2.5472274202308756e-05
56,2.0,0.034,43.39999999999999,0.011448196908986834,0.24842587292501422,0.068,2.139700000000001,0.049301843317972376,0.014758866171810575,0.4644050874679866,1.096053096780588e-05
57,2.0,0.032,45.39999999999999,0.011448196908986834,0.2598740698340011,0.064,2.203700000000001,0.04853964757709254,0.013890697573468775,0.47829578504145537,5.965809495994717e-06
82,2.0,0.032,47.39999999999999,0.011448196908986834,0.2713222667429879,0.064,2.267700000000001,0.04784177215189876,0.013890697573468775,0.49218648261492415,5.965809495994717e-06
69,2.0,0.031,49.39999999999999,0.011448196908986834,0.2827704636519748,0.062,2.3297000000000008,0.0471599190283401,0.013456613274297875,0.5056430958892221,4.03373629644921e-06
52,1.0,0.031,50.39999999999999,0.005724098454493417,0.2884945621064682,0.031,2.360700000000001,0.04683928571428574,0.006728306637148938,0.512371402526371,1.0084340741123025e-06
51,1.0,0.031,51.39999999999999,0.005724098454493417,0.2942186605609616,0.031,2.391700000000001,0.04653112840466929,0.006728306637148938,0.51909970916352,1.0084340741123025e-06
53,1.0,0.03,52.39999999999999,0.005724098454493417,0.299942759015455,0.03,2.421700000000001,0.046215648854961856,0.006511264487563488,0.5256109736510834,6.196303636192711e-07
33,2.0,0.03,54.39999999999999,0.011448196908986834,0.3113909559244418,0.06,2.481700000000001,0.04561948529411767,0.013022528975126976,0.5386335026262105,2.4785214544770843e-06
24,2.0,0.03,56.39999999999999,0.011448196908986834,0.3228391528334287,0.06,2.541700000000001,0.04506560283687946,0.013022528975126976,0.5516560316013375,2.4785214544770843e-06
45,2.0,0.03,58.39999999999999,0.011448196908986834,0.33428734974241553,0.06,2.601700000000001,0.0445496575342466,0.013022528975126976,0.5646785605764645,2.4785214544770843e-06
63,2.0,0.03,60.39999999999999,0.011448196908986834,0.3457355466514024,0.06,2.661700000000001,0.04406788079470201,0.013022528975126976,0.5777010895515915,2.4785214544770843e-06
106,1.5,0.03,61.89999999999999,0.008586147681740127,0.35432169433314253,0.045,2.706700000000001,0.043726978998384514,0.009766896731345232,0.5874679862829367,1.3941683181433599e-06
90,1.3499999999999943,0.029,63.249999999999986,0.007727532913566081,0.3620492272467086,0.03914999999999984,2.745850000000001,0.04341264822134389,0.008497200156270318,0.595965186439207,5.923876644919405e-07
95,1.3499999999999943,0.027,64.59999999999998,0.007727532913566081,0.3697767601602747,0.036449999999999844,2.7823000000000007,0.04306965944272448,0.007911186352389604,0.6038763727915967,3.372858559170569e-08
89,1.0,0.027,65.59999999999998,0.005724098454493417,0.3755008586147681,0.027,2.809300000000001,0.042824695121951244,0.00586013803880714,0.6097365108304038,1.850676850025019e-08
26,2.0,0.027,67.59999999999998,0.011448196908986834,0.38694905552375497,0.054,2.8633000000000006,0.04235650887573967,0.01172027607761428,0.6214567869080181,7.402707400100076e-08
25,2.0,0.026,69.59999999999998,0.011448196908986834,0.3983972524327418,0.052,2.9153000000000007,0.041886494252873586,0.01128619177844338,0.6327429786864615,2.6245662322402296e-08
34,2.0,0.025,71.59999999999998,0.011448196908986834,0.4098454493417287,0.05,2.9653000000000005,0.04141480446927376,0.01085210747927248,0.6435950861657339,3.5532260821718414e-07
44,2.0,0.024,73.59999999999998,0.011448196908986834,0.4212936462507155,0.048,3.0133000000000005,0.04094157608695654,0.010418023180101581,0.6540131093458355,1.0612579116853488e-06
86,2.0,0.024,75.59999999999998,0.011448196908986834,0.4327418431597024,0.048,3.0613000000000006,0.04049338624338626,0.010418023180101581,0.664431132525937,1.0612579116853488e-06
93,1.0,0.024,76.59999999999998,0.005724098454493417,0.4384659416141958,0.024,3.0853000000000006,0.040278067885117515,0.005209011590050791,0.6696401441159878,2.653144779213372e-07
31,2.5,0.024,79.09999999999998,0.014310246136233544,0.4527761877504293,0.06,3.1453000000000007,0.03976359039190899,0.013022528975126976,0.6826626730911148,1.6582154870083573e-06
55,2.0,0.023,81.09999999999998,0.011448196908986834,0.4642243846594162,0.046,3.1913000000000005,0.03935018495684342,0.009983938880930682,0.6926466119720455,2.1440515727268953e-06
40,1.0,0.023,82.09999999999998,0.005724098454493417,0.4699484831139096,0.023,3.2143000000000006,0.03915103532277712,0.004991969440465341,0.6976385814125108,5.360128931817238e-07
105,2.0,0.022,84.09999999999998,0.011448196908986834,0.48139668002289643,0.044,3.2583000000000006,0.038743162901307984,0.009549854581759783,0.7071884359942706,3.603703591341824e-06
18,1.0,0.022,85.09999999999998,0.005724098454493417,0.4871207784773898,0.022,3.2803000000000004,0.0385464159811986,0.004774927290879891,0.7119633632851505,9.00925897835456e-07
19,1.5,0.022,86.59999999999998,0.008586147681740127,0.49570692615913,0.033,3.3133000000000004,0.03825981524249424,0.007162390936319838,0.7191257542214704,2.027083270129776e-06
16,1.0,0.021,87.59999999999998,0.005724098454493417,0.5014310246136234,0.021,3.3343000000000003,0.038062785388127865,0.0045578851412944425,0.7236836393627648,1.360053491882532e-06
49,1.0,0.021,88.59999999999998,0.005724098454493417,0.5071551230681168,0.021,3.3553,0.03787020316027089,0.0045578851412944425,0.7282415245040592,1.360053491882532e-06
23,2.0,0.021,90.59999999999998,0.011448196908986834,0.5186033199771036,0.042,3.3973,0.03749779249448124,0.009115770282588885,0.7373572947866481,5.440213967530128e-06
65,2.0,0.02,92.59999999999998,0.011448196908986834,0.5300515168860904,0.04,3.4373,0.03711987041036718,0.008681685983417984,0.7460389807700661,7.65358270129182e-06
81,2.0,0.02,94.59999999999998,0.011448196908986834,0.5414997137950772,0.04,3.4773,0.03675792811839324,0.008681685983417984,0.7547206667534841,7.65358270129182e-06
71,2.0,0.02,96.59999999999998,0.011448196908986834,0.552947910704064,0.04,3.5173,0.03641097308488614,0.008681685983417984,0.7634023527369022,7.65358270129182e-06
9,1.0,0.02,97.59999999999998,0.005724098454493417,0.5586720091585574,0.02,3.5373,0.03624282786885247,0.004340842991708992,0.7677431957286112,1.913395675322955e-06
43,1.0,0.02,98.59999999999998,0.005724098454493417,0.5643961076130508,0.02,3.5573,0.03607809330628804,0.004340842991708992,0.7720840387203202,1.913395675322955e-06
36,2.0,0.02,100.59999999999998,0.011448196908986834,0.5758443045220376,0.04,3.5973,0.03575844930417496,0.008681685983417984,0.7807657247037382,7.65358270129182e-06
35,2.0,0.02,102.59999999999998,0.011448196908986834,0.5872925014310244,0.04,3.6373,0.035451267056530227,0.008681685983417984,0.7894474106871562,7.65358270129182e-06
10,1.0,0.019,103.59999999999998,0.005724098454493417,0.5930165998855178,0.019,3.6563000000000003,0.03529247104247105,0.004123800842123542,0.7935712115292797,2.5609524481567235e-06
48,1.0,0.019,104.59999999999998,0.005724098454493417,0.5987406983400112,0.019,3.6753000000000005,0.03513671128107076,0.004123800842123542,0.7976950123714032,2.5609524481567235e-06
21,2.0,0.019,106.59999999999998,0.011448196908986834,0.610188895248998,0.038,3.7133000000000003,0.034833958724202634,0.008247601684247085,0.8059426140556503,1.0243809792626894e-05
13,1.5,0.018,108.09999999999998,0.008586147681740127,0.6187750429307382,0.026999999999999996,3.7403000000000004,0.03460037002775209,0.005860138038807139,0.8118027520944574,7.431128573363635e-06
30,0.8000000000000043,0.018,108.89999999999998,0.004579278763594759,0.6233543216943329,0.014400000000000076,3.7547000000000006,0.03447842056932967,0.0031254069540304907,0.8149281590484879,2.1137432386456785e-06
76,2.0,0.018,110.89999999999998,0.011448196908986834,0.6348025186033197,0.036,3.7907000000000006,0.034181244364292165,0.007813517385076185,0.8227416764335641,1.321089524153535e-05
74,2.0,0.018,112.89999999999998,0.011448196908986834,0.6462507155123065,0.036,3.8267000000000007,0.0338945969884854,0.007813517385076185,0.8305551938186403,1.321089524153535e-05
14,2.0,0.018,114.89999999999998,0.011448196908986834,0.6576989124212933,0.036,3.8627000000000007,0.033617928633594446,0.007813517385076185,0.8383687112037165,1.321089524153535e-05
70,2.0,0.018,116.89999999999998,0.011448196908986834,0.6691471093302801,0.036,3.8987000000000007,0.033350727117194195,0.007813517385076185,0.8461822285887927,1.321089524153535e-05
68,2.0,0.018,118.89999999999998,0.011448196908986834,0.6805953062392669,0.036,3.9347000000000008,0.03309251471825064,0.007813517385076185,0.8539957459738688,1.321089524153535e-05
60,2.0,0.018,120.89999999999998,0.011448196908986834,0.6920435031482537,0.036,3.970700000000001,0.03284284532671631,0.007813517385076185,0.861809263358945,1.321089524153535e-05
79,2.0,0.017,122.89999999999998,0.011448196908986834,0.7034917000572405,0.034,4.004700000000001,0.032585028478437764,0.007379433085905288,0.8691886964448503,1.6554839048017176e-05
27,2.0,0.017,124.89999999999998,0.011448196908986834,0.7149398969662273,0.034,4.0387,0.03233546837469977,0.007379433085905288,0.8765681295307556,1.6554839048017176e-05
12,1.0,0.016,125.89999999999998,0.005724098454493417,0.7206639954207207,0.016,4.0547,0.032205718824463866,0.0034726743933671937,0.8800408039241228,5.068910303018098e-06
20,2.0,0.016,127.89999999999998,0.011448196908986834,0.7321121923297075,0.032,4.0867,0.03195230648944489,0.006945348786734387,0.8869861527108571,2.0275641212072393e-05
59,2.0,0.016,129.89999999999998,0.011448196908986834,0.7435603892386943,0.032,4.1187000000000005,0.03170669745958431,0.006945348786734387,0.8939315014975915,2.0275641212072393e-05
80,2.0,0.015,131.89999999999998,0.011448196908986834,0.7550085861476811,0.03,4.148700000000001,0.031453373768006075,0.006511264487563488,0.9004427659851549,2.4373301733700995e-05
6,1.0,0.015,132.89999999999998,0.005724098454493417,0.7607326846021745,0.015,4.1637,0.031329571106094814,0.003255632243781744,0.9036983982289367,6.093325433425249e-06
22,2.0,0.015,134.89999999999998,0.011448196908986834,0.7721808815111613,0.03,4.193700000000001,0.03108747220163085,0.006511264487563488,0.9102096627165002,2.4373301733700995e-05
72,2.0,0.014,136.89999999999998,0.011448196908986834,0.7836290784201481,0.028,4.2217,0.030837837837837844,0.0060771801883925895,0.9162868429048927,2.8847820612902968e-05
37,1.5,0.014,138.39999999999998,0.008586147681740127,0.7922152261018882,0.021,4.2427,0.030655346820809254,0.0045578851412944425,0.9208447280461871,1.622689909475792e-05
67,2.0,0.013,140.39999999999998,0.011448196908986834,0.803663423010875,0.026,4.2687,0.03040384615384616,0.00564309588922169,0.9264878239354088,3.3699197849678335e-05
77,2.0,0.013,142.39999999999998,0.011448196908986834,0.8151116199198618,0.026,4.2947,0.030159410112359553,0.00564309588922169,0.9321309198246306,3.3699197849678335e-05
73,2.0,0.013,144.39999999999998,0.011448196908986834,0.8265598168288486,0.026,4.3206999999999995,0.029921745152354573,0.00564309588922169,0.9377740157138523,3.3699197849678335e-05
101,2.0,0.013,146.39999999999998,0.011448196908986834,0.8380080137378354,0.026,4.346699999999999,0.029690573770491804,0.00564309588922169,0.9434171116030741,3.3699197849678335e-05
0,1.7000000000000002,0.012,148.09999999999997,0.00973096737263881,0.8477389811104742,0.0204,4.3671,0.029487508440243084,0.004427659851543172,0.9478447714546172,2.8125070663309567e-05
87,1.0,0.012,149.09999999999997,0.005724098454493417,0.8534630795649676,0.012,4.379099999999999,0.029370221327967808,0.0026045057950253954,0.9504492772496426,9.731858361006768e-06
17,2.0,0.012,151.09999999999997,0.011448196908986834,0.8649112764739544,0.024,4.403099999999999,0.029140304434149573,0.005209011590050791,0.9556582888396934,3.892743344402707e-05
107,1.5,0.012,152.59999999999997,0.008586147681740127,0.8734974241556945,0.018000000000000002,4.421099999999999,0.028971821756225428,0.0039067586925380935,0.9595650475322315,2.1896681312265226e-05
94,1.0,0.011,153.59999999999997,0.005724098454493417,0.8792215226101879,0.011,4.432099999999999,0.028854817708333334,0.0023874636454399457,0.9619525111776714,1.11331318489873e-05
50,1.0,0.011,154.59999999999997,0.005724098454493417,0.8849456210646813,0.011,4.443099999999999,0.028739327296248385,0.0023874636454399457,0.9643399748231114,1.11331318489873e-05
39,1.0,0.011,155.59999999999997,0.005724098454493417,0.8906697195191747,0.011,4.4540999999999995,0.028625321336760927,0.0023874636454399457,0.9667274384685514,1.11331318489873e-05
15,1.5,0.011,157.09999999999997,0.008586147681740127,0.8992558672009149,0.0165,4.470599999999999,0.028457033736473587,0.003581195468159919,0.9703086339367113,2.5049546660221427e-05
61,2.0,0.01,159.09999999999997,0.011448196908986834,0.9107040641099017,0.02,4.490599999999999,0.028225015713387806,0.004340842991708992,0.9746494769284203,5.051447970544469e-05
2,1.0,0.01,160.09999999999997,0.005724098454493417,0.9164281625643951,0.01,4.500599999999999,0.028111180512179885,0.002170421495854496,0.9768198984242747,1.2628619926361172e-05
38,1.0,0.01,161.09999999999997,0.005724098454493417,0.9221522610188885,0.01,4.510599999999998,0.02799875853507138,0.002170421495854496,0.9789903199201292,1.2628619926361172e-05
96,1.0,0.009,162.09999999999997,0.005724098454493417,0.9278763594733819,0.009,4.519599999999999,0.027881554595928438,0.0019533793462690463,0.9809436992663982,1.4218322593128397e-05
66,2.0,0.009,164.09999999999997,0.011448196908986834,0.9393245563823687,0.018,4.5375999999999985,0.027651432053625833,0.003906758692538093,0.9848504579589363,5.6873290372513587e-05
5,2.5,0.009,166.59999999999997,0.014310246136233544,0.9536348025186022,0.0225,4.5600999999999985,0.027371548619447777,0.004883448365672616,0.9897339063246089,8.886451620705247e-05
8,1.0,0.007,167.59999999999997,0.005724098454493417,0.9593589009730956,0.007,4.567099999999998,0.027249999999999993,0.0015192950470981474,0.991253201371707,1.7680371694842877e-05
1,1.0,0.006,168.59999999999997,0.005724098454493417,0.965082999427589,0.006,4.573099999999998,0.027123962040332142,0.0013022528975126977,0.9925554542692198,1.9552718129790136e-05
28,1.7999999999999972,0.006,170.39999999999998,0.010303377218088135,0.9753863766456772,0.010799999999999983,4.583899999999998,0.026900821596244125,0.002344055215522852,0.9948995094847426,6.335080674051984e-05
102,2.0,0.006,172.39999999999998,0.011448196908986834,0.986834573554664,0.012,4.595899999999998,0.026658352668213446,0.0026045057950253954,0.997504015279768,7.821087251916054e-05
29,1.0,0.005,173.39999999999998,0.005724098454493417,0.9925586720091574,0.005,4.6008999999999975,0.026533448673587073,0.001085210747927248,0.9985892260276952,2.1519279154130735e-05
91,1.3000000000000114,0.005,174.7,0.007441327990841508,0.9999999999999989,0.006500000000000057,4.6073999999999975,0.02637321121923296,0.0014107739723054349,1.0000000000000007,3.6367581770481574e-05
