,weight,grade,cml_weight,weight_pct,cml_weight_pct,yield,cml_yield,cml_grade,recovery,cml_recovery,distributional_heterogeneity
29,0.8500000000000014,1.25,0.8500000000000014,0.0044736842105263215,0.0044736842105263215,1.0625000000000018,1.0625000000000018,1.25,0.12545488465235147,0.12545488465235147,0.014636450860345077
30,1.25,1.14,2.1000000000000014,0.0065789473684210505,0.011052631578947373,1.4249999999999998,2.4875000000000016,1.1845238095238095,0.1682571394160946,0.2937120240684461,0.026139837783804423
38,1.6000000000000014,0.423,3.700000000000003,0.008421052631578952,0.019473684210526324,0.6768000000000006,3.164300000000002,0.8552162162162161,0.07991328558372839,0.3736253096521745,0.005111139372484401
28,0.5499999999999972,0.393,4.25,0.0028947368421052473,0.022368421052631572,0.2161499999999989,3.380450000000001,0.7954000000000002,0.025521951357746434,0.39914726100992093,0.0005119908367368432
61,1.0,0.215,5.25,0.00526315789473684,0.027631578947368413,0.215,3.595450000000001,0.6848476190476193,0.02538616489435814,0.42453342590427906,0.00040493541070680774
41,1.7100000000000009,0.108,6.960000000000001,0.009000000000000001,0.03663157894736842,0.1846800000000001,3.780130000000001,0.5431221264367817,0.021806125268325875,0.44633955117260493,0.0001639968443880544
92,0.5999999999999943,0.087,7.559999999999995,0.0031578947368420744,0.03978947368421049,0.052199999999999504,3.8323300000000007,0.5069219576719581,0.006163524685978987,0.4525030758585839,9.033811391148756e-06
63,1.2999999999999972,0.085,8.859999999999992,0.006842105263157878,0.04663157894736837,0.11049999999999977,3.9428300000000003,0.4450146726862307,0.013047308003844503,0.4655503838624284,3.8504541053024814e-05
21,1.3999999999999986,0.075,10.259999999999991,0.007368421052631569,0.05399999999999994,0.10499999999999989,4.04783,0.39452534113060467,0.01239789448329117,0.47794827834571957,2.5295602989710857e-05
62,0.7000000000000028,0.073,10.959999999999994,0.0036842105263158033,0.05768421052631574,0.05110000000000021,4.09893,0.3739899635036499,0.0060336419818684,0.48398192032758797,5.519828164339993e-06
48,0.8500000000000014,0.071,11.809999999999995,0.0044736842105263215,0.062157894736842065,0.0603500000000001,4.15928,0.3521828958509739,0.007125837448253563,0.49110775777584154,7.0339167963870865e-06
40,1.240000000000002,0.069,13.049999999999997,0.0065263157894736926,0.06868421052631576,0.08556000000000015,4.24484,0.32527509578544067,0.010102512876099005,0.5012102706519406,1.2789185602387367e-05
118,2.0,0.065,15.049999999999997,0.01052631578947368,0.07921052631578944,0.13,4.37484,0.29068704318936883,0.015349774122170038,0.5165600447741107,2.3265750287257912e-05
44,2.0,0.064,17.049999999999997,0.01052631578947368,0.08973684210526311,0.128,4.50284,0.2640961876832845,0.015113623751059728,0.5316736685251704,2.1043394334430738e-05
1,1.0,0.06,18.049999999999997,0.00526315789473684,0.09499999999999996,0.06,4.56284,0.25278891966759004,0.007084511133309247,0.5387581796584796,3.317327619658195e-06
66,0.2600000000000051,0.06,18.310000000000002,0.0013684210526316055,0.09636842105263156,0.015600000000000306,4.57844,0.2500513380666302,0.0018419728946604407,0.5406001525531401,2.242513470889028e-07
96,0.9499999999999886,0.06,19.25999999999999,0.0049999999999999385,0.1013684210526315,0.056999999999999315,4.635439999999999,0.24067705088265842,0.006730285576643704,0.5473304381297838,2.993888176741449e-06
9,1.0,0.058,20.25999999999999,0.00526315789473684,0.10663157894736834,0.058,4.693439999999999,0.23166041461006914,0.00684836076219894,0.5541787988919827,2.5128681310100617e-06
12,0.5,0.057,20.75999999999999,0.00263157894736842,0.10926315789473676,0.0285,4.721939999999999,0.2274537572254336,0.003365142788321893,0.5575439416803046,5.381159087544115e-07
97,1.0500000000000114,0.056,21.810000000000002,0.005526315789473742,0.1147894736842105,0.058800000000000636,4.78074,0.2191994497936726,0.006942820910643138,0.5644867625909478,2.006486758299124e-06
117,2.0,0.055,23.810000000000002,0.01052631578947368,0.12531578947368419,0.11,4.89074,0.20540697186056278,0.012988270411066954,0.5774750330020147,6.061220558784476e-06
119,2.0,0.055,25.810000000000002,0.01052631578947368,0.13584210526315788,0.11,5.00074,0.1937520340953119,0.012988270411066954,0.5904633034130817,6.061220558784476e-06
43,2.0,0.054,27.810000000000002,0.01052631578947368,0.14636842105263156,0.108,5.10874,0.18370154620640056,0.012752120039956646,0.6032154234530384,4.954204561468032e-06
0,1.0,0.053,28.810000000000002,0.00526315789473684,0.1516315789473684,0.053,5.16174,0.1791648733078792,0.006257984834423169,0.6094734082874615,9.896806399256651e-07
64,0.5499999999999972,0.051,29.36,0.0028947368421052473,0.15452631578947365,0.028049999999999853,5.1897899999999995,0.17676396457765667,0.003312008954822056,0.6127854172422836,1.7411601605114904e-07
87,0.3499999999999943,0.05,29.709999999999994,0.0018421052631578643,0.15636842105263152,0.017499999999999717,5.2072899999999995,0.1752706159542242,0.002066315747215164,0.6148517329894988,5.027034116120856e-08
8,1.0,0.044,30.709999999999994,0.00526315789473684,0.16163157894736835,0.044,5.251289999999999,0.1709960924780202,0.005195308164426781,0.6200470411539256,4.6035859031477735e-09
13,0.5,0.044,31.209999999999994,0.00263157894736842,0.16426315789473678,0.022,5.273289999999999,0.16896155078500483,0.0025976540822133906,0.622644695236139,1.1508964757869434e-09
71,0.960000000000008,0.041,32.17,0.005052631578947408,0.1693157894736842,0.039360000000000325,5.31265,0.16514299036369287,0.004647439303450905,0.6272921345395899,1.641807801220345e-07
18,1.0,0.041,33.17,0.00526315789473684,0.17457894736842103,0.041,5.35365,0.16140036177268616,0.00484108260776132,0.6321332171473512,1.7814754787546852e-07
36,2.25,0.039,35.42,0.011842105263157892,0.18642105263157893,0.08775,5.4414,0.1536250705815923,0.010361097532464773,0.6424943146798159,2.1933838983727753e-06
54,2.0,0.038,37.42,0.01052631578947368,0.19694736842105262,0.076,5.517399999999999,0.14744521646178513,0.008973714102191714,0.6514680287820076,2.410571999350813e-06
124,2.0,0.037,39.42,0.01052631578947368,0.2074736842105263,0.074,5.591399999999999,0.14184170471841703,0.008737563731081406,0.660205592513089,3.199633926402605e-06
111,2.0,0.037,41.42,0.01052631578947368,0.218,0.074,5.665399999999999,0.13677933365523898,0.008737563731081406,0.6689431562441703,3.199633926402605e-06
42,1.5499999999999972,0.035,42.97,0.008157894736842088,0.22615789473684209,0.0542499999999999,5.719649999999999,0.13310798231324178,0.0064055788163671,0.6753487350605374,3.070611085150103e-06
120,2.0,0.032,44.97,0.01052631578947368,0.23668421052631577,0.064,5.783649999999999,0.12861129641983543,0.007556811875529864,0.6829055469360672,8.817953494927647e-06
35,0.44999999999999574,0.032,45.419999999999995,0.0023684210526315557,0.23905263157894732,0.014399999999999864,5.798049999999999,0.12765411712901806,0.0017002826719942033,0.6846058296080614,4.464088956807037e-07
39,1.5,0.031,46.919999999999995,0.00789473684210526,0.24694736842105258,0.0465,5.844549999999999,0.12456415174765557,0.005490496128314667,0.690096325736376,5.780373409848305e-06
65,1.1099999999999994,0.031,48.029999999999994,0.00584210526315789,0.25278947368421045,0.03440999999999998,5.878959999999999,0.1224018321882157,0.004062967134952852,0.6941592928713288,3.1653324792329287e-06
10,0.9999999999999982,0.03,49.029999999999994,0.005263157894736832,0.2580526315789473,0.029999999999999947,5.9089599999999995,0.12051723434631859,0.0035422555666546176,0.6977015484379835,2.9615048227987837e-06
68,0.4200000000000017,0.03,49.449999999999996,0.002210526315789482,0.2602631578947368,0.01260000000000005,5.9215599999999995,0.11974843276036401,0.001487747337994948,0.6991892957759784,5.224094507417115e-07
22,0.5399999999999991,0.029,49.989999999999995,0.0028421052631578893,0.2631052631578947,0.015659999999999976,5.937219999999999,0.11876815363072614,0.0018490574057937108,0.7010383531817721,9.861440470155862e-07
116,2.0,0.029,51.989999999999995,0.01052631578947368,0.27363157894736834,0.058,5.995219999999999,0.11531486824389305,0.00684836076219894,0.7078867139439711,1.3527353182655545e-05
121,2.0,0.029,53.989999999999995,0.01052631578947368,0.284157894736842,0.058,6.053219999999999,0.11211742915354694,0.00684836076219894,0.71473507470617,1.3527353182655545e-05
98,2.0,0.029,55.989999999999995,0.01052631578947368,0.29468421052631566,0.058,6.1112199999999985,0.10914841936060009,0.00684836076219894,0.721583435468369,1.3527353182655545e-05
57,2.0,0.029,57.989999999999995,0.01052631578947368,0.3052105263157893,0.058,6.169219999999998,0.10638420417313328,0.00684836076219894,0.728431796230568,1.3527353182655545e-05
23,1.1000000000000014,0.029,59.089999999999996,0.005789473684210532,0.31099999999999983,0.03190000000000004,6.201119999999999,0.10494364528685055,0.0037665984192094214,0.7321983946497774,4.092024337753313e-06
53,0.3499999999999943,0.029,59.43999999999999,0.0018421052631578643,0.3128421052631577,0.010149999999999836,6.211269999999998,0.10449646702557198,0.001198463133384795,0.7333968577831622,4.142751912188126e-07
126,2.0,0.029,61.43999999999999,0.01052631578947368,0.32336842105263136,0.058,6.269269999999998,0.10203889973958331,0.00684836076219894,0.7402452185453612,1.3527353182655545e-05
115,2.0,0.028,63.43999999999999,0.01052631578947368,0.333894736842105,0.056,6.325269999999998,0.09970476040353088,0.006612210391088631,0.7468574289364498,1.532022106966699e-05
45,2.0,0.028,65.44,0.01052631578947368,0.3444210526315787,0.056,6.381269999999998,0.09751329462102687,0.006612210391088631,0.7534696393275384,1.532022106966699e-05
86,0.5500000000000114,0.027,65.99000000000001,0.0028947368421053223,0.347315789473684,0.014850000000000307,6.396119999999998,0.09692559478708891,0.001753416505494075,0.7552230558330325,1.3026121107624105e-06
52,1.6500000000000057,0.027,67.64000000000001,0.008684210526315817,0.3559999999999998,0.04455000000000015,6.440669999999998,0.09521984033116494,0.005260249516482135,0.7604833053495147,1.172350899686129e-05
56,2.0,0.027,69.64000000000001,0.01052631578947368,0.3665263157894735,0.054,6.494669999999998,0.09326062607696722,0.006376060019978323,0.7668593653694931,1.7224622952229507e-05
95,2.0,0.027,71.64000000000001,0.01052631578947368,0.37705263157894714,0.054,6.548669999999999,0.09141080402010046,0.006376060019978323,0.7732354253894714,1.7224622952229507e-05
47,1.5,0.026,73.14000000000001,0.00789473684210526,0.38494736842105237,0.039,6.587669999999998,0.09006931911402785,0.004604932236651011,0.7778403576261225,1.0822814342067994e-05
84,2.0,0.026,75.14000000000001,0.01052631578947368,0.39547368421052603,0.052,6.639669999999998,0.08836398722384878,0.006139909648868015,0.7839802672749905,1.9240558830343103e-05
94,2.0,0.025,77.14000000000001,0.01052631578947368,0.4059999999999997,0.05,6.689669999999998,0.08672115633912363,0.005903759277757706,0.7898840265527481,2.1368028704007757e-05
88,2.0,0.025,79.14000000000001,0.01052631578947368,0.41652631578947336,0.05,6.739669999999998,0.08516135961587057,0.005903759277757706,0.7957877858305058,2.1368028704007757e-05
58,1.3299999999999983,0.025,80.47000000000001,0.006999999999999989,0.42352631578947336,0.03324999999999996,6.772919999999997,0.084167018764757,0.00392599991970887,0.7997137857502147,9.449476493629806e-06
16,1.0,0.024,81.47000000000001,0.00526315789473684,0.4287894736842102,0.024,6.796919999999997,0.08342850128881793,0.002833804453323699,0.8025475902035384,5.901758143305874e-06
110,2.0,0.024,83.47000000000001,0.01052631578947368,0.4393157894736839,0.048,6.8449199999999975,0.08200455253384445,0.005667608906647398,0.8082151991101858,2.3607032573223496e-05
85,1.0999999999999943,0.023,84.57000000000001,0.0057894736842104945,0.4451052631578944,0.025299999999999868,6.870219999999997,0.08123708170746123,0.002987302194545384,0.8112025013047311,7.852165057491987e-06
34,1.7000000000000028,0.023,86.27000000000001,0.008947368421052643,0.45405263157894704,0.039100000000000065,6.9093199999999975,0.08008948649588497,0.004616739755206534,0.8158192410599376,1.8754344641448057e-05
14,0.46000000000000085,0.023,86.73000000000002,0.002421052631578951,0.456473684210526,0.01058000000000002,6.9198999999999975,0.0797866943387524,0.001249235463173533,0.8170684765231112,1.3731554761696924e-06
60,1.0,0.023,87.73000000000002,0.00526315789473684,0.46173684210526283,0.023,6.942899999999997,0.07913940499259085,0.002715729267768545,0.8197842057908797,6.489392609497577e-06
79,2.0,0.023,89.73000000000002,0.01052631578947368,0.4722631578947365,0.046,6.9888999999999974,0.07788810877075666,0.00543145853553709,0.8252156643264168,2.5957570437990307e-05
90,2.0,0.023,91.73000000000002,0.01052631578947368,0.48278947368421016,0.046,7.034899999999998,0.07669137686689192,0.00543145853553709,0.8306471228619539,2.5957570437990307e-05
15,1.0,0.023,92.73000000000002,0.00526315789473684,0.488052631578947,0.023,7.057899999999997,0.0761123692440418,0.002715729267768545,0.8333628521297224,6.489392609497577e-06
4,1.0,0.023,93.73000000000002,0.00526315789473684,0.4933157894736839,0.023,7.080899999999997,0.07554571641950278,0.002715729267768545,0.8360785813974909,6.489392609497577e-06
113,2.0,0.023,95.73000000000002,0.01052631578947368,0.5038421052631575,0.046,7.126899999999997,0.0744479264598349,0.00543145853553709,0.841510039933028,2.5957570437990307e-05
123,2.0,0.023,97.73000000000002,0.01052631578947368,0.5143684210526313,0.046,7.172899999999998,0.07339506804461267,0.00543145853553709,0.846941498468565,2.5957570437990307e-05
59,1.6700000000000017,0.022,99.40000000000002,0.008789473684210533,0.5231578947368418,0.036740000000000037,7.209639999999998,0.0725315895372233,0.004338082317296367,0.8512795807858614,1.9814885101437967e-05
32,1.0,0.022,100.40000000000002,0.00526315789473684,0.5284210526315787,0.022,7.231639999999998,0.07202828685258961,0.0025976540822133906,0.8538772348680748,7.104910574577046e-06
6,1.0,0.021,101.40000000000002,0.00526315789473684,0.5336842105263155,0.021,7.252639999999998,0.07152504930966466,0.002479578896658237,0.856356813764733,7.748312038544285e-06
5,1.0,0.021,102.40000000000002,0.00526315789473684,0.5389473684210524,0.021,7.273639999999998,0.07103164062499996,0.002479578896658237,0.8588363926613913,7.748312038544285e-06
70,1.3799999999999955,0.021,103.78000000000002,0.007263157894736816,0.5462105263157893,0.028979999999999905,7.3026199999999974,0.07036635189824625,0.0034218188773883556,0.8622582115387797,1.4755885446203637e-05
69,1.2800000000000011,0.021,105.06000000000002,0.006736842105263162,0.5529473684210524,0.026880000000000025,7.329499999999998,0.06976489624976201,0.003173860987722546,0.8654320725265022,1.2694834443950978e-05
31,0.75,0.021,105.81000000000002,0.00394736842105263,0.556894736842105,0.01575,7.345249999999997,0.06941924203761456,0.0018596841724936774,0.8672917566989959,4.35842552168116e-06
33,1.0,0.021,106.81000000000002,0.00526315789473684,0.5621578947368419,0.021,7.366249999999997,0.06896592079393311,0.002479578896658237,0.8697713355956542,7.748312038544285e-06
55,2.0,0.021,108.81000000000002,0.01052631578947368,0.5726842105263156,0.042,7.408249999999997,0.06808427534233982,0.004959157793316474,0.8747304933889707,3.099324815417714e-05
50,2.0,0.02,110.81000000000002,0.01052631578947368,0.5832105263157893,0.04,7.448249999999997,0.06721640646151066,0.004723007422206165,0.8794535008111769,3.3678388005597166e-05
19,1.7899999999999991,0.02,112.60000000000002,0.00942105263157894,0.5926315789473682,0.035799999999999985,7.484049999999997,0.06646580817051506,0.004227091642874516,0.8836805924540514,2.6977230752183443e-05
51,2.0,0.02,114.60000000000002,0.01052631578947368,0.6031578947368419,0.04,7.524049999999997,0.06565488656195459,0.004723007422206165,0.8884035998762576,3.3678388005597166e-05
46,2.5,0.02,117.10000000000002,0.013157894736842101,0.616315789473684,0.05,7.574049999999997,0.06468018787361227,0.005903759277757706,0.8943073591540153,5.262248125874557e-05
24,1.0,0.02,118.10000000000002,0.00526315789473684,0.6215789473684209,0.02,7.594049999999997,0.06430186282811173,0.0023615037111030827,0.8966688628651184,8.419597001399292e-06
125,2.0,0.019,120.10000000000002,0.01052631578947368,0.6321052631578946,0.038,7.632049999999997,0.06354746044962527,0.004486857051095857,0.9011557199162142,3.647506185256826e-05
37,1.0,0.019,121.10000000000002,0.00526315789473684,0.6373684210526315,0.019,7.651049999999997,0.06317960363336082,0.0022434285255479285,0.9033991484417622,9.118765463142065e-06
20,1.2100000000000009,0.019,122.31000000000003,0.006368421052631581,0.643736842105263,0.022990000000000014,7.674039999999997,0.06274253944894118,0.0027145485159129953,0.9061136969576752,1.3350784514586316e-05
91,2.0,0.019,124.31000000000003,0.01052631578947368,0.6542631578947368,0.038,7.712039999999997,0.06203877403266025,0.004486857051095857,0.910600554008771,3.647506185256826e-05
72,0.8499999999999943,0.018,125.16000000000003,0.004473684210526284,0.6587368421052631,0.015299999999999897,7.727339999999997,0.061739693192713295,0.001806550338993846,0.9124071043477648,7.113603088675616e-06
3,1.0,0.018,126.16000000000003,0.00526315789473684,0.6639999999999999,0.018,7.745339999999997,0.06139299302473047,0.0021253533399927743,0.9145324576877576,9.845817423772611e-06
17,1.0,0.018,127.16000000000003,0.00526315789473684,0.6692631578947368,0.018,7.763339999999997,0.06105174583202261,0.0021253533399927743,0.9166578110277503,9.845817423772611e-06
74,2.0,0.017,129.16000000000003,0.01052631578947368,0.6797894736842105,0.034,7.797339999999997,0.06036961907711362,0.00401455630887524,0.9206723673366256,4.240301153316367e-05
78,2.0,0.017,131.16000000000003,0.01052631578947368,0.6903157894736842,0.034,7.831339999999996,0.05970829521195482,0.00401455630887524,0.9246869236455009,4.240301153316367e-05
67,1.7399999999999949,0.016,132.90000000000003,0.009157894736842075,0.6994736842105262,0.02783999999999992,7.859179999999997,0.05913604213694503,0.0032872131658554815,0.9279741368113563,3.446490210792163e-05
114,2.0,0.016,134.90000000000003,0.01052631578947368,0.71,0.032,7.891179999999997,0.058496515937731614,0.003778405937764932,0.9317525427491212,4.5534287366787994e-05
75,2.0,0.016,136.90000000000003,0.01052631578947368,0.7205263157894737,0.032,7.923179999999997,0.057875675675675635,0.003778405937764932,0.9355309486868861,4.5534287366787994e-05
7,1.4000000000000004,0.015,138.30000000000004,0.007368421052631579,0.7278947368421053,0.021000000000000005,7.944179999999997,0.057441648590021654,0.0024795788966582373,0.9380105275835444,2.3900777626022072e-05
76,2.0,0.015,140.30000000000004,0.01052631578947368,0.738421052631579,0.03,7.974179999999997,0.05683663578047038,0.0035422555666546236,0.9415527831501991,4.8777097195963386e-05
99,2.0,0.014,142.30000000000004,0.01052631578947368,0.7489473684210527,0.028,8.002179999999997,0.05623457484188331,0.0033061051955443157,0.9448588883457434,5.213144102068985e-05
49,2.1499999999999986,0.014,144.45000000000005,0.0113157894736842,0.7602631578947369,0.03009999999999998,8.032279999999997,0.05560595361716853,0.0035540630852101372,0.9484129514309535,6.024439652953463e-05
27,1.6000000000000014,0.014,146.05000000000004,0.008421052631578952,0.7686842105263159,0.02240000000000002,8.054679999999996,0.05515015405682981,0.002644884156435455,0.951057835587389,3.336412225324156e-05
80,2.0,0.014,148.05000000000004,0.01052631578947368,0.7792105263157896,0.028,8.082679999999996,0.054594258696386316,0.0033061051955443157,0.9543639407829333,5.213144102068985e-05
112,2.0,0.014,150.05000000000004,0.01052631578947368,0.7897368421052633,0.028,8.110679999999997,0.05405318227257577,0.0033061051955443157,0.9576700459784776,5.213144102068985e-05
77,2.0,0.014,152.05000000000004,0.01052631578947368,0.800263157894737,0.028,8.138679999999997,0.05352634001973032,0.0033061051955443157,0.9609761511740219,5.213144102068985e-05
122,2.0,0.013,154.05000000000004,0.01052631578947368,0.8107894736842107,0.026,8.164679999999997,0.05300019474196686,0.0030699548244340073,0.964046105998456,5.559731884096739e-05
127,1.5,0.013,155.55000000000004,0.00789473684210526,0.818684210526316,0.0195,8.184179999999998,0.05261446480231434,0.0023024661183255056,0.9663485721167815,3.1273491848044156e-05
106,1.5999999999999943,0.013,157.15000000000003,0.008421052631578914,0.8271052631578949,0.020799999999999926,8.204979999999997,0.052211135857461,0.002455963859547197,0.9688045359763287,3.5582284058218874e-05
25,1.5,0.011,158.65000000000003,0.00789473684210526,0.8350000000000002,0.0165,8.221479999999998,0.051821493854396446,0.0019482405616600433,0.9707527765379887,3.5360818013348803e-05
2,1.0,0.011,159.65000000000003,0.00526315789473684,0.840263157894737,0.011,8.232479999999997,0.05156580018791103,0.0012988270411066953,0.9720516035790955,1.5715919117043912e-05
11,0.6000000000000014,0.011,160.25000000000003,0.0031578947368421117,0.8434210526315792,0.006600000000000016,8.239079999999998,0.05141391575663024,0.0007792962246640191,0.9728308998037595,5.657730882135835e-06
73,1.4500000000000028,0.011,161.70000000000005,0.007631578947368434,0.8510526315789476,0.01595000000000003,8.255029999999998,0.051051515151515126,0.001883299209604712,0.9747141990133642,3.304271994358495e-05
26,2.0,0.01,163.70000000000005,0.01052631578947368,0.8615789473684213,0.02,8.275029999999997,0.050549969456322515,0.0023615037111030827,0.9770757027244673,6.66641562751064e-05
103,2.0,0.01,165.70000000000005,0.01052631578947368,0.872105263157895,0.02,8.295029999999997,0.05006053108026551,0.0023615037111030827,0.9794372064355704,6.66641562751064e-05
102,2.0,0.01,167.70000000000005,0.01052631578947368,0.8826315789473688,0.02,8.315029999999997,0.049582766845557506,0.0023615037111030827,0.9817987101466735,6.66641562751064e-05
83,2.0,0.01,169.70000000000005,0.01052631578947368,0.8931578947368425,0.02,8.335029999999996,0.049116263995285764,0.0023615037111030827,0.9841602138577766,6.66641562751064e-05
89,2.0,0.01,171.70000000000005,0.01052631578947368,0.9036842105263162,0.02,8.355029999999996,0.04866062900407684,0.0023615037111030827,0.9865217175688797,6.66641562751064e-05
81,2.0,0.009,173.70000000000005,0.01052631578947368,0.9142105263157899,0.018,8.373029999999996,0.0482039723661485,0.0021253533399927743,0.9886470709088725,7.057617007758824e-05
93,1.4000000000000057,0.009,175.10000000000005,0.0073684210526316065,0.9215789473684215,0.01260000000000005,8.385629999999997,0.04789051970302681,0.001487747337994948,0.9901348182468674,3.458232333801852e-05
109,2.0,0.009,177.10000000000005,0.01052631578947368,0.9321052631578952,0.018,8.403629999999998,0.047451326933935604,0.0021253533399927743,0.9922601715868602,7.057617007758824e-05
104,2.0,0.008,179.10000000000005,0.01052631578947368,0.9426315789473689,0.016,8.419629999999998,0.04701077610273588,0.001889202968882466,0.9941493745557427,7.459971787562114e-05
105,2.0,0.006,181.10000000000005,0.01052631578947368,0.9531578947368426,0.012,8.431629999999998,0.04655786858089451,0.0014169022266618495,0.9955662767824045,8.298141545834016e-05
101,2.0,0.005,183.10000000000005,0.01052631578947368,0.9636842105263164,0.01,8.441629999999998,0.046103932277444,0.0011807518555515414,0.9967470286379561,8.733956524302628e-05
108,1.9499999999999886,0.005,185.05000000000004,0.01026315789473678,0.9739473684210531,0.009749999999999943,8.451379999999999,0.045670791677924864,0.001151233059162746,0.9978982616971188,8.302717420915089e-05
100,2.0,0.004,187.05000000000004,0.01052631578947368,0.9844736842105268,0.008,8.459379999999998,0.04522523389468054,0.000944601484441233,0.99884286318156,9.180924902326346e-05
107,0.950000000000017,0.004,188.00000000000006,0.005000000000000089,0.989473684210527,0.003800000000000068,8.463179999999998,0.045016914893617,0.00044868570510959375,0.9992915488866696,2.0714461810874564e-05
82,2.0,0.003,190.00000000000006,0.01052631578947368,1.0000000000000007,0.006,8.469179999999998,0.044574631578947345,0.0007084511133309247,1.0000000000000004,9.63904667990517e-05
