,weight,grade,cml_weight,weight_pct,cml_weight_pct,yield,cml_yield,cml_grade,recovery,cml_recovery,distributional_heterogeneity
77,0.03999999999999204,16.3,0.03999999999999204,0.00020528611752626148,0.00020528611752626148,0.6519999999998703,0.6519999999998703,16.3,0.058690728665188936,0.058690728665188936,0.003420546989995951
56,0.6800000000000068,1.83,0.7199999999999989,0.0034898639979471743,0.003695150115473436,1.2444000000000126,1.896399999999883,2.633888888888731,0.11201647661192696,0.1707072052771159,0.011778025645464834
32,1.3000000000000043,1.7,2.020000000000003,0.006671798819604847,0.010366948935078283,2.210000000000007,4.106399999999891,2.0328712871286556,0.19893636556762845,0.3696435708447443,0.03696566362680523
58,0.5400000000000063,0.563,2.5600000000000094,0.0027713625866051133,0.013138311521683396,0.3040200000000035,4.410419999999894,1.7228203124999522,0.027366802651525298,0.3970103734962696,0.000604935671987081
33,1.5,0.486,4.060000000000009,0.007698229407236337,0.020836540928919733,0.729,5.139419999999894,1.2658669950738626,0.06562199570081478,0.4626323691970844,0.0033551627016330946
37,2.0,0.334,6.060000000000009,0.010264305876315116,0.03110084680523485,0.668,5.807419999999894,0.9583201320131823,0.060130991945328234,0.5227633611424126,0.0024866863795055066
40,0.7800000000000011,0.171,6.8400000000000105,0.004003079291762901,0.03510392609699775,0.1333800000000002,5.940799999999894,0.8685380116958895,0.012006394768963908,0.5347697559113765,6.40530586276052e-05
105,0.549999999999983,0.168,7.3899999999999935,0.0028226841159865695,0.03792661021298432,0.09239999999999714,6.033199999999891,0.8164005412719751,0.00831752044273676,0.5430872763541134,3.0193226257773534e-05
62,1.230000000000004,0.157,8.619999999999997,0.006312548113933817,0.04423915832691813,0.19311000000000061,6.226309999999891,0.72230974477957,0.017383077626590377,0.5604703539807038,0.00012255662369059988
39,0.6500000000000057,0.113,9.270000000000003,0.003335899409802442,0.04757505773672058,0.07345000000000064,6.299759999999892,0.6795857605177874,0.006611708620335923,0.5670820626010397,1.0730925983815993e-05
30,1.5,0.11,10.770000000000003,0.007698229407236337,0.05527328714395691,0.165,6.464759999999892,0.6002562674094605,0.014852715076316105,0.5819347776773558,5.118666518906776e-05
36,2.0,0.106,12.770000000000003,0.010264305876315116,0.06553759302027203,0.212,6.6767599999998914,0.5228472983555121,0.019083488461690994,0.6010182661390467,7.777798147419715e-05
64,2.0,0.095,14.770000000000003,0.010264305876315116,0.07580189889658714,0.19,6.866759999999892,0.4649126607989093,0.017103126451515516,0.6181213925905622,4.6769466859784304e-05
76,0.8900000000000148,0.08,15.660000000000018,0.004567616114960303,0.08036951501154745,0.07120000000000118,6.937959999999893,0.4430370370370297,0.006409171596568025,0.6245305641871303,3.391326591839453e-06
38,1.8999999999999915,0.075,17.56000000000001,0.009751090582499317,0.09012060559404676,0.14249999999999935,7.080459999999892,0.4032152619589914,0.012827344838636578,0.6373579090257668,9.46334024840261e-06
63,2.0,0.069,19.56000000000001,0.010264305876315116,0.10038491147036188,0.138,7.218459999999892,0.36904192229038285,0.012422270791100743,0.6497801798168675,4.6568125734457365e-06
61,0.36999999999999034,0.068,19.93,0.0018988965871182468,0.10228380805748012,0.025159999999999346,7.243619999999892,0.3634530858002956,0.002264814008000627,0.6520449938248681,1.338955589052129e-07
28,1.8299999999999983,0.054,21.759999999999998,0.009391839876828323,0.11167564793430844,0.09881999999999991,7.3424399999998915,0.3374283088235245,0.008895426083888219,0.6609404199087564,2.464266538211806e-07
23,1.9500000000000028,0.053,23.71,0.010007698229407253,0.12168334616371569,0.10335000000000015,7.445789999999891,0.31403584985237837,0.009303200625074374,0.6702436205338308,4.963168745107666e-07
69,2.0,0.053,25.71,0.010264305876315116,0.1319476520400308,0.106,7.551789999999891,0.2937296771684127,0.009541744230845497,0.6797853647646763,5.220953315037635e-07
100,0.30000000000001137,0.052,26.010000000000012,0.0015396458814473258,0.13348729792147815,0.01560000000000059,7.567389999999892,0.2909415609380964,0.0014042566981244849,0.6811896214628008,1.8330230960825835e-08
84,2.0,0.051,28.010000000000012,0.010264305876315116,0.14375160379779325,0.102,7.6693899999998925,0.2738089967868579,0.009181678410813592,0.6903712998736145,1.1720822290582557e-06
21,1.5,0.05,29.510000000000012,0.007698229407236337,0.15144983320502958,0.07500000000000001,7.744389999999893,0.2624327346662111,0.00675123412559823,0.6971225339992126,8.968000634448385e-07
65,2.0,0.05,31.510000000000012,0.010264305876315116,0.1617141390813447,0.1,7.844389999999892,0.24894922246905393,0.00900164550079764,0.7061241795000103,1.5943112239019352e-06
22,2.0,0.048,33.51000000000001,0.010264305876315116,0.1719784449576598,0.096,7.940389999999892,0.23695583407937598,0.008641579680765734,0.714765759180776,2.6332403057221727e-06
29,1.3999999999999986,0.047,34.91000000000001,0.007185014113420574,0.17916345907108036,0.06579999999999993,8.006189999999892,0.2293380120309335,0.00592308273952484,0.7206888419203008,1.5924707924223738e-06
18,2.0,0.043,36.91000000000001,0.010264305876315116,0.18942776494739547,0.086,8.092189999999892,0.21924112706583282,0.007741415130685969,0.7284302570509867,6.364977714381195e-06
17,2.0,0.043,38.91000000000001,0.010264305876315116,0.19969207082371057,0.086,8.178189999999892,0.21018221536879697,0.007741415130685969,0.7361716721816727,6.364977714381195e-06
20,2.0,0.042,40.91000000000001,0.010264305876315116,0.20995637670002568,0.084,8.262189999999892,0.2019601564409653,0.007561382220670017,0.7437330544023427,7.305796288245865e-06
19,2.0,0.041,42.91000000000001,0.010264305876315116,0.22022068257634078,0.082,8.344189999999893,0.19445793521323446,0.007381349310654064,0.7511144037129968,8.311438559488166e-06
80,0.4000000000000057,0.04,43.31000000000002,0.0020528611752630523,0.22227354375160382,0.01600000000000023,8.360189999999893,0.19303140152389495,0.0014402632801276429,0.7525546669931245,3.752761811243344e-07
83,2.0,0.038,45.31000000000002,0.010264305876315116,0.23253784962791893,0.076,8.436189999999893,0.1861882586625445,0.006841250580606206,0.7593959175737307,1.1717307557480819e-05
106,0.5500000000000114,0.037,45.86000000000003,0.0028226841159867152,0.23536053374390564,0.02035000000000042,8.456539999999894,0.18439904055821824,0.0018318348594123573,0.7612277524331431,9.817822492539578e-07
82,1.5,0.035,47.36000000000003,0.007698229407236337,0.24305876315114197,0.052500000000000005,8.509039999999894,0.17966722972972737,0.0047258638879187605,0.7659536163210618,8.834956780428043e-06
10,1.8500000000000014,0.034,49.21000000000003,0.00949448293559149,0.25255324608673346,0.06290000000000005,8.571939999999895,0.17419101808575269,0.00566203502000172,0.7716156513410636,1.4687657025708372e-05
31,1.5,0.034,50.71000000000003,0.007698229407236337,0.2602514754939698,0.051000000000000004,8.622939999999895,0.17004417274699055,0.004590839205406796,0.7762064905464704,9.655873866426234e-06
75,1.1999999999999886,0.034,51.91000000000002,0.006158583525789011,0.26641005901975884,0.040799999999999614,8.663739999999894,0.1668992486996704,0.003672671364325402,0.7798791619107958,6.179759274512672e-06
115,2.0,0.034,53.91000000000002,0.010264305876315116,0.27667436489607394,0.068,8.731739999999894,0.16196883695047098,0.006121118940542395,0.7860002808513381,1.716599798475775e-05
35,2.0,0.033,55.91000000000002,0.010264305876315116,0.28693867077238905,0.066,8.797739999999894,0.15735539259524042,0.0059410860305264416,0.7919413668818646,1.869022983502105e-05
70,2.0,0.032,57.91000000000002,0.010264305876315116,0.29720297664870415,0.064,8.861739999999894,0.15302607494387657,0.005761053120510489,0.797702420002375,2.0279285382661967e-05
8,1.1000000000000014,0.031,59.01000000000002,0.005645368231973321,0.30284834488067747,0.03410000000000005,8.895839999999895,0.1507513980681222,0.003069561115771999,0.800771981118147,6.634782299873372e-06
113,2.0,0.03,61.01000000000002,0.010264305876315116,0.31311265075699257,0.06,8.955839999999895,0.14679298475659552,0.005400987300478583,0.8061729684186255,2.365186757007668e-05
68,2.0,0.029,63.01000000000002,0.010264305876315116,0.3233769566333077,0.058,9.013839999999895,0.14305411839390403,0.005220954390462631,0.8113939228090882,2.543539420985047e-05
78,1.8700000000000045,0.029,64.88000000000002,0.009597125994354657,0.3329740826276623,0.05423000000000013,9.068069999999896,0.13976680024660745,0.0048815923550825716,0.8162755151641707,2.2236257503106635e-05
103,0.3800000000000239,0.028,65.26000000000005,0.0019502181164999946,0.3349243007441623,0.010640000000000668,9.078709999999896,0.13911599754826678,0.0009577750812849289,0.8172332902454557,9.84943178146892e-07
16,2.0,0.028,67.26000000000005,0.010264305876315116,0.3451886066204774,0.056,9.134709999999895,0.1358119238774887,0.0050409214804466775,0.8222742117259023,2.7283744547001888e-05
85,2.0,0.027,69.26000000000005,0.010264305876315116,0.3554529124967925,0.054,9.188709999999896,0.1326697949754532,0.004860888570430725,0.8271351002963331,2.919691858153093e-05
2,2.0,0.027,71.26000000000005,0.010264305876315116,0.3657172183731076,0.054,9.242709999999896,0.1297040415380282,0.004860888570430725,0.8319959888667638,2.919691858153093e-05
3,2.0,0.026,73.26000000000005,0.010264305876315116,0.3759815242494227,0.052,9.294709999999895,0.12687291837291687,0.004680855660414772,0.8366768445271786,3.11749163134376e-05
81,2.0999999999999943,0.025,75.36000000000004,0.010777521170130843,0.3867590454195536,0.05249999999999986,9.347209999999896,0.1240341029723977,0.0047258638879187475,0.8414027084150973,3.662255586135067e-05
66,2.0,0.025,77.36000000000004,0.010264305876315116,0.3970233512958687,0.05,9.397209999999896,0.12147375904860253,0.00450082275039882,0.8459035311654962,3.321773774272188e-05
59,1.0,0.025,78.36000000000004,0.005132152938157558,0.40215550423402624,0.025,9.422209999999897,0.12024259826441924,0.00225041137519941,0.8481539425406956,8.30443443568047e-06
13,1.5,0.024,79.86000000000004,0.007698229407236337,0.4098537336412626,0.036000000000000004,9.458209999999896,0.11843488605058716,0.0032405923802871503,0.8513945349209828,1.987052786402839e-05
15,1.8999999999999986,0.024,81.76000000000005,0.009751090582499353,0.41960482422376194,0.04559999999999997,9.503809999999897,0.11624033757338419,0.004104750348363721,0.8554992852693466,3.188115803961883e-05
110,2.0,0.023,83.76000000000005,0.010264305876315116,0.42986913010007705,0.046,9.549809999999896,0.11401396848137405,0.0041407569303669135,0.8596400421997135,3.749785169342334e-05
107,2.0,0.023,85.76000000000005,0.010264305876315116,0.44013343597639215,0.046,9.595809999999895,0.111891441231342,0.0041407569303669135,0.8637807991300803,3.749785169342334e-05
118,1.0,0.023,86.76000000000005,0.005132152938157558,0.4452655889145497,0.023,9.618809999999895,0.11086687413554507,0.0020703784651834567,0.8658511775952638,9.374462923355834e-06
57,0.8099999999999881,0.022,87.57000000000004,0.004157043879907561,0.44942263279445727,0.017819999999999735,9.636629999999895,0.11004487838300664,0.0016040932282421155,0.8674552708235058,6.517557029839022e-06
71,2.0,0.022,89.57000000000004,0.010264305876315116,0.45968693867077237,0.044,9.680629999999896,0.10807893267835092,0.003960724020350961,0.8714159948438568,3.97351442148405e-05
1,2.0,0.022,91.57000000000004,0.010264305876315116,0.4699512445470875,0.044,9.724629999999896,0.1061988642568515,0.003960724020350961,0.8753767188642078,3.97351442148405e-05
60,0.9000000000000057,0.022,92.47000000000004,0.004618937644341832,0.4745701821914293,0.019800000000000123,9.744429999999896,0.10537936628095482,0.0017823258091579435,0.8771590446733657,8.046366703505303e-06
109,2.0,0.022,94.47000000000004,0.010264305876315116,0.48483448806774443,0.044,9.788429999999897,0.10361416322641995,0.003960724020350961,0.8811197686937167,3.97351442148405e-05
74,2.0,0.022,96.47000000000004,0.010264305876315116,0.49509879394405953,0.044,9.832429999999897,0.10192215196434014,0.003960724020350961,0.8850804927140676,3.97351442148405e-05
51,1.25,0.021,97.72000000000004,0.006415191172696948,0.5015139851167565,0.026250000000000002,9.858679999999897,0.10088702415063336,0.0023629319439593803,0.8874434246580271,1.642080485688878e-05
114,2.0,0.02,99.72000000000004,0.010264305876315116,0.5117782909930716,0.04,9.898679999999896,0.09926474127557051,0.0036006582003190557,0.8910440828583461,4.440420034980769e-05
52,2.0,0.02,101.72000000000004,0.010264305876315116,0.5220425968693867,0.04,9.938679999999895,0.09770625245772602,0.0036006582003190557,0.8946447410586652,4.440420034980769e-05
50,2.25,0.02,103.97000000000004,0.011547344110854505,0.5335899409802412,0.045,9.983679999999895,0.0960246224872549,0.004050740475358938,0.8986954815340241,5.6199066067725355e-05
43,2.0,0.02,105.97000000000004,0.010264305876315116,0.5438542468565563,0.04,10.023679999999894,0.09458978956308285,0.0036006582003190557,0.9022961397343432,4.440420034980769e-05
73,2.0,0.02,107.97000000000004,0.010264305876315116,0.5541185527328714,0.04,10.063679999999893,0.09320811336482254,0.0036006582003190557,0.9058967979346623,4.440420034980769e-05
47,2.0,0.02,109.97000000000004,0.010264305876315116,0.5643828586091865,0.04,10.103679999999892,0.09187669364372,0.0036006582003190557,0.9094974561349813,4.440420034980769e-05
95,2.0,0.02,111.97000000000004,0.010264305876315116,0.5746471644855016,0.04,10.143679999999891,0.09059283736715092,0.0036006582003190557,0.9130981143353004,4.440420034980769e-05
99,1.5999999999999943,0.019,113.57000000000004,0.008211444701052064,0.5828586091865536,0.030399999999999892,10.174079999999892,0.08958422118517116,0.0027365002322424724,0.9158346145675429,2.9975016936548728e-05
67,2.0,0.019,115.57000000000004,0.010264305876315116,0.5931229150628687,0.038,10.212079999999892,0.08836272389028198,0.003420625290303103,0.919255239857846,4.683596396335772e-05
91,2.0,0.018,117.57000000000004,0.010264305876315116,0.6033872209391838,0.036,10.248079999999891,0.08716577358169506,0.00324059238028715,0.9224958322381331,4.933255127428539e-05
41,0.9699999999999989,0.018,118.54000000000003,0.004978188350012826,0.6083654092891967,0.01745999999999998,10.265539999999891,0.08659979753669553,0.001571687304439266,0.9240675195425724,1.1604249373493754e-05
96,2.0,0.017,120.54000000000003,0.010264305876315116,0.6186297151655118,0.034,10.299539999999892,0.08544499751119868,0.0030605594702711974,0.9271280790128436,5.189396228259067e-05
0,2.0,0.017,122.54000000000003,0.010264305876315116,0.6288940210418269,0.034,10.333539999999893,0.08432789293291897,0.0030605594702711974,0.9301886384831147,5.189396228259067e-05
116,2.0,0.016,124.54000000000003,0.010264305876315116,0.639158326918142,0.032,10.365539999999893,0.08323060863979356,0.0028805265602552445,0.93306916504337,5.4520196988273586e-05
34,2.0,0.015,126.54000000000003,0.010264305876315116,0.6494226327944571,0.03,10.395539999999892,0.08215220483641449,0.0027004936502392917,0.9357696586936093,5.721125539133412e-05
9,1.6999999999999993,0.015,128.24000000000004,0.008724659994867845,0.6581472927893249,0.025499999999999988,10.421039999999891,0.08126200873362359,0.0022954196027033967,0.9380650782963127,4.133513202023886e-05
48,2.0,0.015,130.24000000000004,0.010264305876315116,0.66841159866564,0.03,10.45103999999989,0.08024447174447089,0.0027004936502392917,0.940765571946552,5.721125539133412e-05
112,2.0,0.015,132.24000000000004,0.010264305876315116,0.6786759045419551,0.03,10.48103999999989,0.07925771324863798,0.0027004936502392917,0.9434660655967912,5.721125539133412e-05
42,2.0,0.014,134.24000000000004,0.010264305876315116,0.6889402104182702,0.028,10.50903999999989,0.07828545887961776,0.0025204607402233388,0.9459865263370146,5.996713749177228e-05
46,2.0,0.014,136.24000000000004,0.010264305876315116,0.6992045162945854,0.028,10.537039999999891,0.07734174985319942,0.0025204607402233388,0.948506987077238,5.996713749177228e-05
6,1.1000000000000014,0.014,137.34000000000003,0.005645368231973321,0.7048498845265587,0.01540000000000002,10.55243999999989,0.07683442551332378,0.001386253407122838,0.9498932404843609,1.814005909126116e-05
12,2.0,0.014,139.34000000000003,0.010264305876315116,0.7151141904028738,0.028,10.580439999999891,0.0759325391129603,0.0025204607402233388,0.9524137012245842,5.996713749177228e-05
7,1.0999999999999979,0.014,140.44000000000003,0.005645368231973303,0.7207595586348471,0.015399999999999971,10.59583999999989,0.07544745086869759,0.0013862534071228338,0.9537999546317071,1.814005909126104e-05
102,0.9499999999999886,0.013,141.39000000000001,0.004875545291249622,0.7256351039260968,0.012349999999999852,10.60818999999989,0.07502786618572664,0.0011117032193484952,0.9549116578510556,1.4166507142212967e-05
92,2.0,0.013,143.39000000000001,0.010264305876315116,0.7358994098024119,0.026,10.63418999999989,0.07416270311737143,0.002340427830207386,0.957252085681263,6.278784328958806e-05
79,2.0,0.013,145.39000000000001,0.010264305876315116,0.746163715678727,0.026,10.66018999999989,0.0733213425957761,0.002340427830207386,0.9595925135114703,6.278784328958806e-05
111,2.0,0.013,147.39000000000001,0.010264305876315116,0.7564280215550421,0.026,10.68618999999989,0.07250281565913487,0.002340427830207386,0.9619329413416777,6.278784328958806e-05
101,1.0999999999999943,0.012,148.49,0.005645368231973285,0.7620733897870153,0.013199999999999932,10.69938999999989,0.07205461647248898,0.0011882172061052822,0.963121158547783,1.9866195267396188e-05
90,2.0,0.012,150.49,0.010264305876315116,0.7723376956633304,0.024,10.723389999999888,0.0712564954482018,0.0021603949201914334,0.9652815534679745,6.567337278478147e-05
72,2.0,0.012,152.49,0.010264305876315116,0.7826020015396455,0.024,10.747389999999887,0.07047931011869557,0.0021603949201914334,0.967441948388166,6.567337278478147e-05
26,2.1000000000000014,0.012,154.59,0.01077752117013088,0.7933795227097764,0.025200000000000018,10.772589999999887,0.06968490846755862,0.0022684146662010065,0.969710363054367,7.240489349522168e-05
86,2.0,0.011,156.59,0.010264305876315116,0.8036438285860915,0.022,10.794589999999888,0.06893537262915823,0.0019803620101754805,0.9716907250645425,6.862372597735249e-05
4,1.0,0.011,157.59,0.005132152938157558,0.8087759815242491,0.011,10.805589999999887,0.0685677390697372,0.0009901810050877403,0.9726809060696302,1.7155931494338122e-05
49,1.5,0.011,159.09,0.007698229407236337,0.8164742109314854,0.0165,10.822089999999887,0.06802495442831032,0.0014852715076316104,0.9741661775772618,3.860084586226078e-05
45,2.0,0.011,161.09,0.010264305876315116,0.8267385168078005,0.022,10.844089999999888,0.06731696567136314,0.0019803620101754805,0.9761465395874372,6.862372597735249e-05
44,2.0,0.011,163.09,0.010264305876315116,0.8370028226841156,0.022,10.866089999999888,0.06662634128395295,0.0019803620101754805,0.9781269015976127,6.862372597735249e-05
108,2.0,0.01,165.09,0.010264305876315116,0.8472671285604307,0.02,10.886089999999887,0.06594033557453442,0.0018003291001595278,0.9799272306977722,7.163890286730114e-05
117,2.0,0.01,167.09,0.010264305876315116,0.8575314344367458,0.02,10.906089999999887,0.06527075228918479,0.0018003291001595278,0.9817275597979317,7.163890286730114e-05
104,1.5699999999999932,0.01,168.66,0.008057480112907332,0.8655889145496531,0.015699999999999933,10.921789999999888,0.06475625518795143,0.0014132583436252232,0.983140818141557,4.414568291940227e-05
88,2.0,0.01,170.66,0.010264305876315116,0.8758532204259682,0.02,10.941789999999887,0.06411455525606403,0.0018003291001595278,0.9849411472417164,7.163890286730114e-05
89,2.0,0.01,172.66,0.010264305876315116,0.8861175263022834,0.02,10.961789999999887,0.06348772153364929,0.0018003291001595278,0.9867414763418759,7.163890286730114e-05
14,0.6000000000000014,0.009,173.26,0.0030792917628945423,0.8891968180651779,0.005400000000000012,10.967189999999887,0.0632990303589974,0.00048608885704307363,0.987227565198919,6.7247013109165e-06
11,2.0,0.009,175.26,0.010264305876315116,0.899461123941493,0.018,10.985189999999887,0.06267939061965017,0.001620296190143575,0.9888478613890626,7.471890345462742e-05
54,1.0,0.009,176.26,0.005132152938157558,0.9045932768796506,0.009,10.994189999999888,0.06237484398048274,0.0008101480950717875,0.9896580094841343,1.8679725863656855e-05
25,2.0,0.009,178.26,0.010264305876315116,0.9148575827559657,0.018,11.012189999999888,0.061776001346347406,0.001620296190143575,0.9912783056742779,7.471890345462742e-05
97,2.0,0.008,180.26,0.010264305876315116,0.9251218886322808,0.016,11.028189999999888,0.06117935204704254,0.0014402632801276223,0.9927185689544055,7.786372773933133e-05
53,1.0,0.008,181.26,0.005132152938157558,0.9302540415704385,0.008,11.036189999999888,0.060885964912280086,0.0007201316400638111,0.9934387005944693,1.9465931934832833e-05
55,0.46999999999999886,0.007,181.73,0.0024121118809340464,0.9326661534513725,0.003289999999999992,11.039479999999887,0.06074660210201886,0.0002961541369762416,0.9937348547314455,4.477277174215003e-06
5,1.0,0.007,182.73,0.005132152938157558,0.9377983063895301,0.007,11.046479999999887,0.06045247085864328,0.0006301151850558347,0.9943649699165014,2.0268343930353215e-05
98,2.0,0.007,184.73,0.010264305876315116,0.9480626122658452,0.014,11.060479999999886,0.05987376170627341,0.0012602303701116694,0.995625200286613,8.107337572141286e-05
87,2.0,0.006,186.73,0.010264305876315116,0.9583269181421603,0.012,11.072479999999887,0.05929673860654361,0.0010801974600957167,0.9967053977467087,8.4347847400872e-05
24,2.049999999999997,0.005,188.77999999999997,0.010520913523222979,0.9688478316653832,0.010249999999999987,11.082729999999886,0.05870711939824074,0.0009226686638317568,0.9976280664105405,9.212630438083003e-05
27,2.0700000000000003,0.005,190.84999999999997,0.010623556581986146,0.9794713882473693,0.010350000000000002,11.093079999999887,0.05812460047157395,0.0009316703093325558,0.9985597367198731,9.393265952205113e-05
94,2.0,0.004,192.84999999999997,0.010264305876315116,0.9897356941236845,0.008,11.101079999999886,0.057563287529167166,0.0007201316400638111,0.9992798683599369,9.109126185192316e-05
93,2.0,0.004,194.84999999999997,0.010264305876315116,0.9999999999999996,0.008,11.109079999999885,0.057013497562226775,0.0007201316400638111,1.0000000000000007,9.109126185192316e-05
