,weight,grade,cml_weight,weight_pct,cml_weight_pct,yield,cml_yield,cml_grade,recovery,cml_recovery,distributional_heterogeneity
76,1.0,0.111,1.0,0.005878894767783657,0.005878894767783657,0.111,0.111,0.111,0.0372780945856087,0.0372780945856087,0.0009859097491997039
8,2.0,0.097,3.0,0.011757789535567314,0.01763668430335097,0.194,0.305,0.10166666666666667,0.06515270585232512,0.10243080043793382,0.0028510170884735683
79,1.0,0.092,4.0,0.005878894767783657,0.023515579071134628,0.092,0.397,0.09925,0.03089715947636036,0.1333279599142942,0.0006259135690284145
74,1.0,0.061,5.0,0.005878894767783657,0.029394473838918286,0.061,0.458,0.0916,0.02048616008758676,0.15381412000188094,0.00021337220012312248
109,1.0,0.056,6.0,0.005878894767783657,0.035273368606701945,0.056,0.514,0.08566666666666667,0.01880696663778457,0.17262108663966552,0.0001671350422759089
77,1.0,0.052,7.0,0.005878894767783657,0.041152263374485604,0.052,0.5660000000000001,0.08085714285714286,0.017463611877942813,0.19008469851760834,0.00013420567052241435
116,1.0,0.051,8.0,0.005878894767783657,0.04703115814226926,0.051,0.6170000000000001,0.07712500000000001,0.01712777318798237,0.2072124717055907,0.00012653726571241238
113,1.0,0.049,9.0,0.005878894767783657,0.05291005291005292,0.049,0.6660000000000001,0.07400000000000001,0.016456095808061497,0.22366856751365222,0.00011187718184645461
48,2.0,0.046,11.0,0.011757789535567314,0.06466784244562024,0.092,0.7580000000000001,0.06890909090909092,0.03089715947636036,0.25456572699001256,0.0003663154817305325
75,1.0,0.04,12.0,0.005878894767783657,0.07054673721340389,0.04,0.7980000000000002,0.06650000000000002,0.013433547598417549,0.2679992745884301,5.707277939140468e-05
115,1.0,0.039,13.0,0.005878894767783657,0.07642563198118754,0.039,0.8370000000000002,0.0643846153846154,0.01309770890845711,0.2810969834968872,5.211127759758701e-05
108,1.0,0.039,14.0,0.005878894767783657,0.0823045267489712,0.039,0.8760000000000002,0.06257142857142858,0.01309770890845711,0.29419469240534435,5.211127759758701e-05
110,1.0,0.039,15.0,0.005878894767783657,0.08818342151675485,0.039,0.9150000000000003,0.06100000000000002,0.01309770890845711,0.3072924013138015,5.211127759758701e-05
78,1.0,0.036,16.0,0.005878894767783657,0.0940623162845385,0.036,0.9510000000000003,0.05943750000000002,0.012090192838575793,0.3193825941523773,3.8580223724226116e-05
25,2.0,0.034,18.0,0.011757789535567314,0.10582010582010581,0.068,1.0190000000000003,0.05661111111111113,0.022837030917309833,0.3422196250696871,0.00012274958959491593
106,1.0,0.034,19.0,0.005878894767783657,0.11169900058788947,0.034,1.0530000000000004,0.05542105263157897,0.011418515458654917,0.353638140528342,3.068739739872898e-05
101,1.0,0.034,20.0,0.005878894767783657,0.11757789535567312,0.034,1.0870000000000004,0.05435000000000002,0.011418515458654917,0.36505665598699694,3.068739739872898e-05
120,1.0,0.034,21.0,0.005878894767783657,0.12345679012345677,0.034,1.1210000000000004,0.053380952380952404,0.011418515458654917,0.37647517144565185,3.068739739872898e-05
83,1.0,0.034,22.0,0.005878894767783657,0.12933568489124042,0.034,1.1550000000000005,0.05250000000000002,0.011418515458654917,0.38789368690430676,3.068739739872898e-05
105,1.0,0.033,23.0,0.005878894767783657,0.1352145796590241,0.033,1.1880000000000004,0.0516521739130435,0.011082676768694478,0.3989763636730012,2.707934711300343e-05
111,1.0,0.032,24.0,0.005878894767783657,0.14109347442680775,0.032,1.2200000000000004,0.05083333333333335,0.010746838078734038,0.40972320175173527,2.369687207862657e-05
9,2.0,0.032,26.0,0.011757789535567314,0.15285126396237506,0.064,1.2840000000000005,0.0493846153846154,0.021493676157468077,0.4312168779092033,9.478748831450627e-05
10,2.0,0.031,28.0,0.011757789535567314,0.16460905349794236,0.062,1.3460000000000005,0.04807142857142859,0.0208219987775472,0.4520388766867505,8.215988918239358e-05
88,1.0,0.03,29.0,0.005878894767783657,0.17048794826572602,0.03,1.3760000000000006,0.047448275862068984,0.010075160698813162,0.46211403738556367,1.760864776391891e-05
81,1.0,0.03,30.0,0.005878894767783657,0.1763668430335097,0.03,1.4060000000000006,0.04686666666666669,0.010075160698813162,0.4721891980843768,1.760864776391891e-05
102,1.0,0.029,31.0,0.005878894767783657,0.18224573780129336,0.029,1.4350000000000005,0.04629032258064518,0.009739322008852722,0.48192852009322956,1.4902898483588122e-05
80,1.0,0.029,32.0,0.005878894767783657,0.18812463256907702,0.029,1.4640000000000004,0.04575000000000001,0.009739322008852722,0.4916678421020823,1.4902898483588122e-05
107,1.0,0.028,33.0,0.005878894767783657,0.1940035273368607,0.028,1.4920000000000004,0.045212121212121224,0.009403483318892285,0.5010713254209745,1.2422724454606013e-05
99,1.0,0.028,34.0,0.005878894767783657,0.19988242210464435,0.028,1.5200000000000005,0.04470588235294119,0.009403483318892285,0.5104748087398668,1.2422724454606013e-05
82,1.0,0.027,35.0,0.005878894767783657,0.20576131687242802,0.027,1.5470000000000004,0.04420000000000001,0.009067644628931846,0.5195424533687987,1.016812567697259e-05
40,2.0,0.026,37.0,0.011757789535567314,0.21751910640799532,0.052,1.5990000000000004,0.04321621621621623,0.017463611877942813,0.5370060652467414,3.2556408602751424e-05
119,1.0,0.024,38.0,0.005878894767783657,0.223398001175779,0.024,1.6230000000000004,0.042710526315789483,0.00806012855905053,0.545066193805792,4.757780852164454e-06
103,1.0,0.024,39.0,0.005878894767783657,0.22927689594356265,0.024,1.6470000000000005,0.042230769230769245,0.00806012855905053,0.5531263223648426,4.757780852164454e-06
104,1.0,0.023,40.0,0.005878894767783657,0.23515579071134632,0.023,1.6700000000000004,0.04175000000000001,0.00772428986909009,0.5608506122339327,3.4054830799257816e-06
24,2.0,0.023,42.0,0.011757789535567314,0.24691358024691362,0.046,1.7160000000000004,0.04085714285714287,0.01544857973818018,0.5762991919721129,1.3621932319703126e-05
30,0.8700000000000045,0.022,42.870000000000005,0.005114638447971808,0.25202821869488545,0.019140000000000098,1.7351400000000006,0.0404744576627012,0.00642795252584283,0.5827271444979557,1.7247938671342127e-06
84,1.0,0.022,43.870000000000005,0.005878894767783657,0.2579071134626691,0.022,1.7571400000000006,0.0400533394118988,0.007388451179129651,0.5901155956770854,2.2787605590357967e-06
2,2.0,0.022,45.870000000000005,0.011757789535567314,0.2696649029982364,0.044,1.8011400000000006,0.039266187050359724,0.014776902358259302,0.6048924980353447,9.115042236143187e-06
27,2.0,0.019,47.870000000000005,0.011757789535567314,0.28142269253380375,0.038,1.8391400000000007,0.03841946939628161,0.01276187021849667,0.6176543682538413,1.0081780178318839e-06
61,1.0,0.018,48.870000000000005,0.005878894767783657,0.2873015873015874,0.018,1.8571400000000007,0.03800163699611214,0.006045096419287897,0.6236994646731292,2.7622988962736653e-08
32,0.9500000000000028,0.018,49.82000000000001,0.005584950029394491,0.29288653733098186,0.01710000000000005,1.8742400000000008,0.037620232838217596,0.005742841598323519,0.6294423062714527,2.492974753886998e-08
95,1.0,0.018,50.82000000000001,0.005878894767783657,0.2987654320987655,0.018,1.8922400000000008,0.037234159779614334,0.006045096419287897,0.6354874026907406,2.7622988962736653e-08
94,1.0,0.018,51.82000000000001,0.005878894767783657,0.30464432686654913,0.018,1.9102400000000008,0.0368629872636048,0.006045096419287897,0.6415324991100284,2.7622988962736653e-08
52,1.0,0.018,52.82000000000001,0.005878894767783657,0.31052322163433277,0.018,1.9282400000000008,0.03650586898901932,0.006045096419287897,0.6475775955293163,2.7622988962736653e-08
118,1.0,0.018,53.82000000000001,0.005878894767783657,0.3164021164021164,0.018,1.9462400000000009,0.036162021553325915,0.006045096419287897,0.6536226919486041,2.7622988962736653e-08
5,2.0,0.018,55.82000000000001,0.011757789535567314,0.32815990593768374,0.036,1.982240000000001,0.03551128627731997,0.012090192838575793,0.6657128847871799,1.1049195585094661e-07
63,1.0,0.017,56.82000000000001,0.005878894767783657,0.3340388007054674,0.017,1.9992400000000008,0.03518549806406196,0.005709257729327458,0.6714221425165074,2.8776724816189746e-08
121,1.0,0.017,57.82000000000001,0.005878894767783657,0.339917695473251,0.017,2.0162400000000007,0.0348709789000346,0.005709257729327458,0.677131400245835,2.8776724816189746e-08
46,2.0,0.016,59.82000000000001,0.011757789535567314,0.35167548500881834,0.032,2.0482400000000007,0.03424005349381479,0.010746838078734038,0.687878238324569,1.022022848073321e-06
91,1.0,0.016,60.82000000000001,0.005878894767783657,0.357554379776602,0.016,2.0642400000000007,0.03394015126603092,0.005373419039367019,0.693251657363936,2.5550571201833027e-07
26,2.0,0.016,62.82000000000001,0.011757789535567314,0.3693121693121693,0.032,2.0962400000000008,0.03336899076727158,0.010746838078734038,0.70399849544267,1.022022848073321e-06
112,1.0,0.016,63.82000000000001,0.005878894767783657,0.37519106407995295,0.016,2.112240000000001,0.033096834848010036,0.005373419039367019,0.7093719144820371,2.5550571201833027e-07
12,2.0,0.016,65.82000000000001,0.011757789535567314,0.3869488536155203,0.032,2.144240000000001,0.032577332117897304,0.010746838078734038,0.7201187525607711,1.022022848073321e-06
117,1.0,0.016,66.82000000000001,0.005878894767783657,0.3928277483833039,0.016,2.160240000000001,0.03232924274169411,0.005373419039367019,0.7254921716001381,2.5550571201833027e-07
123,1.0,0.016,67.82000000000001,0.005878894767783657,0.39870664315108756,0.016,2.176240000000001,0.03208846947803009,0.005373419039367019,0.7308655906395052,2.5550571201833027e-07
87,1.0,0.015,68.82000000000001,0.005878894767783657,0.4045855379188712,0.015,2.191240000000001,0.03184016274338856,0.005037580349406581,0.7359031709889118,7.078099505691585e-07
93,1.0,0.015,69.82000000000001,0.005878894767783657,0.41046443268665483,0.015,2.206240000000001,0.03159896877685478,0.005037580349406581,0.7409407513383184,7.078099505691585e-07
73,1.0,0.015,70.82000000000001,0.005878894767783657,0.41634332745443847,0.015,2.221240000000001,0.031364586275063555,0.005037580349406581,0.745978331687725,7.078099505691585e-07
86,1.0,0.014,71.82000000000001,0.005878894767783657,0.4222222222222221,0.014,2.235240000000001,0.03112280701754387,0.004701741659446142,0.7506800733471711,1.3856894404686732e-06
0,2.1,0.014,73.92,0.01234567901234568,0.4345679012345678,0.029400000000000003,2.264640000000001,0.03063636363636365,0.009873657484836899,0.7605537308320081,6.110890432466848e-06
11,2.0,0.014,75.92,0.011757789535567314,0.4463256907701351,0.028,2.292640000000001,0.03019810326659643,0.009403483318892285,0.7699572141509003,5.542757761874693e-06
4,2.0,0.014,77.92,0.011757789535567314,0.45808348030570245,0.028,2.320640000000001,0.02978234086242301,0.009403483318892285,0.7793606974697926,5.542757761874693e-06
59,1.0,0.014,78.92,0.005878894767783657,0.4639623750734861,0.014,2.3346400000000007,0.029582361885453632,0.004701741659446142,0.7840624391292388,1.3856894404686732e-06
96,1.0,0.013,79.92,0.005878894767783657,0.4698412698412697,0.013,2.3476400000000006,0.029374874874874883,0.004365902969485703,0.7884283420987245,2.2891441817168765e-06
3,2.0,0.013,81.92,0.011757789535567314,0.48159905937683706,0.026,2.3736400000000004,0.028975097656250004,0.008731805938971406,0.7971601480376959,9.156576726867506e-06
19,2.0,0.013,83.92,0.011757789535567314,0.4933568489124044,0.026,2.39964,0.02859437559580553,0.008731805938971406,0.8058919539766672,9.156576726867506e-06
92,1.0,0.012,84.92,0.005878894767783657,0.499235743680188,0.012,2.4116400000000002,0.02839896373056995,0.004030064279525265,0.8099220182561925,3.418174174313766e-06
53,1.0,0.012,85.92,0.005878894767783657,0.5051146384479717,0.012,2.4236400000000002,0.02820810055865922,0.004030064279525265,0.8139520825357177,3.418174174313766e-06
47,2.0,0.012,87.92,0.011757789535567314,0.5168724279835389,0.024,2.4476400000000003,0.02783939945404914,0.00806012855905053,0.8220122110947683,1.3672696697255063e-05
100,1.0,0.011,88.92,0.005878894767783657,0.5227513227513226,0.011,2.4586400000000004,0.02765002249212776,0.0036942255895648255,0.8257064366843331,4.7727794182593445e-06
49,2.0,0.011,90.92,0.011757789535567314,0.5345091122868899,0.022,2.48064,0.027283765948086233,0.007388451179129651,0.8330948878634628,1.9091117673037378e-05
14,2.0,0.011,92.92,0.011757789535567314,0.5462669018224572,0.022,2.50264,0.026933275936289282,0.007388451179129651,0.8404833390425924,1.9091117673037378e-05
45,2.0,0.011,94.92,0.011757789535567314,0.5580246913580245,0.022,2.5246399999999998,0.026597555836493886,0.007388451179129651,0.8478717902217221,1.9091117673037378e-05
31,1.1799999999999926,0.011,96.1,0.006937095825984672,0.5649617871840091,0.012979999999999919,2.5376199999999995,0.026406035379812693,0.004359186195686467,0.8522309764174085,6.6456180619842274e-06
29,2.0,0.01,98.1,0.011757789535567314,0.5767195767195764,0.02,2.5576199999999996,0.02607155963302752,0.006716773799208774,0.8589477502166173,2.541183965421443e-05
85,1.0,0.01,99.1,0.005878894767783657,0.5825984714873601,0.01,2.5676199999999993,0.025909384460141266,0.003358386899604387,0.8623061371162217,6.352959913553608e-06
38,2.0,0.01,101.1,0.011757789535567314,0.5943562610229274,0.02,2.5876199999999994,0.025594658753709195,0.006716773799208774,0.8690229109154305,2.541183965421443e-05
28,2.0,0.009,103.1,0.011757789535567314,0.6061140505584947,0.018,2.605619999999999,0.025272744907856443,0.006045096419287897,0.8750680073347183,3.263486264078624e-05
37,2.0,0.009,105.1,0.011757789535567314,0.6178718400940619,0.018,2.623619999999999,0.024963082778306365,0.006045096419287897,0.8811131037540062,3.263486264078624e-05
36,2.0,0.009,107.1,0.011757789535567314,0.6296296296296292,0.018,2.6416199999999987,0.02466498599439775,0.006045096419287897,0.887158200173294,3.263486264078624e-05
51,1.0,0.009,108.1,0.005878894767783657,0.6355085243974129,0.009,2.6506199999999986,0.024520074005550407,0.0030225482096439484,0.890180748382938,8.15871566019656e-06
44,2.0,0.008,110.1,0.011757789535567314,0.6472663139329802,0.016,2.6666199999999987,0.02421998183469572,0.005373419039367019,0.8955541674223051,4.076018663275279e-05
21,2.0,0.008,112.1,0.011757789535567314,0.6590241034685475,0.016,2.6826199999999987,0.023930597680642273,0.005373419039367019,0.9009275864616721,4.076018663275279e-05
13,2.0,0.008,114.1,0.011757789535567314,0.6707818930041147,0.016,2.6986199999999987,0.023651358457493415,0.005373419039367019,0.9063010055010392,4.076018663275279e-05
7,2.0,0.008,116.1,0.011757789535567314,0.682539682539682,0.016,2.7146199999999987,0.023381739879414287,0.005373419039367019,0.9116744245404063,4.076018663275279e-05
89,1.0,0.008,117.1,0.005878894767783657,0.6884185773074657,0.008,2.7226199999999987,0.023250384286934236,0.0026867095196835096,0.9143611340600898,1.0190046658188198e-05
66,1.0,0.008,118.1,0.005878894767783657,0.6942974720752494,0.008,2.7306199999999987,0.02312125317527518,0.0026867095196835096,0.9170478435797733,1.0190046658188198e-05
1,2.0,0.008,120.1,0.011757789535567314,0.7060552616108167,0.016,2.7466199999999987,0.022869442131557026,0.005373419039367019,0.9224212626191404,4.076018663275279e-05
22,2.0,0.007,122.1,0.011757789535567314,0.7178130511463839,0.014,2.7606199999999985,0.0226095004095004,0.004701741659446142,0.9271230042785865,4.978781163011411e-05
17,2.0,0.007,124.1,0.011757789535567314,0.7295708406819512,0.014,2.7746199999999983,0.02235793714746171,0.004701741659446142,0.9318247459380327,4.978781163011411e-05
90,1.0,0.007,125.1,0.005878894767783657,0.7354497354497349,0.007,2.7816199999999984,0.02223517186250998,0.002350870829723071,0.9341756167677557,1.2446952907528528e-05
6,2.0,0.007,127.1,0.011757789535567314,0.7472075249853022,0.014,2.795619999999998,0.021995436664044046,0.004701741659446142,0.9388773584272019,4.978781163011411e-05
64,1.0,0.007,128.1,0.005878894767783657,0.7530864197530859,0.007,2.8026199999999983,0.02187837626854019,0.002350870829723071,0.941228229256925,1.2446952907528528e-05
23,2.0,0.006,130.1,0.011757789535567314,0.7648442092886532,0.012,2.8146199999999983,0.021634281322059943,0.004030064279525265,0.9452582935364502,5.971773763287016e-05
15,2.0,0.006,132.1,0.011757789535567314,0.7766019988242204,0.012,2.8266199999999984,0.021397577592732767,0.004030064279525265,0.9492883578159754,5.971773763287016e-05
97,1.0,0.006,133.1,0.005878894767783657,0.7824808935920041,0.006,2.832619999999998,0.02128189331329826,0.0020150321397626324,0.951303389955738,1.492943440821754e-05
60,1.0,0.006,134.1,0.005878894767783657,0.7883597883597878,0.006,2.838619999999998,0.021167934377330336,0.0020150321397626324,0.9533184220955007,1.492943440821754e-05
72,1.0,0.006,135.1,0.005878894767783657,0.7942386831275715,0.006,2.8446199999999977,0.02105566247224277,0.0020150321397626324,0.9553334542352633,1.492943440821754e-05
41,2.0,0.006,137.1,0.011757789535567314,0.8059964726631388,0.012,2.8566199999999977,0.020836032093362492,0.004030064279525265,0.9593635185147885,5.971773763287016e-05
42,2.0,0.006,139.1,0.011757789535567314,0.8177542621987061,0.012,2.8686199999999977,0.020622717469446425,0.004030064279525265,0.9633935827943138,5.971773763287016e-05
54,1.0,0.006,140.1,0.005878894767783657,0.8236331569664898,0.006,2.8746199999999975,0.020518344039971433,0.0020150321397626324,0.9654086149340764,1.492943440821754e-05
70,1.0,0.005,141.1,0.005878894767783657,0.8295120517342734,0.005,2.8796199999999974,0.02040836286321756,0.0016791934498021936,0.9670878083838785,1.763749116025524e-05
114,1.0,0.005,142.1,0.005878894767783657,0.8353909465020571,0.005,2.8846199999999973,0.020299929627023205,0.0016791934498021936,0.9687670018336807,1.763749116025524e-05
16,2.0,0.005,144.1,0.011757789535567314,0.8471487360376244,0.01,2.894619999999997,0.020087578070784158,0.003358386899604387,0.9721253887332851,7.054996464102096e-05
58,1.0,0.005,145.1,0.005878894767783657,0.8530276308054081,0.005,2.899619999999997,0.019983597518952425,0.0016791934498021936,0.9738045821830873,1.763749116025524e-05
69,1.0,0.005,146.1,0.005878894767783657,0.8589065255731918,0.005,2.904619999999997,0.01988104038329909,0.0016791934498021936,0.9754837756328895,1.763749116025524e-05
20,2.0,0.005,148.1,0.011757789535567314,0.8706643151087591,0.01,2.9146199999999967,0.019680081026333538,0.003358386899604387,0.9788421625324939,7.054996464102096e-05
67,1.0,0.004,149.1,0.005878894767783657,0.8765432098765428,0.004,2.9186199999999967,0.019574916163648537,0.0013433547598417548,0.9801855172923356,2.0571123163641632e-05
57,1.0,0.004,150.1,0.005878894767783657,0.8824221046443265,0.004,2.9226199999999967,0.019471152564956674,0.0013433547598417548,0.9815288720521773,2.0571123163641632e-05
18,2.0,0.004,152.1,0.011757789535567314,0.8941798941798937,0.008,2.9306199999999967,0.019267718606180123,0.0026867095196835096,0.9842155815718608,8.228449265456653e-05
43,2.0,0.004,154.1,0.011757789535567314,0.905937683715461,0.008,2.9386199999999967,0.019069565217391282,0.0026867095196835096,0.9869022910915444,8.228449265456653e-05
39,2.0,0.004,156.1,0.011757789535567314,0.9176954732510283,0.008,2.9466199999999967,0.01887648942985264,0.0026867095196835096,0.9895890006112279,8.228449265456653e-05
65,1.0,0.004,157.1,0.005878894767783657,0.923574368018812,0.004,2.9506199999999967,0.018781795035009527,0.0013433547598417548,0.9909323553710696,2.0571123163641632e-05
56,1.0,0.003,158.1,0.005878894767783657,0.9294532627865957,0.003,2.953619999999997,0.018681973434535086,0.0010075160698813162,0.991939871440951,2.3730330418376712e-05
33,1.0,0.003,159.1,0.005878894767783657,0.9353321575543794,0.003,2.956619999999997,0.01858340666247641,0.0010075160698813162,0.9929473875108323,2.3730330418376712e-05
122,1.0,0.002,160.1,0.005878894767783657,0.9412110523221631,0.002,2.9586199999999967,0.018479825109306663,0.0006716773799208774,0.9936190648907532,2.711511292446047e-05
68,1.0,0.002,161.1,0.005878894767783657,0.9470899470899468,0.002,2.9606199999999965,0.018377529484792033,0.0006716773799208774,0.9942907422706742,2.711511292446047e-05
35,2.0,0.002,163.1,0.011757789535567314,0.958847736625514,0.004,2.9646199999999965,0.018176701410177784,0.0013433547598417548,0.9956340970305159,0.00010846045169784188
71,1.0,0.002,164.1,0.005878894767783657,0.9647266313932977,0.002,2.9666199999999963,0.01807812309567335,0.0006716773799208774,0.9963057744104368,2.711511292446047e-05
98,1.0,0.002,165.1,0.005878894767783657,0.9706055261610814,0.002,2.968619999999996,0.017980738946093252,0.0006716773799208774,0.9969774517903577,2.711511292446047e-05
55,1.0,0.002,166.1,0.005878894767783657,0.9764844209288651,0.002,2.970619999999996,0.01788452739313664,0.0006716773799208774,0.9976491291702786,2.711511292446047e-05
50,1.0,0.002,167.1,0.005878894767783657,0.9823633156966488,0.002,2.9726199999999956,0.017789467384799494,0.0006716773799208774,0.9983208065501995,2.711511292446047e-05
34,2.0,0.002,169.1,0.011757789535567314,0.9941211052322161,0.004,2.9766199999999956,0.01760272028385568,0.0013433547598417548,0.9996641613100412,0.00010846045169784188
62,1.0,0.001,170.1,0.005878894767783657,0.9999999999999998,0.001,2.9776199999999955,0.017505114638447946,0.0003358386899604387,1.0000000000000016,3.072547068189292e-05
