,weight,grade,cml_weight,weight_pct,cml_weight_pct,yield,cml_yield,cml_grade,recovery,cml_recovery,distributional_heterogeneity
40,0.30999999999999517,3.24,0.30999999999999517,0.0015600624024960752,0.0015600624024960752,1.0043999999999844,1.0043999999999844,3.24,0.08895746001829681,0.08895746001829681,0.007638305110014372
18,0.3200000000000003,3.14,0.6299999999999955,0.0016103869961250075,0.003170449398621083,1.004800000000001,2.0091999999999857,3.1892063492063496,0.08899288712304472,0.17795034714134153,0.0076357013284311225
39,0.480000000000004,2.99,1.1099999999999994,0.002415580494187529,0.005586029892808612,1.435200000000012,3.4443999999999977,3.1030630630630625,0.1271124518302097,0.3050627989715512,0.01554930972099247
41,0.44000000000000483,1.09,1.5500000000000043,0.0022142821196719075,0.0078003120124805194,0.4796000000000053,3.924000000000003,2.5316129032258012,0.04247709859097599,0.3475398975625272,0.0016210943902019148
36,0.4199999999999946,0.919,1.9699999999999989,0.0021136329324140434,0.009913944944894563,0.38597999999999505,4.309979999999998,2.187807106598985,0.03418538472507198,0.38172528228759917,0.0010285972630498577
43,1.0,0.852,2.969999999999999,0.005032459362890644,0.014946404307785207,0.852,5.161979999999998,1.738040404040404,0.07545973310990646,0.4571850153975056,0.004960000887437105
62,2.0,0.207,4.969999999999999,0.010064918725781288,0.025011323033566495,0.414,5.575979999999998,1.121927565392354,0.036667053412560185,0.4938520688100658,0.000707673569893525
34,0.7700000000000031,0.198,5.740000000000002,0.0038749937094258113,0.028886316742992305,0.15246000000000062,5.728439999999998,0.9979860627177694,0.013503040974103741,0.5073551097841695,9.269929413087218e-05
17,2.4400000000000013,0.153,8.180000000000003,0.012279200845453177,0.041165517588445485,0.3733200000000002,6.101759999999999,0.745936430317848,0.03306411685984777,0.5404192266440173,0.00043201273372543675
33,1.3800000000000026,0.148,9.560000000000006,0.0069447939207891015,0.04811031150923459,0.20424000000000037,6.305999999999999,0.6596234309623427,0.018089079683529723,0.558508306327547,0.00012419510516162335
4,1.2100000000000009,0.136,10.770000000000007,0.006089275829097684,0.05419958733833227,0.16456000000000012,6.470559999999999,0.6007948003714015,0.014574710892683354,0.5730830172202304,7.200260821832918e-05
42,1.259999999999998,0.133,12.030000000000005,0.006340898797242201,0.06054048613557447,0.16757999999999976,6.638139999999999,0.5517988362427262,0.014842185533518905,0.5879252027537493,7.227187617239424e-05
95,0.8899999999999864,0.108,12.919999999999991,0.004478888832972604,0.06501937496854708,0.09611999999999853,6.734259999999997,0.5212275541795667,0.00851313327056819,0.5964383360243175,1.627512818227093e-05
97,1.0200000000000102,0.099,13.940000000000001,0.005133108550148508,0.07015248351869559,0.10098000000000101,6.835239999999998,0.49033285509325664,0.008943572593237597,0.6053819086175551,1.4519636223674841e-05
98,1.1699999999999875,0.088,15.109999999999989,0.00588797745458199,0.07604046097327757,0.1029599999999989,6.938199999999997,0.45917935142289884,0.009118936761732262,0.6145008453792874,1.043909804446096e-05
137,0.5800000000000125,0.084,15.690000000000001,0.0029188264304766363,0.07895928740375421,0.048720000000001054,6.986919999999998,0.44531038878266394,0.004315021358115872,0.6188158667374033,1.9493602759655302e-06
96,0.5,0.083,16.19,0.002516229681445322,0.08147551708519954,0.0415,7.028419999999998,0.43412106238418763,0.0036755621174426275,0.6224914288548459,1.344051697155447e-06
54,0.8799999999999955,0.082,17.069999999999997,0.004428564239343744,0.08590408132454329,0.07215999999999963,7.100579999999997,0.4159683655536027,0.006391049696256834,0.6288824785511027,3.851349168595383e-06
37,0.9299999999999997,0.081,17.999999999999996,0.004680187207488297,0.09058426853203158,0.07532999999999998,7.175909999999997,0.3986616666666666,0.006671809501372362,0.635554288052475,3.966559361496026e-06
38,1.3800000000000026,0.076,19.38,0.0069447939207891015,0.09752906245282068,0.1048800000000002,7.280789999999998,0.3756857585139318,0.009288986864515264,0.6448432749169903,5.495240557415533e-06
87,0.9499999999999886,0.072,20.329999999999988,0.0047808363947460545,0.10230989884756674,0.06839999999999917,7.3491899999999974,0.3614948352188884,0.006058034911640305,0.6509013098286306,1.6312360515568754e-06
9,1.0,0.07,21.329999999999988,0.005032459362890644,0.10734235821045737,0.07,7.419189999999998,0.3478288795124239,0.006199743330626119,0.6571010531592567,1.3625518613322741e-06
8,1.0,0.069,22.329999999999988,0.005032459362890644,0.11237481757334802,0.069,7.488189999999998,0.33534214061800277,0.006111175568760031,0.6632122287280168,1.1636286528052475e-06
35,0.6099999999999994,0.066,22.939999999999987,0.00306980021136329,0.11544461778471131,0.04025999999999996,7.528449999999998,0.3281800348735833,0.0035657380927286756,0.6667779668207454,2.4595438217318776e-07
140,0.8100000000000023,0.064,23.74999999999999,0.004076292083941433,0.11952090986865274,0.05184000000000015,7.580289999999998,0.319170105263158,0.004591352775137984,0.6713693195958834,2.652875156158692e-07
19,1.0,0.06,24.74999999999999,0.005032459362890644,0.12455336923154339,0.06,7.640289999999998,0.3086985858585859,0.005314065711965244,0.6766833853078487,7.930213583912577e-08
27,0.29999999999999716,0.059,25.049999999999986,0.001509737808867179,0.12606310704041057,0.01769999999999983,7.657989999999997,0.3057081836327346,0.001567649385029732,0.6782510346928784,3.353750653631219e-09
59,0.6899999999999977,0.059,25.739999999999984,0.0034723969603945326,0.1295355040008051,0.040709999999999864,7.698699999999997,0.29909479409479417,0.003605593585568406,0.6818566282784468,1.7741340957709368e-08
91,1.0,0.058,26.739999999999984,0.005032459362890644,0.13456796336369575,0.058,7.756699999999997,0.29007853403141365,0.005136930188233069,0.6869935584666799,1.0914153347727714e-08
25,1.0,0.055,27.739999999999984,0.005032459362890644,0.1396004227265864,0.055,7.8116999999999965,0.2816041816870945,0.004871226902634807,0.6918647853693147,2.5995906240149825e-08
90,1.0,0.054,28.739999999999984,0.005032459362890644,0.14463288208947706,0.054,7.865699999999997,0.2736847599164927,0.0047826591407687195,0.6966474445100834,6.240015097216244e-08
58,1.0900000000000034,0.048,29.829999999999988,0.005485380705550819,0.15011826279502788,0.052320000000000165,7.918019999999997,0.26543814951391215,0.004633865300833708,0.7012813098109172,7.250784844705455e-07
128,1.1299999999999955,0.048,30.959999999999983,0.005686679080066405,0.15580494187509428,0.05423999999999978,7.972259999999997,0.25750193798449617,0.004803915403616562,0.7060852252145338,7.792717084592427e-07
53,1.0,0.047,31.959999999999983,0.005032459362890644,0.16083740123798493,0.047,8.019259999999997,0.2509155193992491,0.0041626848077061076,0.7102479100222399,7.565077768464566e-07
32,0.9600000000000009,0.046,32.91999999999999,0.004831160988375023,0.16566856222635995,0.04416000000000004,8.063419999999997,0.24493985419198055,0.003911152364006423,0.7141590623862463,8.464158689126018e-07
12,1.0300000000000011,0.043,33.94999999999999,0.005183433143777369,0.17085199537013732,0.044290000000000045,8.107709999999997,0.23881325478645066,0.003922666173049015,0.7180817285592953,1.5895333544795488e-06
80,2.0,0.042,35.94999999999999,0.010064918725781288,0.1809169140959186,0.084,8.191709999999997,0.22786397774687064,0.007439691996751342,0.7255214205560466,6.891815378813263e-06
7,1.8399999999999999,0.041,37.78999999999999,0.009259725227718783,0.19017663932363738,0.07544,8.267149999999997,0.21876554644085736,0.006681551955177633,0.7322029725112242,6.6469774232455405e-06
16,1.0399999999999991,0.041,38.82999999999999,0.005233757737406265,0.19541039706104363,0.04263999999999997,8.309789999999998,0.2140043780582024,0.0037765293659699642,0.7359795018771942,2.1235145265188937e-06
52,1.0,0.041,39.82999999999999,0.005032459362890644,0.20044285642393428,0.041,8.350789999999998,0.20966080843585239,0.0036312782365095836,0.7396107801137037,1.9633085489264952e-06
139,1.039999999999992,0.04,40.86999999999998,0.005233757737406229,0.2056766141613405,0.041599999999999686,8.392389999999997,0.20534352826033767,0.003684418893629208,0.743295199007333,2.4004508528363177e-06
101,1.0,0.039,41.86999999999998,0.005032459362890644,0.21070907352423116,0.039,8.431389999999997,0.20137067112491044,0.0034541427127774086,0.7467493417201104,2.4910834480246633e-06
138,0.6599999999999966,0.038,42.52999999999998,0.0033214231795078075,0.21403049670373897,0.02507999999999987,8.456469999999996,0.19883541029861274,0.0022212794676014606,0.7489706211877118,1.2103161868470752e-06
23,0.740000000000002,0.038,43.26999999999998,0.003724019928539086,0.21775451663227804,0.028120000000000075,8.484589999999995,0.19608481626993296,0.0024905254636743844,0.7514611466513862,1.521508594851857e-06
121,2.0,0.038,45.26999999999998,0.010064918725781288,0.22781943535805932,0.076,8.560589999999996,0.18910072895957586,0.006731149901822642,0.7581922965532089,1.1114014571598603e-05
47,1.6499999999999986,0.037,46.91999999999998,0.008303557948769556,0.23612299330682887,0.061049999999999945,8.621639999999996,0.18375191815856776,0.005407061861924631,0.7635993584151335,8.389689581107955e-06
107,2.3700000000000045,0.037,49.289999999999985,0.011926928690050848,0.24804992199687972,0.08769000000000017,8.709329999999996,0.17669567863664026,0.00776650703803722,0.7713658654531708,1.7309108322543816e-05
13,0.9699999999999989,0.036,50.259999999999984,0.004881485582003919,0.25293140757888366,0.03491999999999996,8.744249999999996,0.1739803024273776,0.0030927862443637685,0.7744586516975346,3.1994453204743125e-06
136,1.710000000000008,0.036,51.96999999999999,0.008605505510543041,0.2615369130894267,0.06156000000000028,8.805809999999996,0.16944025399268803,0.005452231420476366,0.7799108831180109,9.943137487085818e-06
28,1.2800000000000011,0.035,53.24999999999999,0.00644154798450003,0.26797846107392675,0.04480000000000004,8.850609999999996,0.16620863849765252,0.0039678357316007195,0.7838787188496117,6.1192523101441794e-06
108,1.3799999999999955,0.035,54.62999999999999,0.006944793920789065,0.2749232549947158,0.04829999999999984,8.898909999999995,0.1628941973274757,0.004277822898132008,0.7881565417477437,7.112734435692429e-06
127,2.0,0.035,56.62999999999999,0.010064918725781288,0.2849881737204971,0.07,8.968909999999996,0.1583773618223556,0.006199743330626119,0.7943562850783699,1.493958083531291e-05
123,2.25,0.033,58.87999999999999,0.011323033566503948,0.29631120728700105,0.07425000000000001,9.043159999999995,0.153586277173913,0.00657615631855699,0.8009324413969269,2.2532843607076485e-05
129,2.5,0.033,61.37999999999999,0.012581148407226609,0.3088923556942277,0.0825,9.125659999999995,0.14867481264255453,0.0073068403539522115,0.8082392817508791,2.7818325440835166e-05
92,1.0,0.033,62.37999999999999,0.005032459362890644,0.31392481505711833,0.033,9.158659999999994,0.14682045527412627,0.0029227361415808846,0.81116201789246,4.450932070533627e-06
93,1.0,0.032,63.37999999999999,0.005032459362890644,0.318957274420009,0.032,9.190659999999994,0.1450088355948248,0.002834168379714797,0.8139961862721748,4.8324832467122305e-06
24,1.0,0.032,64.38,0.005032459362890644,0.32398973378289964,0.032,9.222659999999994,0.14325349487418446,0.002834168379714797,0.8168303546518897,4.8324832467122305e-06
10,1.0,0.032,65.38,0.005032459362890644,0.3290221931457903,0.032,9.254659999999994,0.1415518507188742,0.002834168379714797,0.8196645230316045,4.8324832467122305e-06
122,2.0,0.031,67.38,0.010064918725781288,0.3390871118715716,0.062,9.316659999999994,0.13827040664885715,0.005491201235697419,0.825155724267302,2.0918891679099076e-05
103,1.9799999999999898,0.031,69.35999999999999,0.009964269538523423,0.349051381410095,0.061379999999999685,9.378039999999993,0.13520818915801608,0.005436289223340417,0.8305920134906424,2.0502605734684794e-05
46,0.36999999999999744,0.029,69.72999999999999,0.0018620099642695253,0.35091339137436456,0.010729999999999927,9.388769999999994,0.13464462928438256,0.0009503320848231113,0.8315423455754655,8.3115655587191e-07
20,1.0,0.027,70.72999999999999,0.005032459362890644,0.3559458507372552,0.027,9.415769999999993,0.13312272020359103,0.0023913295703843597,0.8339336751458498,6.9755665808642845e-06
6,1.1600000000000001,0.027,71.88999999999999,0.005837652860953148,0.3617835035982084,0.03132,9.447089999999992,0.1314103491445263,0.0027739423016458573,0.8367076174474957,9.386322391210985e-06
60,1.0,0.027,72.88999999999999,0.005032459362890644,0.36681596296109903,0.027,9.474089999999991,0.12997791192207428,0.0023913295703843597,0.83909894701788,6.9755665808642845e-06
26,0.8999999999999986,0.025,73.78999999999999,0.0045292134266015725,0.3713451763877006,0.022499999999999964,9.49658999999999,0.12869751998915832,0.0019927746419869633,0.841091721659867,6.4335217080972325e-06
45,1.1200000000000045,0.025,74.91,0.0056363544864375436,0.37698153087413816,0.028000000000000115,9.524589999999991,0.12714710986517141,0.0024798973322504576,0.8435716189921174,9.963221766218839e-06
76,1.4399999999999977,0.024,76.35,0.007246741482562515,0.38422827235670065,0.034559999999999945,9.559149999999992,0.12520170268500316,0.003060901850091976,0.8466325208422094,1.75212534287611e-05
134,1.289999999999992,0.024,77.63999999999999,0.00649187257812889,0.39072014493482954,0.03095999999999981,9.590109999999992,0.123520221535291,0.002742057907374049,0.8493745787495834,1.4061110065008238e-05
55,0.8900000000000006,0.024,78.52999999999999,0.0044788888329726755,0.3951990337678022,0.021360000000000014,9.611469999999992,0.12239233413981909,0.0018918073934596283,0.8512663861430431,6.692990374672902e-06
94,1.0,0.024,79.52999999999999,0.005032459362890644,0.40023149313069284,0.024,9.63546999999999,0.12115516157424862,0.0021256262847860977,0.8533920124278291,8.449678543962749e-06
51,1.5,0.023,81.02999999999999,0.007548689044335965,0.4077801821750288,0.0345,9.66996999999999,0.11933814636554353,0.0030555877843800156,0.8564476002122091,2.0187958932217742e-05
49,1.0,0.023,82.02999999999999,0.005032459362890644,0.41281264153791947,0.023,9.69296999999999,0.11816372059002794,0.0020370585229200103,0.8584846587351291,8.972426192096774e-06
133,2.210000000000008,0.023,84.24,0.011121735191988363,0.42393437672990786,0.05083000000000018,9.74379999999999,0.11566714150047472,0.004501899335653239,0.8629865580707824,4.382222676482017e-05
15,1.5199999999999996,0.023,85.75999999999999,0.007649338231593777,0.4315837149615016,0.03495999999999999,9.77875999999999,0.11402472014925362,0.0030963289548384147,0.8660828870256209,2.0729893474220378e-05
89,1.0,0.023,86.75999999999999,0.005032459362890644,0.43661617432439226,0.023,9.80175999999999,0.11297556477639453,0.0020370585229200103,0.8681199455485409,8.972426192096774e-06
86,1.960000000000008,0.022,88.72,0.009863620351265702,0.44647979467565796,0.04312000000000017,9.84487999999999,0.11096573489630286,0.003819041891665704,0.8719389874402066,3.653692875426028e-05
57,2.469999999999999,0.022,91.19,0.012430174626339885,0.45890996930199784,0.05433999999999997,9.899219999999989,0.10855598201557176,0.004812772179803187,0.8767517596200097,5.802482003250325e-05
102,0.8600000000000136,0.022,92.05000000000001,0.004327915052086022,0.46323788435408386,0.018920000000000298,9.918139999999989,0.10774731124388906,0.0016757020545064,0.8784274616745161,7.034233784530284e-06
3,1.4600000000000009,0.021,93.51000000000002,0.007347390669820344,0.4705852750239042,0.03066000000000002,9.948799999999988,0.10639289915517042,0.0027154875788142417,0.8811429492533304,2.145452624447189e-05
5,1.0399999999999991,0.021,94.55000000000001,0.005233757737406265,0.47581903276131043,0.021839999999999984,9.970639999999987,0.1054536224219988,0.0019343199191553474,0.8830772691724857,1.0886289916504376e-05
130,0.4200000000000159,0.021,94.97000000000003,0.0021136329324141505,0.4779326656937246,0.008820000000000335,9.979459999999987,0.10508013056754748,0.0007811676596589205,0.8838584368321447,1.7754637030986695e-06
120,2.0,0.021,96.97000000000003,0.010064918725781288,0.4879975844195059,0.042,10.021459999999987,0.10334598329380204,0.003719845998375671,0.8875782828305204,4.025994791606655e-05
61,1.25,0.02,98.22000000000003,0.006290574203613304,0.4942881586231192,0.025,10.046459999999987,0.10228527794746471,0.002214194046652185,0.8897924768771727,1.6616875184066363e-05
48,1.2800000000000011,0.02,99.50000000000003,0.00644154798450003,0.5007297066076193,0.025600000000000022,10.072059999999988,0.10122673366834156,0.0022673347037718396,0.8920598115809445,1.7424056513007603e-05
105,0.6999999999999886,0.019,100.20000000000002,0.0035227215540233935,0.5042524281616427,0.013299999999999784,10.085359999999987,0.1006522954091815,0.0011779512328189434,0.8932377628137634,5.497947859201221e-06
83,2.0,0.019,102.20000000000002,0.010064918725781288,0.514317346887424,0.038,10.123359999999987,0.09905440313111533,0.003365574950911321,0.8966033377646747,4.4881207013888974e-05
84,2.0,0.019,104.20000000000002,0.010064918725781288,0.5243822656132053,0.038,10.161359999999988,0.09751785028790774,0.003365574950911321,0.899968912715586,4.4881207013888974e-05
63,1.0,0.019,105.20000000000002,0.005032459362890644,0.529414724976096,0.019,10.180359999999988,0.09677148288973371,0.0016827874754556606,0.9016517001910417,1.1220301753472244e-05
0,1.0,0.018,106.20000000000002,0.005032459362890644,0.5344471843389866,0.018,10.198359999999989,0.09602975517890759,0.001594219713589573,0.9032459199046312,1.1821491886025949e-05
22,1.3700000000000045,0.018,107.57000000000002,0.006894469327160205,0.5413416536661468,0.02466000000000008,10.22301999999999,0.09503597657339395,0.0021840810076177225,0.9054300009122489,2.218775812088225e-05
88,0.5900000000000034,0.017,108.16000000000003,0.002969151024105497,0.5443108046902523,0.010030000000000058,10.23304999999999,0.0946102995562129,0.0008883346515168618,0.9063183355637657,4.329796776432924e-06
66,2.0,0.017,110.16000000000003,0.010064918725781288,0.5543757234160336,0.034,10.26704999999999,0.09320125272331144,0.003011303903446972,0.9093296394672127,4.975348206185435e-05
50,1.8900000000000006,0.017,112.05000000000003,0.00951134819586332,0.5638870716118969,0.03213000000000001,10.299179999999991,0.09191593038821945,0.0028456821887573895,0.91217532165597,4.443110331828751e-05
100,1.0,0.017,113.05000000000003,0.005032459362890644,0.5689195309747875,0.017,10.31617999999999,0.0912532507739937,0.001505651951723486,0.9136809736076935,1.2438370515463588e-05
99,0.9900000000000091,0.017,114.04000000000003,0.004982134769261783,0.5739016657440493,0.016830000000000157,10.333009999999991,0.09060864608909144,0.0014905954322062649,0.9151715690398998,1.2190846942206087e-05
125,2.0,0.017,116.04000000000003,0.010064918725781288,0.5839665844698306,0.034,10.367009999999992,0.089339968976215,0.003011303903446972,0.9181828729433468,4.975348206185435e-05
14,1.0,0.017,117.04000000000003,0.005032459362890644,0.5889990438327213,0.017,10.384009999999991,0.08872188995215301,0.001505651951723486,0.9196885248950702,1.2438370515463588e-05
65,2.0,0.017,119.04000000000003,0.010064918725781288,0.5990639625585026,0.034,10.418009999999992,0.08751688508064506,0.003011303903446972,0.9226998287985172,4.975348206185435e-05
81,2.0,0.017,121.04000000000003,0.010064918725781288,0.6091288812842839,0.034,10.452009999999992,0.08635170191672166,0.003011303903446972,0.9257111327019641,4.975348206185435e-05
82,2.0,0.017,123.04000000000003,0.010064918725781288,0.6191938000100652,0.034,10.486009999999993,0.08522439856957079,0.003011303903446972,0.9287224366054111,4.975348206185435e-05
21,1.0899999999999963,0.016,124.13000000000002,0.005485380705550783,0.624679180715616,0.01743999999999994,10.503449999999994,0.08461653105615075,0.0015446217669445592,0.9302670583723557,1.5529581012204853e-05
29,2.0,0.016,126.13000000000002,0.010064918725781288,0.6347440994413973,0.032,10.535449999999994,0.08352850233885667,0.002834168379714797,0.9331012267520705,5.2283750567140667e-05
126,2.0,0.016,128.13000000000002,0.010064918725781288,0.6448090181671786,0.032,10.567449999999994,0.08247444002185274,0.002834168379714797,0.9359353951317854,5.2283750567140667e-05
44,0.9799999999999969,0.016,129.11,0.004931810175632815,0.6497408283428114,0.01567999999999995,10.583129999999993,0.08196987065293156,0.0013887425060602461,0.9373241376378456,1.2553328511170393e-05
30,2.0,0.015,131.11,0.010064918725781288,0.6598057470685927,0.03,10.613129999999993,0.08094828769735331,0.002657032855982622,0.9399811704938282,5.4876773059962725e-05
67,2.0,0.015,133.11,0.010064918725781288,0.669870665794374,0.03,10.643129999999992,0.07995740365111555,0.002657032855982622,0.9426382033498109,5.4876773059962725e-05
64,3.0,0.015,136.11,0.01509737808867193,0.684968043883046,0.045,10.688129999999992,0.07852567776063471,0.003985549283973933,0.9466237526337848,0.00012347273938491613
75,2.4399999999999977,0.015,138.55,0.01227920084545316,0.6972472447284992,0.036599999999999966,10.724729999999992,0.07740692890653188,0.003241580084298796,0.9498653327180836,8.167858902244837e-05
11,1.0,0.014,139.55,0.005032459362890644,0.7022797040913898,0.014,10.738729999999991,0.0769525618058043,0.0012399486661252236,0.9511052813842088,1.4383137385080132e-05
1,1.0,0.013,140.55,0.005032459362890644,0.7073121634542805,0.013,10.751729999999991,0.07649754535752394,0.0011513809042591361,0.952256662288468,1.5062770002053518e-05
114,1.3100000000000023,0.013,141.86,0.0065925217653867545,0.7139046852196672,0.017030000000000028,10.768759999999991,0.07591118003665578,0.001508308984579471,0.9537649712730474,2.584921960052413e-05
85,2.0900000000000034,0.013,143.95000000000002,0.010517840068441463,0.7244225252881087,0.027170000000000045,10.795929999999991,0.07499777700590476,0.0024063860899015987,0.956171357362949,6.579568564597018e-05
74,2.5,0.013,146.45000000000002,0.012581148407226609,0.7370036736953353,0.0325,10.828429999999992,0.07393943325367013,0.0028784522606478406,0.9590498096235969,9.414231251283449e-05
106,2.0,0.013,148.45000000000002,0.010064918725781288,0.7470685924211166,0.026,10.854429999999992,0.07311842371168738,0.0023027618085182723,0.9613525714321152,6.025108000821407e-05
124,1.75,0.012,150.20000000000002,0.008806803885058627,0.7558753963061752,0.021,10.875429999999993,0.0724063249001331,0.0018599229991878355,0.963212494431303,4.8259154042476935e-05
69,2.0,0.012,152.20000000000002,0.010064918725781288,0.7659403150319565,0.024,10.899429999999992,0.0716125492772667,0.0021256262847860977,0.965338120716089,6.303236446364335e-05
135,1.6999999999999886,0.012,153.9,0.008555180916914037,0.7744954959488705,0.020399999999999863,10.919829999999992,0.07095406107862243,0.001806782342068171,0.9671449030581573,4.554088332498171e-05
73,1.8299999999999983,0.012,155.73000000000002,0.009209400634089869,0.7837048965829603,0.02195999999999998,10.941789999999992,0.07026128555833809,0.0019449480505792775,0.9690898511087366,5.27722713380737e-05
117,2.0,0.012,157.73000000000002,0.010064918725781288,0.7937698153087416,0.024,10.965789999999991,0.06952253851518411,0.0021256262847860977,0.9712154773935227,6.303236446364335e-05
118,2.039999999999992,0.012,159.77,0.010266217100296873,0.8040360324090384,0.024479999999999905,10.990269999999992,0.06878807035112969,0.002168138810481811,0.9733836162040045,6.557887198797402e-05
119,1.960000000000008,0.012,161.73000000000002,0.009863620351265702,0.8138996527603042,0.023520000000000096,11.013789999999991,0.06809985778767075,0.0020831137590903845,0.9754667299630949,6.053628283088356e-05
104,1.9300000000000068,0.011,163.66000000000003,0.009712646570378977,0.8236122993306831,0.021230000000000075,11.03501999999999,0.06742649395087369,0.0018802935844170422,0.9773470235475119,6.134575329670682e-05
132,2.0,0.01,165.66000000000003,0.010064918725781288,0.8336772180564644,0.02,11.05501999999999,0.06673318845828799,0.001771355237321748,0.9791183787848337,6.878319533710915e-05
70,2.0,0.01,167.66000000000003,0.010064918725781288,0.8437421367822457,0.02,11.07501999999999,0.06605642371466056,0.001771355237321748,0.9808897340221554,6.878319533710915e-05
71,2.0,0.01,169.66000000000003,0.010064918725781288,0.853807055508027,0.02,11.09501999999999,0.06539561475892955,0.001771355237321748,0.9826610892594771,6.878319533710915e-05
72,2.1700000000000017,0.01,171.83000000000004,0.010920436817472706,0.8647274923254997,0.021700000000000018,11.116719999999988,0.06469603678053883,0.0019219204324940982,0.9845830096919712,8.097329713072844e-05
109,1.6200000000000045,0.009,173.45000000000005,0.008152584167882867,0.8728800764933826,0.014580000000000039,11.131299999999989,0.06417584318247326,0.0012913179680075577,0.9858743276599787,4.707697386555134e-05
2,1.0,0.009,174.45000000000005,0.005032459362890644,0.8779125358562733,0.009,11.14029999999999,0.06385955861278296,0.0007971098567947865,0.9866714375167736,1.7938185438786417e-05
79,2.0,0.009,176.45000000000005,0.010064918725781288,0.8879774545820546,0.018,11.15829999999999,0.06323774440351367,0.001594219713589573,0.9882656572303631,7.175274175514567e-05
78,2.0,0.009,178.45000000000005,0.010064918725781288,0.8980423733078359,0.018,11.17629999999999,0.06262986831045103,0.001594219713589573,0.9898598769439526,7.175274175514567e-05
31,1.6599999999999966,0.009,180.11000000000004,0.00835388254239845,0.9063962558502343,0.014939999999999969,11.19123999999999,0.06213558380989388,0.0013232023622793431,0.991183079306232,4.943046379511965e-05
77,1.6200000000000045,0.007,181.73000000000005,0.008152584167882867,0.9145488400181172,0.011340000000000032,11.20257999999999,0.061644087382380384,0.001004358419561434,0.9921874377257934,5.109713134896549e-05
56,2.3400000000000034,0.007,184.07000000000005,0.011775954909164124,0.9263247949272814,0.016380000000000023,11.21895999999999,0.06094942141576567,0.0014507399393665138,0.9936381776651599,0.00010661006417253264
115,1.6899999999999977,0.007,185.76000000000005,0.008504856323285176,0.9348296512505665,0.011829999999999985,11.23078999999999,0.06045860249784662,0.0010477566228758127,0.9946859342880358,5.560833594184543e-05
68,2.0,0.006,187.76000000000005,0.010064918725781288,0.9448945699763478,0.012,11.24278999999999,0.05987851512569231,0.0010628131423930489,0.9957487474304288,8.10379049344697e-05
111,1.3000000000000114,0.006,189.06000000000006,0.006542197171757894,0.9514367671481057,0.007800000000000068,11.25058999999999,0.0595080397757325,0.0006908285425554878,0.9964395759729844,3.423851483481405e-05
112,1.799999999999983,0.006,190.86000000000004,0.009058426853203072,0.9604951940013087,0.010799999999999898,11.26138999999999,0.05900340563764009,0.000956531828153735,0.9973961078011381,6.564070299691921e-05
116,2.0,0.004,192.86000000000004,0.010064918725781288,0.97056011272709,0.008,11.269389999999989,0.05843300839987549,0.0007085420949286993,0.9981046498960667,8.754178365836443e-05
131,1.9499999999999886,0.004,194.81000000000003,0.009813295757636698,0.9803734084847266,0.0077999999999999545,11.277189999999989,0.057888147425696763,0.0006908285425554778,0.9987954784386223,8.321940809023172e-05
113,1.9000000000000057,0.004,196.71000000000004,0.009561672789492251,0.9899350812742189,0.0076000000000000225,11.284789999999989,0.05736764780641547,0.0006731149901822663,0.9994685934288046,7.900645975167438e-05
110,2.0,0.003,198.71000000000004,0.010064918725781288,1.0000000000000002,0.006,11.290789999999989,0.05682044184993199,0.0005314065711965244,1.000000000000001,9.08878540016154e-05
