,weight,grade,cml_weight,weight_pct,cml_weight_pct,yield,cml_yield,cml_grade,recovery,cml_recovery,distributional_heterogeneity
16,0.3000000000000007,0.389,0.3000000000000007,0.007177033492822984,0.007177033492822984,0.11670000000000028,0.11670000000000028,0.389,0.1643731425271493,0.1643731425271493,0.02471061669553181
17,1.0,0.043,1.3000000000000007,0.023923444976076555,0.031100478468899538,0.043,0.1597000000000003,0.122846153846154,0.06056593940589034,0.22493908193303963,0.0013426723980389343
15,1.0,0.035,2.3000000000000007,0.023923444976076555,0.05502392344497609,0.035,0.1947000000000003,0.08465217391304358,0.04929785765595726,0.27423693958899686,0.0006438608188488908
6,1.0,0.029,3.3000000000000007,0.023923444976076555,0.07894736842105265,0.029,0.2237000000000003,0.06778787878787886,0.04084679634350744,0.3150837359325043,0.0002863998215055249
31,2.0,0.026,5.300000000000001,0.04784688995215311,0.12679425837320576,0.052,0.2757000000000003,0.052018867924528346,0.07324253137456506,0.3883262673070694,0.0006449386032557257
5,1.0,0.02,6.300000000000001,0.023923444976076555,0.1507177033492823,0.02,0.2957000000000003,0.04693650793650798,0.028170204374832718,0.41649647168190207,1.8034965390923805e-05
10,1.0,0.017,7.300000000000001,0.023923444976076555,0.17464114832535887,0.017,0.3127000000000003,0.042835616438356205,0.023944673718607812,0.4404411454005099,4.5065950945835713e-10
28,2.0,0.017,9.3,0.04784688995215311,0.22248803827751198,0.034,0.34670000000000034,0.03727956989247315,0.047889347437215624,0.4883304928377255,1.8026380378334285e-09
20,1.0,0.017,10.3,0.023923444976076555,0.24641148325358853,0.017,0.36370000000000036,0.03531067961165052,0.023944673718607812,0.5122751665563333,4.5065950945835713e-10
18,1.4699999999999989,0.017,11.77,0.035167464114832514,0.28157894736842104,0.02498999999999998,0.3886900000000003,0.03302378929481736,0.035198670366353456,0.5474738369226868,9.738301339885627e-10
0,1.8,0.017,13.57,0.0430622009569378,0.32464114832535884,0.030600000000000002,0.41929000000000033,0.030898305084745788,0.04310041269349406,0.5905742496161809,1.4601368106450772e-09
7,1.0,0.016,14.57,0.023923444976076555,0.3485645933014354,0.016,0.43529000000000034,0.029875772134523016,0.022536163499866174,0.6131104131160471,1.9245498942364542e-06
13,1.0,0.016,15.57,0.023923444976076555,0.372488038277512,0.016,0.45129000000000036,0.0289845857418112,0.022536163499866174,0.6356465766159133,1.9245498942364542e-06
14,1.2300000000000004,0.016,16.8,0.029425837320574175,0.40191387559808617,0.019680000000000007,0.4709700000000004,0.028033928571428595,0.027719481104835405,0.6633660577207486,2.9116515349903337e-06
8,1.0,0.015,17.8,0.023923444976076555,0.42583732057416274,0.015,0.4859700000000004,0.02730168539325845,0.021127653281124537,0.6844937110018732,7.81645120156268e-06
11,1.0,0.014,18.8,0.023923444976076555,0.4497607655502393,0.014,0.4999700000000004,0.026594148936170233,0.019719143062382902,0.704212854064256,1.7676154581488114e-05
21,1.0,0.014,19.8,0.023923444976076555,0.4736842105263159,0.014,0.5139700000000004,0.025958080808080826,0.019719143062382902,0.7239319971266389,1.7676154581488114e-05
3,1.0,0.014,20.8,0.023923444976076555,0.49760765550239244,0.014,0.5279700000000004,0.025383173076923095,0.019719143062382902,0.7436511401890218,1.7676154581488114e-05
9,1.0,0.013,21.8,0.023923444976076555,0.521531100478469,0.013,0.5409700000000004,0.024815137614678916,0.018310632843641265,0.7619617730326631,3.150366003401279e-05
24,2.0,0.012,23.8,0.04784688995215311,0.5693779904306221,0.024,0.5649700000000004,0.023738235294117664,0.03380424524979926,0.7957660182824624,0.00019719587023654667
25,2.0,0.012,25.8,0.04784688995215311,0.6172248803827752,0.024,0.5889700000000004,0.022828294573643427,0.03380424524979926,0.8295702635322617,0.00019719587023654667
26,2.0,0.012,27.8,0.04784688995215311,0.6650717703349284,0.024,0.6129700000000005,0.022049280575539586,0.03380424524979926,0.863374508782061,0.00019719587023654667
12,1.0,0.012,28.8,0.023923444976076555,0.6889952153110049,0.012,0.6249700000000005,0.02170034722222224,0.01690212262489963,0.8802766314069607,4.929896755913667e-05
22,1.0,0.011,29.8,0.023923444976076555,0.7129186602870815,0.011,0.6359700000000005,0.02134127516778525,0.015493612406157995,0.8957702438131186,7.106207715685979e-05
29,2.0,0.011,31.8,0.04784688995215311,0.7607655502392346,0.022,0.6579700000000005,0.02069088050314467,0.03098722481231599,0.9267574686254346,0.00028424830862743916
23,2.0,0.009,33.8,0.04784688995215311,0.8086124401913878,0.018,0.6759700000000005,0.01999911242603552,0.025353183937349442,0.952110652562784,0.0005059668102804148
19,1.0,0.007,34.8,0.023923444976076555,0.8325358851674644,0.007,0.6829700000000005,0.019625574712643694,0.009859571531191451,0.9619702240939755,0.00019779253627374448
30,2.0,0.006,36.8,0.04784688995215311,0.8803827751196175,0.012,0.6949700000000005,0.018885054347826103,0.01690212262489963,0.9788723467188751,0.0009575786249378546
1,1.0,0.004,37.8,0.023923444976076555,0.9043062200956941,0.004,0.6989700000000005,0.018491269841269857,0.0056340408749665435,0.9845063875938417,0.0003345023023736998
27,2.0,0.004,39.8,0.04784688995215311,0.9521531100478472,0.008,0.7069700000000005,0.01776306532663318,0.011268081749933087,0.9957744693437748,0.0013380092094947991
2,1.0,0.002,40.8,0.023923444976076555,0.9760765550239238,0.002,0.7089700000000005,0.017376715686274524,0.0028170204374832718,0.998591489781258,0.00044548115680333276
4,1.0,0.001,41.8,0.023923444976076555,1.0000000000000002,0.001,0.7099700000000005,0.016984928229665085,0.0014085102187416359,0.9999999999999997,0.000506922287127048
