,weight,grade,cml_weight,weight_pct,cml_weight_pct,yield,cml_yield,cml_grade,recovery,cml_recovery,distributional_heterogeneity
41,1.3999999999999986,0.531,1.3999999999999986,0.0026114530871106105,0.0026114530871106105,0.7433999999999993,0.7433999999999993,0.531,-0.15995042698631087,-0.15995042698631087,0.02642636485300547
72,1.6599999999999966,0.369,3.059999999999995,0.0030964372318597207,0.005707890318970331,0.6125399999999988,1.3559399999999981,0.4431176470588236,-0.1317945043666865,-0.2917449313529974,0.01819556612534241
170,1.2999999999999545,0.236,4.35999999999995,0.0024249207237454842,0.008132811042715815,0.30679999999998925,1.6627399999999875,0.38136238532110245,-0.06601128732768159,-0.357756218680679,0.0046835145724582125
13,1.2299999999999986,0.216,5.589999999999948,0.002294348069390036,0.01042715911210585,0.2656799999999997,1.9284199999999871,0.3449767441860474,-0.05716388141205685,-0.41492010009273583,0.0035352810530684003
19,1.6500000000000021,0.166,7.2399999999999505,0.0030777839955232265,0.013504943107629078,0.27390000000000037,2.2023199999999874,0.3041878453038677,-0.058932501952583594,-0.4738526020453194,0.003845275563365976
169,1.2000000000000455,0.164,8.439999999999996,0.0022383883603806103,0.01574333146800969,0.19680000000000747,2.399119999999995,0.2842559241706157,-0.04234361586078451,-0.5161962179061039,0.0019875551003759847
183,1.1999999999999886,0.153,9.639999999999985,0.002238388360380504,0.017981719828390193,0.18359999999999826,2.5827199999999935,0.26791701244813254,-0.03950349528475441,-0.5556997131908583,0.0017423848502439812
71,1.8400000000000034,0.132,11.479999999999988,0.003432195485916812,0.021413915314307006,0.24288000000000046,2.825599999999994,0.2461324041811844,-0.05225821859891753,-0.6079579317897759,0.003101422220940315
174,0.5,0.124,11.979999999999988,0.0009326618168252189,0.022346577131132226,0.062,2.8875999999999937,0.24103505843071757,-0.013339960281344206,-0.6212978920711201,0.00020370774155715416
168,0.8999999999999773,0.123,12.879999999999965,0.0016787912702853516,0.024025368401417578,0.1106999999999972,2.998299999999991,0.23278726708074526,-0.02381828392168978,-0.6451161759928099,0.0006501008433452335
177,1.6200000000000045,0.121,14.49999999999997,0.003021824286513718,0.027047192687931296,0.19602000000000055,3.194319999999992,0.22029793103448264,-0.04217579055401772,-0.6872919665468277,0.0020428243872730274
179,2.5,0.115,16.99999999999997,0.004663309084126095,0.03171050177205739,0.28750000000000003,3.481819999999992,0.20481294117647045,-0.06185868678849128,-0.7491506533353189,0.004425175934876523
65,1.4000000000000057,0.112,18.399999999999977,0.0026114530871106235,0.034321954859168016,0.15680000000000063,3.6386199999999924,0.19775108695652158,-0.03373718987281903,-0.782887843208138,0.001321223845028444
125,1.0800000000000125,0.106,19.47999999999999,0.002014549524342496,0.036336504383510514,0.11448000000000132,3.7530999999999937,0.1926642710472277,-0.02463159117755326,-0.8075194343856913,0.000710016814305226
20,1.8999999999999986,0.105,21.37999999999999,0.0035441149039358295,0.039880619287446344,0.19949999999999984,3.9525999999999937,0.18487371375116912,-0.042924549614970435,-0.8504439840006617,0.002159336782170658
184,1.6000000000000227,0.102,22.98000000000001,0.002984517813840743,0.04286513710128709,0.16320000000000232,4.115799999999996,0.17910356832027824,-0.03511421803089364,-0.8855582020315553,0.0014515136729668482
18,1.4499999999999993,0.099,24.43000000000001,0.0027047192687931335,0.04556985637008022,0.14354999999999993,4.259349999999996,0.17434916086778526,-0.030886311264305803,-0.9164445132958612,0.0011283573322755853
279,1.1000000000000227,0.09,25.530000000000033,0.002051855997015524,0.047621712367095746,0.09900000000000204,4.358349999999998,0.17071484528006237,-0.02130090432021135,-0.9377454176160726,0.0005453514144338462
93,2.0,0.09,27.530000000000033,0.0037306472673008756,0.05135235963439662,0.18,4.538349999999998,0.16485107155829976,-0.038728916945838014,-0.9764743345619106,0.0018028145931696649
176,1.3999999999999773,0.088,28.93000000000001,0.0026114530871105706,0.05396381272150719,0.12319999999999799,4.661549999999996,0.1611320428620807,-0.0265077920429287,-1.0029821266048393,0.0008479304369433156
73,1.0,0.084,29.93000000000001,0.0018653236336504378,0.05582913635515763,0.084,4.745549999999995,0.15855496157701282,-0.01807349457472441,-1.0210556211795638,0.0003975564715466204
186,1.5,0.083,31.43000000000001,0.002797985450475657,0.05862712180563329,0.1245,4.8700499999999955,0.15494909322303513,-0.026787500887537962,-1.0478431220671018,0.0008753010018567907
139,1.5,0.08,32.93000000000001,0.002797985450475657,0.061425107256108946,0.12,4.990049999999996,0.15153507440024278,-0.02581927796389201,-1.0736624000309938,0.0008189477653273063
138,1.6000000000000227,0.079,34.53000000000003,0.002984517813840743,0.06440962506994968,0.1264000000000018,5.116449999999998,0.14817405154937716,-0.027196306121966638,-1.1008587061529604,0.0009108821334442039
175,1.1000000000000227,0.075,35.63000000000005,0.002051855997015524,0.0664614810669652,0.0825000000000017,5.198949999999999,0.1459149593039571,-0.01775075360017612,-1.1186094597531366,0.00039214334685878677
126,1.5,0.075,37.13000000000005,0.002797985450475657,0.06925946651744086,0.11249999999999999,5.311449999999999,0.14305009426339862,-0.02420557309114876,-1.1428150328442854,0.0007291921739109371
48,1.5499999999999972,0.075,38.68000000000005,0.0028912516321581735,0.07215071814959903,0.11624999999999978,5.427699999999999,0.14032316442605977,-0.02501242552752034,-1.1678274583718058,0.0007786151990315642
118,1.7900000000000205,0.075,40.47000000000007,0.003338929304234322,0.07548964745383335,0.13425000000000153,5.56195,0.13743390165554709,-0.02888531722210452,-1.1967127755939102,0.0010384020641902609
75,1.8700000000000045,0.074,42.340000000000074,0.0034881551949263274,0.07897780264875968,0.13838000000000034,5.700330000000001,0.13463226263580516,-0.029773930705361544,-1.2264867062992717,0.0011063663584381291
15,1.6900000000000013,0.073,44.03000000000007,0.0031523969408692423,0.08213019958962893,0.12337000000000009,5.823700000000001,0.13226663638428326,-0.026544369353378,-1.2530310756526497,0.000881897928335139
166,1.5,0.073,45.53000000000007,0.002797985450475657,0.08492818504010459,0.10949999999999999,5.933200000000001,0.1303140786294749,-0.02356009114205146,-1.2765911667947012,0.0006947482016575259
17,1.5,0.07,47.03000000000007,0.002797985450475657,0.08772617049058025,0.10500000000000001,6.038200000000002,0.12839038911333175,-0.022591868218405513,-1.2991830350131066,0.0006446446693271986
106,1.740000000000009,0.069,48.77000000000008,0.003245663122551779,0.09097183361313203,0.12006000000000064,6.158260000000002,0.1262714783678489,-0.025832187602874094,-1.3250152226159808,0.0008455214028101502
269,1.1000000000000227,0.069,49.870000000000104,0.002051855997015524,0.09302368961014756,0.07590000000000158,6.234160000000004,0.12500822137557632,-0.016330693312162036,-1.341345915928143,0.00033791811910434443
42,1.7999999999999972,0.063,51.6700000000001,0.003357582540570783,0.09638127215071834,0.11339999999999982,6.347560000000003,0.12284807431778577,-0.024399217675877913,-1.3657451336040207,0.0007704399582558464
167,2.0,0.062,53.6700000000001,0.0037306472673008756,0.10011191941801922,0.124,6.471560000000003,0.1205805850568286,-0.026679920562688413,-1.3924250541667091,0.0009248026357423795
14,1.7800000000000011,0.062,55.4500000000001,0.0033202760678977816,0.103432195485917,0.11036000000000007,6.581920000000003,0.11870009017132535,-0.023745129300792703,-1.4161701834675018,0.0007325361677715397
185,2.6999999999999886,0.061,58.15000000000009,0.005036373810856161,0.10846856929677316,0.1646999999999993,6.746620000000002,0.11602098022355961,-0.03543695900544164,-1.4516071424729433,0.0016380906692588083
189,1.8000000000000114,0.06,59.9500000000001,0.0033575825405708095,0.11182615183734397,0.10800000000000068,6.854620000000002,0.11433894912427008,-0.023237350167502956,-1.4748444926404463,0.000707290445746972
280,1.1999999999999886,0.057,61.15000000000009,0.002238388360380504,0.11406454019772447,0.06839999999999935,6.923020000000002,0.11321373671300068,-0.014716988439418308,-1.4895614810798645,0.0002874848024231559
159,1.5,0.055,62.65000000000009,0.002797985450475657,0.11686252564820013,0.0825,7.0055200000000015,0.11181995211492404,-0.017750753600175757,-1.5073122346800403,0.0004222506765717665
187,2.0,0.054,64.65000000000009,0.0037306472673008756,0.120593172915501,0.108,7.113520000000001,0.11003124516627984,-0.02323735016750281,-1.530549584847543,0.0007272728856435784
74,1.1299999999999955,0.051,65.78000000000009,0.002107815706024986,0.122700988621526,0.057629999999999765,7.171150000000001,0.10901717847370009,-0.012399708242159089,-1.5429492930897022,0.00021046825110713447
100,1.9000000000000057,0.051,67.68000000000009,0.0035441149039358425,0.12624510352546184,0.09690000000000028,7.2680500000000015,0.10738844562647741,-0.02084906695584286,-1.563798360045545,0.0005950273212442369
101,1.0999999999999943,0.049,68.78000000000009,0.002051855997015471,0.1282969595224773,0.053899999999999726,7.321950000000001,0.10645463797615574,-0.011597159018781436,-1.5753955190643263,0.00018629561090144947
117,2.009999999999991,0.049,70.79000000000008,0.0037493005036373633,0.13204626002611466,0.09848999999999956,7.420440000000001,0.10482328012431125,-0.021191172388864275,-1.5965866914531905,0.000622027188101609
221,1.8000000000000114,0.049,72.59000000000009,0.0033575825405708095,0.13540384256668547,0.08820000000000056,7.5086400000000015,0.10343904119024648,-0.018977169303460748,-1.6155638607566514,0.0004988411399344711
130,1.3799999999999955,0.048,73.97000000000008,0.0025741466144375957,0.13797798918112306,0.06623999999999979,7.574880000000001,0.10240475868595367,-0.014252241436068343,-1.6298161021927198,0.0002831273348262091
94,2.0,0.045,75.97000000000008,0.0037306472673008756,0.14170863644842394,0.09,7.664880000000001,0.10089351059628791,-0.019364458472919007,-1.6491805606656387,0.0005333839091519374
314,1.5,0.042,77.47000000000008,0.002797985450475657,0.1445066218988996,0.063,7.727880000000001,0.09975319478507799,-0.013555120931043307,-1.662735681596682,0.0002674240883252763
268,1.1999999999999886,0.041,78.67000000000007,0.002238388360380504,0.1467450102592801,0.049199999999999536,7.777080000000001,0.09885699758484802,-0.010585903965195625,-1.6733215855618777,0.0001644624736518308
64,1.5999999999999943,0.04,80.27000000000007,0.00298451781384069,0.1497295280731208,0.06399999999999978,7.841080000000001,0.09768381711722927,-0.01377028158074236,-1.68709186714262,0.00028072330275272044
24,2.1000000000000014,0.038,82.37000000000006,0.003917179630665922,0.15364670770378672,0.07980000000000005,7.92088,0.09616219497389819,-0.0171698198459882,-1.7042616869886082,0.00044466154692841126
123,1.8000000000000114,0.038,84.17000000000007,0.0033575825405708095,0.15700429024435753,0.06840000000000043,7.989280000000001,0.09491837947011993,-0.01471698843941854,-1.7189786754280267,0.00032669011611067314
91,0.5999999999999943,0.038,84.77000000000007,0.001119194180190252,0.15812348442454777,0.022799999999999782,8.012080000000001,0.0945155125634068,-0.004905662813139435,-1.7238843382411662,3.629890179007364e-05
133,1.960000000000008,0.037,86.73000000000008,0.003656034321954873,0.16177951874650265,0.07252000000000029,8.084600000000002,0.09321572696875355,-0.015603450316178802,-1.739487788557345,0.000370927748526507
128,2.319999999999993,0.037,89.05000000000007,0.0043275508300690034,0.16610706957657165,0.08583999999999975,8.170440000000001,0.09175115103874222,-0.0184693901701707,-1.7579571787275157,0.0005197005189684099
188,2.1999999999999886,0.036,91.25000000000006,0.004103711994030942,0.1702107815706026,0.07919999999999959,8.249640000000001,0.09040701369863009,-0.017040723456168638,-1.7749979021836844,0.0004470871505076568
129,1.5400000000000205,0.036,92.79000000000008,0.0028725983958217123,0.1730833799664243,0.05544000000000073,8.305080000000002,0.08950404138376974,-0.011928506419318266,-1.7869264086030026,0.0002190727037487599
271,1.3500000000000227,0.036,94.1400000000001,0.0025181869054281335,0.17560156687185244,0.048600000000000816,8.353680000000002,0.08873677501593365,-0.010456807575376441,-1.797383216178379,0.00016835048177690914
192,2.0,0.036,96.1400000000001,0.0037306472673008756,0.17933221413915332,0.072,8.425680000000002,0.08763969211566458,-0.015491566778335205,-1.8128747829567142,0.0003694935128162491
267,1.8000000000000114,0.036,97.94000000000011,0.0033575825405708095,0.18268979667972413,0.0648000000000004,8.490480000000002,0.08669062691443732,-0.013942410100501772,-1.826817193057216,0.00029928974538116554
191,2.0,0.035,99.94000000000011,0.0037306472673008756,0.186420443947025,0.07,8.560480000000002,0.08565619371622966,-0.015061245478937009,-1.8418784385361529,0.000353135232986108
194,2.0,0.034,101.94000000000011,0.0037306472673008756,0.19015109121432588,0.068,8.628480000000001,0.08464273101824595,-0.014630924179538807,-1.8565093627156917,0.00033714730599739836
40,1.6000000000000014,0.034,103.5400000000001,0.002984517813840703,0.1931356090281666,0.05440000000000005,8.68288,0.08386015066640903,-0.011704739343631056,-1.8682141020593228,0.00021577427583833534
78,1.25,0.034,104.7900000000001,0.0023316545420630475,0.19546726357022964,0.0425,8.725380000000001,0.08326538791869446,-0.009144327612211754,-1.8773584296715347,0.00013169816640523375
181,1.8000000000000114,0.033,106.59000000000012,0.0033575825405708095,0.19882484611080045,0.059400000000000376,8.784780000000001,0.0824165493948775,-0.012780542592126626,-1.8901389722636612,0.0002604390827986007
88,1.9000000000000057,0.033,108.49000000000012,0.0035441149039358425,0.20236896101473628,0.06270000000000019,8.847480000000001,0.08155111070144705,-0.013490572736133617,-1.9036295449997949,0.00029018058299473524
319,1.3000000000000114,0.033,109.79000000000013,0.0024249207237455905,0.20479388173848187,0.042900000000000375,8.89038,0.08097622734310948,-0.009230391872091475,-1.9128599368718864,0.00013584631170667817
61,1.7000000000000028,0.032,111.49000000000014,0.0031710501772057496,0.20796493191568763,0.054400000000000094,8.94478,0.08022943761772346,-0.011704739343631065,-1.9245646762155175,0.00022128911386823838
105,2.0,0.031,113.49000000000014,0.0037306472673008756,0.2116955791829885,0.062,9.00678,0.07936188210415004,-0.013339960281344206,-1.9379046364968617,0.00029140564207985847
151,2.1000000000000227,0.031,115.59000000000016,0.003917179630665962,0.21561275881365446,0.0651000000000007,9.07188,0.07848325979756024,-0.014006958295411567,-1.9519115947922734,0.0003212747203930509
102,1.75,0.031,117.34000000000016,0.003264316358888266,0.21887707517254273,0.05425,9.12613,0.07777509800579502,-0.01167246524617618,-1.9635840600384495,0.00022310744471739166
47,1.25,0.03,118.59000000000016,0.0023316545420630475,0.22120872971460578,0.0375,9.16363,0.07727152373724587,-0.008068524363716254,-1.9716525844021657,0.00010816372127221673
251,1.2000000000000455,0.03,119.7900000000002,0.0022383883603806103,0.2234471180749864,0.036000000000001364,9.19963,0.07679797979797967,-0.007745783389167897,-1.9793983677913336,9.968368552448252e-05
156,1.5,0.029,121.2900000000002,0.002797985450475657,0.22624510352546207,0.043500000000000004,9.24313,0.07620685959271156,-0.009359488261910855,-1.9887578560532444,0.00014780416706736905
39,1.6000000000000014,0.029,122.89000000000021,0.002984517813840703,0.22922962133930277,0.046400000000000045,9.289530000000001,0.0755922369598827,-0.009983454146038254,-1.9987413101992826,0.00016816829675220685
82,1.4599999999999937,0.028,124.35000000000021,0.0027233725051296277,0.2319529938444324,0.040879999999999826,9.33041,0.07503345396059498,-0.008795767359699174,-2.0075370775589816,0.00013269058322548812
278,1.6000000000000227,0.028,125.95000000000023,0.002984517813840743,0.23493751165827315,0.04480000000000064,9.375210000000001,0.07443596665343377,-0.009639197106519821,-2.0171762746655015,0.00015935817839053394
321,1.3999999999999773,0.028,127.35000000000021,0.0026114530871105706,0.23754896474538373,0.03919999999999937,9.41441,0.07392548095798968,-0.008434297468204588,-2.025610572133706,0.0001220086053302451
294,1.3999999999999773,0.027,128.75000000000017,0.0026114530871105706,0.2401604178324943,0.03779999999999938,9.45221,0.07341522330097076,-0.00813307255862585,-2.033743644692332,0.00011544483135188766
68,1.9000000000000057,0.027,130.65000000000018,0.0035441149039358425,0.24370453273643014,0.05130000000000015,9.503509999999999,0.07274022196708753,-0.011037741329563868,-2.0447813860218957,0.00021263053121445434
83,1.0300000000000153,0.027,131.68000000000018,0.0019212833426599796,0.24562581607909012,0.027810000000000414,9.53132,0.07238244228432554,-0.005983617668132063,-2.050765003690028,6.248745999042105e-05
266,1.099999999999966,0.027,132.78000000000014,0.002051855997015418,0.24767767207610553,0.029699999999999078,9.561019999999997,0.07200647687904795,-0.0063902712960630745,-2.057155274986091,7.126951323254079e-05
77,1.4000000000000057,0.026,134.18000000000015,0.0026114530871106235,0.25028912516321616,0.03640000000000015,9.597419999999998,0.0715264569980622,-0.007831847649047275,-2.0649871226351384,0.00010906253026583609
182,1.1999999999999886,0.026,135.38000000000014,0.002238388360380504,0.25252751352359665,0.031199999999999704,9.628619999999998,0.0711229132811345,-0.006713012270611859,-2.0717001349057504,8.012757325653046e-05
99,1.539999999999992,0.026,136.92000000000013,0.0028725983958216594,0.2554001119194183,0.04003999999999979,9.668659999999997,0.07061539585159209,-0.008615032413951923,-2.0803151673197022,0.00013196566162165923
158,1.5,0.026,138.42000000000013,0.002797985450475657,0.25819809736989396,0.039,9.707659999999997,0.07013191735298359,-0.008391265338264904,-2.088706432657967,0.00012519933321333121
104,1.0,0.025,139.42000000000013,0.0018653236336504378,0.2600634210035444,0.025,9.732659999999997,0.06980820542246441,-0.005379016242477503,-2.0940854489004446,5.2480460240857394e-05
22,1.4499999999999993,0.025,140.87000000000012,0.0027047192687931335,0.2627681402723375,0.036249999999999984,9.768909999999998,0.06934698658337467,-0.007799573551592375,-2.101885022452037,0.00011034016765640255
160,2.1000000000000227,0.025,142.97000000000014,0.003917179630665962,0.2666853199030035,0.052500000000000574,9.821409999999998,0.06869560047562417,-0.011295934109202878,-2.11318095656124,0.00023143882966218608
38,2.259999999999998,0.025,145.23000000000013,0.004215631412049986,0.2709009513150535,0.05649999999999995,9.877909999999998,0.06801563037939812,-0.012156576707999146,-2.125337533269239,0.0002680491987262028
287,1.3600000000000136,0.025,146.59000000000015,0.002536840141764621,0.2734377914568181,0.03400000000000034,9.911909999999999,0.0676165495599972,-0.0073154620897694774,-2.1326529953590083,9.70678592614918e-05
80,1.8000000000000114,0.025,148.39000000000016,0.0033575825405708095,0.27679537399738896,0.04500000000000029,9.956909999999999,0.06709960239908341,-0.009682229236459566,-2.142335224595468,0.0001700366911803801
103,1.25,0.024,149.64000000000016,0.0023316545420630475,0.279127028539452,0.03,9.986909999999998,0.0667395749799518,-0.006454819490973002,-2.148790044086441,7.72021259332168e-05
131,1.4000000000000057,0.024,151.04000000000016,0.0026114530871106235,0.2817384816265626,0.03360000000000014,10.020509999999998,0.06634341896186433,-0.0072293978298897926,-2.1560194419163308,9.684234677062794e-05
96,1.6800000000000068,0.024,152.72000000000017,0.003133743704532748,0.28487222533109535,0.04032000000000016,10.060829999999997,0.06587761917234145,-0.00867527739586775,-2.1646947193121986,0.00013945297934970423
322,1.1999999999999886,0.023,153.92000000000016,0.002238388360380504,0.28711061369147584,0.02759999999999974,10.088429999999997,0.06554333419958411,-0.005938433931695106,-2.1706331532438936,6.686042279618464e-05
295,1.6000000000000227,0.023,155.52000000000018,0.002984517813840743,0.2900951315053166,0.03680000000000052,10.125229999999998,0.0651056455761316,-0.007917911908926996,-2.1785510651528206,0.00011886297385988946
196,1.1999999999999886,0.023,156.72000000000017,0.002238388360380504,0.29233351986569706,0.02759999999999974,10.152829999999998,0.06478324400204177,-0.005938433931695106,-2.1844894990845156,6.686042279618464e-05
150,1.8999999999999773,0.023,158.62000000000015,0.0035441149039357896,0.29587763476963286,0.043699999999999475,10.196529999999997,0.06428275122935309,-0.009402520391850562,-2.1938920194763663,0.00016761536548210094
264,1.1999999999999886,0.023,159.82000000000014,0.002238388360380504,0.29811602313001334,0.02759999999999974,10.224129999999997,0.0639727818796145,-0.005938433931695106,-2.1998304534080613,6.686042279618464e-05
190,2.0,0.023,161.82000000000014,0.0037306472673008756,0.3018466703973142,0.046,10.270129999999996,0.06346638240019768,-0.009897389886158604,-2.20972784329422,0.00018572339665607197
81,1.5999999999999943,0.022,163.42000000000013,0.00298451781384069,0.3048311882111549,0.03519999999999987,10.305329999999996,0.06306039652429316,-0.007573654869408295,-2.217301498163628,0.00011147501040930509
120,2.930000000000007,0.022,166.35000000000014,0.005465398246595796,0.3102965864577507,0.06446000000000014,10.369789999999997,0.06233718064322205,-0.013869255479604024,-2.231170753643232,0.00037382883471205256
204,2.0,0.022,168.35000000000014,0.0037306472673008756,0.3140272337250516,0.044,10.413789999999997,0.06185797445797439,-0.009467068586760405,-2.2406378222299925,0.00017417970376454046
132,2.5999999999999943,0.022,170.95000000000013,0.004849841447491128,0.3188770751725427,0.05719999999999987,10.470989999999997,0.06125176952325235,-0.012307189162788498,-2.252945011392781,0.0002943636993620721
59,2.0999999999999943,0.022,173.05000000000013,0.003917179630665909,0.3227942548032086,0.04619999999999987,10.517189999999998,0.060775440624097024,-0.009940422016098398,-2.2628854334088793,0.0001920331234004048
275,1.5,0.022,174.55000000000013,0.002797985450475657,0.3255922402536843,0.033,10.550189999999997,0.06044222285877966,-0.007100301440070304,-2.2699857348489494,9.7976083367554e-05
193,2.0,0.021,176.55000000000013,0.0037306472673008756,0.32932288752098515,0.042,10.592189999999997,0.05999541206457088,-0.009036747287362205,-2.2790224821363116,0.00016300636371444047
258,0.8999999999999773,0.021,177.4500000000001,0.0016787912702853516,0.3310016787912705,0.018899999999999525,10.611089999999997,0.059797633136094624,-0.00406653627931289,-2.2830890184156245,3.300878865217253e-05
153,2.0,0.021,179.4500000000001,0.0037306472673008756,0.3347323260585714,0.042,10.653089999999997,0.059365227082752804,-0.009036747287362205,-2.2921257657029868,0.00016300636371444047
95,2.0,0.021,181.4500000000001,0.0037306472673008756,0.3384629733258723,0.042,10.695089999999997,0.05894235326536231,-0.009036747287362205,-2.301162512990349,0.00016300636371444047
84,2.109999999999985,0.021,183.5600000000001,0.003935832867002396,0.34239880619287466,0.04430999999999969,10.739399999999996,0.05850621050337759,-0.009533768388167059,-2.310696281378516,0.00018143015797326257
154,1.5999999999999943,0.02,185.16000000000008,0.00298451781384069,0.34538332400671534,0.03199999999999989,10.771399999999996,0.05817347159213648,-0.00688514079037118,-2.3175814221688875,9.741016096369337e-05
316,1.3999999999999773,0.02,186.56000000000006,0.0026114530871105706,0.3479947770938259,0.027999999999999546,10.799399999999995,0.05788700686106342,-0.006024498191574705,-2.323605920360462,7.457965448782584e-05
85,1.4000000000000057,0.019,187.96000000000006,0.0026114530871106235,0.35060623018093656,0.026600000000000106,10.825999999999995,0.057597361140668185,-0.005723273281996085,-2.3293291936424585,6.946766364788272e-05
141,2.799999999999983,0.019,190.76000000000005,0.005222906174221194,0.3558291363551578,0.05319999999999968,10.879199999999996,0.05703082407213249,-0.011446546563992056,-2.3407757402064506,0.00027787065459152524
9,1.5,0.019,192.26000000000005,0.002797985450475657,0.35862712180563344,0.028499999999999998,10.907699999999995,0.056734110059294664,-0.006132078516424352,-2.346907818722875,7.974604245292595e-05
36,1.4600000000000009,0.019,193.72000000000006,0.0027233725051296408,0.3613504943107631,0.027740000000000015,10.935439999999994,0.05644972124716081,-0.00596855642265304,-2.352876375145528,7.554962848562539e-05
195,1.5,0.019,195.22000000000006,0.002797985450475657,0.36414847976123876,0.028499999999999998,10.963939999999994,0.05616197110951742,-0.006132078516424352,-2.3590084536619527,7.974604245292595e-05
21,1.5500000000000007,0.019,196.77000000000007,0.00289125163215818,0.36703973139339696,0.029450000000000014,10.993389999999994,0.055869238196879556,-0.006336481133638501,-2.365344934795591,8.515105199695765e-05
248,1.1000000000000227,0.019,197.8700000000001,0.002051855997015524,0.3690915873904125,0.020900000000000432,11.014289999999995,0.055664274523677115,-0.004496857578711285,-2.3698417923743023,4.288564949690861e-05
49,2.0,0.018,199.8700000000001,0.0037306472673008756,0.37282223465771336,0.036,11.050289999999995,0.055287386801420875,-0.007745783389167603,-2.37758757576347,0.00013170846061272954
157,1.5,0.018,201.3700000000001,0.002797985450475657,0.375620220108189,0.026999999999999996,11.077289999999994,0.055009634007051646,-0.005809337541875702,-2.3833969133053454,7.408600909466036e-05
222,1.1999999999999886,0.018,202.57000000000008,0.002238388360380504,0.3778586084685695,0.021599999999999793,11.098889999999994,0.05479039344424144,-0.004647470033500517,-2.388044383338846,4.741504582058173e-05
205,2.0,0.017,204.57000000000008,0.0037306472673008756,0.3815892557358704,0.034,11.132889999999994,0.054420931710416925,-0.007315462089769404,-2.395359845428615,0.00012201653192835559
206,1.8999999999999773,0.017,206.47000000000006,0.0035441149039357896,0.3851333706398062,0.032299999999999614,11.165189999999994,0.05407657286772892,-0.00694968898528085,-2.402309534413896,0.00011011992006533828
152,2.0,0.017,208.47000000000006,0.0037306472673008756,0.38886401790710706,0.034,11.199189999999994,0.05372087110855275,-0.007315462089769404,-2.4096249965036654,0.00012201653192835559
127,2.1599999999999966,0.017,210.63000000000005,0.004029099048684939,0.392893116955792,0.03671999999999995,11.235909999999995,0.05334430043203719,-0.007900699056950945,-2.417525695560616,0.0001423200828412335
6,1.3999999999999773,0.017,212.03000000000003,0.0026114530871105706,0.39550457004290257,0.023799999999999617,11.259709999999995,0.05310432485968963,-0.0051208234628385,-2.4226465190234547,5.97881006448923e-05
70,1.5,0.017,213.53000000000003,0.002797985450475657,0.39830255549337823,0.025500000000000002,11.285209999999994,0.052850700135812265,-0.005486596567327053,-2.4281331155907817,6.863429920970002e-05
309,1.6000000000000227,0.017,215.13000000000005,0.002984517813840743,0.40128707330721897,0.027200000000000387,11.312409999999995,0.052584065448798366,-0.005852369671815606,-2.4339854852625975,7.80905804341498e-05
34,1.2999999999999972,0.017,216.43000000000006,0.002424920723745564,0.4037119940309645,0.022099999999999953,11.334509999999995,0.052370327588596735,-0.0047550503583501024,-2.4387405356209477,5.1551984739730014e-05
124,1.4199999999999875,0.017,217.85000000000005,0.0026487595597835985,0.40636075359074814,0.02413999999999979,11.358649999999994,0.05213977507459257,-0.005193978083736232,-2.443934513704684,6.150853374508297e-05
97,1.3199999999999932,0.017,219.17000000000004,0.0024622271964185654,0.4088229807871667,0.022439999999999887,11.381089999999993,0.05192813797508779,-0.004828204979247782,-2.448762718683932,5.315040130799115e-05
318,1.6999999999999886,0.017,220.87000000000003,0.003171050177205723,0.4119940309643724,0.028899999999999808,11.409989999999993,0.05165930185176797,-0.006218142776303951,-2.454980861460236,8.815694431823574e-05
10,1.5,0.016,222.37000000000003,0.002797985450475657,0.4147920164148481,0.024,11.433989999999993,0.05141876152358677,-0.005163855592778402,-2.4601447170530144,6.339091279804489e-05
284,0.8999999999999773,0.016,223.27,0.0016787912702853516,0.41647080768513345,0.014399999999999637,11.448389999999993,0.05127598871321715,-0.0030983133556669634,-2.463243030408681,2.282072860729501e-05
180,2.1999999999999886,0.016,225.47,0.004103711994030942,0.42057451967916437,0.03519999999999982,11.483589999999992,0.05093178693396014,-0.007573654869408285,-2.4708166852780895,0.00013636089686334848
288,1.6000000000000227,0.016,227.07000000000002,0.002984517813840743,0.4235590374930051,0.025600000000000366,11.509189999999993,0.05068564759765708,-0.005508112632297041,-2.4763247979103866,7.212477189466646e-05
257,1.1000000000000227,0.015,228.17000000000004,0.002051855997015524,0.4256108934900206,0.01650000000000034,11.525689999999994,0.05051360827453211,-0.0035501507200352248,-2.479874948630422,3.138247925788171e-05
263,1.3999999999999773,0.015,229.57000000000002,0.0026114530871105706,0.4282223465771312,0.020999999999999658,11.546689999999993,0.050297033584527556,-0.004518373643681029,-2.484393322274103,5.083442921111042e-05
330,1.7999999999999545,0.015,231.36999999999998,0.0033575825405707032,0.43157992911770193,0.026999999999999316,11.573689999999992,0.050022431603060004,-0.005809337541875555,-2.4902026598159783,8.403242379795652e-05
60,1.5,0.015,232.86999999999998,0.002797985450475657,0.4343779145681776,0.0225,11.596189999999993,0.049796839438313194,-0.004841114618229752,-2.495043774434208,5.835584985969498e-05
323,1.5000000000000568,0.015,234.37000000000003,0.002797985450475763,0.43717590001865336,0.022500000000000853,11.618689999999994,0.04957413491487815,-0.004841114618229936,-2.499884889052438,5.835584985969941e-05
249,1.8999999999999773,0.015,236.27,0.0035441149039357896,0.44072001492258916,0.028499999999999658,11.647189999999993,0.049296101917297976,-0.006132078516424279,-2.5060169675688626,9.362871910821948e-05
119,2.1699999999999875,0.015,238.44,0.0040477522850214265,0.4447677672076106,0.03254999999999981,11.679739999999994,0.04898397919812109,-0.007003479147705667,-2.513020446716568,0.00012212971617969534
121,1.0300000000000011,0.015,239.47,0.0019212833426599531,0.4466890505502705,0.015450000000000016,11.695189999999993,0.04883780849375702,-0.0033242320378510997,-2.5163446787544195,2.751543160717802e-05
92,0.5,0.015,239.97,0.0009326618168252189,0.44762171236709575,0.0075,11.702689999999993,0.0487673042463641,-0.0016137048727432506,-2.5179583836271626,6.483983317743887e-06
320,1.6000000000000227,0.014,241.57000000000002,0.002984517813840743,0.4506062301809365,0.02240000000000032,11.725089999999994,0.048537028604545236,-0.0048195985532599106,-2.5227779821804224,6.090423227124831e-05
225,1.4300000000000068,0.014,243.00000000000003,0.002667412796120139,0.45327364297705663,0.020020000000000097,11.745109999999995,0.04833378600823043,-0.004307516206976005,-2.5270854983873985,4.8649634598231766e-05
30,2.0,0.014,245.00000000000003,0.0037306472673008756,0.4570042902443575,0.028,11.773109999999996,0.048053510204081606,-0.0060244981915748026,-2.533109996578973,9.516286292382278e-05
285,1.1000000000000227,0.014,246.10000000000005,0.002051855997015524,0.45905614624137303,0.015400000000000318,11.788509999999995,0.04790130028443719,-0.00331347400536621,-2.5364234705843396,2.878676603445758e-05
87,1.4499999999999886,0.014,247.55000000000004,0.0027047192687931136,0.46176086551016615,0.020299999999999842,11.808809999999996,0.047702726721874346,-0.004367761188891698,-2.5407912317732313,5.0019979824333563e-05
7,1.7999999999999545,0.014,249.35,0.0033575825405707032,0.4651184480507369,0.025199999999999365,11.834009999999996,0.047459434529777404,-0.005422048372417186,-2.5462132801456483,7.708191896829255e-05
282,1.3999999999999773,0.014,250.74999999999997,0.0026114530871105706,0.46772990113784746,0.019599999999999684,11.853609999999996,0.047272622133599194,-0.004217148734102294,-2.550430428879751,4.662980283267164e-05
270,1.1999999999999886,0.014,251.94999999999996,0.002238388360380504,0.46996828949822794,0.016799999999999843,11.870409999999996,0.04711414963286366,-0.0036146989149448477,-2.5540451277946956,3.425863065257555e-05
296,1.5,0.014,253.44999999999996,0.002797985450475657,0.4727662749487036,0.021,11.891409999999997,0.04691816926415466,-0.004518373643681102,-2.5585635014383765,5.352911039465031e-05
134,2.9399999999999977,0.014,256.39,0.005484051482932283,0.4782503264316359,0.04115999999999997,11.932569999999997,0.046540699715277495,-0.008856012341614953,-2.5674195137799916,0.00020563743049208832
198,2.0,0.013,258.39,0.0037306472673008756,0.4819809736989368,0.026,11.958569999999996,0.04628108672936258,-0.005594176892176602,-2.5730136906721683,8.695234560517484e-05
16,1.8999999999999986,0.013,260.28999999999996,0.0035441149039358295,0.4855250886028726,0.02469999999999998,11.983269999999996,0.04603814975604133,-0.005314468047567768,-2.578328158719736,7.847449190867018e-05
107,1.259999999999991,0.013,261.54999999999995,0.0023503077783995348,0.4878753963812721,0.01637999999999988,11.999649999999995,0.045878990632766195,-0.003524331442071234,-2.581852490161807,3.4511385970693397e-05
298,1.1000000000000227,0.013,262.65,0.002051855997015524,0.4899272523782876,0.014300000000000295,12.013949999999996,0.045741290691033686,-0.003076797290697195,-2.5849292874525043,2.6303084545566473e-05
226,1.5699999999999932,0.013,264.21999999999997,0.002928558104831175,0.4928558104831188,0.02040999999999991,12.034359999999996,0.04554674135190371,-0.0043914288603586135,-2.589320716312863,5.3582209170548405e-05
63,1.7000000000000028,0.013,265.91999999999996,0.0031710501772057496,0.49602686066032453,0.022100000000000036,12.056459999999996,0.04533867328519855,-0.00475505035835012,-2.5940757666712133,6.282306969973903e-05
43,2.299999999999997,0.013,268.21999999999997,0.004290244357396002,0.5003171050177205,0.02989999999999996,12.086359999999996,0.04506136753411378,-0.006433303426003085,-2.600509070097216,0.00011499447706284344
247,1.5,0.013,269.71999999999997,0.002797985450475657,0.5031150904681961,0.0195,12.105859999999996,0.04488306391813732,-0.004195632669132452,-2.6047047027663486,4.8910694402910855e-05
33,2.1499999999999986,0.013,271.86999999999995,0.004010445812348439,0.5071255362805446,0.027949999999999982,12.133809999999997,0.04463092654577555,-0.006013740159089844,-2.6107184429254384,0.00010048430438998005
327,1.2999999999999545,0.013,273.1699999999999,0.0024249207237454842,0.50955045700429,0.01689999999999941,12.150709999999997,0.04448039682249149,-0.003636214979914664,-2.614354657905353,3.6737366018183804e-05
143,1.0999999999999943,0.013,274.26999999999987,0.002051855997015471,0.5116023130013055,0.014299999999999926,12.165009999999997,0.04435414008094215,-0.0030767972906971153,-2.61743145519605,2.6303084545565117e-05
79,1.3499999999999943,0.013,275.6199999999999,0.0025181869054280805,0.5141204999067336,0.017549999999999927,12.182559999999997,0.044200565996662076,-0.003776069402219191,-2.6212075245982693,3.9617662466357457e-05
208,1.0500000000000114,0.013,276.6699999999999,0.001958589815332981,0.5160790897220666,0.013650000000000146,12.196209999999997,0.04408215563667908,-0.002936942868392748,-2.624144467466662,2.3966240257426835e-05
165,2.0,0.013,278.6699999999999,0.0037306472673008756,0.5198097369893675,0.026,12.222209999999997,0.04385908063300679,-0.005594176892176602,-2.629738644358839,8.695234560517484e-05
109,1.539999999999992,0.013,280.2099999999999,0.0028725983958216594,0.5226823353851892,0.020019999999999896,12.242229999999998,0.04368948288783413,-0.0043075162069759615,-2.634046160565815,5.155404570930763e-05
108,1.460000000000008,0.013,281.66999999999996,0.002723372505129654,0.5254057078903188,0.0189800000000001,12.261209999999998,0.04353040792416658,-0.004083749131288942,-2.638129909697104,4.6336904972998176e-05
161,2.099999999999966,0.013,283.7699999999999,0.003917179630665856,0.5293228875209847,0.027299999999999554,12.288509999999999,0.043304471931493824,-0.005873885736785336,-2.6440037954338895,9.586496102970215e-05
122,1.7699999999999818,0.013,285.5399999999999,0.003301622831561241,0.5326245103525459,0.023009999999999763,12.311519999999998,0.04311662113889473,-0.004950846549576242,-2.6489546419834658,6.810325088661167e-05
144,2.299999999999983,0.012,287.8399999999999,0.004290244357395975,0.5369147547099419,0.027599999999999795,12.339119999999998,0.04286798221234019,-0.0059384339316951185,-2.6548930759151608,0.00010462585954172352
286,1.1399999999999864,0.012,288.9799999999999,0.002126468942361474,0.5390412236523033,0.013679999999999836,12.352799999999997,0.04274621081043671,-0.002943397687883654,-2.6578364736030444,2.5703547648473094e-05
35,1.4400000000000048,0.012,290.4199999999999,0.0026860660324566393,0.54172728968476,0.01728000000000006,12.370079999999996,0.04259376076027822,-0.0037179760268004625,-2.661554449629845,4.1011754696733944e-05
259,1.0,0.012,291.4199999999999,0.0018653236336504378,0.5435926133184105,0.012,12.382079999999997,0.042488779081737704,-0.002581927796389201,-2.6641363774262343,1.9778045281989617e-05
50,2.0,0.012,293.4199999999999,0.0037306472673008756,0.5473232605857113,0.024,12.406079999999996,0.04228096244291459,-0.005163855592778402,-2.6693002330190128,7.911218112795847e-05
277,1.3999999999999773,0.012,294.8199999999999,0.0026114530871105706,0.5499347136728219,0.01679999999999973,12.422879999999996,0.042137168441761075,-0.0036146989149448234,-2.6729149319339576,3.8764968752698385e-05
281,0.6999999999999886,0.012,295.51999999999987,0.0013057265435552853,0.5512404402163772,0.008399999999999864,12.431279999999996,0.042065782349756366,-0.0018073494574724117,-2.67472228139143,9.691242188174596e-06
57,1.1999999999999886,0.012,296.71999999999986,0.002238388360380504,0.5534788285767577,0.014399999999999864,12.445679999999996,0.04194418980857374,-0.003098313355667012,-2.677820594747097,2.8480385206064507e-05
112,2.0,0.012,298.71999999999986,0.0037306472673008756,0.5572094758440586,0.024,12.469679999999995,0.04174370648098554,-0.005163855592778402,-2.6829844503398754,7.911218112795847e-05
90,1.0,0.012,299.71999999999986,0.0018653236336504378,0.559074799477709,0.012,12.481679999999995,0.04164446817029228,-0.002581927796389201,-2.6855663781362646,1.9778045281989617e-05
265,1.400000000000034,0.012,301.1199999999999,0.0026114530871106764,0.5616862525648196,0.01680000000000041,12.498479999999995,0.04150664187035069,-0.0036146989149449696,-2.6891810770512095,3.8764968752701536e-05
86,1.5500000000000114,0.012,302.6699999999999,0.0028912516321582,0.5645775041969778,0.018600000000000137,12.517079999999995,0.041355535731985325,-0.004001988084403291,-2.693183065135613,4.7516753789980755e-05
290,1.1999999999999886,0.012,303.8699999999999,0.002238388360380504,0.5668158925573583,0.014399999999999864,12.531479999999995,0.0412396090433409,-0.003098313355667012,-2.6962813784912796,2.8480385206064507e-05
76,1.5999999999999943,0.012,305.4699999999999,0.00298451781384069,0.569800410371199,0.019199999999999932,12.550679999999995,0.04108645693521458,-0.004131084474222707,-2.7004124629655024,5.063179592189306e-05
245,0.6999999999999886,0.011,306.1699999999999,0.0013057265435552853,0.5711061369147543,0.0076999999999998745,12.558379999999994,0.04101766992193879,-0.0016567370026830438,-2.7020691999681854,8.776190262790976e-06
5,1.6000000000000227,0.011,307.7699999999999,0.002984517813840743,0.5740906547285951,0.017600000000000247,12.575979999999994,0.040861617441595985,-0.003786827434704215,-2.7058560274028896,4.585111647499239e-05
274,1.8000000000000114,0.011,309.56999999999994,0.0033575825405708095,0.5774482372691659,0.019800000000000123,12.595779999999994,0.040687986562005354,-0.004260180864042208,-2.710116208266932,5.803031928866132e-05
212,1.6000000000000227,0.011,311.16999999999996,0.002984517813840743,0.5804327550830067,0.017600000000000247,12.613379999999994,0.04053533438313461,-0.003786827434704215,-2.713903035701636,4.585111647499239e-05
210,1.3000000000000114,0.011,312.46999999999997,0.0024249207237455905,0.5828576758067523,0.014300000000000123,12.627679999999994,0.040412455595737175,-0.003076797290697158,-2.716979832992333,3.026890111044386e-05
209,1.6999999999999886,0.011,314.16999999999996,0.003171050177205723,0.586028725983958,0.018699999999999873,12.646379999999994,0.04025330235222967,-0.004023504149373145,-2.721003337141706,5.1761611958094714e-05
272,1.6499999999999773,0.011,315.81999999999994,0.00307778399552318,0.5891065099794812,0.01814999999999975,12.664529999999994,0.04010046862136659,-0.003905165792038613,-2.724908502933745,4.876158773560929e-05
23,1.5,0.011,317.31999999999994,0.002797985450475657,0.5919044954299568,0.0165,12.681029999999994,0.03996290810538257,-0.003550150720035152,-2.7284586536537803,4.029883283934763e-05
315,1.5,0.011,318.81999999999994,0.002797985450475657,0.5947024808804324,0.0165,12.697529999999995,0.03982664199234677,-0.003550150720035152,-2.7320088043738155,4.029883283934763e-05
223,1.0,0.011,319.81999999999994,0.0018653236336504378,0.5965678045140829,0.011,12.708529999999994,0.03973650803577011,-0.002366767146690101,-2.7343755715205056,1.7910592373043392e-05
201,1.8999999999999773,0.011,321.7199999999999,0.0035441149039357896,0.6001119194180187,0.02089999999999975,12.729429999999994,0.03956679721496953,-0.004496857578711138,-2.738872429099217,6.46572384666851e-05
299,1.3999999999999773,0.011,323.1199999999999,0.0026114530871105706,0.6027233725051292,0.015399999999999749,12.744829999999993,0.039443024263431534,-0.0033134740053660876,-2.7421859031045828,3.5104761051163903e-05
137,2.3999999999999773,0.011,325.51999999999987,0.004476776720761008,0.6072001492258902,0.02639999999999975,12.771229999999992,0.03923331899729662,-0.005680241152056189,-2.7478661442566388,0.00010316501206872798
292,1.5,0.011,327.01999999999987,0.002797985450475657,0.6099981346763658,0.0165,12.787729999999993,0.03910381628034982,-0.003550150720035152,-2.751416294976674,4.029883283934763e-05
250,0.8999999999999773,0.011,327.91999999999985,0.0016787912702853516,0.6116769259466511,0.00989999999999975,12.797629999999993,0.039026683337399365,-0.002130090432021037,-2.7535463854086952,1.4507579822164415e-05
44,2.200000000000003,0.011,330.11999999999983,0.004103711994030969,0.615780637940682,0.02420000000000003,12.821829999999993,0.03883990670059372,-0.005206887722718229,-2.7587532731314135,8.668726708553024e-05
332,1.8999999999999773,0.011,332.0199999999998,0.0035441149039357896,0.6193247528446179,0.02089999999999975,12.842729999999992,0.038680591530630686,-0.004496857578711138,-2.7632501307101247,6.46572384666851e-05
242,1.25,0.011,333.2699999999998,0.0023316545420630475,0.6216564073866809,0.013749999999999998,12.856479999999992,0.03857676958622138,-0.002958458933362626,-2.766208589643487,2.79853005828803e-05
333,2.2000000000000455,0.01,335.46999999999986,0.004103711994031048,0.625760119380712,0.022000000000000457,12.878479999999993,0.038389364175634176,-0.0047335342933803,-2.7709421239368672,7.809692194436568e-05
25,1.8999999999999986,0.01,337.36999999999983,0.0035441149039358295,0.6293042342846478,0.018999999999999986,12.897479999999993,0.0382294809852684,-0.004088052344282899,-2.7750301762811502,5.8249976904782645e-05
229,1.5,0.01,338.86999999999983,0.002797985450475657,0.6321022197351234,0.015,12.912479999999993,0.03810452385870688,-0.003227409745486501,-2.7782575860266365,3.630538726752387e-05
27,1.0,0.01,339.86999999999983,0.0018653236336504378,0.6339675433687738,0.01,12.922479999999993,0.038021831876894105,-0.0021516064969910012,-2.7804091925236274,1.6135727674455052e-05
240,2.0,0.01,341.86999999999983,0.0037306472673008756,0.6376981906360747,0.02,12.942479999999993,0.03785789920145084,-0.0043032129939820024,-2.7847124055176096,6.454291069782021e-05
254,1.1000000000000227,0.01,342.96999999999986,0.002051855997015524,0.6397500466330902,0.011000000000000228,12.953479999999994,0.03776855118523486,-0.00236676714669015,-2.7870791726642996,1.952423048609142e-05
215,2.1999999999999886,0.01,345.16999999999985,0.004103711994030942,0.6438537586271211,0.021999999999999888,12.975479999999994,0.037591563577367676,-0.004733534293380178,-2.7918127069576797,7.809692194436164e-05
51,2.0,0.01,347.16999999999985,0.0037306472673008756,0.647584405894422,0.02,12.995479999999993,0.03743261226488464,-0.0043032129939820024,-2.796115919951662,6.454291069782021e-05
304,1.6999999999999886,0.01,348.86999999999983,0.003171050177205723,0.6507554560716278,0.016999999999999887,13.012479999999993,0.0372989365666294,-0.003657731044884677,-2.7997736509965465,4.663225297917448e-05
313,1.8000000000000114,0.01,350.66999999999985,0.0033575825405708095,0.6541130386121986,0.018000000000000113,13.030479999999994,0.03715881027746885,-0.003872891694583826,-2.8036465426911303,5.2279757665235034e-05
162,1.8000000000000114,0.01,352.46999999999986,0.0033575825405708095,0.6574706211527694,0.018000000000000113,13.048479999999994,0.03702011518710812,-0.003872891694583826,-2.807519434385714,5.2279757665235034e-05
293,1.5,0.01,353.96999999999986,0.002797985450475657,0.660268606603245,0.015,13.063479999999995,0.036905613470068085,-0.003227409745486501,-2.8107468441312005,3.630538726752387e-05
164,2.0,0.01,355.96999999999986,0.0037306472673008756,0.6639992538705459,0.02,13.083479999999994,0.03675444559934826,-0.0043032129939820024,-2.8150500571251826,6.454291069782021e-05
1,1.2000000000000455,0.01,357.1699999999999,0.0022383883603806103,0.6662376422309265,0.012000000000000455,13.095479999999995,0.03666455749363048,-0.002581927796389299,-2.817631984921572,2.3235447851217036e-05
291,0.8000000000000114,0.01,357.9699999999999,0.0014922589069203715,0.6677299011378469,0.008000000000000115,13.103479999999996,0.03660496689666731,-0.0017212851975928255,-2.819353270119165,1.0326865711651528e-05
289,1.3999999999999773,0.01,359.3699999999999,0.0026114530871105706,0.6703413542249574,0.013999999999999773,13.117479999999995,0.036501321757520105,-0.0030122490957873527,-2.8223655192149524,3.162602624193087e-05
62,1.5999999999999943,0.01,360.9699999999999,0.00298451781384069,0.6733258720387981,0.015999999999999945,13.133479999999995,0.03638385461395684,-0.00344257039518559,-2.825808089610138,4.130746284660464e-05
69,1.0999999999999943,0.01,362.06999999999994,0.002051855997015471,0.6753777280358136,0.010999999999999944,13.144479999999994,0.03630369817990995,-0.002366767146690089,-2.828174856756828,1.952423048609041e-05
28,1.6999999999999957,0.01,363.7699999999999,0.0031710501772057365,0.6785487782130194,0.016999999999999956,13.161479999999994,0.03618077356571459,-0.0036577310448846923,-2.8318325878017125,4.6632252979174864e-05
45,1.2000000000000028,0.01,364.9699999999999,0.0022383883603805305,0.6807871665733999,0.012000000000000028,13.173479999999994,0.036094692714469676,-0.002581927796389207,-2.8344145155981018,2.3235447851215386e-05
203,1.900000000000034,0.01,366.86999999999995,0.0035441149039358954,0.6843312814773358,0.019000000000000343,13.192479999999994,0.035959549704254905,-0.004088052344282975,-2.8385025679423848,5.8249976904784827e-05
228,1.8999999999999773,0.009,368.7699999999999,0.0035441149039357896,0.6878753963812716,0.017099999999999792,13.209579999999994,0.03582064701575507,-0.003679247109854567,-2.8421818150522395,5.217695878226949e-05
142,1.200000000000017,0.009,369.9699999999999,0.0022383883603805574,0.6901137847416522,0.010800000000000153,13.220379999999993,0.03573365408006054,-0.002323735016750314,-2.8445055500689898,2.0812969708163993e-05
116,1.259999999999991,0.009,371.2299999999999,0.0023503077783995348,0.6924640925200517,0.011339999999999918,13.231719999999994,0.035642916790130104,-0.0024399217675877775,-2.8469454718365776,2.2946299103249814e-05
307,1.8000000000000114,0.009,373.0299999999999,0.0033575825405708095,0.6958216750606225,0.0162000000000001,13.247919999999993,0.03551435541377368,-0.003485602525125443,-2.850431074361703,4.682918184336824e-05
111,1.3600000000000136,0.009,374.38999999999993,0.002536840141764621,0.6983585152023871,0.012240000000000122,13.260159999999994,0.03541804001175244,-0.0026335663523170114,-2.85306464071402,2.6733103314041522e-05
219,1.6000000000000227,0.009,375.98999999999995,0.002984517813840743,0.7013430330162279,0.014400000000000204,13.274559999999994,0.035305619830314626,-0.0030983133556670853,-2.856162954069687,3.7000835036735984e-05
98,1.460000000000008,0.009,377.44999999999993,0.002723372505129654,0.7040664055213576,0.01314000000000007,13.287699999999994,0.03520386806199496,-0.0028272109370461903,-2.8589901650067335,3.080897654855666e-05
308,1.3999999999999773,0.009,378.8499999999999,0.0026114530871105706,0.7066778586084681,0.012599999999999794,13.300299999999993,0.035107034446350785,-0.002711024186208617,-2.8617011891929423,2.8328764324999258e-05
331,1.2000000000000455,0.009,380.04999999999995,0.0022383883603806103,0.7089162469688487,0.010800000000000408,13.311099999999993,0.035024602026049186,-0.002323735016750369,-2.8640249242096925,2.0812969708164976e-05
29,1.7000000000000028,0.009,381.74999999999994,0.0031710501772057496,0.7120872971460545,0.015300000000000024,13.326399999999992,0.034908709888670585,-0.0032919579403962364,-2.8673168821500887,4.1770473928189175e-05
218,1.25,0.009,382.99999999999994,0.0023316545420630475,0.7144189516881175,0.01125,13.337649999999993,0.03482415143603132,-0.002420557309114876,-2.8697374394592035,2.258351747847591e-05
200,2.0,0.009,384.99999999999994,0.0037306472673008756,0.7181495989554184,0.018,13.355649999999994,0.03468999999999999,-0.0038728916945838013,-2.8736103311537873,5.781380474489833e-05
217,1.25,0.009,386.24999999999994,0.0023316545420630475,0.7204812534974815,0.01125,13.366899999999994,0.03460686084142394,-0.002420557309114876,-2.876030888462902,2.258351747847591e-05
31,1.5,0.009,387.74999999999994,0.002797985450475657,0.7232792389479571,0.013499999999999998,13.380399999999995,0.034507801418439704,-0.002904668770937851,-2.8789355572338398,3.252026516900531e-05
329,1.2000000000000455,0.009,388.95,0.0022383883603806103,0.7255176273083377,0.010800000000000408,13.391199999999994,0.03442910399794317,-0.002323735016750369,-2.88125929225059,2.0812969708164976e-05
227,1.1000000000000227,0.009,390.05,0.002051855997015524,0.7275694833053532,0.009900000000000204,13.401099999999994,0.03435739007819509,-0.002130090432021135,-2.883389382682611,1.7488675935332465e-05
115,1.990000000000009,0.009,392.04,0.0037119940309643883,0.7312814773363175,0.017910000000000082,13.419009999999995,0.034228675645342294,-0.0038535272361109006,-2.8872429099187222,5.723711204256849e-05
334,1.8999999999999773,0.008,393.94,0.0035441149039357896,0.7348255922402533,0.015199999999999818,13.434209999999995,0.034102172919733956,-0.0032704418754262825,-2.8905133517941484,4.643818409914958e-05
328,1.7999999999999545,0.008,395.73999999999995,0.0033575825405707032,0.7381831747808241,0.014399999999999637,13.448609999999995,0.03398344872896345,-0.0030983133556669634,-2.893611665149815,4.167859182305835e-05
301,1.6000000000000227,0.008,397.34,0.002984517813840743,0.7411676925946649,0.012800000000000183,13.461409999999995,0.033878819147329736,-0.0027540563161485205,-2.8963657214659637,3.293123304538204e-05
312,1.1999999999999886,0.008,398.53999999999996,0.002238388360380504,0.7434060809550453,0.009599999999999909,13.471009999999996,0.03380089827871731,-0.0020655422371113415,-2.898431263703075,1.8523818588026518e-05
324,2.099999999999909,0.008,400.6399999999999,0.0039171796306657495,0.7473232605857111,0.016799999999999274,13.487809999999996,0.03366565994408946,-0.0036146989149447254,-2.9020459626180197,5.672919442582737e-05
276,1.5,0.008,402.1399999999999,0.002797985450475657,0.7501212460361867,0.012,13.499809999999997,0.033569925896453974,-0.002581927796389201,-2.904627890414409,2.894346654379198e-05
326,1.7000000000000455,0.008,403.8399999999999,0.0031710501772058293,0.7532922962133926,0.013600000000000364,13.513409999999997,0.03346228704437401,-0.0029261848359078396,-2.907554075250317,3.717627480513925e-05
335,1.6000000000000227,0.008,405.43999999999994,0.002984517813840743,0.7562768140272333,0.012800000000000183,13.526209999999997,0.0333618044593528,-0.0027540563161485205,-2.9103081315664654,3.293123304538204e-05
110,1.6399999999999864,0.008,407.0799999999999,0.003059130759186693,0.7593359447864201,0.01311999999999989,13.539329999999998,0.03325962955684386,-0.0028229077240521697,-2.9131310392905174,3.459837671830294e-05
246,1.5,0.008,408.5799999999999,0.002797985450475657,0.7621339302368957,0.012,13.551329999999998,0.033166895100102796,-0.002581927796389201,-2.9157129670869066,2.894346654379198e-05
114,2.25,0.008,410.8299999999999,0.004196978175713485,0.7663309084126092,0.018000000000000002,13.569329999999999,0.03302906311613076,-0.003872891694583802,-2.9195858587814905,6.512279972353196e-05
214,1.0,0.008,411.8299999999999,0.0018653236336504378,0.7681962320462596,0.008,13.577329999999998,0.032968287885778116,-0.0017212851975928008,-2.9213071439790834,1.2863762908351993e-05
4,0.7000000000000455,0.008,412.53,0.0013057265435553913,0.7695019585898151,0.005600000000000364,13.58293,0.03292592053911231,-0.001204899638315039,-2.9225120436173984,6.303243825093296e-06
3,2.2999999999999545,0.008,414.8299999999999,0.004290244357395922,0.773792202947211,0.018399999999999635,13.601329999999999,0.03278772027095437,-0.0039589559544633635,-2.926470999571862,6.804930578517933e-05
155,1.5999999999999943,0.008,416.42999999999995,0.00298451781384069,0.7767767207610516,0.012799999999999956,13.61413,0.0326924813293951,-0.0027540563161484715,-2.9292250558880104,3.293123304538087e-05
243,1.3999999999999773,0.008,417.8299999999999,0.0026114530871105706,0.7793881738481622,0.011199999999999818,13.62533,0.03260974559031186,-0.002409799276629882,-2.9316348551646403,2.5212975300369087e-05
37,0.9399999999999977,0.008,418.7699999999999,0.0017534042156314073,0.7811415780637936,0.0075199999999999816,13.63285,0.0325545048594694,-0.0016180080857372287,-2.9332528632503774,1.1366420905819764e-05
145,2.1000000000000227,0.007,420.86999999999995,0.003917179630665962,0.7850587576944595,0.014700000000000159,13.647549999999999,0.032426996459714405,-0.003162861550576806,-2.936415724800954,5.0126983128093475e-05
2,1.7999999999999545,0.007,422.6699999999999,0.0033575825405707032,0.7884163402350303,0.012599999999999683,13.660149999999998,0.032318711997539454,-0.002711024186208593,-2.939126748987163,3.682798760431092e-05
147,2.0999999999999943,0.007,424.76999999999987,0.003917179630665909,0.7923335198656962,0.014699999999999961,13.674849999999998,0.03219354003342986,-0.0031628615505767633,-2.9422896105377396,5.012698312809212e-05
213,2.0,0.007,426.76999999999987,0.0037306472673008756,0.7960641671329971,0.014,13.688849999999997,0.03207547390866275,-0.0030122490957874013,-2.945301859633527,4.546665136334911e-05
172,2.1000000000000227,0.007,428.8699999999999,0.003917179630665962,0.7999813467636631,0.014700000000000159,13.703549999999996,0.03195268962622706,-0.003162861550576806,-2.948464721184104,5.0126983128093475e-05
297,1.5,0.007,430.3699999999999,0.002797985450475657,0.8027793322141387,0.0105,13.714049999999997,0.031865720194251455,-0.002259186821840551,-2.9507239080059446,2.5574991391883873e-05
310,1.8000000000000114,0.007,432.1699999999999,0.0033575825405708095,0.8061369147547095,0.01260000000000008,13.726649999999998,0.0317621537820765,-0.0027110241862086785,-2.9534349321921534,3.682798760431325e-05
224,2.0,0.007,434.1699999999999,0.0037306472673008756,0.8098675620220104,0.014,13.740649999999997,0.031648087154801115,-0.0030122490957874013,-2.956447181287941,4.546665136334911e-05
113,1.0,0.007,435.1699999999999,0.0018653236336504378,0.8117328856556608,0.007,13.747649999999997,0.03159144702070455,-0.0015061245478937006,-2.9579533058358347,1.1366662840837277e-05
149,1.9000000000000057,0.007,437.06999999999994,0.0035441149039358425,0.8152770005595966,0.01330000000000004,13.760949999999996,0.03148454480975587,-0.0028616366409980397,-2.9608149424768326,4.103365285542282e-05
67,1.4000000000000057,0.007,438.4699999999999,0.0026114530871106235,0.8178884536467073,0.00980000000000004,13.770749999999996,0.031406367596414804,-0.0021085743670511896,-2.9629235168438837,2.2278659168041245e-05
241,1.0500000000000114,0.007,439.5199999999999,0.001958589815332981,0.8198470434620403,0.0073500000000000796,13.778099999999997,0.03134806152165999,-0.001581430775288403,-2.9645049476191723,1.2531745782023369e-05
26,2.1000000000000014,0.007,441.61999999999995,0.003917179630665922,0.8237642230927062,0.01470000000000001,13.792799999999996,0.03123228114668719,-0.0031628615505767737,-2.967667809169749,5.012698312809247e-05
234,1.0,0.007,442.61999999999995,0.0018653236336504378,0.8256295467263567,0.007,13.799799999999996,0.031177533776151095,-0.0015061245478937006,-2.969173933717643,1.1366662840837277e-05
317,1.6000000000000227,0.007,444.21999999999997,0.002984517813840743,0.8286140645401975,0.01120000000000016,13.810999999999996,0.03109045067759218,-0.0024097992766299553,-2.9715837329942727,2.909865687254426e-05
252,0.8999999999999773,0.007,445.11999999999995,0.0016787912702853516,0.8302928558104828,0.006299999999999841,13.817299999999996,0.031041741552839678,-0.0013555120931042965,-2.972939245087377,9.20699690107773e-06
237,1.420000000000016,0.007,446.53999999999996,0.0026487595597836514,0.8329416153702665,0.009940000000000112,13.827239999999996,0.030965288663949472,-0.002138696858009079,-2.975077941945386,2.2919738952264798e-05
53,1.2000000000000028,0.007,447.73999999999995,0.0022383883603805305,0.8351800037306469,0.00840000000000002,13.835639999999996,0.030901058650109434,-0.001807349457472445,-2.9768852914028585,1.6367994490805757e-05
32,1.3500000000000014,0.007,449.09,0.002518186905428094,0.837698190636075,0.00945000000000001,13.845089999999995,0.030829210180587402,-0.002033268139656498,-2.978918559542515,2.071574302742598e-05
325,1.2000000000000455,0.007,450.29,0.0022383883603806103,0.8399365789964556,0.008400000000000319,13.853489999999995,0.0307657065446712,-0.0018073494574725093,-2.980725908999988,1.6367994490806922e-05
239,1.6999999999999886,0.007,451.99,0.003171050177205723,0.8431076291736613,0.011899999999999921,13.865389999999996,0.03067632027257239,-0.0025604117314192744,-2.983286320731407,3.284965561001929e-05
46,1.7000000000000028,0.007,453.69,0.0031710501772057496,0.8462786793508671,0.01190000000000002,13.877289999999997,0.030587603870484245,-0.0025604117314192956,-2.985846732462826,3.284965561001984e-05
136,2.1000000000000227,0.006,455.79,0.003917179630665962,0.850195858981533,0.012600000000000137,13.889889999999998,0.03047431931371903,-0.0027110241862086906,-2.9885577566490347,4.393308583803171e-05
305,1.3000000000000114,0.006,457.09000000000003,0.0024249207237455905,0.8526207797052786,0.007800000000000068,13.897689999999997,0.03040471241987354,-0.0016782530676529954,-2.990236009716688,1.6836035162420247e-05
66,1.5999999999999943,0.006,458.69000000000005,0.00298451781384069,0.8556052975191193,0.009599999999999966,13.907289999999998,0.03031958403278902,-0.0020655422371113536,-2.992301551953799,2.5503106518221757e-05
135,0.8999999999999773,0.006,459.59000000000003,0.0016787912702853516,0.8572840887894047,0.005399999999999864,13.912689999999998,0.030271959790247823,-0.0011618675083751113,-2.993463419462174,8.069342296780752e-06
58,1.3000000000000114,0.006,460.89000000000004,0.0024249207237455905,0.8597090095131502,0.007800000000000068,13.920489999999997,0.030203497580767638,-0.0016782530676529954,-2.995141672529827,1.6836035162420247e-05
311,1.1999999999999886,0.006,462.09000000000003,0.002238388360380504,0.8619473978735307,0.007199999999999932,13.927689999999997,0.030140643597567563,-0.001549156677833506,-2.996690829207661,1.4345497416499568e-05
256,1.3999999999999773,0.006,463.49,0.0026114530871105706,0.8645588509606412,0.008399999999999864,13.936089999999997,0.030067725301516746,-0.0018073494574724117,-2.9984981786651335,1.9525815928013037e-05
163,2.0,0.006,465.49,0.0037306472673008756,0.8682894982279421,0.012,13.948089999999997,0.02996431717115297,-0.002581927796389201,-3.0010801064615227,3.984860393472178e-05
211,1.3999999999999773,0.006,466.89,0.0026114530871105706,0.8709009513150526,0.008399999999999864,13.956489999999997,0.029892458609094213,-0.0018073494574724117,-3.0028874559189953,1.9525815928013037e-05
216,1.3000000000000114,0.006,468.19,0.0024249207237455905,0.8733258720387982,0.007800000000000068,13.964289999999997,0.02982611760182831,-0.0016782530676529954,-3.0045657089866484,1.6836035162420247e-05
235,2.0,0.006,470.19,0.0037306472673008756,0.8770565193060991,0.012,13.976289999999997,0.029724770837321078,-0.002581927796389201,-3.0071476367830376,3.984860393472178e-05
260,1.8999999999999773,0.006,472.09,0.0035441149039357896,0.8806006342100349,0.011399999999999863,13.987689999999997,0.029629286788536078,-0.002452831406569712,-3.0096004681896074,3.5963365051085546e-05
199,1.900000000000034,0.006,473.99,0.0035441149039358954,0.8841447491139708,0.011400000000000205,13.999089999999997,0.029534568239836276,-0.002452831406569785,-3.012053299596177,3.5963365051087694e-05
230,1.5,0.006,475.49,0.002797985450475657,0.8869427345644464,0.009000000000000001,14.008089999999997,0.0294603251382784,-0.001936445847291901,-3.0139897454434688,2.2414839713281e-05
207,2.4499999999999886,0.006,477.94,0.004570042902443551,0.89151277746689,0.014699999999999932,14.022789999999997,0.029340063606310408,-0.003162861550576757,-3.0171526069940455,5.979781127954132e-05
220,1.3999999999999773,0.006,479.34,0.0026114530871105706,0.8941242305540005,0.008399999999999864,14.031189999999997,0.02927189468853006,-0.0018073494574724117,-3.018959956451518,1.9525815928013037e-05
283,1.1000000000000227,0.006,480.44,0.002051855997015524,0.896176086551016,0.006600000000000136,14.037789999999998,0.029218612105569888,-0.00142006028801409,-3.0203800167395323,1.2054202690253836e-05
236,3.0,0.005,483.44,0.005595970900951314,0.9017720574519673,0.015,14.052789999999998,0.029068322852887636,-0.003227409745486501,-3.0236074264850186,7.785204603193342e-05
54,1.5,0.005,484.94,0.002797985450475657,0.9045700429024429,0.0075,14.060289999999998,0.028993875530993522,-0.0016137048727432506,-3.0252211313577617,1.9463011507983355e-05
233,1.8999999999999773,0.005,486.84,0.0035441149039357896,0.9081141578063787,0.009499999999999887,14.069789999999998,0.028900234163174755,-0.0020440261721414265,-3.027265157529903,3.122732068614143e-05
89,2.0,0.005,488.84,0.0037306472673008756,0.9118448050736796,0.01,14.079789999999997,0.02880245069961541,-0.0021516064969910012,-3.029416764026894,3.4600909347525964e-05
52,1.7999999999999972,0.005,490.64,0.003357582540570783,0.9152023876142504,0.008999999999999985,14.088789999999998,0.028715127180825042,-0.0019364458472918978,-3.0313532098741858,2.8026736571495937e-05
56,0.9000000000000057,0.005,491.53999999999996,0.0016787912702854047,0.9168811788845358,0.004500000000000028,14.093289999999998,0.028671705252878706,-0.0009682229236459565,-3.032321432797832,7.006684142874096e-06
55,1.5,0.005,493.03999999999996,0.002797985450475657,0.9196791643350114,0.0075,14.100789999999998,0.028599687652117473,-0.0016137048727432506,-3.033935137670575,1.9463011507983355e-05
202,2.0,0.005,495.03999999999996,0.0037306472673008756,0.9234098116023123,0.01,14.110789999999998,0.028504343083387198,-0.0021516064969910012,-3.036086744167566,3.4600909347525964e-05
262,1.6000000000000227,0.005,496.64,0.002984517813840743,0.9263943294161531,0.008000000000000115,14.118789999999999,0.028428620328608246,-0.0017212851975928255,-3.037808029365159,2.2144581982417245e-05
261,1.1000000000000227,0.005,497.74,0.002051855997015524,0.9284461854131686,0.005500000000000114,14.124289999999998,0.028376843331860004,-0.001183383573345075,-3.038991412938504,1.0466775077627035e-05
178,2.180000000000007,0.005,499.92,0.004066405521357968,0.9325125909345265,0.010900000000000035,14.135189999999998,0.028274903984637535,-0.0023452510817201983,-3.0413366640202244,4.1109340395795856e-05
253,1.8999999999999773,0.005,501.82,0.0035441149039357896,0.9360567058384623,0.009499999999999887,14.144689999999997,0.02818678012036188,-0.0020440261721414265,-3.043380690192366,3.122732068614143e-05
171,2.1000000000000227,0.005,503.92,0.003917179630665962,0.9399738854691283,0.010500000000000113,14.155189999999997,0.028090153198920456,-0.0022591868218405755,-3.0456398770142066,3.81475025556482e-05
244,0.9000000000000341,0.004,504.82000000000005,0.0016787912702854577,0.9416526767394138,0.0036000000000001365,14.158789999999998,0.028047204944336587,-0.0007745783389167898,-3.046414455353123,6.019022439357188e-06
238,2.579999999999984,0.004,507.40000000000003,0.0048125349748181,0.9464652117142319,0.010319999999999937,14.169109999999998,0.02792493102089081,-0.0022204579048946994,-3.048634913258018,4.9462988846090936e-05
231,2.0,0.004,509.40000000000003,0.0037306472673008756,0.9501958589815328,0.008,14.177109999999997,0.027830997251668623,-0.0017212851975928008,-3.050356198455611,2.9723567601761643e-05
8,1.2000000000000455,0.004,510.6000000000001,0.0022383883603806103,0.9524342473419134,0.004800000000000182,14.181909999999997,0.027774990207598892,-0.0010327711185557195,-3.0513889695741665,1.0700484336635001e-05
232,1.1000000000000227,0.004,511.7000000000001,0.002051855997015524,0.9544861033389289,0.004400000000000091,14.186309999999997,0.027723881180379117,-0.0009467068586760601,-3.0523356764328424,8.991379199533267e-06
255,1.6000000000000227,0.004,513.3000000000002,0.002984517813840743,0.9574706211527697,0.006400000000000091,14.192709999999996,0.027649931813754122,-0.0013770281580742603,-3.0537127045909167,1.902308326512799e-05
302,1.1000000000000227,0.004,514.4000000000002,0.002051855997015524,0.9595224771497852,0.004400000000000091,14.197109999999997,0.027599358475894228,-0.0009467068586760601,-3.0546594114495926,8.991379199533267e-06
197,2.1999999999999886,0.004,516.6000000000001,0.004103711994030942,0.9636261891438161,0.008799999999999955,14.205909999999998,0.02749885791715059,-0.0018934137173520712,-3.0565528251669445,3.596551679813122e-05
300,1.8999999999999773,0.004,518.5000000000001,0.0035441149039357896,0.967170304047752,0.007599999999999909,14.213509999999998,0.02741274831243972,-0.0016352209377131412,-3.0581880461046578,2.682551976058924e-05
173,3.3999999999999773,0.004,521.9000000000001,0.006342100354411446,0.9735124044021634,0.013599999999999909,14.227109999999998,0.027260222264801678,-0.002926184835907742,-3.0611142309405657,8.590111036909e-05
273,1.1999999999999886,0.003,523.1000000000001,0.002238388360380504,0.9757507927625438,0.003599999999999966,14.230709999999998,0.027204568916077223,-0.000774578338916753,-3.0618888092794823,9.077968331074207e-06
140,1.5,0.003,524.6000000000001,0.002797985450475657,0.9785487782130194,0.0045000000000000005,14.235209999999999,0.027135360274494844,-0.0009682229236459506,-3.0628570322031283,1.4184325517303718e-05
11,1.6000000000000227,0.003,526.2000000000002,0.002984517813840743,0.9815332960268602,0.004800000000000068,14.240009999999998,0.027061972633979463,-0.001032771118555695,-3.063889803321684,1.613861036635491e-05
0,1.3999999999999773,0.002,527.6000000000001,0.0026114530871105706,0.9841447491139708,0.0027999999999999544,14.242809999999999,0.0269954700530705,-0.0006024498191574705,-3.0644922531408416,1.0329171890918161e-05
306,1.1999999999999886,0.002,528.8000000000002,0.002238388360380504,0.9863831374743512,0.0023999999999999772,14.245209999999998,0.026938748108925856,-0.0005163855592778354,-3.0650086387001196,7.588779348429771e-06
303,1.8999999999999773,0.002,530.7000000000002,0.0035441149039357896,0.989927252378287,0.0037999999999999545,14.249009999999998,0.026849462973431305,-0.0008176104688565706,-3.065826249168976,1.9024648227660652e-05
12,1.3999999999999773,0.001,532.1000000000001,0.0026114530871105706,0.9925387054653976,0.0013999999999999772,14.250409999999999,0.026781450855102414,-0.00030122490957873525,-3.066127474078555,8.48369311239803e-06
148,1.9000000000000057,0.001,534.0000000000001,0.0035441149039358425,0.9960828203693334,0.0019000000000000056,14.252309999999998,0.026689719101123586,-0.0004088052344282914,-3.066536279312983,1.562557762028473e-05
146,2.0999999999999943,-9.0,536.1000000000001,0.003917179630665909,0.9999999999999993,-18.89999999999995,-4.647689999999951,-0.008669445998880712,4.066536279312981,0.9999999999999978,16.504873949103544
