,weight,grade,cml_weight,weight_pct,cml_weight_pct,yield,cml_yield,cml_grade,recovery,cml_recovery,distributional_heterogeneity
33,1.4600000000000009,0.449,1.4600000000000009,0.002630630630630632,0.002630630630630632,0.6555400000000003,0.6555400000000003,0.44899999999999995,0.0502259839822983,0.0502259839822983,0.002265317660670103
75,1.2999999999999972,0.32,2.759999999999998,0.002342342342342337,0.004972972972972969,0.4159999999999991,1.0715399999999995,0.3882391304347827,0.03187297394001287,0.08209895792231117,0.0008720582025573372
35,1.3699999999999974,0.269,4.1299999999999955,0.002468468468468464,0.007441441441441432,0.36852999999999936,1.4400699999999989,0.3486852300242132,0.02823593049546382,0.11033488841777499,0.0006639620993126473
9,1.8399999999999999,0.231,5.969999999999995,0.003315315315315315,0.010756756756756747,0.42504,1.8651099999999987,0.3124137353433836,0.03256559818140168,0.14290048659917667,0.0008555790477460654
316,1.5,0.207,7.469999999999995,0.002702702702702703,0.01345945945945945,0.3105,2.175609999999999,0.29124631860776445,0.023789803866283696,0.16669029046546036,0.0004446658354830988
8,1.1600000000000001,0.202,8.629999999999995,0.0020900900900900905,0.01554954954954954,0.23432000000000006,2.409929999999999,0.2792502896871379,0.017953065513518832,0.18464335597897918,0.0002516339892843042
5,1.6999999999999993,0.198,10.329999999999995,0.0030630630630630617,0.018612612612612604,0.3365999999999999,2.7465299999999986,0.2658789932236205,0.02578952651011623,0.21043288248909542,0.0005164921408102437
76,1.0,0.164,11.329999999999995,0.0018018018018018018,0.020414414414414404,0.164,2.9105299999999987,0.2568870255957635,0.012565307034043563,0.222998189523139,0.00011585304488449575
210,1.6999999999999886,0.159,13.029999999999983,0.0030630630630630426,0.023477477477477447,0.2702999999999982,3.1808299999999967,0.2441158864159632,0.02070977128842654,0.24370796081156554,0.00031140631119111164
12,1.8000000000000007,0.13,14.829999999999984,0.0032432432432432444,0.02672072072072069,0.2340000000000001,3.4148299999999967,0.23026500337154418,0.017928547841257286,0.26163650865282284,0.00021565817113645231
297,1.0,0.122,15.829999999999984,0.0018018018018018018,0.028522522522522492,0.122,3.5368299999999966,0.22342577384712572,0.009347362549715334,0.2709838712025382,5.6935487000453395e-05
212,1.7999999999999545,0.122,17.62999999999994,0.003243243243243161,0.031765765765765654,0.21959999999999444,3.756429999999991,0.21307033465683517,0.016825252589487173,0.2878091237920254,0.00018447097788145967
78,1.4000000000000057,0.119,19.029999999999944,0.0025225225225225328,0.034288288288288185,0.16660000000000066,3.923029999999992,0.2061497635312666,0.012764513121168695,0.3005736369131941,0.00010489837142275636
26,1.6000000000000014,0.112,20.629999999999946,0.0028828828828828855,0.03717117117117107,0.17920000000000016,4.102229999999992,0.198847794474067,0.013729896466467125,0.3143035333796612,0.00011765770368246099
34,1.6300000000000026,0.112,22.25999999999995,0.0029369369369369415,0.04010810810810801,0.18256000000000028,4.284789999999992,0.19248831985624448,0.013987332025213392,0.3282908654048746,0.0001221112316070043
203,1.1800000000000068,0.109,23.439999999999955,0.0021261261261261385,0.04223423423423415,0.12862000000000073,4.413409999999993,0.18828540955631404,0.009854571894626173,0.3381454372995008,5.9728873996646074e-05
38,2.0999999999999943,0.109,25.53999999999995,0.0037837837837837733,0.04601801801801792,0.22889999999999938,4.642309999999992,0.18176624902114336,0.017537797439588804,0.3556832347390896,0.0001891728916440712
211,1.400000000000034,0.093,26.939999999999984,0.002522522522522584,0.04854054054054051,0.13020000000000317,4.772509999999995,0.17715330363771337,0.009975627901417755,0.36565886264050734,5.554877978891611e-05
74,1.2000000000000028,0.092,28.139999999999986,0.0021621621621621674,0.050702702702702676,0.11040000000000026,4.882909999999995,0.17352203269367442,0.008458596930234224,0.37411745957074155,3.96450907885866e-05
15,1.0,0.087,29.139999999999986,0.0018018018018018018,0.05250450450450448,0.087,4.969909999999995,0.1705528483184625,0.006665742146108475,0.38078320171685004,2.3657915672974114e-05
11,1.3000000000000007,0.085,30.439999999999987,0.0023423423423423436,0.054846846846846826,0.11050000000000007,5.080409999999995,0.1668991458607095,0.008466258702815943,0.38924946041966596,3.75023515900762e-05
10,1.6999999999999993,0.085,32.139999999999986,0.0030630630630630617,0.057909909909909886,0.14449999999999996,5.224909999999995,0.16256720597386426,0.011071261380605454,0.4003207218002714,6.413124029308876e-05
204,1.5600000000000023,0.084,33.69999999999999,0.0028108108108108147,0.0607207207207207,0.1310400000000002,5.3559499999999955,0.15893026706231447,0.010039986791104093,0.41036070859137547,5.226098535404924e-05
213,1.1000000000000227,0.082,34.80000000000001,0.001981981981982023,0.06270270270270271,0.09020000000000186,5.446149999999998,0.15649856321839067,0.0069109188687241025,0.41727162746009955,2.42944188334867e-05
14,2.0,0.081,36.80000000000001,0.0036036036036036037,0.06630630630630632,0.162,5.6081499999999975,0.15239538043478248,0.012412071582408885,0.4296836990425084,7.7589108133638e-05
208,1.8000000000000114,0.079,38.60000000000002,0.003243243243243264,0.06954954954954959,0.1422000000000009,5.750349999999998,0.14897279792746101,0.010895040611225646,0.44057873965373406,5.8550002960662104e-05
207,1.1000000000000227,0.075,39.700000000000045,0.001981981981982023,0.0715315315315316,0.0825000000000017,5.83285,0.14692317380352626,0.006320962379930581,0.44689970203366464,1.882675089378182e-05
13,1.1999999999999993,0.074,40.90000000000005,0.002162162162162161,0.07369369369369377,0.08879999999999995,5.92165,0.14478361858190691,0.006803654052579681,0.4537033560862443,2.15434469688116e-05
55,1.4000000000000057,0.07,42.300000000000054,0.0025225225225225328,0.07621621621621631,0.0980000000000004,6.01965,0.1423085106382977,0.0075085371300992335,0.46121189321634354,2.486034166696823e-05
202,1.4499999999999886,0.069,43.75000000000004,0.002612612612612592,0.0788288288288289,0.10004999999999922,6.1197,0.139878857142857,0.007665603468024688,0.46887749668436823,2.553271658487825e-05
77,1.0999999999999943,0.068,44.85000000000004,0.0019819819819819717,0.08081081081081087,0.07479999999999962,6.1945,0.1381159420289854,0.0057310058911369125,0.47460850257550513,1.4055180271415395e-05
64,1.1000000000000085,0.064,45.950000000000045,0.0019819819819819973,0.08279279279279288,0.07040000000000055,6.2649,0.13634167573449388,0.005393887897540693,0.4800023904730458,1.164110197662442e-05
201,1.829999999999984,0.063,47.78000000000003,0.0032972972972972686,0.08609009009009015,0.115289999999999,6.380189999999999,0.1335326496442025,0.008833257609480914,0.4888356480825267,3.064685657807243e-05
216,1.3999999999999773,0.061,49.18000000000001,0.0025225225225224816,0.08861261261261263,0.08539999999999862,6.465589999999998,0.13146787311915406,0.006543153784800628,0.49537880186732736,1.6165475747208347e-05
16,1.3599999999999994,0.059,50.540000000000006,0.0024504504504504494,0.09106306306306308,0.08023999999999996,6.545829999999998,0.1295178076770874,0.006147806319583262,0.5015266081869106,1.3670440423010852e-05
195,1.1999999999999886,0.058,51.739999999999995,0.002162162162162142,0.09322522522522522,0.06959999999999934,6.615429999999997,0.1278591032083494,0.00533259371688673,0.5068592019037974,1.0051636243193372e-05
100,1.5,0.058,53.239999999999995,0.002702702702702703,0.09592792792792793,0.08700000000000001,6.702429999999997,0.125890871525169,0.006665742146108476,0.5135249440499059,1.5705681629989942e-05
200,1.2700000000000387,0.054,54.51000000000003,0.002288288288288358,0.09821621621621629,0.06858000000000208,6.771009999999999,0.12421592368372765,0.005254443636553255,0.5187793876864591,8.79807755004045e-06
196,1.5,0.054,56.01000000000003,0.002702702702702703,0.10091891891891899,0.081,6.852009999999999,0.12233547580789136,0.006206035791204443,0.5249854234776636,1.2273342728991139e-05
166,1.5,0.054,57.51000000000003,0.002702702702702703,0.1036216216216217,0.081,6.9330099999999995,0.1205531211963136,0.006206035791204443,0.5311914592688681,1.2273342728991139e-05
6,1.3000000000000007,0.054,58.81000000000003,0.0023423423423423436,0.10596396396396404,0.07020000000000004,7.003209999999999,0.11908195885053555,0.005378564352377187,0.5365700236212453,9.21864409422002e-06
86,1.4000000000000057,0.052,60.210000000000036,0.0025225225225225328,0.10848648648648658,0.0728000000000003,7.076009999999999,0.11752217239661178,0.005577770439502287,0.5421477940607475,9.334539834209124e-06
209,1.1999999999999886,0.052,61.410000000000025,0.002162162162162142,0.11064864864864872,0.06239999999999941,7.138409999999999,0.11624181729360032,0.004780946091001896,0.5469287401517494,6.858029265949376e-06
98,1.4000000000000057,0.049,62.81000000000003,0.0025225225225225328,0.11317117117117126,0.06860000000000029,7.207009999999999,0.11474303454863867,0.005255975991069464,0.5521847161428188,7.471767864711243e-06
180,1.3000000000000114,0.049,64.11000000000004,0.0023423423423423627,0.11551351351351362,0.06370000000000056,7.270709999999999,0.1134099204492278,0.004880549134564524,0.5570652652773833,6.442493720082713e-06
113,1.1999999999999886,0.048,65.31000000000003,0.002162162162162142,0.11767567567567576,0.05759999999999946,7.328309999999999,0.11220808451998156,0.004413181007078673,0.561478446284462,5.067085840169354e-06
29,1.3999999999999986,0.048,66.71000000000004,0.00252252252252252,0.12019819819819828,0.06719999999999993,7.395509999999999,0.11086059061609946,0.005148711174925161,0.5666271574593872,6.896866838008404e-06
215,2.2000000000000455,0.048,68.91000000000008,0.003963963963964046,0.12416216216216233,0.10560000000000218,7.5011100000000015,0.10885372224640825,0.008090831846311144,0.5747179893056983,1.703103851834802e-05
198,0.8999999999999773,0.046,69.81000000000006,0.0016216216216215806,0.1257837837837839,0.04139999999999895,7.54251,0.10804340352385036,0.003171973848837746,0.577889963154536,2.403592028434124e-06
269,1.1999999999999886,0.046,71.01000000000005,0.002162162162162142,0.12794594594594605,0.05519999999999948,7.597709999999999,0.10699493029150815,0.0042292984651170614,0.5821192616196531,4.2730524949941326e-06
27,1.6700000000000017,0.045,72.68000000000005,0.0030090090090090123,0.13095495495495507,0.07515000000000008,7.672859999999999,0.10557044578976327,0.005757822095173016,0.5878770837148262,7.555973382666476e-06
99,1.5999999999999943,0.043,74.28000000000004,0.0028828828828828725,0.13383783783783795,0.06879999999999975,7.741659999999999,0.10422267097469028,0.00527129953623289,0.593148383251059,5.704534109999696e-06
205,1.4099999999999682,0.042,75.69000000000001,0.002540540540540483,0.13637837837837843,0.05921999999999867,7.800879999999998,0.10306354868542736,0.004537301722902702,0.5976856849739617,3.987055219388563e-06
58,1.5,0.041,77.19000000000001,0.002702702702702703,0.13908108108108114,0.0615,7.862379999999997,0.1018574944941054,0.004711990137766336,0.602397675111728,4.037235996704594e-06
194,1.8000000000000114,0.041,78.99000000000002,0.003243243243243264,0.1423243243243244,0.07380000000000046,7.936179999999998,0.10047069249272053,0.005654388165319639,0.6080520632770476,5.81361983525469e-06
179,1.3000000000000114,0.039,80.29000000000003,0.0023423423423423627,0.14466666666666678,0.050700000000000446,7.986879999999998,0.09947540166895,0.0038845186989391114,0.6119365819759868,2.37830791484602e-06
149,1.3000000000000114,0.038,81.59000000000005,0.0023423423423423627,0.14700900900900915,0.04940000000000043,8.03628,0.09849589410466963,0.0037849156553765697,0.6157214976313633,2.081017763478487e-06
181,1.099999999999966,0.038,82.69000000000001,0.0019819819819819205,0.14899099099099108,0.041799999999998706,8.078079999999998,0.09769113556657391,0.0032026209391646625,0.618924118570528,1.4899594637921712e-06
134,2.079999999999984,0.036,84.77,0.0037477477477477193,0.1527387387387388,0.07487999999999942,8.152959999999998,0.09617742125752034,0.005737135309202284,0.6246612538797303,3.957662869670143e-06
89,1.4000000000000057,0.036,86.17,0.0025225225225225328,0.15526126126126133,0.0504000000000002,8.203359999999998,0.09519972148079375,0.003861533381193891,0.6285227872609241,1.792950079639807e-06
199,2.0,0.035,88.17,0.0036036036036036037,0.15886486486486492,0.07,8.273359999999998,0.09383418396279912,0.005363240807213716,0.6338860280681379,3.0963230883288167e-06
95,1.8000000000000114,0.035,89.97000000000001,0.003243243243243264,0.1621081081081082,0.0630000000000004,8.336359999999999,0.09265710792486383,0.0048269167264923755,0.6387129447946303,2.5080217015463733e-06
183,2.3000000000000114,0.035,92.27000000000002,0.004144144144144164,0.16625225225225235,0.0805000000000004,8.41686,0.09121989812506771,0.006167726928295804,0.6448806717229261,4.094887284314901e-06
182,1.3000000000000114,0.033,93.57000000000004,0.0023423423423423627,0.16859459459459472,0.042900000000000375,8.45976,0.09041102917601791,0.0032869004375638633,0.6481675721604899,8.92189995248469e-07
178,1.6999999999999886,0.033,95.27000000000002,0.0030630630630630426,0.17165765765765775,0.05609999999999963,8.515859999999998,0.08938658549385951,0.0042982544183526785,0.6524658265788426,1.5256976841822463e-06
217,1.6000000000000227,0.033,96.87000000000005,0.0028828828828829237,0.1745405405405407,0.052800000000000756,8.56866,0.08845524930318979,0.004045415923155547,0.6565112425019981,1.3514830697255064e-06
46,1.3900000000000006,0.033,98.26000000000005,0.0025045045045045057,0.1770450450450452,0.04587000000000002,8.61453,0.08767077142275591,0.0035144550832413323,0.6600256975852394,1.020000171490851e-06
315,1.8000000000000114,0.033,100.06000000000006,0.003243243243243264,0.18028828828828847,0.059400000000000376,8.67393,0.0866872876274235,0.004551092913549953,0.6645767904987894,1.710470760121317e-06
197,1.1000000000000227,0.031,101.16000000000008,0.001981981981982023,0.18227027027027048,0.034100000000000706,8.70803,0.08608175168050607,0.0026126644503713073,0.6671894549491607,3.977603759336001e-07
54,1.5999999999999943,0.031,102.76000000000008,0.0028828828828828725,0.18515315315315337,0.049599999999999825,8.75763,0.08522411444141684,0.003800239200539991,0.6709896941497007,8.415426135454273e-07
138,0.5,0.03,103.26000000000008,0.0009009009009009009,0.18605405405405426,0.015,8.772630000000001,0.08495671121441017,0.001149265887260082,0.6721389600369607,6.168516644919616e-08
268,1.0,0.03,104.26000000000008,0.0018018018018018018,0.18785585585585607,0.03,8.80263,0.08442959907922495,0.002298531774520164,0.6744374918114809,2.4674066579678465e-07
249,1.1999999999999886,0.029,105.46000000000006,0.002162162162162142,0.1900180180180182,0.03479999999999967,8.83743,0.08379888109235724,0.002666296858443365,0.6771037886699243,2.541517919945612e-07
176,1.8000000000000114,0.027,107.26000000000008,0.003243243243243264,0.19326126126126147,0.04860000000000031,8.88603,0.08284570203244447,0.0037236214747226894,0.680827410144647,2.3076324527930025e-07
45,1.0999999999999943,0.027,108.36000000000007,0.0019819819819819717,0.19524324324324344,0.029699999999999845,8.91573,0.08227879291251379,0.0022755464567749506,0.683102956601422,8.618010086047744e-08
52,1.9000000000000057,0.026,110.26000000000008,0.0034234234234234336,0.19866666666666688,0.049400000000000145,8.96513,0.08130899691637941,0.003784915655376548,0.6868878722567985,1.3067663376244397e-07
104,1.200000000000017,0.026,111.4600000000001,0.002162162162162193,0.20082882882882908,0.031200000000000443,8.99633,0.08071352951731557,0.0023904730455010046,0.6892783453022995,5.2125859450948355e-08
40,1.2999999999999972,0.026,112.76000000000009,0.002342342342342337,0.20317117117117142,0.03379999999999993,9.03013,0.08008274210713012,0.0025896791326260457,0.6918680244349256,6.11754878278471e-08
103,1.799999999999983,0.025,114.56000000000007,0.0032432432432432127,0.20641441441441463,0.044999999999999575,9.07513,0.07921726606145246,0.0034477976617802134,0.6953158220967057,4.1842510143010504e-08
206,1.5,0.025,116.06000000000007,0.002702702702702703,0.20911711711711733,0.037500000000000006,9.11263,0.07851654316732719,0.002873164718150205,0.698188986814856,2.905729871042451e-08
30,1.2999999999999972,0.025,117.36000000000007,0.002342342342342337,0.21145945945945968,0.03249999999999993,9.14513,0.07792373892297201,0.0024900760890635056,0.7006790629039195,2.1825259920274316e-08
124,2.3000000000000114,0.025,119.66000000000008,0.004144144144144164,0.21560360360360384,0.05750000000000029,9.202630000000001,0.07690648504094931,0.004405519234497003,0.7050845821384165,6.831693785695431e-08
39,2.1000000000000085,0.025,121.76000000000009,0.0037837837837837993,0.21938738738738764,0.05250000000000021,9.255130000000001,0.07601125164257551,0.004022430605410303,0.7091070127438268,5.69523054724325e-08
71,1.5999999999999943,0.025,123.36000000000008,0.0028828828828828725,0.22227027027027052,0.03999999999999986,9.29513,0.07534962710765235,0.0030647090326935415,0.7121717217765203,3.3060748754971656e-08
296,1.0,0.025,124.36000000000008,0.0018018018018018018,0.22407207207207233,0.025,9.32013,0.07494475715664196,0.0019154431454334701,0.7140871649219538,1.2914354982410894e-08
31,1.7000000000000028,0.024,126.06000000000009,0.003063063063063068,0.2271351351351354,0.04080000000000007,9.360930000000002,0.07425773441218464,0.0031260032133474287,0.7172131681353012,3.96146251781782e-09
102,1.3000000000000114,0.024,127.3600000000001,0.0023423423423423627,0.22947747747747776,0.031200000000000273,9.392130000000002,0.073744739321608,0.0023904730455009916,0.7196036411808022,2.316564586544018e-09
36,2.0,0.023,129.3600000000001,0.0036036036036036037,0.23308108108108136,0.046,9.438130000000001,0.07296018862090285,0.0035244153875975846,0.7231280565683998,6.27077355421593e-09
57,0.7999999999999972,0.023,130.16000000000008,0.0014414414414414363,0.23452252252252279,0.018399999999999934,9.45653,0.07265311923786105,0.0014097661550390287,0.7245378227234389,1.0033237686745418e-09
42,1.1500000000000057,0.023,131.3100000000001,0.002072072072072082,0.23659459459459486,0.02645000000000013,9.482980000000001,0.07221826212778916,0.0020265388478686213,0.7265643615713075,2.073274506362662e-09
90,1.9000000000000057,0.023,133.2100000000001,0.0034234234234234336,0.2400180180180183,0.04370000000000013,9.52668,0.07151625253359353,0.0033481946182177154,0.7299125561895252,5.65937313267991e-09
53,1.0999999999999943,0.023,134.3100000000001,0.0019819819819819717,0.24200000000000027,0.025299999999999868,9.55198,0.0711189040279949,0.0019384284631786615,0.7318509846527039,1.896909000150299e-09
177,1.1999999999999886,0.023,135.51000000000008,0.002162162162162142,0.2441621621621624,0.02759999999999974,9.57958,0.0706927901999852,0.0021146492325585307,0.7339656338852625,2.2574784795176915e-09
123,1.9000000000000057,0.022,137.41000000000008,0.0034234234234234336,0.24758558558558585,0.04180000000000012,9.62138,0.07001950367513278,0.003202620939164771,0.7371682548244273,4.875373705479694e-08
105,1.6999999999999886,0.022,139.11000000000007,0.0030630630630630426,0.2506486486486489,0.037399999999999746,9.65878,0.06943267917475376,0.0028655029455684515,0.7400337577699957,3.903000002447657e-08
190,1.6000000000000227,0.022,140.7100000000001,0.0028828828828829237,0.2535315315315318,0.035200000000000495,9.69398,0.06889332670030554,0.0026969439487703637,0.7427307017187661,3.457328721891495e-08
247,2.0,0.022,142.7100000000001,0.0036036036036036037,0.2571351351351354,0.044,9.73798,0.0682361432275243,0.0033711799359629068,0.746101881654729,5.4020761279553064e-08
37,1.5,0.022,144.2100000000001,0.002702702702702703,0.2598378378378381,0.033,9.77098,0.06775521808473749,0.0025283849519721806,0.7486302666067012,3.03866782197486e-08
17,1.6400000000000006,0.022,145.85000000000008,0.002954954954954956,0.26279279279279305,0.03608000000000001,9.80706,0.06724072677408292,0.0027643675474895843,0.7513946341541907,3.6323559884371506e-08
32,1.5399999999999991,0.022,147.39000000000007,0.0027747747747747732,0.26556756756756783,0.03387999999999998,9.84094,0.06676803039554918,0.002595808550691437,0.7539904427048821,3.2028909362646975e-08
140,1.6999999999999886,0.021,149.09000000000006,0.0030630630630630426,0.26863063063063086,0.03569999999999977,9.87664,0.06624616003756117,0.002735252811678977,0.7567256955165611,1.0745956091248432e-07
122,1.5999999999999943,0.021,150.69000000000005,0.0028828828828828725,0.2715135135135137,0.03359999999999988,9.91024,0.06576574424314816,0.0025743555874625746,0.7593000511040237,9.518909201936387e-08
187,1.3199999999999932,0.021,152.01000000000005,0.002378378378378366,0.27389189189189206,0.02771999999999986,9.93796,0.06537701467008748,0.0021238433596566207,0.7614238944636803,6.478807575567934e-08
114,2.0,0.021,154.01000000000005,0.0036036036036036037,0.2774954954954957,0.042,9.97996,0.06480072722550481,0.00321794448432823,0.7646418389480085,1.4873295628025711e-07
193,2.1999999999999886,0.021,156.21000000000004,0.003963963963963943,0.2814594594594596,0.04619999999999976,10.026159999999999,0.06418385506689711,0.0035397389327610344,0.7681815778807696,1.7996687709910925e-07
106,1.3000000000000114,0.021,157.51000000000005,0.0023423423423423627,0.283801801801802,0.02730000000000024,10.05346,0.06382743952764902,0.0020916639148133675,0.770273241795583,6.283967402840973e-08
186,1.5500000000000114,0.02,159.06000000000006,0.0027927927927928133,0.2865945945945948,0.03100000000000023,10.08446,0.06340035206840183,0.00237514950033752,0.7726483912959206,1.744259197328975e-07
41,1.8499999999999943,0.02,160.91000000000005,0.003333333333333323,0.2899279279279281,0.03699999999999989,10.121459999999999,0.06290137343856812,0.0028348558552415267,0.7754832471511621,2.4847979616475724e-07
97,1.6999999999999886,0.02,162.61000000000004,0.0030630630630630426,0.29299099099099113,0.03399999999999977,10.155459999999998,0.06245286267757207,0.002605002677789502,0.7780882498289516,2.0981931655694472e-07
101,1.5,0.02,164.11000000000004,0.002702702702702703,0.2956936936936938,0.03,10.185459999999997,0.06206483456218387,0.002298531774520164,0.7803867816034719,1.633541391879349e-07
107,1.6999999999999886,0.019,165.81000000000003,0.0030630630630630426,0.29875675675675684,0.03229999999999978,10.217759999999997,0.06162330378143655,0.0024747525439000263,0.7828615341473719,3.461092669578575e-07
192,0.5,0.019,166.31000000000003,0.0009009009009009009,0.29965765765765773,0.0095,10.227259999999996,0.06149515964163306,0.0007278683952647185,0.7835894025426366,2.9940248006735475e-08
229,1.1000000000000227,0.019,167.41000000000005,0.001981981981982023,0.30163963963963975,0.020900000000000432,10.248159999999997,0.06121593692133082,0.001601310469582414,0.7851907130122191,1.449108003526057e-07
22,1.1199999999999974,0.019,168.53000000000006,0.0020180180180180136,0.30365765765765773,0.02127999999999995,10.269439999999996,0.06093538242449411,0.0016304252053929659,0.786821138217612,1.5022818839859524e-07
70,1.2000000000000028,0.019,169.73000000000008,0.0021621621621621674,0.30581981981981987,0.022800000000000053,10.292239999999996,0.0606388970718199,0.0017468841486353286,0.7885680223662473,1.7245582851879718e-07
69,2.0999999999999943,0.019,171.83000000000007,0.0037837837837837733,0.30960360360360367,0.039899999999999894,10.332139999999995,0.06013001222138155,0.00305704726011181,0.7916250696263591,5.28145974838811e-07
248,1.1999999999999886,0.019,173.03000000000006,0.002162162162162142,0.3117657657657658,0.022799999999999782,10.354939999999996,0.059844766803444444,0.0017468841486353078,0.7933719537749945,1.7245582851879307e-07
175,1.5,0.018,174.53000000000006,0.002702702702702703,0.31446846846846854,0.026999999999999996,10.381939999999995,0.05948513149601783,0.002068678597068147,0.7954406323720626,4.019865665256977e-07
132,1.6999999999999886,0.018,176.23000000000005,0.0030630630630630426,0.3175315315315316,0.030599999999999794,10.412539999999995,0.05908494580945351,0.0023445024100105516,0.7977851347820732,5.163294121152227e-07
143,1.5,0.018,177.73000000000005,0.002702702702702703,0.32023423423423425,0.026999999999999996,10.439539999999994,0.05873819839081748,0.002068678597068147,0.7998538133791414,4.019865665256977e-07
92,1.0999999999999943,0.018,178.83000000000004,0.0019819819819819717,0.3222162162162162,0.019799999999999898,10.459339999999994,0.05848761393502204,0.0015170309711833004,0.8013708443503247,2.1617944244270633e-07
226,0.8999999999999773,0.018,179.73000000000002,0.0016216216216215806,0.3238378378378378,0.01619999999999959,10.475539999999993,0.05828487175207251,0.001241207158240857,0.8026120515085655,1.4471516394924388e-07
184,2.079999999999984,0.018,181.81,0.0037477477477477193,0.32758558558558554,0.03743999999999971,10.512979999999994,0.057823992079643546,0.002868567654601142,0.8054806191631667,7.729576361852232e-07
133,1.6200000000000045,0.017,183.43,0.002918918918918927,0.33050450450450447,0.02754000000000008,10.540519999999994,0.057463446546366426,0.0021100521690095163,0.8075906713321762,6.542654191090129e-07
321,1.3999999999999773,0.017,184.82999999999998,0.0025225225225224816,0.33302702702702697,0.023799999999999617,10.564319999999993,0.05715695503976624,0.001823501874452634,0.8094141732066289,4.886298664279899e-07
94,1.5999999999999943,0.017,186.42999999999998,0.0028828828828828725,0.3359099099099098,0.027199999999999905,10.591519999999994,0.05681231561443971,0.002084002142231608,0.8114981753488605,6.382104377835131e-07
43,1.7099999999999937,0.017,188.14,0.0030810810810810696,0.3389909909909909,0.029069999999999895,10.620589999999993,0.0564504624216009,0.0022272772895100307,0.8137254526383705,7.289809145010823e-07
250,1.0,0.017,189.14,0.0018018018018018018,0.3407927927927927,0.017,10.637589999999992,0.0562418843184942,0.0013025013388947597,0.8150279539772652,2.493009522591866e-07
91,1.0,0.017,190.14,0.0018018018018018018,0.34259459459459446,0.017,10.654589999999992,0.05603550015777844,0.0013025013388947597,0.81633045531616,2.493009522591866e-07
56,1.4000000000000057,0.017,191.54,0.0025225225225225328,0.345117117117117,0.0238000000000001,10.678389999999991,0.05575018272945594,0.001823501874452671,0.8181539571906127,4.886298664280097e-07
189,1.3999999999999773,0.017,192.93999999999997,0.0025225225225224816,0.3476396396396395,0.023799999999999617,10.702189999999991,0.05546900590857257,0.001823501874452634,0.8199774590650654,4.886298664279899e-07
188,1.6800000000000068,0.016,194.61999999999998,0.0030270270270270393,0.35066666666666657,0.02688000000000011,10.729069999999991,0.055128301305107354,0.0020594844699700753,0.8220369435350354,9.361385997163285e-07
79,1.7999999999999972,0.016,196.41999999999996,0.0032432432432432383,0.35390990990990984,0.028799999999999954,10.757869999999992,0.05476972813359125,0.002206590503539354,0.8242435340385748,1.074648902735569e-06
139,1.3000000000000114,0.016,197.71999999999997,0.0023423423423423627,0.3562522522522522,0.020800000000000183,10.778669999999991,0.05451481893586887,0.001593648697000661,0.8258371827355754,5.605421745750461e-07
47,1.4200000000000017,0.016,199.14,0.0025585585585585617,0.3588108108108108,0.02272000000000003,10.80138999999999,0.05424018278597967,0.0017407547305699396,0.8275779374661453,6.688031010728438e-07
4,1.1000000000000014,0.016,200.23999999999998,0.0019819819819819847,0.36079279279279275,0.017600000000000022,10.81898999999999,0.05403011386336392,0.0013484719743851645,0.8289264094405304,4.013349297253229e-07
125,1.299999999999983,0.016,201.53999999999996,0.0023423423423423115,0.36313513513513507,0.02079999999999973,10.83978999999999,0.05378480698620617,0.0015936486970006263,0.830520058137531,5.605421745750215e-07
50,1.75,0.015,203.28999999999996,0.003153153153153153,0.36628828828828824,0.02625,10.86603999999999,0.05345093216587137,0.0020112153027051433,0.8325312734402361,1.3040220542858212e-06
44,1.190000000000012,0.015,204.47999999999996,0.0021441441441441655,0.3684324324324324,0.017850000000000178,10.88388999999999,0.053227161580594644,0.0013676264058395111,0.8338988998460757,6.029797979017758e-07
68,1.0,0.015,205.47999999999996,0.0018018018018018018,0.3702342342342342,0.015,10.89888999999999,0.05304112322367137,0.001149265887260082,0.8350481657333357,4.2580311976679876e-07
243,2.099999999999966,0.015,207.57999999999993,0.003783783783783722,0.37401801801801793,0.03149999999999949,10.93038999999999,0.05265627709798629,0.0024134583632461327,0.8374616240965819,1.8777917581715216e-06
142,1.5500000000000114,0.015,209.12999999999994,0.0027927927927928133,0.37681081081081075,0.02325000000000017,10.953639999999991,0.052377181657342294,0.00178136212525314,0.839242986221835,1.0229919952397491e-06
51,1.25,0.015,210.37999999999994,0.0022522522522522522,0.379063063063063,0.01875,10.972389999999992,0.0521551002947048,0.0014365823590751024,0.8406795685809101,6.653173746356231e-07
73,3.0,0.014,213.37999999999994,0.005405405405405406,0.3844684684684684,0.042,11.014389999999992,0.05161866154278749,0.00321794448432823,0.8438975130652383,4.784985281239806e-06
67,2.1000000000000085,0.014,215.47999999999996,0.0037837837837837993,0.3882522522522522,0.02940000000000012,11.043789999999992,0.05125204195284943,0.00225256113902977,0.846150074204268,2.3446427878075242e-06
223,1.3700000000000045,0.014,216.84999999999997,0.002468468468468477,0.39072072072072067,0.019180000000000065,11.062969999999993,0.05101669356698176,0.0014695279811765632,0.8476196021854446,9.978820971510058e-07
222,1.5,0.014,218.34999999999997,0.002702702702702703,0.3934234234234234,0.021,11.083969999999994,0.05076239981680786,0.001608972242164115,0.8492285744276088,1.1962463203099516e-06
7,1.6999999999999993,0.014,220.04999999999995,0.0030630630630630617,0.3964864864864865,0.02379999999999999,11.107769999999993,0.05047839127471027,0.0018235018744526628,0.8510520763020615,1.5365119403092254e-06
174,1.5,0.014,221.54999999999995,0.002702702702702703,0.3991891891891892,0.021,11.128769999999994,0.050231415030467144,0.001608972242164115,0.8526610485442256,1.1962463203099516e-06
82,1.5,0.013,223.04999999999995,0.002702702702702703,0.4018918918918919,0.0195,11.148269999999995,0.04998103564223267,0.0014940456534381066,0.8541550941976638,1.4608518627370005e-06
93,1.5999999999999943,0.013,224.64999999999995,0.0028828828828828725,0.40477477477477475,0.020799999999999926,11.169069999999994,0.049717649677275745,0.0015936486970006413,0.8557487428946644,1.66212478604742e-06
147,1.5600000000000023,0.013,226.20999999999995,0.0028108108108108147,0.40758558558558555,0.020280000000000027,11.189349999999994,0.049464435701339446,0.0015538074795756328,0.8573025503742401,1.5800573747363447e-06
84,0.9000000000000057,0.013,227.10999999999996,0.001621621621621632,0.40920720720720716,0.011700000000000073,11.201049999999993,0.04931993307207959,0.0008964273920628696,0.8581989777663029,5.259066705853268e-07
339,2.0,0.013,229.10999999999996,0.0036036036036036037,0.4128108108108108,0.026,11.227049999999993,0.04900288071232157,0.001992060871250809,0.8601910386375538,2.597069978199112e-06
3,2.0999999999999996,0.013,231.20999999999995,0.0037837837837837833,0.4165945945945946,0.027299999999999994,11.254349999999993,0.04867587907097442,0.002091663914813349,0.862282702552367,2.86326965096452e-06
65,1.8999999999999915,0.013,233.10999999999996,0.003423423423423408,0.42001801801801797,0.02469999999999989,11.279049999999993,0.048385097164428785,0.00189245782768826,0.8641751603800553,2.3438556553246774e-06
148,1.4399999999999977,0.012,234.54999999999995,0.0025945945945945906,0.42261261261261257,0.017279999999999972,11.296329999999992,0.04816171392027284,0.0013239543021236124,0.8654991146821789,1.6145267528507328e-06
270,1.1999999999999886,0.012,235.74999999999994,0.002162162162162142,0.4247747747747747,0.014399999999999864,11.310729999999992,0.0479776458112407,0.0011032952517696683,0.8666024099339485,1.1211991339241022e-06
293,2.099999999999966,0.012,237.8499999999999,0.003783783783783722,0.42855855855855846,0.02519999999999959,11.335929999999992,0.04765999579566953,0.0019307666905969065,0.8685331766245454,3.433672347642517e-06
109,1.5999999999999943,0.012,239.4499999999999,0.0028828828828828725,0.4314414414414413,0.019199999999999932,11.355129999999992,0.04742171643349341,0.0014710603356928999,0.8700042369602383,1.993242904753983e-06
267,1.8999999999999773,0.012,241.34999999999988,0.0034234234234233824,0.4348648648648647,0.022799999999999727,11.377929999999992,0.04714286306194323,0.0017468841486353037,0.8717511211088737,2.810783939906937e-06
110,1.5999999999999943,0.012,242.94999999999987,0.0028828828828828725,0.43774774774774755,0.019199999999999932,11.397129999999992,0.04691142210331343,0.0014710603356928999,0.8732221814445665,1.993242904753983e-06
62,1.6700000000000017,0.012,244.6199999999999,0.0030090090090090123,0.4407567567567566,0.02004000000000002,11.417169999999992,0.0466730847845638,0.001535419225379471,0.874757600669946,2.1714668504173574e-06
117,2.5,0.012,247.1199999999999,0.0045045045045045045,0.4452612612612611,0.03,11.447169999999991,0.046322313046293286,0.002298531774520164,0.8770561324444662,4.866315685434564e-06
146,1.6399999999999864,0.012,248.75999999999988,0.0029549549549549303,0.448216216216216,0.019679999999999837,11.46684999999999,0.046096036340247615,0.001507836844085215,0.8785639692885514,2.094150826807134e-06
224,1.5299999999999727,0.012,250.28999999999985,0.0027567567567567076,0.4509729729729727,0.01835999999999967,11.48520999999999,0.0458876103719685,0.0014067014460063152,0.8799706707345577,1.8226493420853383e-06
111,1.4000000000000057,0.012,251.68999999999986,0.0025225225225225328,0.4534954954954952,0.01680000000000007,11.50200999999999,0.045699113989431425,0.001287177793731297,0.881257848528289,1.5260765989522917e-06
225,1.1000000000000227,0.012,252.78999999999988,0.001981981981982023,0.45547747747747724,0.013200000000000272,11.515209999999989,0.04555247438585385,0.001011353980788893,0.8822692025090779,9.421187167001704e-07
121,2.5,0.011,255.28999999999988,0.0045045045045045045,0.45998198198198176,0.027499999999999997,11.542709999999989,0.04521410944416152,0.002106987459976817,0.8843761899690548,5.7480879788007785e-06
49,1.5,0.011,256.78999999999985,0.002702702702702703,0.4626846846846845,0.0165,11.55920999999999,0.045014252891467724,0.0012641924759860903,0.8856403824450408,2.0693116723682804e-06
329,2.1000000000000227,0.011,258.8899999999999,0.003783783783783825,0.4664684684684683,0.02310000000000025,11.582309999999989,0.044738344470624566,0.0017698694663805454,0.8874102519114214,4.055850877841917e-06
83,1.0999999999999943,0.011,259.9899999999999,0.0019819819819819717,0.46845045045045025,0.012099999999999937,11.59440999999999,0.0445955998307627,0.0009270744823897946,0.8883373263938112,1.1128298326958191e-06
318,1.2000000000000455,0.011,261.18999999999994,0.002162162162162244,0.4706126126126125,0.0132000000000005,11.60760999999999,0.044441249664994804,0.0010113539807889104,0.8893486803746001,1.3243594703157996e-06
273,2.1999999999999886,0.011,263.38999999999993,0.003963963963963943,0.4745765765765764,0.024199999999999874,11.63180999999999,0.04416192718022702,0.0018541489647795892,0.8912028293393797,4.4513193307832764e-06
130,1.3000000000000114,0.011,264.68999999999994,0.0023423423423423627,0.4769189189189188,0.014300000000000123,11.646109999999991,0.04399905549888546,0.0010956334791879542,0.8922984628185676,1.5542829894677578e-06
81,2.3000000000000114,0.011,266.98999999999995,0.004144144144144164,0.48106306306306296,0.025300000000000124,11.671409999999991,0.043714783325218144,0.0019384284631786812,0.8942368912817463,4.8651816652570265e-06
80,1.2000000000000028,0.011,268.18999999999994,0.0021621621621621674,0.4832252252252251,0.013200000000000031,11.68460999999999,0.043568402997874615,0.0010113539807888746,0.8952482452625352,1.3243594703157056e-06
317,2.0,0.011,270.18999999999994,0.0036036036036036037,0.4868288288288287,0.022,11.70660999999999,0.043327325215589005,0.0016855899679814534,0.8969338352305166,3.678776306432498e-06
131,1.3000000000000114,0.01,271.48999999999995,0.0023423423423423627,0.4891711711711711,0.013000000000000114,11.71960999999999,0.04316774098493496,0.000996030435625413,0.8979298656661421,1.8125557501678284e-06
112,1.8000000000000114,0.01,273.28999999999996,0.003243243243243264,0.49241441441441436,0.018000000000000113,11.737609999999991,0.04294928464268723,0.001379119064712107,0.8993089847308542,3.4749589529844597e-06
85,1.799999999999983,0.01,275.0899999999999,0.0032432432432432127,0.49565765765765757,0.01799999999999983,11.755609999999992,0.04273368715693044,0.0013791190647120853,0.9006881037955663,3.4749589529843496e-06
115,1.4000000000000057,0.01,276.4899999999999,0.0025225225225225328,0.4981801801801801,0.014000000000000058,11.769609999999991,0.04256794097435711,0.0010726481614427477,0.901760751957009,2.102135662916515e-06
340,2.0,0.01,278.4899999999999,0.0036036036036036037,0.5017837837837837,0.02,11.78960999999999,0.04233405149197456,0.001532354516346776,0.9032931064733558,4.290072781462241e-06
292,2.0,0.01,280.4899999999999,0.0036036036036036037,0.5053873873873873,0.02,11.80960999999999,0.042103497450889496,0.001532354516346776,0.9048254609897026,4.290072781462241e-06
191,1.5,0.01,281.9899999999999,0.002702702702702703,0.50809009009009,0.015,11.824609999999991,0.0419327281109259,0.001149265887260082,0.9059747268769627,2.4131659395725107e-06
330,1.7999999999999545,0.01,283.78999999999985,0.003243243243243161,0.5113333333333332,0.017999999999999544,11.84260999999999,0.04173018781493357,0.0013791190647120634,0.9073538459416748,3.47495895298424e-06
290,2.0,0.01,285.78999999999985,0.0036036036036036037,0.5149369369369368,0.02,11.86260999999999,0.04150813534413379,0.001532354516346776,0.9088862004580216,4.290072781462241e-06
272,1.900000000000034,0.01,287.6899999999999,0.0034234234234234847,0.5183603603603603,0.019000000000000343,11.88160999999999,0.04130004518752822,0.0014557367905294635,0.9103419372485511,3.871790685269811e-06
137,2.5,0.01,290.1899999999999,0.0045045045045045045,0.5228648648648647,0.025,11.90660999999999,0.04103039387987179,0.0019154431454334701,0.9122573803939845,6.703238721034753e-06
151,1.6699999999999875,0.01,291.8599999999999,0.0030090090090089867,0.5258738738738737,0.016699999999999875,11.92330999999999,0.04085284040293289,0.0012795160211495483,0.913536896415134,2.9911459950549666e-06
18,1.1199999999999974,0.009,292.9799999999999,0.0020180180180180136,0.5278918918918918,0.010079999999999976,11.93338999999999,0.04073107379343298,0.0007723066762387733,0.9143092030913728,1.5517967470374347e-06
246,2.1000000000000227,0.009,295.0799999999999,0.003783783783783825,0.5316756756756756,0.018900000000000205,11.95228999999999,0.04050525281279651,0.0014480750179477189,0.9157572781093205,5.455535438803625e-06
72,1.4000000000000057,0.009,296.4799999999999,0.0025225225225225328,0.5341981981981981,0.01260000000000005,11.964889999999992,0.040356482730706945,0.0009653833452984728,0.916722661454619,2.4246824172460223e-06
128,2.5,0.009,298.9799999999999,0.0045045045045045045,0.5387027027027026,0.0225,11.987389999999992,0.04009428724329386,0.001723898830890123,0.9184465602855091,7.731767912136488e-06
165,1.5,0.009,300.4799999999999,0.002702702702702703,0.5414054054054053,0.013499999999999998,12.000889999999993,0.03993906416400425,0.0010343392985340736,0.9194808995840431,2.783436448369136e-06
59,1.2000000000000028,0.009,301.6799999999999,0.0021621621621621674,0.5435675675675674,0.010800000000000025,12.011689999999993,0.03981599708300185,0.000827471438827261,0.9203083710228703,1.7813993269562554e-06
262,1.0,0.009,302.6799999999999,0.0018018018018018018,0.5453693693693692,0.009,12.020689999999993,0.03971418659970925,0.0006895595323560492,0.9209979305552264,1.2370828659418381e-06
327,1.8000000000000682,0.009,304.47999999999996,0.0032432432432433662,0.5486126126126125,0.016200000000000613,12.036889999999994,0.03953261297950603,0.0012412071582409356,0.9222391377134673,4.008148485651859e-06
328,1.7999999999999545,0.009,306.2799999999999,0.003243243243243161,0.5518558558558557,0.01619999999999959,12.053089999999994,0.039353173566671014,0.001241207158240857,0.9234803448717082,4.008148485651353e-06
145,1.3600000000000136,0.009,307.63999999999993,0.002450450450450475,0.5543063063063062,0.012240000000000122,12.065329999999994,0.03921898972825379,0.0009378009640042363,0.9244181458357124,2.28810846884607e-06
141,1.4499999999999886,0.008,309.0899999999999,0.002612612612612592,0.5569189189189188,0.011599999999999909,12.076929999999994,0.039072535507457366,0.0008887656194811231,0.9253069114551935,2.971648455728407e-06
254,1.8999999999999773,0.008,310.9899999999999,0.0034234234234233824,0.5603423423423421,0.015199999999999818,12.092129999999994,0.038882697192835776,0.0011645894324235357,0.9264715008876171,5.102330998896295e-06
48,0.6899999999999977,0.008,311.6799999999999,0.0012432432432432391,0.5615855855855854,0.0055199999999999815,12.097649999999994,0.038814328798767964,0.00042292984651170877,0.9268944307341288,6.729140688572211e-07
116,1.5999999999999943,0.008,313.27999999999986,0.0028828828828828725,0.5644684684684682,0.012799999999999956,12.110449999999995,0.03865695224719101,0.0009807068904619332,0.9278751376245907,3.618273506142586e-06
319,2.0,0.008,315.27999999999986,0.0036036036036036037,0.5680720720720718,0.016,12.126449999999995,0.03846247779751332,0.0012258836130774207,0.9291010212376681,5.6535523533478305e-06
251,1.1000000000000227,0.008,316.3799999999999,0.001981981981982023,0.5700540540540538,0.008800000000000183,12.135249999999996,0.038356564890321763,0.0006742359871925954,0.9297752572248608,1.7101995868877893e-06
120,1.5999999999999943,0.008,317.9799999999999,0.0028828828828828725,0.5729369369369367,0.012799999999999956,12.148049999999996,0.038203817850179254,0.0009807068904619332,0.9307559641153227,3.618273506142586e-06
218,1.3999999999999773,0.008,319.3799999999999,0.0025225225225224816,0.5754594594594592,0.011199999999999818,12.159249999999997,0.038071419625524454,0.0008581185291541806,0.9316140826444769,2.770240653140347e-06
271,1.5,0.008,320.8799999999999,0.002702702702702703,0.5781621621621619,0.012,12.171249999999997,0.03793084642233857,0.0009194127098080656,0.932533495354285,3.1801231987581546e-06
255,1.900000000000034,0.008,322.7799999999999,0.0034234234234234847,0.5815855855855854,0.015200000000000272,12.186449999999997,0.037754662618501765,0.0011645894324235706,0.9336980847867086,5.1023309988966e-06
20,1.5,0.007,324.2799999999999,0.002702702702702703,0.584288288288288,0.0105,12.196949999999998,0.03761240286172444,0.0008044861210820574,0.9345025709077907,3.6032261907395678e-06
19,1.8800000000000026,0.007,326.1599999999999,0.003387387387387392,0.5876756756756755,0.013160000000000019,12.210109999999997,0.03743595168015698,0.00100828927175618,0.9355108601795469,5.660107843799984e-06
295,2.2000000000000455,0.007,328.35999999999996,0.003963963963964046,0.5916396396396395,0.015400000000000318,12.225509999999996,0.03723203191618954,0.0011799129775870419,0.9366907731571339,7.750939894746768e-06
21,1.5,0.007,329.85999999999996,0.002702702702702703,0.5943423423423422,0.0105,12.236009999999997,0.03709455526587036,0.0008044861210820574,0.937495259278216,3.6032261907395678e-06
303,2.5,0.007,332.35999999999996,0.0045045045045045045,0.5988468468468466,0.0175,12.253509999999997,0.03686818510049344,0.001340810201803429,0.9388360694800194,1.0008961640943243e-05
336,2.1000000000000227,0.007,334.46,0.003783783783783825,0.6026306306306305,0.014700000000000159,12.268209999999996,0.036680649405011055,0.0011262805695148926,0.9399623500495343,7.062323333849706e-06
87,1.0,0.007,335.46,0.0018018018018018018,0.6044324324324323,0.007,12.275209999999996,0.036592171943003626,0.0005363240807213716,0.9404986741302557,1.6014338625509192e-06
126,1.9000000000000057,0.007,337.36,0.0034234234234234336,0.6078558558558557,0.01330000000000004,12.288509999999995,0.036425509841119266,0.001019015753370609,0.9415176898836263,5.781176243808852e-06
144,1.5,0.007,338.86,0.002702702702702703,0.6105585585585583,0.0105,12.299009999999996,0.0362952546774479,0.0008044861210820574,0.9423221760047084,3.6032261907395678e-06
150,1.1999999999999886,0.007,340.06,0.002162162162162142,0.6127207207207205,0.008399999999999921,12.307409999999996,0.0361918779038993,0.0006435888968656399,0.942965764901574,2.3060647620732795e-06
323,2.0,0.007,342.06,0.0036036036036036037,0.616324324324324,0.014,12.321409999999995,0.03602119511196865,0.0010726481614427431,0.9440384130630167,6.405735450203677e-06
161,1.0,0.007,343.06,0.0018018018018018018,0.6181261261261258,0.007,12.328409999999995,0.03593660001165975,0.0005363240807213716,0.9445747371437381,1.6014338625509192e-06
23,1.8800000000000026,0.007,344.94,0.003387387387387392,0.6215135135135132,0.013160000000000019,12.341569999999994,0.0357788890821592,0.00100828927175618,0.9455830264154943,5.660107843799984e-06
307,2.0,0.007,346.94,0.0036036036036036037,0.6251171171171168,0.014,12.355569999999993,0.035612987836513496,0.0010726481614427431,0.946655674576937,6.405735450203677e-06
304,1.6000000000000227,0.007,348.54,0.0028828828828829237,0.6279999999999998,0.01120000000000016,12.366769999999994,0.03548163768864404,0.0008581185291542067,0.9475137931060912,4.09967068813047e-06
308,2.0,0.007,350.54,0.0036036036036036037,0.6316036036036033,0.014,12.380769999999993,0.035319136189878454,0.0010726481614427431,0.9485864412675339,6.405735450203677e-06
96,0.9000000000000057,0.007,351.44000000000005,0.001621621621621632,0.633225225225225,0.00630000000000004,12.387069999999992,0.03524661393125424,0.0004826916726492375,0.9490691329401831,1.297161428666261e-06
66,1.5,0.007,352.94000000000005,0.002702702702702703,0.6359279279279276,0.0105,12.397569999999993,0.03512656542188471,0.0008044861210820574,0.9498736190612652,3.6032261907395678e-06
63,1.0999999999999943,0.007,354.0400000000001,0.0019819819819819717,0.6379099099099096,0.00769999999999996,12.405269999999993,0.0350391763642526,0.0005899564887935057,0.9504635755500587,1.9377349736865924e-06
61,1.3299999999999983,0.007,355.37000000000006,0.0023963963963963934,0.640306306306306,0.009309999999999988,12.414579999999992,0.0349342375552241,0.0007133110273594233,0.9511768865774181,2.8327763594663138e-06
28,1.3299999999999983,0.007,356.70000000000005,0.0023963963963963934,0.6427027027027025,0.009309999999999988,12.423889999999991,0.03483008130081298,0.0007133110273594233,0.9518901976047774,2.8327763594663138e-06
302,1.8000000000000114,0.006,358.50000000000006,0.003243243243243264,0.6459459459459457,0.010800000000000068,12.434689999999991,0.034685327754532744,0.0008274714388272642,0.9527176690436047,5.835953411011333e-06
118,1.5,0.006,360.00000000000006,0.002702702702702703,0.6486486486486484,0.009000000000000001,12.443689999999991,0.03456580555555552,0.0006895595323560493,0.9534072285759607,4.052745424313374e-06
309,2.099999999999966,0.006,362.1,0.003783783783783722,0.6524324324324321,0.012599999999999795,12.45628999999999,0.034400138083402344,0.0009653833452984532,0.9543726119212592,7.943381031653957e-06
24,1.3999999999999986,0.006,363.5,0.00252252252252252,0.6549549549549546,0.00839999999999999,12.46468999999999,0.03429075653370011,0.0006435888968656452,0.9550162008181249,3.5303915696240874e-06
220,2.0600000000000023,0.006,365.56,0.003711711711711716,0.6586666666666663,0.012360000000000013,12.47704999999999,0.03413133274975377,0.0009469950911023086,0.9559631959092272,7.6436579922739e-06
286,2.1000000000000227,0.006,367.66,0.003783783783783825,0.6624504504504501,0.012600000000000137,12.48964999999999,0.03397065223304137,0.0009653833452984794,0.9569285792545257,7.943381031654386e-06
135,0.6300000000000239,0.006,368.2900000000001,0.0011351351351351782,0.6635855855855853,0.0037800000000001435,12.493429999999991,0.033922805397920086,0.00028961500358955163,0.9572181942581153,7.149042928489334e-07
245,1.8000000000000114,0.006,370.0900000000001,0.003243243243243264,0.6668288288288285,0.010800000000000068,12.50422999999999,0.03378699775730225,0.0008274714388272642,0.9580456656969425,5.835953411011333e-06
337,1.8999999999999773,0.006,371.99000000000007,0.0034234234234233824,0.6702522522522519,0.011399999999999863,12.515629999999991,0.033645071104061904,0.0008734420743176518,0.9589191077712601,6.502404880787081e-06
108,1.4000000000000057,0.006,373.3900000000001,0.0025225225225225328,0.6727747747747744,0.008400000000000034,12.524029999999991,0.03354141782050935,0.0006435888968656485,0.9595626966681258,3.530391569624124e-06
119,1.4000000000000057,0.006,374.7900000000001,0.0025225225225225328,0.6752972972972969,0.008400000000000034,12.53242999999999,0.03343853891512577,0.0006435888968656485,0.9602062855649914,3.530391569624124e-06
333,2.0,0.005,376.7900000000001,0.0036036036036036037,0.6789009009009005,0.01,12.54242999999999,0.03328758725019238,0.000766177258173388,0.9609724628231648,8.050988265741468e-06
252,1.8999999999999773,0.005,378.69000000000005,0.0034234234234233824,0.6823243243243239,0.009499999999999887,12.55192999999999,0.03314566003855393,0.00072786839526471,0.9617003312184296,7.266016909831501e-06
253,2.0,0.005,380.69000000000005,0.0036036036036036037,0.6859279279279274,0.01,12.56192999999999,0.032997793480259496,0.000766177258173388,0.962466508476603,8.050988265741468e-06
274,2.0,0.005,382.69000000000005,0.0036036036036036037,0.689531531531531,0.01,12.57192999999999,0.032851472471190746,0.000766177258173388,0.9632326857347764,8.050988265741468e-06
285,1.8000000000000114,0.005,384.49000000000007,0.003243243243243264,0.6927747747747742,0.009000000000000057,12.58092999999999,0.032721085073734,0.0006895595323560535,0.9639222452671324,6.521300495250671e-06
0,1.75,0.005,386.24000000000007,0.003153153153153153,0.6959279279279273,0.00875,12.589679999999989,0.0325954846727423,0.0006704051009017145,0.9645926503680341,6.164037890958311e-06
341,2.0,0.005,388.24000000000007,0.0036036036036036037,0.6995315315315309,0.01,12.599679999999989,0.03245332783845041,0.000766177258173388,0.9653588276262075,8.050988265741468e-06
172,1.1999999999999886,0.005,389.44000000000005,0.002162162162162142,0.701693693693693,0.005999999999999943,12.605679999999989,0.03236873459326209,0.0004597063549040284,0.9658185339811115,2.8983557756668735e-06
219,1.0400000000000205,0.005,390.4800000000001,0.0018738738738739108,0.703567567567567,0.005200000000000102,12.61087999999999,0.03229584101618518,0.0003984121742501696,0.9662169461553617,2.1769872270565784e-06
25,1.6000000000000014,0.005,392.0800000000001,0.0028828828828828855,0.7064504504504499,0.008000000000000007,12.61887999999999,0.03218445215262188,0.0006129418065387109,0.9668298879619004,5.1526324900745486e-06
228,1.3999999999999773,0.005,393.4800000000001,0.0025225225225224816,0.7089729729729723,0.0069999999999998865,12.62587999999999,0.0320877299989834,0.0005363240807213629,0.9673662120426217,3.944984250213191e-06
88,1.0,0.005,394.4800000000001,0.0018018018018018018,0.7107747747747741,0.005,12.63087999999999,0.03201906307037109,0.000383088629086694,0.9677493006717084,2.012747066435367e-06
127,1.6500000000000057,0.005,396.1300000000001,0.0029729729729729834,0.7137477477477471,0.008250000000000028,12.63912999999999,0.03190652058667606,0.0006320962379930472,0.9683813969097015,5.4797038883703244e-06
214,2.3999999999999773,0.005,398.5300000000001,0.004324324324324284,0.7180720720720714,0.011999999999999886,12.651129999999991,0.031744485985998515,0.0009194127098080568,0.9693008096195096,1.1593423102667494e-05
162,1.5999999999999943,0.005,400.1300000000001,0.0028828828828828725,0.7209549549549542,0.007999999999999972,12.65912999999999,0.03163754279859043,0.0006129418065387083,0.9699137514260483,5.152632490074503e-06
306,2.1000000000000227,0.004,402.23000000000013,0.003783783783783825,0.7247387387387381,0.008400000000000091,12.66752999999999,0.0314932501305223,0.0006435888968656529,0.970557340322914,9.86082392782703e-06
288,1.0,0.004,403.23000000000013,0.0018018018018018018,0.7265405405405398,0.004,12.67152999999999,0.03142506757929714,0.0003064709032693552,0.9708638112261834,2.236014496105854e-06
291,1.900000000000034,0.004,405.13000000000017,0.0034234234234234847,0.7299639639639633,0.007600000000000136,12.67912999999999,0.031296448053711116,0.0005822947162117853,0.9714461059423951,8.072012330942423e-06
185,2.3700000000000045,0.004,407.50000000000017,0.004270270270270279,0.7342342342342336,0.009480000000000018,12.68860999999999,0.031137693251533705,0.0007263360407483732,0.9721724419831435,1.2559469823177019e-05
299,3.0,0.004,410.50000000000017,0.005405405405405406,0.739639639639639,0.012,12.70060999999999,0.030939366626065737,0.0009194127098080656,0.9730918546929516,2.0124130464952683e-05
301,2.0,0.004,412.50000000000017,0.0036036036036036037,0.7432432432432425,0.008,12.70860999999999,0.030808751515151476,0.0006129418065387104,0.9737047964994903,8.944057984423416e-06
167,1.5,0.004,414.00000000000017,0.002702702702702703,0.7459459459459452,0.006,12.71460999999999,0.030711618357487886,0.0004597063549040328,0.9741645028543943,5.031032616238171e-06
160,1.2700000000000102,0.004,415.2700000000002,0.0022882882882883067,0.7482342342342335,0.005080000000000041,12.71968999999999,0.030629927517037067,0.00038921804715208425,0.9745537209015463,3.60646778076919e-06
163,1.4000000000000057,0.004,416.6700000000002,0.0025225225225225328,0.750756756756756,0.0056000000000000225,12.725289999999989,0.030540451676386547,0.00042905926457709897,0.9749827801661235,4.382588412367509e-06
281,2.0,0.004,418.6700000000002,0.0036036036036036037,0.7543603603603596,0.008,12.733289999999988,0.030413667088637786,0.0006129418065387104,0.9755957219726622,8.944057984423416e-06
326,2.3999999999999773,0.004,421.07000000000016,0.004324324324324284,0.7586846846846839,0.009599999999999909,12.742889999999989,0.030263115396489855,0.0007355301678464455,0.9763312521405086,1.2879443497569473e-05
153,1.4699999999999989,0.004,422.5400000000002,0.0026486486486486465,0.7613333333333325,0.0058799999999999955,12.748769999999988,0.03017174705353335,0.0004505122278059518,0.9767817643683145,4.831803724635132e-06
136,1.6699999999999875,0.004,424.21000000000015,0.0030090090090089867,0.7643423423423416,0.00667999999999995,12.755449999999987,0.0300687159661488,0.0005118064084598193,0.9772935707767744,6.236020828189523e-06
129,1.049999999999983,0.004,425.2600000000001,0.001891891891891861,0.7662342342342334,0.004199999999999932,12.759649999999986,0.03000435027982877,0.00032179444843281776,0.9776153652252072,2.4652059819566243e-06
331,2.1000000000000227,0.004,427.3600000000001,0.003783783783783825,0.7700180180180173,0.008400000000000091,12.768049999999986,0.029876567764882025,0.0006435888968656529,0.9782589541220729,9.86082392782703e-06
332,3.0,0.004,430.3600000000001,0.005405405405405406,0.7754234234234227,0.012,12.780049999999987,0.02969618458964584,0.0009194127098080656,0.979178366831881,2.0124130464952683e-05
60,1.0999999999999943,0.004,431.46000000000015,0.0019819819819819717,0.7774054054054047,0.004399999999999978,12.784449999999987,0.02963067260000923,0.000337117993596289,0.9795154848254772,2.7055775402880554e-06
2,1.0999999999999996,0.004,432.5600000000002,0.0019819819819819813,0.7793873873873867,0.0043999999999999985,12.788849999999988,0.029565493804327683,0.0003371179935962906,0.9798526028190735,2.7055775402880817e-06
283,1.8999999999999773,0.004,434.46000000000015,0.0034234234234233824,0.78281081081081,0.007599999999999909,12.796449999999988,0.029453689637711142,0.0005822947162117679,0.9804348975352852,8.07201233094194e-06
244,2.0,0.004,436.46000000000015,0.0036036036036036037,0.7864144144144136,0.008,12.804449999999987,0.029337052650872893,0.0006129418065387104,0.9810478393418239,8.944057984423416e-06
171,1.1000000000000227,0.004,437.5600000000002,0.001981981981982023,0.7883963963963957,0.004400000000000091,12.808849999999987,0.029273356796782116,0.0003371179935962977,0.9813849573354202,2.705577540288195e-06
241,3.0,0.004,440.5600000000002,0.005405405405405406,0.7938018018018012,0.012,12.820849999999988,0.029101257490466638,0.0009194127098080656,0.9823043700452283,2.0124130464952683e-05
276,2.0,0.004,442.5600000000002,0.0036036036036036037,0.7974054054054047,0.008,12.828849999999987,0.02898782086044826,0.0006129418065387104,0.982917311851767,8.944057984423416e-06
264,1.0,0.004,443.5600000000002,0.0018018018018018018,0.7992072072072065,0.004,12.832849999999986,0.02893148615745329,0.0003064709032693552,0.9832237827550364,2.236014496105854e-06
261,2.0,0.004,445.5600000000002,0.0036036036036036037,0.8028108108108101,0.008,12.840849999999985,0.02881957536583172,0.0006129418065387104,0.9838367245615751,8.944057984423416e-06
227,1.1000000000000227,0.004,446.6600000000002,0.001981981981982023,0.8047927927927921,0.004400000000000091,12.845249999999986,0.028758451618680833,0.0003371179935962977,0.9841738425551714,2.705577540288195e-06
159,1.1299999999999955,0.003,447.7900000000002,0.0020360360360360276,0.8068288288288282,0.0033899999999999863,12.848639999999985,0.0286934500547131,0.00025973409052077747,0.9844335766456922,3.1552486016412635e-06
164,1.5,0.003,449.2900000000002,0.002702702702702703,0.8095315315315309,0.0045000000000000005,12.853139999999986,0.028607669879142605,0.00034477976617802464,0.9847783564118702,5.559800574589161e-06
310,2.0,0.003,451.2900000000002,0.0036036036036036037,0.8131351351351345,0.006,12.859139999999986,0.028494183341088834,0.0004597063549040328,0.9852380627667742,9.884089910380731e-06
311,2.0,0.003,453.2900000000002,0.0036036036036036037,0.816738738738738,0.006,12.865139999999986,0.028381698250568025,0.0004597063549040328,0.9856977691216782,9.884089910380731e-06
312,2.0,0.003,455.2900000000002,0.0036036036036036037,0.8203423423423416,0.006,12.871139999999986,0.02827020141009023,0.0004597063549040328,0.9861574754765822,9.884089910380731e-06
313,1.400000000000034,0.003,456.6900000000002,0.002522522522522584,0.8228648648648642,0.004200000000000102,12.875339999999987,0.028192734677790144,0.0003217944484328308,0.986479269925015,4.8432040560867946e-06
320,2.3999999999999773,0.003,459.0900000000002,0.004324324324324284,0.8271891891891885,0.007199999999999932,12.882539999999986,0.028061033784225274,0.0005516476258848341,0.9870309175508999,1.4233089470947982e-05
156,1.5999999999999943,0.003,460.69000000000017,0.0028828828828828725,0.8300720720720713,0.004799999999999983,12.887339999999986,0.02797399552844642,0.00036776508392322496,0.9873986826348231,6.325817542643623e-06
266,1.6000000000000227,0.003,462.2900000000002,0.0028828828828829237,0.8329549549549543,0.004800000000000068,12.892139999999985,0.027887559756862534,0.00036776508392323147,0.9877664477187463,6.325817542643848e-06
325,3.0,0.003,465.2900000000002,0.005405405405405406,0.8383603603603598,0.009000000000000001,12.901139999999986,0.027727094930043588,0.0006895595323560493,0.9884560072511024,2.2239202298356643e-05
238,1.900000000000034,0.003,467.1900000000002,0.0034234234234234847,0.8417837837837833,0.0057000000000001026,12.906839999999987,0.02762653310216396,0.000436721037158839,0.9888927282882612,8.920391144118931e-06
338,2.0,0.003,469.1900000000002,0.0036036036036036037,0.8453873873873868,0.006,12.912839999999987,0.02752155843048654,0.0004597063549040328,0.9893524346431652,9.884089910380731e-06
240,1.8000000000000114,0.003,470.99000000000024,0.003243243243243264,0.84863063063063,0.005400000000000034,12.918239999999987,0.027427843478630077,0.0004137357194136321,0.9897661703625789,8.006112827408494e-06
305,2.099999999999966,0.003,473.0900000000002,0.003783783783783722,0.8524144144144138,0.006299999999999898,12.924539999999986,0.02731941068295669,0.0004826916726492266,0.9902488620352281,1.0897209126194403e-05
277,2.1000000000000227,0.003,475.1900000000002,0.003783783783783825,0.8561981981981976,0.0063000000000000686,12.930839999999986,0.027211936278120286,0.0004826916726492397,0.9907315537078774,1.0897209126194991e-05
282,2.1000000000000227,0.003,477.29000000000025,0.003783783783783825,0.8599819819819815,0.0063000000000000686,12.937139999999985,0.027105407613819646,0.0004826916726492397,0.9912142453805266,1.0897209126194991e-05
170,1.6499999999999773,0.003,478.9400000000002,0.002972972972972932,0.8629549549549544,0.004949999999999932,12.942089999999984,0.027022361882490454,0.00037925774279582184,0.9915935031233224,6.7273586952527e-06
1,1.25,0.003,480.1900000000002,0.0022522522522522522,0.8652072072072067,0.00375,12.945839999999984,0.02695982840125779,0.0002873164718150205,0.9918808195951374,3.860972621242473e-06
284,2.0,0.003,482.1900000000002,0.0036036036036036037,0.8688108108108102,0.006,12.951839999999985,0.026860449200522572,0.0004597063549040328,0.9923405259500414,9.884089910380731e-06
173,1.8000000000000114,0.003,483.99000000000024,0.003243243243243264,0.8720540540540535,0.005400000000000034,12.957239999999985,0.026771710159300768,0.0004137357194136321,0.992754261669455,8.006112827408494e-06
287,2.2999999999999545,0.002,486.2900000000002,0.004144144144144062,0.8761981981981976,0.004599999999999909,12.961839999999984,0.02665454769787571,0.0003524415387597515,0.9931067032082148,1.437700864767817e-05
314,1.8999999999999773,0.002,488.19000000000017,0.0034234234234233824,0.8796216216216209,0.0037999999999999545,12.965639999999985,0.02655859399004482,0.00029114735810588393,0.9933978505663207,9.811153349360872e-06
275,2.0,0.002,490.19000000000017,0.0036036036036036037,0.8832252252252245,0.004,12.969639999999984,0.026458393684081642,0.0003064709032693552,0.9937043214695901,1.0871084043613414e-05
334,2.0,0.002,492.19000000000017,0.0036036036036036037,0.8868288288288281,0.004,12.973639999999984,0.026359007700278304,0.0003064709032693552,0.9940107923728595,1.0871084043613414e-05
256,1.8999999999999773,0.002,494.09000000000015,0.0034234234234233824,0.8902522522522515,0.0037999999999999545,12.977439999999984,0.026265336274767716,0.00029114735810588393,0.9943019397309654,9.811153349360872e-06
257,2.1000000000000227,0.002,496.19000000000017,0.003783783783783825,0.8940360360360353,0.004200000000000046,12.981639999999985,0.026162639311554003,0.00032179444843282644,0.9946237341793982,1.1985370158084046e-05
258,1.8999999999999773,0.002,498.09000000000015,0.0034234234234233824,0.8974594594594587,0.0037999999999999545,12.985439999999985,0.026070469192314604,0.00029114735810588393,0.9949148815375041,9.811153349360872e-06
152,2.460000000000008,0.002,500.5500000000002,0.004432432432432447,0.9018918918918911,0.004920000000000016,12.990359999999985,0.025952172610128818,0.00037695921102130813,0.9952918407485254,1.644686304958284e-05
322,2.0,0.002,502.5500000000002,0.0036036036036036037,0.9054954954954947,0.004,12.994359999999984,0.02585685006467014,0.0003064709032693552,0.9955983116517948,1.0871084043613414e-05
289,2.0,0.002,504.5500000000002,0.0036036036036036037,0.9090990990990983,0.004,12.998359999999984,0.02576228322267363,0.0003064709032693552,0.9959047825550642,1.0871084043613414e-05
263,1.8000000000000114,0.002,506.3500000000002,0.003243243243243264,0.9123423423423415,0.003600000000000023,13.001959999999984,0.02567781179026361,0.0002758238129424214,0.9961806063680066,8.805578075326978e-06
300,2.099999999999966,0.002,508.45000000000016,0.003783783783783722,0.9161261261261252,0.004199999999999932,13.006159999999984,0.025580017700855502,0.00032179444843281776,0.9965024008164395,1.1985370158083399e-05
235,2.0,0.002,510.45000000000016,0.0036036036036036037,0.9197297297297288,0.004,13.010159999999983,0.025487628563032577,0.0003064709032693552,0.9968088717197089,1.0871084043613414e-05
168,1.8000000000000114,0.002,512.2500000000002,0.003243243243243264,0.922972972972972,0.003600000000000023,13.013759999999984,0.025405095168374775,0.0002758238129424214,0.9970846955326513,8.805578075326978e-06
265,1.0,0.002,513.2500000000002,0.0018018018018018018,0.9247747747747738,0.002,13.015759999999984,0.025359493424257144,0.0001532354516346776,0.997237930984286,2.7177710109033536e-06
242,2.1000000000000227,0.002,515.3500000000003,0.003783783783783825,0.9285585585585576,0.004200000000000046,13.019959999999985,0.025264305811584318,0.00032179444843282644,0.9975597254327189,1.1985370158084046e-05
294,2.0,0.001,517.3500000000003,0.0036036036036036037,0.9321621621621612,0.002,13.021959999999986,0.025170503527592498,0.0001532354516346776,0.9977129608843536,1.190504038412146e-05
236,1.900000000000034,0.001,519.2500000000002,0.0034234234234234847,0.9355855855855847,0.001900000000000034,13.023859999999987,0.0250820606644198,0.00014557367905294633,0.9978585345634066,1.0744298946670005e-05
279,2.0,0.001,521.2500000000002,0.0036036036036036037,0.9391891891891883,0.002,13.025859999999987,0.024989659472422026,0.0001532354516346776,0.9980117700150413,1.190504038412146e-05
280,2.0,0.001,523.2500000000002,0.0036036036036036037,0.9427927927927918,0.002,13.027859999999988,0.024897964644051567,0.0001532354516346776,0.998165005466676,1.190504038412146e-05
239,1.599999999999966,0.001,524.8500000000001,0.0028828828828828213,0.9456756756756747,0.001599999999999966,13.029459999999988,0.0248251119367438,0.00012258836130773948,0.9982875938279837,7.619225845837409e-06
335,2.0,0.001,526.8500000000001,0.0036036036036036037,0.9492792792792782,0.002,13.031459999999988,0.024734668311663634,0.0001532354516346776,0.9984408292796184,1.190504038412146e-05
169,1.4499999999999886,0.001,528.3000000000002,0.002612612612612592,0.9518918918918908,0.0014499999999999886,13.032909999999989,0.024669524891160297,0.00011109570243514039,0.9985519249820536,6.257586851903746e-06
237,2.3999999999999773,0.001,530.7000000000002,0.004324324324324284,0.9562162162162151,0.0023999999999999772,13.035309999999988,0.02456248351234216,0.00018388254196161137,0.9987358075240153,1.714325815313458e-05
259,2.0,0.001,532.7000000000002,0.0036036036036036037,0.9598198198198187,0.002,13.037309999999989,0.024474019147737912,0.0001532354516346776,0.99888904297565,1.190504038412146e-05
298,0.5,0.001,533.2000000000002,0.0009009009009009009,0.9607207207207196,0.0005,13.03780999999999,0.024452006751687894,3.83088629086694e-05,0.9989273518385586,7.440650240075913e-07
260,2.0,0.001,535.2000000000002,0.0036036036036036037,0.9643243243243231,0.002,13.03980999999999,0.024364368460388613,0.0001532354516346776,0.9990805872901933,1.190504038412146e-05
278,2.099999999999966,0.001,537.3000000000002,0.003783783783783722,0.9681081081081069,0.002099999999999966,13.04190999999999,0.02427305043737202,0.00016089722421640888,0.9992414845144098,1.3125307023493486e-05
221,2.0,0.001,539.3000000000002,0.0036036036036036037,0.9717117117117104,0.002,13.043909999999991,0.024186742073057644,0.0001532354516346776,0.9993947199660445,1.190504038412146e-05
324,1.0,0.001,540.3000000000002,0.0018018018018018018,0.9735135135135122,0.001,13.044909999999991,0.024143827503238915,7.66177258173388e-05,0.9994713376918618,2.976260096030365e-06
154,0.9000000000000057,0.001,541.2000000000002,0.001621621621621632,0.9751351351351338,0.0009000000000000057,13.04580999999999,0.024105339985218008,6.895595323560535e-05,0.9995402936450974,2.410770677784626e-06
233,2.0,0.001,543.2000000000002,0.0036036036036036037,0.9787387387387374,0.002,13.047809999999991,0.024020268777614116,0.0001532354516346776,0.9996935290967321,1.190504038412146e-05
155,1.4000000000000057,0.001,544.6000000000001,0.0025225225225225328,0.9812612612612599,0.0014000000000000056,13.049209999999992,0.023961090708777062,0.00010726481614427474,0.9998007939128765,5.833469788219564e-06
157,1.5,0.001,546.1000000000001,0.002702702702702703,0.9839639639639626,0.0015,13.050709999999992,0.023898022340230706,0.0001149265887260082,0.9999157205016025,6.696585216068321e-06
158,1.0999999999999943,0.001,547.2000000000002,0.0019819819819819717,0.9859459459459445,0.0010999999999999944,13.05180999999999,0.023851991959064303,8.427949839907225e-05,1.0000000000000016,3.6012747161967047e-06
234,2.1999999999999886,0.0,549.4000000000001,0.003963963963963943,0.9899099099099085,0.0,13.05180999999999,0.023756479796141223,0.0,1.0000000000000016,1.571301030760474e-05
230,1.599999999999966,0.0,551.0,0.0028828828828828213,0.9927927927927913,0.0,13.05180999999999,0.023687495462794902,0.0,1.0000000000000016,8.311013716418767e-06
232,2.099999999999966,0.0,553.0999999999999,0.003783783783783722,0.9965765765765751,0.0,13.05180999999999,0.02359755921171577,0.0,1.0000000000000016,1.4317019722424664e-05
231,1.900000000000034,0.0,555.0,0.0034234234234234847,0.9999999999999986,0.0,13.05180999999999,0.02351677477477476,0.0,1.0000000000000016,1.1719827936044573e-05
