,weight,grade,cml_weight,weight_pct,cml_weight_pct,yield,cml_yield,cml_grade,recovery,cml_recovery,distributional_heterogeneity
252,1.0900000000000318,0.127,1.0900000000000318,0.001576055523423989,0.001576055523423989,0.13843000000000405,0.13843000000000405,0.127,0.01848706052666075,0.01848706052666075,0.0002859820902194987
278,0.9599999999999795,0.117,2.0500000000000114,0.0013880855986118836,0.0029641411220358727,0.11231999999999762,0.2507500000000017,0.12231707317073186,0.015000120193270466,0.03348718071993122,0.000185287485806182
233,0.7700000000000387,0.073,2.82000000000005,0.0011133603238866947,0.004077501445922567,0.05621000000000282,0.3069600000000045,0.1088510638297869,0.007506737500567959,0.04099391822049918,4.087527172330888e-05
181,1.2199999999999136,0.059,4.039999999999964,0.0017640254482358482,0.005841526894158415,0.0719799999999949,0.3789399999999994,0.09379702970297099,0.00961279070077951,0.05060670892127869,6.160311598953677e-05
120,0.6599999999999966,0.053,4.69999999999996,0.0009543088490456854,0.006795835743204101,0.03497999999999982,0.4139199999999992,0.08806808510638355,0.004671511790959841,0.055278220712238535,1.3817597711375247e-05
107,0.5200000000000102,0.049,5.21999999999997,0.0007518796992481344,0.007547715442452235,0.025480000000000502,0.4393999999999997,0.08417624521072839,0.0034028050438439025,0.05868102575608244,7.027405182620191e-06
124,0.789999999999992,0.047,6.0099999999999625,0.0011422787738577086,0.008689994216309943,0.03712999999999963,0.4765299999999993,0.07928951747088224,0.00495864016004397,0.06363966591612641,1.4564614229973517e-05
373,2.1000000000000227,0.046,8.109999999999985,0.003036437246963593,0.011726431463273537,0.09660000000000105,0.5731300000000004,0.07066954377311978,0.012900744396990505,0.07654041031311691,9.730455555007205e-05
37,0.7299999999999898,0.043,8.839999999999975,0.001055523423944461,0.012781954887217997,0.03138999999999956,0.60452,0.06838461538461557,0.004192074188628591,0.0807324845017455,9.837950699440598e-06
198,0.6700000000000159,0.039,9.509999999999991,0.0009687680740312541,0.01375072296124925,0.02613000000000062,0.6306500000000006,0.06631440588853851,0.0034896112949623836,0.08422209579670788,6.35465054451443e-06
345,1.4700000000000273,0.035,10.980000000000018,0.0021255060728745316,0.015876229034123782,0.05145000000000096,0.6821000000000016,0.062122040072859784,0.0068710486462232575,0.09109314444293114,2.2520174315465245e-05
214,0.9800000000000182,0.035,11.960000000000036,0.001417004048583021,0.017293233082706805,0.03430000000000064,0.7164000000000023,0.059899665551839475,0.004580699097482172,0.0956738435404133,1.0008966362428997e-05
94,0.6400000000000148,0.034,12.600000000000051,0.0009253903990746302,0.018218623481781434,0.021760000000000505,0.7381600000000028,0.05858412698412697,0.0029060061912889942,0.09857984973170231,3.922838916368932e-06
199,1.0699999999999932,0.033,13.670000000000044,0.0015471370734528517,0.019765760555234286,0.03530999999999978,0.7734700000000025,0.05658156547183614,0.004715582656912287,0.10329543238861459,1.0039047415343597e-05
197,1.009999999999991,0.029,14.680000000000035,0.0014603817235396038,0.02122614227877389,0.029289999999999736,0.8027600000000022,0.054683923705722094,0.00391162322347665,0.10720705561209123,6.0085848910136185e-06
280,1.5299999999999727,0.029,16.210000000000008,0.0022122614227876973,0.023438403701561587,0.04436999999999921,0.8471300000000015,0.05225971622455281,0.005925528249424972,0.1131325838615162,1.3788350525804855e-05
347,2.1200000000000045,0.029,18.330000000000013,0.003065355696934648,0.026503759398496234,0.06148000000000013,0.9086100000000016,0.049569558101473045,0.008210535875020386,0.12134311973653658,2.6472879064966385e-05
192,1.9600000000000364,0.027,20.29000000000005,0.002834008097166042,0.029337767495662276,0.05292000000000098,0.9615300000000025,0.04738935436175457,0.0070673643218296354,0.12841048405836622,1.7921304924897987e-05
276,0.9600000000000364,0.025,21.250000000000085,0.0013880855986119658,0.030725853094274242,0.02400000000000091,0.9855300000000035,0.04637788235294115,0.003205153887451144,0.13161563794581738,3.3017371663049382e-06
138,1.960000000000008,0.024,23.210000000000093,0.0028340080971660008,0.03355986119144024,0.04704000000000019,1.0325700000000038,0.04448815165876776,0.00628210161940403,0.13789773956522142,1.1889348938099853e-05
271,2.410000000000025,0.024,25.62000000000012,0.00348467322151536,0.037044534412955604,0.0578400000000006,1.0904100000000043,0.042560889929742364,0.007724420868757044,0.14562216043397846,1.7975460112291397e-05
279,1.0300000000000296,0.024,26.650000000000148,0.0014893001735107412,0.038533834586466344,0.02472000000000071,1.115130000000005,0.041843527204502774,0.0033013085040746477,0.1489234689380531,3.283374190032995e-06
85,0.5800000000000125,0.023,27.23000000000016,0.0008386350491613823,0.039372469635627724,0.013340000000000287,1.1284700000000054,0.041442159383033375,0.0017815313691082317,0.15070500030716133,8.890534701693111e-07
267,1.089999999999975,0.023,28.320000000000135,0.001576055523423907,0.04094852515905163,0.025069999999999423,1.153540000000005,0.04073234463276834,0.003348050331599803,0.15405305063876112,3.1399656002023318e-06
369,2.009999999999991,0.023,30.330000000000126,0.00290630422209368,0.043854829381145315,0.04622999999999979,1.1997700000000047,0.039557204088361345,0.006173927675702504,0.16022697831446364,1.0677363034574454e-05
154,0.6000000000000227,0.023,30.93000000000015,0.0008675534991324786,0.04472238288027779,0.013800000000000522,1.2135700000000051,0.03923601681215646,0.0018429634852844075,0.16206994179974804,9.514246410849062e-07
346,1.9799999999999045,0.023,32.91000000000005,0.002862926547136933,0.04758530942741473,0.045539999999997804,1.2591100000000028,0.03825919173503497,0.006081779501438022,0.16815172130118605,1.0361014341412845e-05
320,2.569999999999993,0.022,35.48000000000005,0.003716020821283966,0.05130133024869869,0.05653999999999985,1.3156500000000027,0.03708145434047353,0.007550808366520013,0.17570252966770605,1.4705595517097502e-05
92,1.009999999999991,0.022,36.49000000000004,0.0014603817235396038,0.0527617119722383,0.0222199999999998,1.3378700000000026,0.036664017539051824,0.0029674383074650445,0.1786699679751711,2.2712195471530184e-06
217,1.5699999999999932,0.021,38.06000000000003,0.00227009832272989,0.05503181029496819,0.03296999999999986,1.3708400000000025,0.03601786652653708,0.004403080152885823,0.18307304812805691,4.549611487775354e-06
123,1.0600000000000023,0.021,39.12000000000003,0.001532677848467324,0.056564488143435517,0.02226000000000005,1.3931000000000024,0.03561094069529656,0.00297278023061083,0.18604582835866773,2.0738948710553992e-06
27,1.8999999999999986,0.021,41.02000000000003,0.0027472527472527427,0.05931174089068826,0.03989999999999997,1.4330000000000025,0.03493417844953685,0.005328568337887321,0.19137439669655504,6.6631901784531395e-06
211,3.6499999999999773,0.02,44.67000000000001,0.005277617119722346,0.0645893580104106,0.07299999999999955,1.506000000000002,0.033713901947615886,0.0097490097409968,0.20112340643755183,1.9993351973587625e-05
297,2.1100000000000136,0.02,46.78000000000002,0.003050896471949121,0.06764025448235972,0.04220000000000027,1.5482000000000022,0.03309533988884142,0.005635728918768084,0.20675913535631993,6.681358778128109e-06
122,1.6899999999999977,0.02,48.47000000000002,0.002443609022556386,0.0700838635049161,0.033799999999999955,1.5820000000000023,0.032638745615844886,0.0045139250581601835,0.2112730604144801,4.286208487278227e-06
272,2.2299999999999613,0.02,50.69999999999998,0.003224407171775534,0.07330827067669164,0.04459999999999923,1.6266000000000016,0.032082840236686436,0.0059562443075130474,0.21722930472199314,7.462934136194536e-06
196,1.509999999999991,0.019,52.20999999999997,0.002183342972816642,0.07549161364950828,0.028689999999999827,1.6552900000000015,0.03170446274660031,0.0038314943762903864,0.22106079909828352,2.716403048772473e-06
365,2.1399999999999864,0.018,54.34999999999996,0.0030942741469057035,0.07858588779641398,0.03851999999999975,1.6938100000000011,0.031164857405703815,0.005144271989358858,0.22620507108764237,4.2024911540625855e-06
375,3.0,0.018,57.34999999999996,0.0043377674956622285,0.08292365529207621,0.05399999999999999,1.7478100000000012,0.03047619877942463,0.007211596246764799,0.23341666733440716,8.25889169066376e-06
213,0.9900000000000091,0.018,58.33999999999997,0.0014314632735685487,0.08435511856564476,0.017820000000000162,1.7656300000000014,0.03026448405896473,0.0023798267614324057,0.23579649409583958,8.993933051133e-07
193,1.25,0.018,59.58999999999997,0.0018074031231925954,0.08616252168883735,0.0225,1.7881300000000013,0.03000721597583491,0.0030048317694853334,0.2388013258653249,1.4338353629624584e-06
348,1.2700000000000955,0.017,60.86000000000006,0.001836321573163815,0.08799884326200116,0.021590000000001625,1.8097200000000029,0.029735787052251085,0.0028833030179196994,0.2416846288832446,1.0961701456631184e-06
201,2.089999999999975,0.017,62.95000000000004,0.003021978021977983,0.09102082128397915,0.035529999999999576,1.8452500000000025,0.02931294678316126,0.004744963234213894,0.2464295921174585,2.9686780415836272e-06
281,1.6000000000000227,0.017,64.55000000000007,0.002313475997686555,0.0933342972816657,0.027200000000000387,1.8724500000000028,0.029007745933384985,0.0036325077391112103,0.2500620998565697,1.739844734885759e-06
330,2.240000000000009,0.017,66.79000000000008,0.003238866396761144,0.09657316367842685,0.038080000000000155,1.910530000000003,0.02860503069321756,0.005085510834755643,0.25514761069132535,3.410095680376018e-06
200,1.5600000000000023,0.017,68.35000000000008,0.0022556390977443623,0.0988288027761712,0.02652000000000004,1.937050000000003,0.028340160936357,0.003541695045633385,0.25868930573695875,1.6539399011007325e-06
326,2.1399999999999864,0.017,70.49000000000007,0.0030942741469057035,0.10192307692307691,0.036379999999999774,1.973430000000003,0.02799588594126828,0.0048584791010611444,0.2635477848380199,3.112419120266599e-06
260,2.0600000000000023,0.017,72.55000000000007,0.0029786003470214004,0.1049016772700983,0.035020000000000044,2.008450000000003,0.027683666436940056,0.004676853714105623,0.2682246385521255,2.884064498812896e-06
325,2.089999999999975,0.017,74.64000000000004,0.003021978021977983,0.10792365529207629,0.035529999999999576,2.0439800000000026,0.02738451232583067,0.004744963234213894,0.27296960178633944,2.9686780415836272e-06
180,1.2300000000000182,0.016,75.87000000000006,0.00177848467322154,0.10970213996529783,0.01968000000000029,2.0636600000000027,0.027199947278239107,0.002628226187709877,0.2755978279740493,7.220606414449326e-07
342,1.0199999999999818,0.016,76.89000000000004,0.0014748409485251315,0.11117698091382297,0.01631999999999971,2.0799800000000026,0.027051372089998717,0.0021795046434666563,0.27777733261751597,4.965509229686423e-07
149,2.0299999999999727,0.016,78.92000000000002,0.0029352226720647354,0.11411220358588771,0.032479999999999565,2.1124600000000022,0.026767105930055775,0.004337641594350326,0.2821149742118663,1.9667788335846752e-06
220,2.1899999999999977,0.016,81.11000000000001,0.003166570271833424,0.11727877385772113,0.03503999999999997,2.147500000000002,0.026476390087535467,0.004679524675678488,0.2867944988875448,2.2890310281141723e-06
296,1.75,0.016,82.86000000000001,0.0025303643724696335,0.11980913823019076,0.028,2.175500000000002,0.02625512913347818,0.003739346202026193,0.29053384508957103,1.461637064197925e-06
302,2.0,0.016,84.86000000000001,0.0028918449971081527,0.12270098322729892,0.032,2.2075000000000022,0.0260134338911148,0.004273538516601364,0.29480738360617237,1.9090769818095347e-06
46,2.3599999999999994,0.016,87.22000000000001,0.0034123770965876193,0.12611336032388654,0.037759999999999995,2.2452600000000023,0.0257424902545288,0.005042775449589608,0.29985015905576196,2.658198789471595e-06
139,2.3799999999999955,0.016,89.60000000000001,0.003441295546558695,0.12955465587044523,0.038079999999999926,2.283340000000002,0.02548370535714288,0.005085510834755612,0.30493566989051757,2.7034439139404715e-06
153,1.8600000000000136,0.016,91.46000000000002,0.0026894158473106016,0.13224407171775585,0.02976000000000022,2.313100000000002,0.025290837524600936,0.003974390820439297,0.3089100607109569,1.6511606815670906e-06
323,2.169999999999959,0.016,93.62999999999998,0.003137651821862286,0.13538172353961814,0.03471999999999935,2.3478200000000014,0.02507550998611558,0.0046367892905123925,0.31354685000146926,2.2474131499106447e-06
137,2.0100000000000193,0.016,95.64,0.002906304222093721,0.13828802776171187,0.03216000000000031,2.3799800000000015,0.024884776244249285,0.004294906209184412,0.3178417562106537,1.9282154785522126e-06
224,1.8599999999999568,0.015,97.49999999999996,0.002689415847310519,0.1409774436090224,0.027899999999999352,2.407880000000001,0.024696205128205147,0.003725991394161727,0.32156774760481543,1.0744888643298792e-06
259,2.0399999999999636,0.015,99.53999999999992,0.002949681897050263,0.14392712550607267,0.030599999999999454,2.43848,0.024497488446855557,0.004086571206499981,0.3256543188113154,1.292517301941055e-06
254,2.4599999999999795,0.015,101.9999999999999,0.003556969346442998,0.14748409485251568,0.03689999999999969,2.47538,0.024268431372549044,0.004927924101955906,0.3305822429132713,1.8795169416634556e-06
226,2.079999999999984,0.015,104.07999999999988,0.003007518796992456,0.15049161364950814,0.03119999999999976,2.5065799999999996,0.02408320522674868,0.004166700053686297,0.3347489429669576,1.3437011858703127e-06
205,2.009999999999991,0.015,106.08999999999988,0.00290630422209368,0.1533979178716018,0.03014999999999986,2.5367299999999995,0.02391111320576871,0.004026474571110329,0.33877541753806795,1.254781610816079e-06
194,1.599999999999966,0.015,107.68999999999984,0.0023134759976864727,0.15571139386928828,0.023999999999999487,2.560729999999999,0.02377871668678617,0.003205153887450954,0.3419805714255189,7.950894590948378e-07
341,1.3100000000000591,0.015,108.9999999999999,0.0018941584731059255,0.1576055523423942,0.019650000000000886,2.58038,0.02367321100917433,0.002624219745350643,0.34460479117086956,5.329894612315752e-07
352,2.0,0.015,110.9999999999999,0.0028918449971081527,0.16049739733950236,0.03,2.6103799999999997,0.023516936936936954,0.004006442359313778,0.34861123353018336,1.2423272798357372e-06
366,1.3899999999999864,0.015,112.38999999999989,0.002009832272990146,0.1625072296124925,0.020849999999999796,2.6312299999999995,0.023411602455734516,0.0027844774397230484,0.3513957109699064,6.000751343426452e-07
19,1.3299999999999983,0.015,113.71999999999989,0.001923076923076919,0.16443030653556942,0.019949999999999975,2.6511799999999996,0.023313225466057002,0.002664284168943659,0.35405999513885006,5.493881813253574e-07
195,1.8900000000000432,0.015,115.60999999999993,0.0027327935222672666,0.1671631000578367,0.028350000000000646,2.67953,0.02317732030101204,0.0037860880295516063,0.35784608316840166,1.10942931907536e-06
274,1.9300000000000068,0.014,117.53999999999994,0.002790630422209377,0.16995373048004606,0.027020000000000096,2.7065500000000005,0.023026629232601684,0.003608469084955289,0.36145455225335693,6.688600782820208e-07
361,2.009999999999991,0.014,119.54999999999993,0.00290630422209368,0.17286003470213973,0.028139999999999873,2.7346900000000005,0.022874864073609388,0.0037580429330363067,0.36521259518639326,7.254588317182069e-07
182,1.240000000000009,0.014,120.78999999999994,0.0017929438982070677,0.1746529786003468,0.01736000000000013,2.7520500000000006,0.022783756933521002,0.0023183946452562565,0.3675309898316495,2.7609848757455045e-07
229,2.0,0.014,122.78999999999994,0.0028918449971081527,0.17754482359745494,0.028,2.7800500000000006,0.022640687352390276,0.003739346202026193,0.3712703360336757,7.182582923375297e-07
106,0.9399999999999977,0.014,123.72999999999993,0.0013591671486408285,0.17890399074609575,0.013159999999999969,2.7932100000000006,0.022575042431099993,0.0017574927149523064,0.373027828748628,1.5866325677735954e-07
331,1.6599999999999682,0.014,125.3899999999999,0.0024002313475997208,0.18130422209369548,0.023239999999999556,2.81645,0.022461520057420865,0.003103657347681681,0.3761314860963097,4.948081375913052e-07
146,1.9499999999999886,0.014,127.33999999999989,0.0028195488721804323,0.18412377096587593,0.027299999999999842,2.84375,0.022331945971415128,0.0036458625469755167,0.3797773486432852,6.827942891533561e-07
65,1.6200000000000045,0.014,128.9599999999999,0.00234239444765761,0.18646616541353353,0.022680000000000065,2.8664300000000003,0.02222727977667496,0.003028870423641225,0.38280621906692647,4.7124926560265586e-07
36,0.9900000000000091,0.014,129.9499999999999,0.0014314632735685487,0.18789762868710208,0.013860000000000127,2.8802900000000005,0.022164601769911526,0.0018509763700029825,0.38465719543692944,1.7599123808000644e-07
38,0.9399999999999977,0.014,130.8899999999999,0.0013591671486408285,0.1892567958357429,0.013159999999999969,2.8934500000000005,0.02210596684238676,0.0017574927149523064,0.38641468815188174,1.5866325677735954e-07
133,1.1899999999999977,0.014,132.0799999999999,0.0017206477732793475,0.19097744360902225,0.01665999999999997,2.9101100000000004,0.02203293458509996,0.002224910990205581,0.38863959914208734,2.54281391944793e-07
207,2.4399999999999977,0.014,134.5199999999999,0.0035280508964719427,0.19450549450549418,0.03415999999999997,2.9442700000000004,0.021887228664882564,0.004562002366471951,0.3932016015085593,1.0690556423151772e-06
210,1.2300000000000182,0.014,135.74999999999991,0.00177848467322154,0.1962839791787157,0.017220000000000256,2.961490000000001,0.021815764272559872,0.0022996979142461426,0.3955012994228055,2.716632426193702e-07
93,0.9399999999999977,0.014,136.6899999999999,0.0013591671486408285,0.19764314632735652,0.013159999999999969,2.974650000000001,0.021762016241129584,0.0017574927149523064,0.3972587921377578,1.5866325677735954e-07
225,1.9800000000000182,0.013,138.66999999999993,0.0028629265471370974,0.20050607287449362,0.025740000000000235,3.0003900000000012,0.021636907766640245,0.003437527544291253,0.40069631968204905,3.301663059305496e-07
223,2.0500000000000114,0.013,140.71999999999994,0.0029641411220358727,0.2034702139965295,0.026650000000000146,3.0270400000000013,0.021511085844229692,0.0035590562958570924,0.4042553759779061,3.5392406404273155e-07
228,1.9499999999999886,0.013,142.66999999999993,0.0028195488721804323,0.20628976286870995,0.025349999999999852,3.0523900000000013,0.02139475713184273,0.0033854437936201224,0.4076408197715262,3.202370621112329e-07
134,1.7399999999999807,0.013,144.4099999999999,0.0025159051474840646,0.20880566801619402,0.022619999999999748,3.075010000000001,0.021293608475867344,0.003020857538922555,0.4106616773104488,2.549769176194499e-07
202,0.7900000000000205,0.013,145.19999999999993,0.0011422787738577498,0.20994794679005177,0.010270000000000265,3.0852800000000014,0.021248484848484867,0.0013715387676717854,0.41203321607812055,5.25601447636116e-08
235,1.0199999999999818,0.013,146.2199999999999,0.0014748409485251315,0.2114227877385769,0.013259999999999763,3.098540000000001,0.021190945151142136,0.0017708475228166583,0.4138040636009372,8.761989202380505e-08
81,1.9399999999999977,0.013,148.1599999999999,0.0028050896471949046,0.2142278773857718,0.025219999999999968,3.123760000000001,0.021083693304535658,0.003368082543396445,0.4171721461443336,3.1696100117339837e-07
309,1.9399999999999977,0.013,150.0999999999999,0.0028050896471949046,0.21703296703296668,0.025219999999999968,3.1489800000000012,0.020979213857428403,0.003368082543396445,0.42054022868773006,3.1696100117339837e-07
337,1.1499999999999773,0.013,151.2499999999999,0.0016628108733371548,0.21869577790630385,0.014949999999999703,3.163930000000001,0.020918545454545478,0.00199654377572466,0.4225367724634547,1.1137765013598781e-07
42,2.0999999999999943,0.013,153.34999999999988,0.003036437246963552,0.2217322151532674,0.027299999999999925,3.191230000000001,0.02081010759700035,0.003645862546975528,0.42618263501043024,3.713991962946866e-07
44,1.940000000000012,0.013,155.2899999999999,0.002805089647194925,0.22453730480046233,0.025220000000000155,3.216450000000001,0.020712537832442545,0.0033680825433964703,0.42955071755382673,3.1696100117340303e-07
319,2.4599999999999795,0.013,157.7499999999999,0.003556969346442998,0.22809427414690533,0.03197999999999973,3.248430000000001,0.02059226624405707,0.004270867555028451,0.43382158510885516,5.096506522215193e-07
321,1.990000000000009,0.013,159.7399999999999,0.002877385772122625,0.23097165991902796,0.02587000000000012,3.274300000000001,0.020497683736071137,0.0034548887945149306,0.4372764739033701,3.3350974087224714e-07
57,0.9200000000000017,0.013,160.6599999999999,0.0013302486986697527,0.2323019086176977,0.011960000000000021,3.2862600000000013,0.02045474915971619,0.0015972350205797623,0.43887370892394983,7.128169608703528e-08
58,2.0700000000000074,0.013,162.7299999999999,0.0029930595720069485,0.23529496818970466,0.026910000000000094,3.3131700000000013,0.02035992134210043,0.0035937787963044713,0.4424674877202543,3.608635864406174e-07
329,1.92999999999995,0.013,164.65999999999985,0.002790630422209295,0.23808559861191395,0.02508999999999935,3.3382600000000004,0.020273654803838234,0.0033507212931726694,0.44581820901342695,3.1370178373651105e-07
265,1.920000000000016,0.013,166.57999999999987,0.0027761711972238493,0.2408617698091378,0.024960000000000204,3.3632200000000005,0.020189818705726996,0.0033333600429490905,0.44915156905637604,3.1045940980062646e-07
253,1.0600000000000023,0.013,167.63999999999987,0.001532677848467324,0.24239444765760512,0.013780000000000028,3.3770000000000007,0.020144356955380596,0.0018402925237114658,0.4509918615800875,9.46267884255587e-08
336,2.990000000000009,0.013,170.62999999999988,0.004323308270676701,0.24671775592828182,0.03887000000000012,3.415870000000001,0.02001916427357442,0.005191013816884234,0.4561828753969718,7.529129149193119e-07
17,1.0600000000000023,0.013,171.68999999999988,0.001532677848467324,0.24825043377674916,0.013780000000000028,3.429650000000001,0.01997582852816124,0.0018402925237114658,0.45802316792068326,9.46267884255587e-08
338,1.8500000000000227,0.013,173.5399999999999,0.002674956622325074,0.25092539039907424,0.024050000000000293,3.4537000000000013,0.01990146363950676,0.0032118312913832514,0.4612349992120665,2.8823441027632723e-07
340,1.6899999999999409,0.013,175.22999999999985,0.0024436090225563034,0.25336899942163055,0.02196999999999923,3.4756700000000005,0.0198349026993095,0.0029340512878040207,0.4641690504998705,2.40533615541312e-07
343,1.3899999999999864,0.013,176.61999999999983,0.002009832272990146,0.25537883169462067,0.018069999999999822,3.4937400000000003,0.019781111991846925,0.0024132137810933085,0.46658226428096383,1.6271664107958135e-07
238,1.4699999999999704,0.013,178.0899999999998,0.002125506072874449,0.2575043377674951,0.019109999999999613,3.51285,0.019725138974675746,0.002552103782882825,0.4691343680638467,1.819856061843901e-07
234,1.009999999999991,0.012,179.0999999999998,0.0014603817235396038,0.2589647194910347,0.012119999999999891,3.5249699999999997,0.019681574539363506,0.0016186027131627517,0.47075297077700945,2.503388155732823e-08
41,2.0400000000000063,0.012,181.13999999999982,0.0029496818970503247,0.261914401388085,0.024480000000000075,3.5494499999999998,0.019595064590924166,0.0032692569652000526,0.4740222277422095,1.0212822418290332e-07
89,1.710000000000008,0.012,182.84999999999982,0.002472527472527482,0.2643869288606125,0.020520000000000097,3.56997,0.019524036095159986,0.0027404065737706373,0.4767626343159801,7.17592128828404e-08
43,1.9099999999999966,0.012,184.75999999999982,0.002761711972238281,0.2671486408328508,0.02291999999999996,3.59289,0.01944625460056291,0.003060921962515721,0.4798235562784958,8.952661828182575e-08
95,0.8899999999999864,0.012,185.6499999999998,0.001286871023713108,0.2684355118565639,0.010679999999999837,3.60357,0.01941055750067333,0.0014262934799156833,0.4812498497584115,1.9438621293558906e-08
203,1.9699999999999704,0.012,187.61999999999978,0.0028484673221514877,0.2712839791787154,0.023639999999999647,3.6272099999999994,0.01933274704189321,0.00315707657913921,0.4844069263375507,9.523967349851386e-08
317,1.2300000000000182,0.012,188.8499999999998,0.00177848467322154,0.27306246385193694,0.014760000000000219,3.6419699999999997,0.019284988085782388,0.001971169640782408,0.48637809597833315,3.712749672393264e-08
32,2.0,0.012,190.8499999999998,0.0028918449971081527,0.2759543088490451,0.024,3.6659699999999997,0.01920864553314123,0.0032051538874510225,0.48958324986578416,9.816246076788034e-08
90,1.960000000000008,0.012,192.8099999999998,0.0028340080971660008,0.2787883169462111,0.023520000000000096,3.6894899999999997,0.019135366422903394,0.003141050809702015,0.49272430067548617,9.427522732147304e-08
237,2.4700000000000273,0.012,195.27999999999983,0.0035714285714286077,0.2823597455176397,0.02964000000000033,3.71913,0.019045114707087276,0.003958365051002057,0.4966826657264882,1.497198392246936e-07
55,1.490000000000009,0.012,196.76999999999984,0.002154424522845587,0.2845141700404853,0.01788000000000011,3.7370099999999997,0.018991767037658192,0.0023878396461510265,0.49907050537263925,5.448261978769345e-08
56,1.9499999999999886,0.012,198.71999999999983,0.0028195488721804323,0.28733371891266574,0.023399999999999865,3.7604099999999994,0.0189231582125604,0.0031250250402647286,0.502195530412904,9.331568926746516e-08
322,1.910000000000025,0.012,200.62999999999985,0.002761711972238322,0.2900954308849041,0.0229200000000003,3.78333,0.0188572496635598,0.0030609219625157666,0.5052564523754197,8.95266182818284e-08
344,1.9600000000000364,0.012,202.5899999999999,0.002834008097166042,0.29292943898207013,0.023520000000000436,3.8068500000000003,0.018790907744706067,0.00314105080970206,0.5083975031851218,9.427522732147578e-08
248,1.9699999999999704,0.012,204.55999999999986,0.0028484673221514877,0.2957779063042216,0.023639999999999647,3.8304899999999997,0.018725508408290976,0.00315707657913921,0.511554579764261,9.523967349851386e-08
273,2.0300000000000296,0.012,206.5899999999999,0.0029352226720648173,0.29871312897628644,0.024360000000000354,3.85485,0.018659422043661368,0.003253231195762835,0.5148078109600238,1.0112942114459245e-07
246,3.160000000000025,0.012,209.74999999999991,0.004569115095430917,0.30328224407171733,0.0379200000000003,3.89277,0.018559094159713952,0.005064143142172656,0.5198719541021964,2.4505276706094033e-07
219,2.009999999999991,0.012,211.7599999999999,0.00290630422209368,0.30618854829381104,0.02411999999999989,3.91689,0.018496836040800914,0.003221179656888263,0.5230931337590847,9.914653943707745e-08
310,2.0,0.012,213.7599999999999,0.0028918449971081527,0.3090803932909192,0.024,3.94089,0.01843604977544911,0.0032051538874510225,0.5262982876465357,9.816246076788034e-08
151,1.5,0.012,215.2599999999999,0.0021688837478311142,0.3112492770387503,0.018000000000000002,3.95889,0.018391201337916944,0.002403865415588267,0.528702153062124,5.521638418193269e-08
257,2.0,0.012,217.2599999999999,0.0028918449971081527,0.3141411220358585,0.024,3.98289,0.018332366749516715,0.0032051538874510225,0.531907306949575,9.816246076788034e-08
227,3.090000000000032,0.012,220.34999999999994,0.004467900520532142,0.3186090225563906,0.037080000000000383,4.01997,0.018243567052416615,0.00495196275611188,0.5368592697056869,2.3431624791445438e-07
135,1.8500000000000227,0.012,222.19999999999996,0.002674956622325074,0.3212839791787157,0.02220000000000027,4.0421700000000005,0.018191584158415847,0.002964767345892232,0.5398240370515791,8.399025549451968e-08
328,1.4400000000000546,0.011,223.64000000000001,0.0020821283979179485,0.32336610757663364,0.0158400000000006,4.058010000000001,0.01814527812555894,0.002115401565717755,0.5419394386172969,1.1071036954340424e-09
147,2.0600000000000023,0.011,225.70000000000002,0.0029786003470214004,0.32634470792365505,0.022660000000000024,4.080670000000001,0.018080062029242363,0.0030261994620683435,0.5449656380793653,2.265675753252101e-09
334,1.9600000000000364,0.011,227.66000000000005,0.002834008097166042,0.3291787160208211,0.0215600000000004,4.102230000000001,0.018019107440920674,0.002879296575560222,0.5478449346549255,2.0510462752600564e-09
152,2.2399999999999523,0.011,229.9,0.003238866396761062,0.3324175824175822,0.024639999999999475,4.126870000000001,0.017950717703349287,0.0032906246577829794,0.5511355593127084,2.678917584012921e-09
91,1.9099999999999966,0.011,231.81,0.002761711972238281,0.33517929438982047,0.021009999999999963,4.147880000000001,0.017893447219705795,0.0028058451323060775,0.5539414044450145,1.947735817569738e-09
275,1.8599999999999568,0.011,233.66999999999996,0.002689415847310519,0.337868710237131,0.020459999999999524,4.168340000000001,0.017838575769247234,0.0027323936890519328,0.5566737981340665,1.8470948807499733e-09
268,2.0,0.011,235.66999999999996,0.0028918449971081527,0.34076055523423915,0.022,4.190340000000001,0.01778054058641321,0.002938057730163437,0.5596118558642299,2.135616696438963e-09
111,2.079999999999984,0.011,237.74999999999994,0.003007518796992456,0.3437680740312316,0.022879999999999824,4.213220000000001,0.01772121976866457,0.0030555800393699513,0.5626674359035998,2.309883018868347e-09
231,2.0500000000000114,0.011,239.79999999999995,0.0029641411220358727,0.34673221515326746,0.022550000000000122,4.2357700000000005,0.017663761467889914,0.0030115091734175393,0.5656789450770173,2.2437322916962105e-09
232,1.0299999999999727,0.011,240.82999999999993,0.001489300173510659,0.34822151532677814,0.0113299999999997,4.2471000000000005,0.017635261387700874,0.00151309973103413,0.5671920448080514,5.66418938312994e-10
266,1.9800000000000182,0.011,242.80999999999995,0.0028629265471370974,0.35108444187391524,0.0217800000000002,4.268880000000001,0.017581153988715466,0.0029086771528618292,0.5701007219609132,2.0931179241798662e-09
116,1.6699999999999875,0.011,244.47999999999993,0.0024146905725852892,0.35349913244650055,0.018369999999999862,4.287250000000001,0.017536199280104723,0.0024532782046864515,0.5725540001655997,1.4890053511746337e-09
83,1.9499999999999886,0.011,246.42999999999992,0.0028195488721804323,0.356318681318681,0.021449999999999875,4.308700000000001,0.01748447835085015,0.0028646062869093344,0.575418606452509,2.030170622052266e-09
54,2.1599999999999966,0.011,248.58999999999992,0.0031231925968767996,0.3594418739155578,0.02375999999999996,4.332460000000001,0.017428134679592915,0.003173102348576507,0.5785917088010855,2.490983314726399e-09
209,2.069999999999993,0.011,250.6599999999999,0.002993059572006928,0.3624349334875647,0.022769999999999922,4.355230000000001,0.01737504986834757,0.003040889750719147,0.5816325985518046,2.287725995642813e-09
206,2.019999999999982,0.011,252.6799999999999,0.0029207634470792077,0.3653556969346439,0.0222199999999998,4.3774500000000005,0.017324085800221635,0.0029674383074650445,0.5846000368592696,2.1785425920373466e-09
45,0.9899999999999949,0.011,253.6699999999999,0.001431463273568528,0.36678716020821245,0.010889999999999943,4.38834,0.017299404738439713,0.0014543385764308938,0.5860543754357005,5.232794810449516e-10
187,2.019999999999982,0.01,255.68999999999988,0.0029207634470792077,0.36970792365529165,0.02019999999999982,4.40854,0.017241738042160438,0.0026976711886045864,0.588752046624305,4.977015579130741e-08
176,1.8999999999999773,0.01,257.58999999999986,0.002747252747252712,0.3724551764025444,0.018999999999999774,4.4275400000000005,0.01718832252804846,0.002537413494232029,0.591289460118537,4.4032512108278284e-08
243,1.990000000000009,0.01,259.57999999999987,0.002877385772122625,0.375332562174667,0.01990000000000009,4.44744,0.01713321519377457,0.002657606765011485,0.5939470668835485,4.830281196675861e-08
230,1.6899999999999977,0.01,261.26999999999987,0.002443609022556386,0.37777617119722334,0.016899999999999978,4.46434,0.017087074673709197,0.0022569625290800917,0.5962040294126286,3.48369135269962e-08
313,2.0200000000000387,0.01,263.2899999999999,0.00292076344707929,0.38069693464430265,0.020200000000000388,4.48454,0.017032701583804936,0.0026976711886046623,0.5989017006012333,4.977015579131021e-08
333,1.259999999999991,0.01,264.5499999999999,0.0018218623481781229,0.38251879699248076,0.01259999999999991,4.49714,0.016999206199206206,0.0016827057909117747,0.600584406392145,1.936454743022251e-08
247,2.0,0.01,266.5499999999999,0.0028918449971081527,0.3854106419895889,0.02,4.5171399999999995,0.01694668917651473,0.002670961572875852,0.6032553679650209,4.878948710058652e-08
166,2.0100000000001046,0.01,268.56,0.0029063042220938444,0.3883169462116828,0.020100000000001048,4.537240000000001,0.01689469764670837,0.002684316380740371,0.6059396843457613,4.927860170877503e-08
261,1.9500000000000455,0.01,270.51000000000005,0.0028195488721805143,0.3911364950838633,0.019500000000000454,4.556740000000001,0.016844996488115042,0.0026041875335540165,0.6085438718793154,4.6380506174997224e-08
315,1.9499999999999886,0.01,272.46000000000004,0.0028195488721804323,0.3939560439560437,0.019499999999999885,4.576240000000001,0.016796006753284888,0.00260418753355394,0.6111480594128693,4.638050617499452e-08
327,1.490000000000009,0.01,273.95000000000005,0.002154424522845587,0.3961104684788893,0.014900000000000092,4.591140000000001,0.016759043621098743,0.001989866371792522,0.6131379257846619,2.707938507800336e-08
277,1.240000000000009,0.01,275.19000000000005,0.0017929438982070677,0.39790341237709637,0.012400000000000092,4.6035400000000015,0.016728587521348887,0.0016559961751830405,0.614793921959845,1.8754678841465732e-08
168,2.019999999999982,0.01,277.21000000000004,0.0029207634470792077,0.40082417582417557,0.02019999999999982,4.6237400000000015,0.01667955701453772,0.0026976711886045864,0.6174915931484495,4.977015579130741e-08
173,2.050000000000068,0.01,279.2600000000001,0.002964141122035955,0.40378831694621153,0.02050000000000068,4.644240000000003,0.016630523526462798,0.002737735612197839,0.6202293287606473,5.125945488505712e-08
73,1.9799999999999898,0.01,281.2400000000001,0.002862926547137056,0.4066512434933486,0.019799999999999898,4.664040000000003,0.016583842981083775,0.0026442519571470797,0.6228735807177944,4.781857630728435e-08
119,1.0500000000000114,0.01,282.29000000000013,0.0015182186234817966,0.40816946211683036,0.010500000000000113,4.674540000000003,0.01655935385596373,0.0014022548257598374,0.6242758355435543,1.3447602382099449e-08
117,1.5999999999999943,0.01,283.8900000000001,0.002313475997686514,0.41048293811451686,0.015999999999999945,4.690540000000003,0.016522385430976793,0.0021367692583006744,0.6264126048018549,3.122527174437515e-08
115,1.8200000000000216,0.01,285.71000000000015,0.00263157894736845,0.4131145170618853,0.018200000000000216,4.708740000000003,0.01648083721255819,0.0024305750313170543,0.628843179833172,4.0402574267996656e-08
30,3.0900000000000034,0.01,288.8000000000002,0.0044679005205321,0.4175824175824174,0.030900000000000035,4.739640000000003,0.01641149584487535,0.004126635630093196,0.6329698154632651,1.1646172544627779e-07
150,1.910000000000025,0.01,290.7100000000002,0.002761711972238322,0.4203441295546557,0.019100000000000252,4.758740000000003,0.01636937153864676,0.002550768302096472,0.6355205837653616,4.4497231972913586e-08
125,0.8199999999999932,0.01,291.5300000000002,0.0011856564488143327,0.4215297860034701,0.008199999999999931,4.766940000000003,0.016351456110863374,0.0010950942448790901,0.6366156780102407,8.201512781608458e-09
109,1.960000000000008,0.01,293.49000000000024,0.0028340080971660008,0.42436379410063607,0.01960000000000008,4.786540000000003,0.016309039490272237,0.0026175423414183455,0.639233220351659,4.685742341140367e-08
108,0.9099999999999966,0.01,294.4000000000002,0.0013157894736842044,0.4256795835743203,0.009099999999999966,4.795640000000003,0.016289538043478262,0.001215287515658508,0.6404485078673174,1.010064356699885e-08
29,1.8299999999999983,0.01,296.2300000000002,0.002646038172353957,0.42832562174667427,0.018299999999999983,4.813940000000003,0.016250683590453365,0.0024439298391814024,0.6428924377064988,4.084777833778847e-08
104,0.9300000000000068,0.01,297.1600000000002,0.0013447079236553008,0.4296703296703296,0.009300000000000069,4.823240000000003,0.01623112128146453,0.0012419971313872803,0.6441344348378861,1.0549506848324475e-08
66,1.8599999999999994,0.01,299.0200000000002,0.002689415847310581,0.43235974551764017,0.018599999999999995,4.841840000000003,0.016192361714935453,0.0024839942627745415,0.6466184291006607,4.2198027393297253e-08
364,2.009999999999991,0.01,301.0300000000002,0.00290630422209368,0.4352660497397339,0.02009999999999991,4.861940000000003,0.01615101484901837,0.0026843163807402193,0.6493027454814009,4.927860170876945e-08
362,2.0699999999999363,0.01,303.10000000000014,0.0029930595720068457,0.4382591093117407,0.020699999999999365,4.882640000000003,0.01610900692840647,0.002764445227926422,0.6520671907093273,5.226451831932258e-08
80,2.0,0.01,305.10000000000014,0.0028918449971081527,0.4411509543088489,0.02,4.9026400000000026,0.016068960996394627,0.002670961572875852,0.6547381522822031,4.878948710058652e-08
50,1.9899999999999949,0.01,307.09000000000015,0.0028773857721226042,0.4440283400809715,0.01989999999999995,4.922540000000002,0.01602963300661044,0.002657606765011466,0.6573957590472146,4.830281196675792e-08
142,1.7800000000000011,0.01,308.8700000000001,0.0025737420474262573,0.44660208212839775,0.01780000000000001,4.940340000000003,0.015994884579272835,0.0023771557998595095,0.6597729148470741,3.864615273237463e-08
141,1.9099999999999966,0.01,310.7800000000001,0.002761711972238281,0.44936379410063604,0.019099999999999968,4.9594400000000025,0.015958041057983142,0.0025507683020964344,0.6623236831491706,4.449723197291226e-08
140,1.9799999999999898,0.01,312.7600000000001,0.002862926547137056,0.4522267206477731,0.019799999999999898,4.9792400000000026,0.01592032229185318,0.0026442519571470797,0.6649679351063177,4.781857630728435e-08
47,1.9299999999999926,0.01,314.6900000000001,0.0027906304222093566,0.4550173510699824,0.019299999999999925,4.998540000000003,0.01588401283803108,0.0025774779178251873,0.6675454130241428,4.543399012524333e-08
88,1.3799999999999955,0.01,316.0700000000001,0.001995373048004619,0.45701272411798705,0.013799999999999955,5.012340000000003,0.015858322523491633,0.0018429634852843318,0.6693883765094272,2.322867480858909e-08
132,1.990000000000009,0.01,318.0600000000001,0.002877385772122625,0.45989010989010964,0.01990000000000009,5.0322400000000025,0.015821668867509277,0.002657606765011485,0.6720459832744387,4.830281196675861e-08
121,1.0300000000000011,0.009,319.09000000000015,0.0014893001735107002,0.4613794100636203,0.00927000000000001,5.041510000000002,0.01579964900184901,0.0012379906890279586,0.6732839739634666,6.315645699098135e-08
71,1.4400000000000261,0.009,320.5300000000002,0.0020821283979179078,0.4634615384615382,0.012960000000000233,5.054470000000003,0.015769101176176956,0.0017307830992235832,0.6750147570626902,1.2344351891460402e-07
48,1.8700000000000045,0.009,322.4000000000002,0.0027038750722961293,0.46616541353383434,0.01683000000000004,5.071300000000003,0.015729838709677417,0.002247614163575035,0.6772623712262652,2.0817401682699906e-07
22,2.0500000000000043,0.009,324.4500000000002,0.0029641411220358623,0.4691295546558702,0.018450000000000036,5.089750000000002,0.015687316997996605,0.002463962050977978,0.6797263332772432,2.501791031243281e-07
262,1.9499999999999886,0.009,326.4000000000002,0.0028195488721804323,0.47194910352805064,0.017549999999999896,5.107300000000002,0.015647365196078428,0.002343768780198546,0.6820701020574418,2.263666959262921e-07
20,2.0,0.009,328.4000000000002,0.0028918449971081527,0.4748409485251588,0.018,5.125300000000002,0.015606881851400727,0.0024038654155882667,0.68447396747303,2.3812407198032318e-07
114,1.8499999999999943,0.009,330.2500000000002,0.0026749566223250327,0.4775159051474838,0.016649999999999946,5.141950000000002,0.015569871309613926,0.0022235755094191395,0.6866975429824491,2.0374490908816278e-07
222,2.319999999999993,0.009,332.5700000000002,0.003354540196645447,0.48087044534412926,0.020879999999999937,5.162830000000002,0.015524040051718431,0.002788483882082381,0.6894860268645315,3.20419751256721e-07
113,2.329999999999984,0.009,334.9000000000002,0.0033689994216309746,0.48423944476576025,0.020969999999999857,5.183800000000002,0.015478650343386084,0.0028005032091603117,0.6922865300736919,3.231879435934897e-07
105,1.460000000000008,0.009,336.36000000000024,0.0021110468478889627,0.48635049161364924,0.01314000000000007,5.196940000000002,0.01545052919491021,0.001754821753379444,0.6940413518270714,1.268963179583156e-07
24,1.240000000000002,0.009,337.60000000000025,0.0017929438982070575,0.4881434355118563,0.011160000000000017,5.208100000000003,0.015426836492890991,0.0014903965576647277,0.6955317483847361,9.153489326923653e-08
79,1.9799999999999898,0.009,339.58000000000027,0.002862926547137056,0.49100636205899334,0.017819999999999905,5.225920000000002,0.015389363331173796,0.0023798267614323714,0.6979115751461684,2.3338540294791235e-07
251,1.9399999999999977,0.009,341.52000000000027,0.0028050896471949046,0.49381145170618823,0.01745999999999998,5.243380000000002,0.015353068634340588,0.002331749453120616,0.7002433245992891,2.2405093932628558e-07
236,2.0,0.009,343.52000000000027,0.0028918449971081527,0.4967032967032964,0.018,5.261380000000002,0.015316080577550063,0.0024038654155882667,0.7026471900148773,2.3812407198032318e-07
324,1.9700000000000273,0.009,345.4900000000003,0.0028484673221515697,0.49955176402544793,0.017730000000000246,5.279110000000002,0.015280065993227003,0.0023678074343544755,0.7050149974492318,2.3103392773711547e-07
240,2.0600000000000023,0.009,347.5500000000003,0.0029786003470214004,0.5025303643724693,0.01854000000000002,5.297650000000002,0.015242842756437915,0.0024759813780559172,0.7074909788272877,2.526258279639254e-07
245,2.0600000000000023,0.009,349.6100000000003,0.0029786003470214004,0.5055089647194907,0.01854000000000002,5.3161900000000015,0.01520605817911386,0.0024759813780559172,0.7099669602053437,2.526258279639254e-07
128,1.920000000000016,0.009,351.5300000000003,0.0027761711972238493,0.5082851359167145,0.017280000000000142,5.333470000000002,0.01517216169316985,0.002307710798964755,0.7122746710043084,2.1945514473706948e-07
130,2.6000000000000227,0.009,354.13000000000034,0.0037593984962406312,0.5120445344129552,0.023400000000000202,5.3568700000000025,0.015126846073475834,0.0031250250402647737,0.7153996960445732,4.024296816467532e-07
87,1.9799999999999898,0.009,356.11000000000035,0.002862926547137056,0.5149074609600922,0.017819999999999905,5.374690000000002,0.015092780320687418,0.0023798267614323714,0.7177795228060055,2.3338540294791235e-07
53,1.9399999999999977,0.009,358.05000000000035,0.0028050896471949046,0.5177125506072872,0.01745999999999998,5.392150000000002,0.015059768188800437,0.002331749453120616,0.7201112722591262,2.2405093932628558e-07
175,1.9800000000000182,0.009,360.03000000000037,0.0028629265471370974,0.5205754771544242,0.017820000000000162,5.409970000000002,0.015026442240924358,0.0023798267614324057,0.7224910990205586,2.3338540294791902e-07
290,1.9699999999999704,0.009,362.00000000000034,0.0028484673221514877,0.5234239444765757,0.017729999999999732,5.4277000000000015,0.014993646408839769,0.002367807434354407,0.724858906454913,2.3103392773710213e-07
52,2.049999999999997,0.009,364.05000000000035,0.0029641411220358523,0.5263880855986115,0.018449999999999973,5.446150000000001,0.01495989561873368,0.0024639620509779698,0.727322868505891,2.5017910312432634e-07
4,2.210000000000001,0.009,366.26000000000033,0.0031954887218045096,0.529583574320416,0.019890000000000005,5.466040000000001,0.014923933817506679,0.0026562712842250354,0.7299791397901161,2.9075544498977434e-07
339,1.9800000000000182,0.009,368.24000000000035,0.0028629265471370974,0.5324465008675531,0.017820000000000162,5.483860000000002,0.0148920812513578,0.0023798267614324057,0.7323589665515485,2.3338540294791902e-07
34,2.1300000000000097,0.009,370.37000000000035,0.0030798149219201966,0.5355263157894733,0.019170000000000086,5.503030000000002,0.014858195858195849,0.0025601166676015156,0.73491908321915,2.700862755418845e-07
33,2.6999999999999957,0.009,373.07000000000033,0.0039039907460959996,0.5394303065355693,0.02429999999999996,5.527330000000002,0.014815798643686163,0.003245218311044155,0.7381643015301942,4.339811211841376e-07
31,0.9399999999999977,0.009,374.01000000000033,0.0013591671486408285,0.5407894736842102,0.00845999999999998,5.535790000000002,0.01480118178658324,0.0011298167453264827,0.7392941182755207,5.260160750045314e-08
170,2.0,0.009,376.01000000000033,0.0028918449971081527,0.5436813186813183,0.018,5.553790000000002,0.014770325257306979,0.0024038654155882667,0.741697983691109,2.3812407198032318e-07
186,2.0299999999999727,0.009,378.0400000000003,0.0029352226720647354,0.546616541353383,0.01826999999999975,5.572060000000001,0.014739339752407144,0.0024399233968220575,0.744137907087931,2.453213720559219e-07
162,2.009999999999991,0.009,380.0500000000003,0.00290630422209368,0.5495228455754767,0.018089999999999915,5.590150000000001,0.0147089856597816,0.002415884742666197,0.7465537918305972,2.4051126580192374e-07
148,2.0200000000000387,0.009,382.07000000000033,0.00292076344707929,0.552443609022556,0.018180000000000345,5.608330000000001,0.014678802313712137,0.0024279040697441955,0.7489816959003415,2.42910365827137e-07
145,1.9399999999999977,0.009,384.01000000000033,0.0028050896471949046,0.5552486986697509,0.01745999999999998,5.625790000000001,0.014650113278300035,0.002331749453120616,0.7513134453534621,2.2405093932628558e-07
67,1.9300000000000068,0.009,385.94000000000034,0.002790630422209377,0.5580393290919603,0.01737000000000006,5.643160000000001,0.014621858319946095,0.0023197301260426853,0.7536331754795048,2.2174708892987802e-07
308,2.0299999999999727,0.009,387.9700000000003,0.0029352226720647354,0.560974551764025,0.01826999999999975,5.66143,0.014592442714642873,0.0024399233968220575,0.7560730988763269,2.453213720559219e-07
131,1.460000000000008,0.009,389.4300000000003,0.0021110468478889627,0.563085598611914,0.01314000000000007,5.67457,0.014571476260175117,0.001754821753379444,0.7578279206297064,1.268963179583156e-07
39,2.1300000000000097,0.009,391.5600000000003,0.0030798149219201966,0.5661654135338342,0.019170000000000086,5.69374,0.014541168658698528,0.0025601166676015156,0.7603880372973079,2.700862755418845e-07
40,1.9899999999999949,0.008,393.5500000000003,0.0028773857721226042,0.5690427993059568,0.01591999999999996,5.70966,0.014508092999618845,0.0021260854120091727,0.7625141227093171,5.644522311065723e-07
164,2.019999999999982,0.008,395.5700000000003,0.0029207634470792077,0.5719635627530361,0.016159999999999855,5.725820000000001,0.01447485906413529,0.002158136950883669,0.7646722596602007,5.815991726994843e-07
303,2.0,0.008,397.5700000000003,0.0028918449971081527,0.5748554077501442,0.016,5.741820000000001,0.014442286892874202,0.002136769258300682,0.7668090289185013,5.701393713356483e-07
82,1.990000000000009,0.008,399.5600000000003,0.002877385772122625,0.5777327935222668,0.015920000000000073,5.757740000000001,0.01441020122134347,0.002126085412009188,0.7689351143305105,5.644522311065804e-07
312,1.9599999999999795,0.008,401.52000000000027,0.00283400809716596,0.5805668016194327,0.015679999999999836,5.773420000000001,0.014378910141462435,0.002094033873134646,0.7710291482036452,5.475618522307452e-07
84,1.5600000000000023,0.008,403.08000000000027,0.0022556390977443623,0.5828224407171771,0.012480000000000019,5.785900000000001,0.014354222486851238,0.0016666800214745342,0.7726958282251197,3.468727935206095e-07
51,1.9000000000000057,0.008,404.98000000000025,0.002747252747252753,0.5855696934644299,0.015200000000000045,5.801100000000001,0.014324411082028735,0.0020299307953856537,0.7747257590205053,5.145507826304256e-07
269,1.990000000000009,0.008,406.97000000000025,0.002877385772122625,0.5884470792365525,0.015920000000000073,5.817020000000001,0.014293486006339527,0.002126085412009188,0.7768518444325145,5.644522311065804e-07
293,2.0,0.008,408.97000000000025,0.0028918449971081527,0.5913389242336606,0.016,5.833020000000001,0.014262708756143477,0.002136769258300682,0.7789886136908152,5.701393713356483e-07
314,2.0600000000000023,0.008,411.03000000000026,0.0029786003470214004,0.594317524580682,0.01648000000000002,5.849500000000001,0.014231321314745875,0.0022008723360497045,0.7811894860268649,6.048608590499906e-07
256,2.0,0.008,413.03000000000026,0.0028918449971081527,0.5972093695777901,0.016,5.865500000000001,0.014201147616395897,0.002136769258300682,0.7833262552851655,5.701393713356483e-07
244,1.8700000000000045,0.008,414.90000000000026,0.0027038750722961293,0.5999132446500862,0.014960000000000038,5.880460000000001,0.014173198361050849,0.0019978792565111423,0.7853241345416767,4.984300919059095e-07
285,1.1999999999999886,0.008,416.10000000000025,0.001735106998264875,0.6016483516483511,0.009599999999999909,5.890060000000001,0.01415539533765921,0.0012820615549803968,0.7866061960966572,2.052501736808295e-07
28,1.9299999999999997,0.008,418.03000000000026,0.002790630422209367,0.6044389820705605,0.015439999999999999,5.905500000000001,0.014126976532784722,0.0020619823342601577,0.7886681784309173,5.309280360720389e-07
76,1.9199999999999875,0.008,419.9500000000003,0.0027761711972238085,0.6072151532677843,0.0153599999999999,5.920860000000001,0.01409896416240028,0.0020512984879686408,0.7907194769188859,5.254404446229266e-07
61,1.9099999999999966,0.008,421.86000000000024,0.002761711972238281,0.6099768652400226,0.015279999999999972,5.936140000000001,0.01407135068506139,0.0020406146416771472,0.792760091560563,5.199813601423928e-07
62,2.0400000000000063,0.008,423.90000000000026,0.0029496818970503247,0.612926547137073,0.01632000000000005,5.952460000000001,0.014042132578438305,0.002179504643466702,0.7949395962040298,5.931730019376122e-07
263,1.9799999999999613,0.008,425.8800000000002,0.002862926547137015,0.61578947368421,0.01583999999999969,5.968300000000001,0.014014041514041509,0.0021154015657176336,0.7970549977697474,5.587935978460471e-07
63,2.3499999999999943,0.008,428.23000000000025,0.003397917871602071,0.619187391555812,0.018799999999999956,5.987100000000001,0.013981038227120933,0.002510703878503295,0.7995657016482507,7.871486695502757e-07
68,2.259999999999991,0.008,430.49000000000024,0.0032677848467321993,0.6224551764025442,0.018079999999999926,6.005180000000001,0.013949638783711579,0.0024145492618797603,0.8019802509101305,7.280109632584836e-07
77,1.5,0.008,431.99000000000024,0.0021688837478311142,0.6246240601503753,0.012,6.017180000000001,0.013928979837496231,0.0016025769437255112,0.803582827853856,3.2070339637630216e-07
78,2.3700000000000045,0.008,434.36000000000024,0.0034268363215731673,0.6280508964719484,0.018960000000000036,6.0361400000000005,0.013896629523897221,0.0025320715710863122,0.8061148994249423,8.006039587138037e-07
242,1.9899999999999523,0.008,436.3500000000002,0.0028773857721225427,0.6309282822440709,0.01591999999999962,6.05206,0.013869737595966535,0.002126085412009127,0.8082409848369514,5.644522311065482e-07
21,2.0,0.008,438.3500000000002,0.0028918449971081527,0.6338201272411791,0.016,6.06806,0.01384295654157636,0.002136769258300682,0.810377754095252,5.701393713356483e-07
184,2.0300000000000864,0.008,440.3800000000003,0.0029352226720648997,0.636755349913244,0.01624000000000069,6.084300000000001,0.013816022526000265,0.0021688207971752842,0.8125465748924273,5.873718338343183e-07
144,2.180000000000007,0.008,442.5600000000003,0.003152111046847896,0.6399074609600919,0.017440000000000056,6.10174,0.013787373463485169,0.0023290784915477505,0.814875653383975,6.77382587083888e-07
178,2.009999999999991,0.008,444.5700000000003,0.00290630422209368,0.6428137651821856,0.016079999999999928,6.11782,0.013761207458892854,0.0021474531045921753,0.8170231064885672,5.75855018533283e-07
159,1.9700000000000273,0.008,446.5400000000003,0.0028484673221515697,0.6456622325043372,0.01576000000000022,6.13358,0.013735790746629633,0.0021047177194262003,0.8191278242079935,5.531634715541447e-07
332,1.990000000000009,0.008,448.5300000000003,0.002877385772122625,0.6485396182764598,0.015920000000000073,6.149500000000001,0.013710342674960418,0.002126085412009188,0.8212539096200027,5.644522311065804e-07
129,1.4499999999999886,0.008,449.9800000000003,0.0020965876229033942,0.6506362058993632,0.011599999999999909,6.1611,0.01369194186408284,0.001549157712267982,0.8228030673322706,2.9967950705829546e-07
127,1.4599999999999795,0.008,451.4400000000003,0.002111046847888922,0.6527472527472521,0.011679999999999836,6.17278,0.01367353358142831,0.0015598415585594758,0.8243629088908301,3.038272709847585e-07
208,1.8000000000000114,0.008,453.2400000000003,0.002602660497397354,0.6553499132446494,0.014400000000000092,6.187180000000001,0.013651001676815808,0.0019230923324706256,0.8262860012233008,4.61812890781881e-07
126,2.480000000000018,0.008,455.7200000000003,0.0035858877964141354,0.6589358010410635,0.019840000000000146,6.207020000000001,0.013620249275871141,0.0026495938802928646,0.8289355951035936,8.766462973657056e-07
174,2.009999999999991,0.008,457.7300000000003,0.00290630422209368,0.6618421052631572,0.016079999999999928,6.2231000000000005,0.01359556944049985,0.0021474531045921753,0.8310830482081858,5.75855018533283e-07
356,1.990000000000009,0.008,459.7200000000003,0.002877385772122625,0.6647194910352798,0.015920000000000073,6.239020000000001,0.013571347776907676,0.002126085412009188,0.833209133620195,5.644522311065804e-07
118,1.8400000000000034,0.008,461.5600000000003,0.0026604973973395054,0.6673799884326194,0.014720000000000028,6.2537400000000005,0.013549137706907004,0.001965827717636631,0.8351749613378316,4.825659638984946e-07
112,2.0500000000000114,0.008,463.6100000000003,0.0029641411220358727,0.6703441295546553,0.01640000000000009,6.2701400000000005,0.013524600418455159,0.002190188489758211,0.8373651498275898,5.990026770095221e-07
161,2.0699999999999363,0.008,465.68000000000023,0.0029930595720068457,0.6733371891266621,0.016559999999999492,6.2867,0.01350004294794708,0.0022115561823411374,0.839576706009931,6.107475480589923e-07
241,2.0400000000000205,0.008,467.72000000000025,0.002949681897050345,0.6762868710237124,0.016320000000000164,6.30302,0.013476054049431276,0.002179504643466717,0.8417562106533977,5.931730019376204e-07
239,2.0500000000000114,0.008,469.77000000000027,0.0029641411220358727,0.6792510121457483,0.01640000000000009,6.31942,0.013452157438746613,0.002190188489758211,0.8439463991431558,5.990026770095221e-07
165,2.0299999999999727,0.008,471.80000000000024,0.0029352226720647354,0.682186234817813,0.016239999999999782,6.33566,0.013428698601102155,0.002168820797175163,0.846115219940331,5.873718338342526e-07
167,2.0599999999999454,0.008,473.8600000000002,0.002978600347021318,0.6851648351648344,0.016479999999999564,6.3521399999999995,0.013405098552315023,0.002200872336049644,0.8483160922763806,6.048608590499573e-07
307,1.990000000000009,0.008,475.8500000000002,0.002877385772122625,0.688042220936957,0.015920000000000073,6.36806,0.013382494483555737,0.002126085412009188,0.8504421776883898,5.644522311065804e-07
97,1.920000000000016,0.008,477.7700000000002,0.0027761711972238493,0.6908183921341808,0.015360000000000127,6.38342,0.01336086401406534,0.002051298487968671,0.8524934761763585,5.254404446229423e-07
169,1.9700000000000273,0.008,479.74000000000024,0.0028484673221515697,0.6936668594563324,0.01576000000000022,6.39918,0.013338850210530698,0.0021047177194262003,0.8545981938957847,5.531634715541447e-07
110,2.0,0.008,481.74000000000024,0.0028918449971081527,0.6965587044534406,0.016,6.41518,0.013316685348943407,0.002136769258300682,0.8567349631540854,5.701393713356483e-07
295,0.2300000000000182,0.007,481.97000000000025,0.0003325621746674638,0.6968912666281081,0.0016100000000001274,6.416790000000001,0.013313670975371906,0.0002150124066165231,0.8569499755607018,1.3817947968829973e-08
378,3.0,0.007,484.97000000000025,0.0043377674956622285,0.7012290341237704,0.021,6.437790000000001,0.013274614924634508,0.002804509651519645,0.8597544852122215,2.350879616624765e-06
350,1.6999999999999318,0.007,486.6700000000002,0.002458068247541831,0.7036871023713122,0.011899999999999522,6.44969,0.013252696899336301,0.001589222135861068,0.8613437073480826,7.548935657827808e-07
179,1.990000000000009,0.007,488.6600000000002,0.002877385772122625,0.7065644881434348,0.013930000000000064,6.463620000000001,0.013227233659395076,0.0018603247355080395,0.8632040320835906,1.0344131521995354e-06
10,2.039999999999999,0.007,490.7000000000002,0.0029496818970503142,0.7095141700404851,0.014279999999999994,6.477900000000001,0.013201345017322189,0.0019070665630333576,0.865111098646624,1.0870467347272907e-06
59,1.8499999999999943,0.007,492.5500000000002,0.0026749566223250327,0.7121891266628102,0.01294999999999996,6.490850000000001,0.013178052989544206,0.0017294476184371089,0.8668405462650611,8.939872764331345e-07
183,1.259999999999991,0.007,493.8100000000002,0.0018218623481781229,0.7140109890109884,0.008819999999999937,6.499670000000001,0.013162289139547596,0.0011778940536382424,0.8680184403186993,4.146951643726026e-07
172,2.0299999999999727,0.007,495.84000000000015,0.0029352226720647354,0.7169462116830531,0.01420999999999981,6.51388,0.013137060342045818,0.0018977181975282675,0.8699161585162276,1.076415534683193e-06
284,1.0399999999999636,0.007,496.8800000000001,0.0015037593984961867,0.7184499710815493,0.007279999999999746,6.52116,0.013124215102237963,0.0009722300125267762,0.8708883885287544,2.8252348814901874e-07
354,2.050000000000068,0.007,498.9300000000002,0.002964141122035955,0.7214141122035852,0.014350000000000477,6.53551,0.013099051971218403,0.0019164149285384874,0.8728048034572928,1.0977301765406925e-06
13,1.9999999999999964,0.007,500.9300000000002,0.0028918449971081475,0.7243059572006934,0.013999999999999976,6.549510000000001,0.01307470105603577,0.0018696731010130932,0.8746744765583059,1.0448353851665587e-06
64,2.1899999999999977,0.007,503.1200000000002,0.003166570271833424,0.7274725274725268,0.015329999999999984,6.56484,0.013048258864684366,0.0020472920456093384,0.8767217686039153,1.252783747699335e-06
363,1.9300000000000637,0.007,505.05000000000024,0.0027906304222094593,0.7302631578947363,0.013510000000000445,6.57835,0.01302514602514602,0.0018042345424776976,0.878526003146393,9.729768315517964e-07
26,1.9500000000000028,0.007,507.0000000000002,0.0028195488721804527,0.7330827067669168,0.01365000000000002,6.5920000000000005,0.013001972386587766,0.0018229312734877716,0.8803489344198807,9.932466380239662e-07
74,2.0,0.007,509.0000000000002,0.0028918449971081527,0.7359745517640249,0.014,6.606000000000001,0.01297838899803536,0.0018696731010130964,0.8822186075208938,1.0448353851665625e-06
18,0.9399999999999977,0.007,509.9400000000002,0.0013591671486408285,0.7373337189126657,0.006579999999999984,6.61258,0.012967368710044313,0.0008787463574761532,0.88309735387837,2.3080413658329253e-07
72,1.789999999999992,0.007,511.73000000000025,0.002588201272411785,0.7399219201850775,0.012529999999999944,6.62511,0.012946495222089769,0.0016733574254067139,0.8847707113037767,8.369392644030383e-07
270,1.759999999999991,0.007,513.4900000000002,0.002544823597455161,0.7424667437825326,0.012319999999999937,6.63743,0.012926113458879427,0.0016453123288915164,0.8864160236326682,8.091205222729776e-07
60,1.9500000000000028,0.007,515.4400000000003,0.0028195488721804527,0.7452862926547131,0.01365000000000002,6.65108,0.01290369393139841,0.0018229312734877716,0.888238954906156,9.932466380239662e-07
69,2.0,0.007,517.4400000000003,0.0028918449971081527,0.7481781376518213,0.014,6.665080000000001,0.012880875077303643,0.0018696731010130964,0.8901086280071691,1.0448353851665625e-06
23,1.1999999999999957,0.007,518.6400000000003,0.0017351069982648854,0.7499132446500861,0.00839999999999997,6.6734800000000005,0.012867268240012332,0.0011218038606078539,0.891230431867777,3.761407386599598e-07
136,1.8999999999999773,0.007,520.5400000000003,0.002747252747252712,0.7526604973973389,0.013299999999999841,6.686780000000001,0.012845852384062698,0.0017761894459624205,0.8930066213137394,9.429639351128002e-07
143,1.5999999999999943,0.007,522.1400000000003,0.002313475997686514,0.7549739733950254,0.01119999999999996,6.69798,0.012827938866970538,0.0014957384808104717,0.89450235979455,6.686946465065953e-07
360,2.3999999999999773,0.007,524.5400000000003,0.00347021399652975,0.7584441873915552,0.016799999999999843,6.71478,0.012801273496778122,0.0022436077212156947,0.8967459675157656,1.5045629546398214e-06
86,1.0,0.007,525.5400000000003,0.0014459224985540764,0.7598901098901093,0.007,6.72178,0.01279023480610419,0.0009348365505065482,0.8976808040662722,2.6120884629164063e-07
191,2.0,0.007,527.5400000000003,0.0028918449971081527,0.7627819548872175,0.014,6.73578,0.012768282973802928,0.0018696731010130964,0.8995504771672852,1.0448353851665625e-06
249,2.0,0.007,529.5400000000003,0.0028918449971081527,0.7656737998843256,0.014,6.74978,0.012746496959625328,0.0018696731010130964,0.9014201502682982,1.0448353851665625e-06
188,2.009999999999991,0.007,531.5500000000003,0.00290630422209368,0.7685801041064193,0.014069999999999937,6.763850000000001,0.012724767190292535,0.0018790214665181534,0.9032991717348164,1.0553098599028477e-06
75,1.8600000000000136,0.007,533.4100000000003,0.0026894158473106016,0.7712695199537299,0.013020000000000096,6.776870000000001,0.01270480493429069,0.0017387959839421925,0.9050379677187587,9.03678124630573e-07
25,1.5,0.006,534.9100000000003,0.0021688837478311142,0.773438403701561,0.009000000000000001,6.785870000000001,0.012686003252883658,0.0012019327077941336,0.9062399004265528,9.349943138285994e-07
335,1.3799999999999955,0.006,536.2900000000003,0.001995373048004619,0.7754337767495656,0.008279999999999973,6.794150000000001,0.012668798597773588,0.001105778091170599,0.9073456785177234,7.913791872245213e-07
311,2.0500000000000114,0.006,538.3400000000004,0.0029641411220358727,0.7783979178716015,0.012300000000000068,6.806450000000001,0.012643403796856998,0.001642641367318658,0.908988319885042,1.7463616017176591e-06
35,1.8699999999999903,0.006,540.2100000000004,0.0027038750722961085,0.7811017929438976,0.011219999999999942,6.817670000000001,0.012620406878806383,0.0014984094423833453,0.9104867293274254,1.4531473849009757e-06
12,2.0,0.006,542.2100000000004,0.0028918449971081527,0.7839936379410057,0.012,6.82967,0.0125959867947843,0.0016025769437255112,0.9120893062711509,1.6622121134730655e-06
318,1.0600000000000023,0.006,543.2700000000004,0.001532677848467324,0.7855263157894731,0.006360000000000014,6.83603,0.012583117050453724,0.0008493657801745228,0.9129386720513254,4.669153826745861e-07
14,2.0,0.006,545.2700000000004,0.0028918449971081527,0.7884181607865812,0.012,6.84803,0.01255897078511562,0.0016025769437255112,0.914541248995051,1.6622121134730655e-06
371,2.0100000000001046,0.006,547.2800000000005,0.0029063042220938444,0.791324465008675,0.012060000000000628,6.8600900000000005,0.012534881596257845,0.0016105898284442225,0.9161518388234952,1.6788757899108078e-06
163,1.9700000000000273,0.006,549.2500000000006,0.0028484673221515697,0.7941729323308266,0.011820000000000164,6.871910000000001,0.012511442876649966,0.0015785382895696504,0.9177303771130648,1.6127197477944498e-06
306,2.0,0.006,551.2500000000006,0.0028918449971081527,0.7970647773279348,0.012,6.88391,0.012487818594104296,0.0016025769437255112,0.9193329540567904,1.6622121134730655e-06
282,1.4599999999999795,0.006,552.7100000000005,0.002111046847888922,0.7991758241758237,0.008759999999999877,6.89267,0.01247068082719689,0.0011698811689196068,0.92050283522571,8.857928352697718e-07
358,2.0,0.006,554.7100000000005,0.0028918449971081527,0.8020676691729318,0.012,6.904669999999999,0.012447350868021116,0.0016025769437255112,0.9221054121694355,1.6622121134730655e-06
357,2.0799999999999272,0.006,556.7900000000004,0.0030075187969923734,0.8050751879699242,0.012479999999999564,6.917149999999999,0.012423265504049989,0.0016666800214744735,0.92377209219091,1.7978486219323421e-06
221,1.920000000000016,0.006,558.7100000000005,0.0027761711972238493,0.807851359167148,0.011520000000000096,6.9286699999999986,0.01240119203164431,0.0015384738659765037,0.9253105660568866,1.5318946837768027e-06
185,2.0499999999999545,0.006,560.7600000000004,0.0029641411220357908,0.8108155002891838,0.012299999999999728,6.940969999999998,0.012377790855267837,0.0016426413673186126,0.9269532074242052,1.746361601717562e-06
304,1.9699999999999704,0.006,562.7300000000005,0.0028484673221514877,0.8136639676113353,0.011819999999999824,6.9527899999999985,0.012355463543795412,0.001578538289569605,0.9285317457137747,1.6127197477943566e-06
250,2.009999999999991,0.006,564.7400000000005,0.00290630422209368,0.816570271833429,0.012059999999999946,6.964849999999998,0.012332843432375947,0.0016105898284441316,0.9301423355422188,1.6788757899106179e-06
255,1.990000000000009,0.006,566.7300000000005,0.002877385772122625,0.8194476576055516,0.011940000000000055,6.9767899999999985,0.012310606461630746,0.0015945640590068909,0.9317368996012257,1.6456315476411867e-06
264,1.9300000000000068,0.006,568.6600000000005,0.002790630422209377,0.822238288027761,0.011580000000000042,6.988369999999999,0.012289188618858355,0.0015464867506951238,0.9332833863519209,1.5478934753689665e-06
189,1.9800000000000182,0.006,570.6400000000006,0.0028629265471370974,0.825101214574898,0.01188000000000011,7.0002499999999985,0.012267366465722683,0.0015865511742882707,0.9348699375262092,1.6291340924149816e-06
70,1.9799999999999898,0.006,572.6200000000006,0.002862926547137056,0.8279641411220351,0.01187999999999994,7.012129999999998,0.01224569522545491,0.001586551174288248,0.9364564887004975,1.6291340924149348e-06
157,1.7999999999999545,0.006,574.4200000000005,0.0026026604973972715,0.8305668016194324,0.010799999999999728,7.022929999999998,0.012226123742209518,0.0014423192493529238,0.9378988079498504,1.346391811913115e-06
287,2.0500000000000114,0.006,576.4700000000005,0.0029641411220358727,0.8335309427414683,0.012300000000000068,7.035229999999998,0.012203982861206986,0.001642641367318658,0.939541449317169,1.7463616017176591e-06
291,1.8000000000000114,0.006,578.2700000000004,0.002602660497397354,0.8361336032388657,0.010800000000000068,7.046029999999997,0.012184671520224103,0.0014423192493529691,0.940983768566522,1.3463918119132002e-06
177,2.1000000000000227,0.006,580.3700000000005,0.003036437246963593,0.8391700404858292,0.012600000000000137,7.058629999999997,0.012162293019970004,0.001682705790911805,0.9426664743574338,1.8325888551040944e-06
294,1.9899999999999523,0.006,582.3600000000004,0.0028773857721225427,0.8420474262579518,0.011939999999999713,7.070569999999997,0.012141235661789946,0.0015945640590068453,0.9442610384164406,1.645631547641093e-06
160,1.9700000000000273,0.006,584.3300000000004,0.0028484673221515697,0.8448958935801034,0.011820000000000164,7.0823899999999975,0.012120531206681145,0.0015785382895696504,0.9458395767060103,1.6127197477944498e-06
299,1.5,0.006,585.8300000000004,0.0021688837478311142,0.8470647773279345,0.009000000000000001,7.091389999999998,0.012104859771606085,0.0012019327077941336,0.9470415094138044,9.349943138285994e-07
171,2.0299999999999727,0.006,587.8600000000004,0.0029352226720647354,0.8499999999999992,0.012179999999999837,7.103569999999998,0.012083778450651504,0.001626615597881372,0.9486681250116857,1.7124524746027432e-06
49,1.9300000000000068,0.006,589.7900000000004,0.002790630422209377,0.8527906304222086,0.011580000000000042,7.115149999999998,0.01206387019108495,0.0015464867506951238,0.9502146117623809,1.5478934753689665e-06
204,1.2600000000000477,0.006,591.0500000000004,0.001821862348178205,0.8546124927703868,0.007560000000000287,7.122709999999999,0.012050943236612797,0.0010096234745471104,0.951224235236928,6.597319878375098e-07
158,2.3600000000000136,0.005,593.4100000000004,0.0034123770965876397,0.8580248698669743,0.011800000000000069,7.134509999999999,0.01202290153519488,0.0015758673279967618,0.9528001025649248,3.37276813012972e-06
11,2.030000000000001,0.005,595.4400000000004,0.0029352226720647766,0.8609600925390392,0.010150000000000006,7.144659999999999,0.011998958753190908,0.0013555129982344956,0.9541556155631592,2.495482653592972e-06
156,1.9800000000000182,0.005,597.4200000000004,0.0028629265471370974,0.8638230190861762,0.009900000000000091,7.154559999999999,0.011975762445180935,0.001322125978573559,0.9554777415417327,2.3740663920857235e-06
155,1.4600000000000364,0.005,598.8800000000005,0.002111046847889004,0.8659340659340652,0.007300000000000182,7.161859999999999,0.011958756345177655,0.0009749009740997103,0.9564526425158324,1.2908274465284376e-06
102,0.8100000000000023,0.005,599.6900000000005,0.001171197223828805,0.867105263157894,0.004050000000000011,7.165909999999999,0.011949357167870055,0.0005408697185073615,0.9569935122343397,3.9731276396475445e-07
359,2.1100000000000136,0.005,601.8000000000005,0.003050896471949121,0.8701561596298432,0.010550000000000068,7.17646,0.01192499169159188,0.001408932229692021,0.9584024444640318,2.6960465728509315e-06
355,2.009999999999991,0.005,603.8100000000005,0.00290630422209368,0.8730624638519369,0.010049999999999955,7.186509999999999,0.011901939351782834,0.0013421581903701096,0.9597446026544019,2.4465528085565933e-06
103,1.3199999999999932,0.005,605.1300000000006,0.0019086176980913708,0.8749710815500282,0.006599999999999966,7.193109999999999,0.011886883810090381,0.0008814173190490267,0.9606260199734509,1.0551406187047357e-06
96,1.7800000000000011,0.005,606.9100000000005,0.0025737420474262573,0.8775448235974544,0.008900000000000005,7.202009999999999,0.011866685340495283,0.0011885778999297548,0.9618145978733806,1.918679715509713e-06
258,1.9800000000000182,0.005,608.8900000000006,0.0028629265471370974,0.8804077501445915,0.009900000000000091,7.211909999999999,0.011844356123437719,0.001322125978573559,0.9631367238519541,2.3740663920857235e-06
286,1.9300000000000068,0.005,610.8200000000006,0.002790630422209377,0.8831983805668009,0.009650000000000034,7.221559999999998,0.011822730100520597,0.001288738958912603,0.9644254628108667,2.255677967523725e-06
353,1.9399999999999409,0.005,612.7600000000006,0.0028050896471948227,0.8860034702139957,0.009699999999999705,7.231259999999998,0.011801129316535007,0.0012954163628447488,0.9657208791737115,2.2791134254803386e-06
351,2.0400000000000773,0.005,614.8000000000006,0.0029496818970504274,0.8889531521110462,0.010200000000000388,7.241459999999998,0.011778562134027311,0.0013621904021667362,0.9670830695758783,2.520129246328057e-06
298,2.0,0.005,616.8000000000006,0.0028918449971081527,0.8918449971081543,0.01,7.251459999999998,0.011756582360570672,0.001335480786437926,0.9684185503623163,2.4222695562551574e-06
349,2.0299999999999727,0.005,618.8300000000006,0.0029352226720647354,0.894780219780219,0.010149999999999864,7.2616099999999975,0.011734418176235785,0.0013555129982344768,0.9697740633605507,2.495482653592903e-06
190,1.9800000000000182,0.005,620.8100000000006,0.0028629265471370974,0.8976431463273561,0.009900000000000091,7.2715099999999975,0.011712939546721203,0.001322125978573559,0.9710961893391242,2.3740663920857235e-06
377,3.0,0.004,623.8100000000006,0.0043377674956622285,0.9019809138230184,0.012,7.283509999999997,0.011675846812330661,0.0016025769437255112,0.9726987662828498,7.481267355403887e-06
380,3.0,0.004,626.8100000000006,0.0043377674956622285,0.9063186813186807,0.012,7.295509999999997,0.011639109139930744,0.0016025769437255112,0.9743013432265754,7.481267355403887e-06
316,1.4599999999999795,0.004,628.2700000000007,0.002111046847888922,0.9084297281665695,0.005839999999999918,7.301349999999997,0.01162135705986278,0.0007799207792797379,0.975081264005855,1.771896610530942e-06
283,1.4800000000000182,0.004,629.7500000000007,0.0021399652978600593,0.9105696934644296,0.005920000000000073,7.307269999999996,0.011603445811830072,0.0007906046255712619,0.9758718686314263,1.820774223919675e-06
15,1.0200000000000031,0.004,630.7700000000007,0.0014748409485251623,0.9120445344129547,0.0040800000000000124,7.3113499999999965,0.011591150498596934,0.0005448761608666755,0.9764167447922929,8.648345062846945e-07
305,1.9800000000000182,0.004,632.7500000000007,0.0028629265471370974,0.9149074609600918,0.007920000000000073,7.319269999999997,0.011567396286052927,0.0010577007828588472,0.9774744455751517,3.2588400600139926e-06
99,1.9099999999999966,0.004,634.6600000000007,0.002761711972238281,0.9176691729323301,0.007639999999999986,7.326909999999997,0.011544622317461301,0.0010203073208385736,0.9784947528959903,3.0324901599165356e-06
100,2.0,0.004,636.6600000000007,0.0028918449971081527,0.9205610179294382,0.008,7.334909999999997,0.011520921685043806,0.001068384629150341,0.9795631375251407,3.3250077135128385e-06
212,1.009999999999991,0.004,637.6700000000006,0.0014603817235396038,0.9220213996529778,0.004039999999999964,7.338949999999997,0.011509009362209277,0.0005395342377209172,0.9801026717628616,8.479600921385963e-07
16,1.0,0.004,638.6700000000006,0.0014459224985540764,0.9234673221515319,0.004,7.3429499999999965,0.011497252102024503,0.0005341923145751704,0.9806368640774368,8.312519283782096e-07
289,2.0300000000000296,0.004,640.7000000000007,0.0029352226720648173,0.9264025448235967,0.008120000000000118,7.351069999999996,0.011473497736850302,0.0010844103985876118,0.9817212744760244,3.425506071653864e-06
292,1.9600000000000364,0.004,642.6600000000008,0.002834008097166042,0.9292365529207628,0.007840000000000145,7.358909999999996,0.011450704882830716,0.0010470169365673534,0.9827682914125918,3.1933374080578487e-06
301,2.0100000000000477,0.004,644.6700000000008,0.0029063042220937624,0.9321428571428566,0.008040000000000191,7.366949999999997,0.011427474521848368,0.001073726552296118,0.9838420179648879,3.358340915840964e-06
218,1.8700000000000045,0.003,646.5400000000008,0.0027038750722961293,0.9348467322151527,0.005610000000000013,7.3725599999999964,0.01140309957620563,0.0007492047211916783,0.9845912226860796,3.820736181486799e-06
8,1.870000000000001,0.003,648.4100000000008,0.002703875072296124,0.9375506072874488,0.005610000000000003,7.378169999999996,0.011378865224163705,0.0007492047211916769,0.9853404274072712,3.8207361814867834e-06
3,1.9700000000000006,0.003,650.3800000000008,0.002848467322151531,0.9403990746096003,0.005910000000000002,7.384079999999996,0.011353485654540403,0.0007892691447848146,0.9861296965520561,4.240297133670409e-06
5,2.0299999999999994,0.003,652.4100000000008,0.002935222672064774,0.9433342972816651,0.006089999999999998,7.390169999999997,0.011327493447372033,0.0008133077989406967,0.9869430043509968,4.50252272878517e-06
374,3.0499999999999545,0.003,655.4600000000007,0.0044100636205898665,0.9477443609022549,0.009149999999999863,7.399319999999997,0.01128874378299208,0.001221964919590684,0.9881649692705875,1.0163973327312681e-05
6,2.030000000000001,0.003,657.4900000000007,0.0029352226720647766,0.9506795835743197,0.006090000000000003,7.405409999999997,0.011263152291289585,0.0008133077989406973,0.9889782770695282,4.5025227287851775e-06
372,3.2799999999999727,0.003,660.7700000000007,0.004742625795257331,0.955422209369577,0.009839999999999918,7.415249999999997,0.011222134782148084,0.0013141130938549082,0.9902923901633831,1.175469934367774e-05
370,1.349999999999909,0.003,662.1200000000006,0.0019519953730478714,0.9573742047426249,0.004049999999999727,7.419299999999996,0.011205370627680768,0.0005408697185073237,0.9908332598818904,1.9912756129024903e-06
368,2.060000000000059,0.003,664.1800000000006,0.0029786003470214824,0.9603528050896464,0.0061800000000001775,7.425479999999997,0.011179921105724336,0.0008253271260186619,0.9916585870079091,4.636585564287863e-06
9,1.7199999999999989,0.003,665.9000000000007,0.0024869866975130096,0.9628397917871594,0.005159999999999997,7.430639999999997,0.011158792611503213,0.0006891080858019694,0.992347695093711,3.232367502448018e-06
300,2.0299999999999727,0.003,667.9300000000006,0.0029352226720647354,0.9657750144592241,0.006089999999999918,7.436729999999996,0.011133996077433247,0.000813307798940686,0.9931610028926517,4.502522728785053e-06
101,1.8499999999999943,0.003,669.7800000000007,0.0026749566223250327,0.9684499710815492,0.005549999999999983,7.442279999999997,0.011111529158828256,0.0007411918364730466,0.9939021947291248,3.7394462470011794e-06
288,2.019999999999982,0.003,671.8000000000006,0.0029207634470792077,0.9713707345286284,0.006059999999999946,7.448339999999996,0.011087139029473041,0.0008093013565813759,0.9947114960857062,4.4582721596094754e-06
367,1.990000000000009,0.002,673.7900000000006,0.002877385772122625,0.974248120300751,0.003980000000000018,7.452319999999997,0.011060300687157704,0.000531521353002297,0.9952430174387085,5.5030798728947545e-06
216,0.4900000000000091,0.002,674.2800000000007,0.0007085020242915105,0.9749566223250425,0.0009800000000000182,7.453299999999997,0.011053716556919958,0.00013087711707091918,0.9953738945557794,3.3365053344159676e-07
7,2.039999999999999,0.002,676.3200000000006,0.0029496818970503142,0.9779063042220929,0.0040799999999999986,7.457379999999997,0.01102640761769575,0.0005448761608666736,0.995918770716646,5.783090628781743e-06
98,1.3499999999999943,0.002,677.6700000000006,0.0019519953730479948,0.9798582995951409,0.002699999999999989,7.460079999999997,0.011008425930024924,0.00036057981233823854,0.9962793505289843,2.532603486869148e-06
1,3.0,0.002,680.6700000000006,0.0043377674956622285,0.9841960670908032,0.006,7.466079999999997,0.010968721994505399,0.0008012884718627556,0.9970806390008471,1.2506683885773676e-05
376,3.0,0.002,683.6700000000006,0.0043377674956622285,0.9885338345864655,0.006,7.472079999999997,0.010929366507233008,0.0008012884718627556,0.9978819274727099,1.2506683885773676e-05
215,0.8899999999999864,0.002,684.5600000000006,0.001286871023713108,0.9898207056101785,0.0017799999999999728,7.4738599999999975,0.010917757391609195,0.0002377155799859472,0.9981196430526958,1.100727145102336e-06
2,2.039999999999999,0.002,686.6000000000006,0.0029496818970503142,0.9927703875072289,0.0040799999999999986,7.477939999999998,0.010891261287503628,0.0005448761608666736,0.9986645192135625,5.783090628781743e-06
379,3.0,0.002,689.6000000000006,0.0043377674956622285,0.9971081550028912,0.006,7.483939999999998,0.010852581206496507,0.0008012884718627556,0.9994658076854253,1.2506683885773676e-05
0,2.0,0.002,691.6000000000006,0.0028918449971081527,0.9999999999999993,0.004,7.487939999999997,0.010826980913823007,0.0005341923145751704,1.0000000000000004,5.558526171454967e-06
