,weight,grade,cml_weight,weight_pct,cml_weight_pct,yield,cml_yield,cml_grade,recovery,cml_recovery,distributional_heterogeneity
31,1.0,1.108,1.0,0.02470355731225296,0.02470355731225296,1.108,1.108,1.108,0.2806953543398847,0.2806953543398847,0.06553180014543623
32,1.0,0.865,2.0,0.02470355731225296,0.04940711462450592,0.865,1.973,0.9865,0.21913491110469335,0.49983026544457804,0.03780355133756113
34,1.0,0.806,3.0,0.02470355731225296,0.07411067193675888,0.806,2.779,0.9263333333333333,0.20418813682125186,0.7040184022658299,0.03221471428152215
29,1.0,0.369,4.0,0.02470355731225296,0.09881422924901184,0.369,3.1479999999999997,0.7869999999999999,0.09348067306084606,0.797499075326676,0.0047302916506953745
33,1.0,0.352,5.0,0.02470355731225296,0.1235177865612648,0.352,3.4999999999999996,0.7,0.08917397538595613,0.8866730507126321,0.004156434806598074
30,1.0,0.079,6.0,0.02470355731225296,0.14822134387351776,0.079,3.5789999999999997,0.5964999999999999,0.020013477430370838,0.906686528143003,2.1996849298435427e-05
9,1.0,0.025,7.0,0.02470355731225296,0.17292490118577072,0.025,3.6039999999999996,0.5148571428571428,0.006333378933661658,0.9130199070766647,0.00033746345366126353
16,1.0,0.024,8.0,0.02470355731225296,0.19762845849802368,0.024,3.6279999999999997,0.45349999999999996,0.006080043776315191,0.9190999508529799,0.0003468352564232574
3,0.6300000000000026,0.023,8.630000000000003,0.015563241106719429,0.2131916996047431,0.014490000000000058,3.6424899999999996,0.42207300115874835,0.0036708264299503118,0.9227707772829302,0.00014142952684423354
18,1.0,0.022,9.630000000000003,0.02470355731225296,0.23789525691699606,0.022,3.6644899999999994,0.380528556593977,0.005573373461622258,0.9283441507445525,0.0003659639341589318
21,0.7999999999999972,0.022,10.43,0.0197628458498023,0.25765810276679835,0.017599999999999935,3.682089999999999,0.35302876318312554,0.004458698769297791,0.9328028495138503,0.0002342169178617147
19,1.0,0.016,11.43,0.02470355731225296,0.2823616600790513,0.016,3.698089999999999,0.32354243219597545,0.004053362517543461,0.9368562120313938,0.0004264305450594474
15,1.0,0.015,12.43,0.02470355731225296,0.3070652173913042,0.015,3.7130899999999993,0.29872003218020915,0.0038000273601969943,0.9406562393915908,0.000436957564456501
35,1.0,0.015,13.43,0.02470355731225296,0.33176877470355715,0.015,3.7280899999999995,0.2775941921072226,0.0038000273601969943,0.9444562667517878,0.000436957564456501
28,1.0,0.015,14.43,0.02470355731225296,0.3564723320158101,0.015,3.7430899999999996,0.2593963963963964,0.0038000273601969943,0.9482562941119849,0.000436957564456501
24,1.0,0.014,15.43,0.02470355731225296,0.381175889328063,0.014,3.7570899999999994,0.2434925469863901,0.003546692202850528,0.9518029863148354,0.00044761294125745003
22,1.0,0.013,16.43,0.02470355731225296,0.40587944664031594,0.013,3.7700899999999993,0.22946378575776016,0.0032933570455040617,0.9550963433603394,0.00045839667546229473
14,1.0,0.012,17.43,0.02470355731225296,0.4305830039525689,0.012,3.7820899999999993,0.2169873780837636,0.0030400218881575956,0.958136365248497,0.0004693087670710348
4,1.0,0.011,18.43,0.02470355731225296,0.4552865612648218,0.011,3.7930899999999994,0.20581063483450893,0.002786686730811129,0.9609230519793082,0.0004803492160836705
23,1.0,0.011,19.43,0.02470355731225296,0.47999011857707474,0.011,3.8040899999999995,0.19578435409161088,0.002786686730811129,0.9637097387101193,0.0004803492160836705
6,1.0,0.011,20.43,0.02470355731225296,0.5046936758893277,0.011,3.8150899999999996,0.18673959862946646,0.002786686730811129,0.9664964254409305,0.0004803492160836705
20,1.1999999999999886,0.011,21.62999999999999,0.029644268774703275,0.534337944664031,0.013199999999999875,3.8282899999999995,0.17698982894128532,0.0033440240769733237,0.9698404495179038,0.0006917028711604724
13,1.0,0.011,22.62999999999999,0.02470355731225296,0.5590415019762839,0.011,3.8392899999999996,0.16965488289880695,0.002786686730811129,0.972627136248715,0.0004803492160836705
5,1.0,0.01,23.62999999999999,0.02470355731225296,0.5837450592885368,0.01,3.8492899999999994,0.16289843419382147,0.002533351573464663,0.9751604878221797,0.0004915180225002017
8,1.0,0.009,24.62999999999999,0.02470355731225296,0.6084486166007897,0.009,3.8582899999999993,0.15665002030044667,0.0022800164161181965,0.9774405042382979,0.0005028151863206284
41,1.0,0.009,25.62999999999999,0.02470355731225296,0.6331521739130427,0.009,3.8672899999999992,0.1508891923527117,0.0022800164161181965,0.9797205206544161,0.0005028151863206284
17,1.0,0.008,26.62999999999999,0.02470355731225296,0.6578557312252956,0.008,3.8752899999999992,0.14552346977093508,0.0020266812587717304,0.9817472019131878,0.0005142407075449505
10,1.0,0.008,27.62999999999999,0.02470355731225296,0.6825592885375485,0.008,3.8832899999999992,0.14054614549402827,0.0020266812587717304,0.9837738831719595,0.0005142407075449505
27,0.4000000000000057,0.007,28.029999999999994,0.009881422924901325,0.6924407114624499,0.00280000000000004,3.8860899999999994,0.13864038530146272,0.0007093384405701158,0.9844832216125295,8.412713378770931e-05
38,1.0,0.007,29.029999999999994,0.02470355731225296,0.7171442687747028,0.007,3.8930899999999995,0.1341057526696521,0.001773346101425264,0.9862565677139548,0.0005257945861731682
39,1.0,0.006,30.029999999999994,0.02470355731225296,0.7418478260869558,0.006,3.8990899999999993,0.12983982683982684,0.0015200109440787978,0.9877765786580336,0.0005374768222052815
42,1.0,0.006,31.029999999999994,0.02470355731225296,0.7665513833992087,0.006,3.905089999999999,0.12584885594585885,0.0015200109440787978,0.9892965896021124,0.0005374768222052815
26,1.0,0.006,32.029999999999994,0.02470355731225296,0.7912549407114616,0.006,3.911089999999999,0.12210708710583826,0.0015200109440787978,0.9908166005461913,0.0005374768222052815
1,1.0,0.006,33.029999999999994,0.02470355731225296,0.8159584980237146,0.006,3.9170899999999986,0.11859188616409323,0.0015200109440787978,0.9923366114902701,0.0005374768222052815
25,0.19999999999998863,0.005,33.22999999999998,0.004940711462450312,0.8208992094861649,0.0009999999999999432,3.9180899999999985,0.11790821546795066,0.00025333515734645193,0.9925899466476166,2.197149662564911e-05
12,1.0,0.005,34.22999999999998,0.02470355731225296,0.8456027667984178,0.005,3.9230899999999984,0.11460969909436168,0.0012666757867323315,0.9938566224343489,0.0005492874156412901
36,0.8500000000000227,0.005,35.080000000000005,0.02099802371541558,0.8666007905138334,0.004250000000000114,3.9273399999999987,0.11195381984036483,0.0010766744187225108,0.9949332968530714,0.00039686015780085335
11,1.0,0.005,36.080000000000005,0.02470355731225296,0.8913043478260864,0.005,3.9323399999999986,0.10898946784922389,0.0012666757867323315,0.9961999726398038,0.0005492874156412901
0,0.3999999999999986,0.005,36.480000000000004,0.00988142292490115,0.9011857707509875,0.001999999999999993,3.9343399999999984,0.1078492324561403,0.0005066703146929309,0.9967066429544967,8.78859865026058e-05
37,1.0,0.004,37.480000000000004,0.02470355731225296,0.9258893280632404,0.004,3.9383399999999984,0.10507844183564563,0.0010133406293858652,0.9977199835838826,0.0005612263664811944
7,1.0,0.003,38.480000000000004,0.02470355731225296,0.9505928853754934,0.003,3.9413399999999985,0.10242567567567562,0.0007600054720393989,0.998479989055922,0.0005732936747249942
40,1.0,0.003,39.480000000000004,0.02470355731225296,0.9752964426877463,0.003,3.9443399999999986,0.0999072948328267,0.0007600054720393989,0.9992399945279613,0.0005732936747249942
2,1.0,0.003,40.480000000000004,0.02470355731225296,0.9999999999999992,0.003,3.9473399999999987,0.09751333992094857,0.0007600054720393989,1.0000000000000007,0.0005732936747249942
