,weight,grade,cml_weight,weight_pct,cml_weight_pct,yield,cml_yield,cml_grade,recovery,cml_recovery,distributional_heterogeneity
0,1.5,,1.5,0.09671179883945841,0.09671179883945841,,,,,,
1,0.7100000000000009,,2.210000000000001,0.0457769181173437,0.1424887169568021,,,,,,
2,1.5,,3.710000000000001,0.09671179883945841,0.2392005157962605,,,,,,
3,2.2300000000000004,,5.940000000000001,0.14377820760799487,0.3829787234042554,,,,,,
4,1.5,,7.440000000000001,0.09671179883945841,0.4796905222437138,,,,,,
5,0.8999999999999986,,8.34,0.05802707930367495,0.5377176015473887,,,,,,
6,2.799999999999997,,11.139999999999997,0.18052869116698883,0.7182462927143776,,,,,,
7,1.5,,12.639999999999997,0.09671179883945841,0.8149580915538359,,,,,,
8,1.9000000000000057,,14.540000000000003,0.12250161186331435,0.9374597034171502,,,,,,
9,0.9699999999999989,,15.510000000000002,0.0625402965828497,0.9999999999999999,,,,,,
