,weight,grade,cml_weight,weight_pct,cml_weight_pct,yield,cml_yield,cml_grade,recovery,cml_recovery,distributional_heterogeneity
0,1.52,0.03,1.52,0.022666269012824335,0.022666269012824335,0.0456,0.0456,0.030000000000000002,-0.0009724701381291459,-0.0009724701381291459,0.0005587899886468211
29,1.5200000000000031,0.03,3.040000000000003,0.022666269012824383,0.04533253802564872,0.04560000000000009,0.09120000000000009,0.03,-0.0009724701381291479,-0.0019449402762582938,0.0005587899886468233
22,1.519999999999996,0.03,4.559999999999999,0.022666269012824276,0.067998807038473,0.04559999999999988,0.13679999999999998,0.030000000000000002,-0.0009724701381291433,-0.002917410414387437,0.0005587899886468182
23,1.5300000000000011,0.03,6.09,0.022815389203698196,0.09081419624217119,0.04590000000000003,0.1827,0.030000000000000002,-0.0009788679679852595,-0.0038962783823726964,0.0005661666743522097
24,1.5200000000000031,0.03,7.610000000000003,0.022666269012824383,0.11348046525499557,0.04560000000000009,0.2283000000000001,0.03,-0.0009724701381291479,-0.004868748520501844,0.0005587899886468233
25,1.519999999999996,0.03,9.129999999999999,0.022666269012824276,0.13614673426781984,0.04559999999999988,0.2739,0.030000000000000002,-0.0009724701381291433,-0.005841218658630987,0.0005587899886468182
26,1.5300000000000011,0.03,10.66,0.022815389203698196,0.15896212347151803,0.04590000000000003,0.31980000000000003,0.030000000000000002,-0.0009788679679852595,-0.006820086626616246,0.0005661666743522097
27,1.8299999999999983,0.03,12.489999999999998,0.027288994929913483,0.18625111840143152,0.05489999999999995,0.3747,0.030000000000000002,-0.0011708028636686417,-0.007990889490284888,0.0008099600904515822
28,1.5200000000000031,0.03,14.010000000000002,0.022666269012824383,0.20891738741425592,0.04560000000000009,0.42030000000000006,0.030000000000000002,-0.0009724701381291479,-0.008963359628414037,0.0005587899886468233
30,1.529999999999994,0.03,15.539999999999996,0.02281538920369809,0.231732776617954,0.045899999999999816,0.4661999999999999,0.030000000000000002,-0.000978867967985255,-0.009942227596399292,0.0005661666743522045
20,0.9100000000000001,0.03,16.449999999999996,0.013569937369519834,0.24530271398747383,0.027300000000000005,0.4934999999999999,0.030000000000000002,-0.0005822025169062652,-0.010524430113305557,0.0002002830633649726
31,1.5200000000000031,0.03,17.97,0.022666269012824383,0.2679689830002982,0.04560000000000009,0.5391,0.030000000000000002,-0.0009724701381291479,-0.011496900251434706,0.0005587899886468233
32,1.8299999999999983,0.03,19.799999999999997,0.027288994929913483,0.2952579779302117,0.05489999999999995,0.594,0.030000000000000002,-0.0011708028636686417,-0.012667703115103348,0.0008099600904515822
33,1.2199999999999989,0.03,21.019999999999996,0.018192663286608988,0.3134506412168207,0.036599999999999966,0.6305999999999999,0.030000000000000002,-0.0007805352424457611,-0.01344823835754911,0.00035998226242292547
34,1.220000000000006,0.03,22.240000000000002,0.018192663286609095,0.3316433045034298,0.03660000000000018,0.6672000000000001,0.030000000000000002,-0.0007805352424457658,-0.014228773599994875,0.00035998226242292964
35,1.2199999999999989,0.03,23.46,0.018192663286608988,0.34983596779003884,0.036599999999999966,0.7038000000000001,0.030000000000000002,-0.0007805352424457611,-0.015009308842440637,0.00035998226242292547
36,1.519999999999996,0.03,24.979999999999997,0.022666269012824276,0.3725022368028631,0.04559999999999988,0.7494,0.030000000000000002,-0.0009724701381291433,-0.01598177898056978,0.0005587899886468182
37,1.5300000000000011,0.03,26.509999999999998,0.022815389203698196,0.3953176260065613,0.04590000000000003,0.7953,0.030000000000000002,-0.0009788679679852595,-0.01696064694855504,0.0005661666743522097
1,1.5299999999999998,0.03,28.04,0.02281538920369818,0.4181330152102595,0.04589999999999999,0.8412,0.03,-0.0009788679679852586,-0.0179395149165403,0.0005661666743522088
21,1.5300000000000011,0.03,29.57,0.022815389203698196,0.44094840441395766,0.04590000000000003,0.8871,0.03,-0.0009788679679852595,-0.018918382884525558,0.0005661666743522097
19,2.129999999999999,0.03,31.7,0.03176260065612883,0.4727110050700865,0.06389999999999997,0.951,0.03,-0.0013627377593520263,-0.020281120643877583,0.0010972880451401315
9,1.5199999999999996,0.03,33.22,0.022666269012824328,0.4953772740829108,0.04559999999999999,0.9965999999999999,0.03,-0.0009724701381291457,-0.02125359078200673,0.0005587899886468207
2,1.5200000000000005,0.03,34.74,0.02266626901282434,0.5180435430957352,0.045600000000000016,1.0422,0.03,-0.0009724701381291463,-0.022226060920135876,0.0005587899886468214
3,1.5299999999999994,0.03,36.27,0.02281538920369817,0.5408589322994334,0.04589999999999998,1.0881,0.03,-0.0009788679679852584,-0.023204928888121135,0.0005661666743522084
4,1.5200000000000005,0.03,37.790000000000006,0.02266626901282434,0.5635252013122577,0.045600000000000016,1.1337000000000002,0.03,-0.0009724701381291463,-0.024177399026250282,0.0005587899886468214
5,1.8299999999999992,0.03,39.620000000000005,0.027288994929913497,0.5908141962421712,0.05489999999999998,1.1886,0.03,-0.0011708028636686423,-0.025348201889918924,0.0008099600904515829
6,1.5200000000000014,0.03,41.14000000000001,0.022666269012824355,0.6134804652549956,0.045600000000000036,1.2342000000000002,0.03,-0.0009724701381291467,-0.02632067202804807,0.000558789988646822
7,1.5299999999999994,0.03,42.67000000000001,0.02281538920369817,0.6362958544586937,0.04589999999999998,1.2801000000000002,0.03,-0.0009788679679852584,-0.02729953999603333,0.0005661666743522084
18,1.5300000000000011,0.03,44.20000000000001,0.022815389203698196,0.6591112436623919,0.04590000000000003,1.3260000000000003,0.03,-0.0009788679679852595,-0.02827840796401859,0.0005661666743522097
8,1.5199999999999996,0.03,45.72000000000001,0.022666269012824328,0.6817775126752162,0.04559999999999999,1.3716000000000004,0.03,-0.0009724701381291457,-0.029250878102147736,0.0005587899886468207
10,1.5300000000000011,0.03,47.250000000000014,0.022815389203698196,0.7045929018789144,0.04590000000000003,1.4175000000000004,0.03,-0.0009788679679852595,-0.030229746070132995,0.0005661666743522097
11,1.5199999999999996,0.03,48.77000000000001,0.022666269012824328,0.7272591708917387,0.04559999999999999,1.4631000000000005,0.030000000000000006,-0.0009724701381291457,-0.03120221620826214,0.0005587899886468207
12,1.5300000000000011,0.03,50.30000000000001,0.022815389203698196,0.7500745600954369,0.04590000000000003,1.5090000000000006,0.030000000000000006,-0.0009788679679852595,-0.032181084176247404,0.0005661666743522097
13,1.5199999999999996,0.03,51.82000000000001,0.022666269012824328,0.7727408291082613,0.04559999999999999,1.5546000000000006,0.03000000000000001,-0.0009724701381291457,-0.03315355431437655,0.0005587899886468207
14,1.2199999999999989,0.03,53.040000000000006,0.018192663286608988,0.7909334923948702,0.036599999999999966,1.5912000000000006,0.03000000000000001,-0.0007805352424457611,-0.03393408955682231,0.00035998226242292547
15,1.5199999999999996,0.03,54.56,0.022666269012824328,0.8135997614076945,0.04559999999999999,1.6368000000000007,0.030000000000000013,-0.0009724701381291457,-0.034906559694951454,0.0005587899886468207
16,1.5300000000000011,0.03,56.09,0.022815389203698196,0.8364151506113927,0.04590000000000003,1.6827000000000008,0.030000000000000013,-0.0009788679679852595,-0.03588542766293672,0.0005661666743522097
17,1.5199999999999996,0.03,57.61,0.022666269012824328,0.859081419624217,0.04559999999999999,1.7283000000000008,0.030000000000000016,-0.0009724701381291457,-0.03685789780106586,0.0005587899886468207
42,3.3599999999999994,0.03,60.97,0.05010438413361168,0.9091858037578286,0.10079999999999997,1.8291000000000008,0.030000000000000013,-0.002149670831653901,-0.03900756863271976,0.0027304862603129976
38,1.5200000000000031,-8.0,62.49,0.022666269012824383,0.9318520727706531,-12.160000000000025,-10.330900000000025,-0.1653208513362142,0.2593253701677728,0.22031780153505304,0.056007530159468105
39,1.529999999999994,-8.0,64.02,0.02281538920369809,0.9546674619743512,-12.239999999999952,-22.570899999999977,-0.35256013745704434,0.2610314581294013,0.48134925966445435,0.0567468954944154
40,1.5200000000000031,-8.0,65.53999999999999,0.022666269012824383,0.9773337309871756,-12.160000000000025,-34.730900000000005,-0.5299191333536772,0.2593253701677728,0.7406746298322271,0.056007530159468105
41,1.5200000000000031,-8.0,67.06,0.022666269012824383,1.0,-12.160000000000025,-46.89090000000003,-0.6992379958246351,0.2593253701677728,0.9999999999999999,0.056007530159468105
