,weight,grade,cml_weight,weight_pct,cml_weight_pct,yield,cml_yield,cml_grade,recovery,cml_recovery,distributional_heterogeneity
0,0.46,0.03,0.46,0.018407362945178075,0.018407362945178075,0.0138,0.0138,0.03,0.01840736294517807,0.01840736294517807,0.0
1,0.9100000000000001,0.03,1.37,0.03641456582633054,0.05482192877150861,0.027300000000000005,0.041100000000000005,0.030000000000000002,0.03641456582633054,0.05482192877150861,0.0
2,1.6799999999999997,0.03,3.05,0.06722689075630252,0.12204881952781113,0.050399999999999986,0.0915,0.030000000000000002,0.0672268907563025,0.12204881952781112,0.0
3,1.83,0.03,4.88,0.07322929171668668,0.19527811124449782,0.0549,0.1464,0.030000000000000002,0.07322929171668668,0.1952781112444978,0.0
4,1.83,0.03,6.71,0.07322929171668668,0.26850740296118447,0.0549,0.2013,0.030000000000000002,0.07322929171668668,0.26850740296118447,0.0
5,3.04,0.03,9.75,0.12164865946378553,0.39015606242497003,0.0912,0.2925,0.03,0.12164865946378553,0.39015606242497003,0.0
6,0.9199999999999999,0.03,10.67,0.03681472589035614,0.4269707883153262,0.027599999999999996,0.3201,0.03,0.03681472589035614,0.4269707883153262,0.0
7,2.8900000000000006,0.03,13.56,0.11564625850340139,0.5426170468187276,0.08670000000000001,0.4068,0.03,0.11564625850340139,0.5426170468187276,0.0
8,1.6799999999999997,0.03,15.24,0.06722689075630252,0.6098439375750301,0.050399999999999986,0.4572,0.03,0.0672268907563025,0.6098439375750301,0.0
9,2.130000000000001,0.03,17.37,0.08523409363745502,0.6950780312124851,0.06390000000000003,0.5211,0.03,0.08523409363745503,0.6950780312124851,0.0
10,2.4399999999999977,0.03,19.81,0.09763905562224881,0.792717086834734,0.07319999999999993,0.5942999999999999,0.03,0.09763905562224882,0.792717086834734,0.0
11,1.5300000000000011,0.03,21.34,0.061224489795918415,0.8539415766306524,0.04590000000000003,0.6402,0.03,0.061224489795918415,0.8539415766306524,0.0
12,0.9100000000000001,0.03,22.25,0.03641456582633054,0.8903561424569829,0.027300000000000005,0.6675,0.03,0.03641456582633054,0.8903561424569829,0.0
13,1.5199999999999996,0.03,23.77,0.060824329731892744,0.9511804721888757,0.04559999999999999,0.7131,0.03,0.060824329731892744,0.9511804721888757,0.0
14,1.2199999999999989,0.03,24.99,0.048819527811124405,1.0,0.036599999999999966,0.7496999999999999,0.03,0.04881952781112441,1.0,0.0
