,weight,grade,cml_weight,weight_pct,cml_weight_pct,yield,cml_yield,cml_grade,recovery,cml_recovery,distributional_heterogeneity
0,2.44,0.03,2.44,0.05427046263345196,0.05427046263345196,0.0732,0.0732,0.030000000000000002,0.05427046263345197,0.05427046263345197,0.0
12,1.8299999999999983,0.03,4.269999999999998,0.040702846975088934,0.09497330960854089,0.05489999999999995,0.12809999999999994,0.03,0.040702846975088934,0.0949733096085409,0.0
21,3.200000000000003,0.03,7.470000000000001,0.07117437722419936,0.16614768683274025,0.09600000000000009,0.22410000000000002,0.03,0.07117437722419936,0.16614768683274028,0.0
20,1.6799999999999997,0.03,9.15,0.037366548042704624,0.20351423487544487,0.050399999999999986,0.2745,0.030000000000000002,0.037366548042704624,0.2035142348754449,0.0
19,1.0600000000000023,0.03,10.210000000000003,0.023576512455516067,0.22709074733096093,0.031800000000000064,0.30630000000000007,0.03,0.023576512455516067,0.22709074733096096,0.0
18,2.4399999999999977,0.03,12.65,0.054270462633451914,0.28136120996441283,0.07319999999999993,0.3795,0.03,0.054270462633451914,0.2813612099644129,0.0
17,1.8300000000000018,0.03,14.480000000000002,0.04070284697508902,0.32206405693950185,0.05490000000000005,0.43440000000000006,0.03,0.04070284697508902,0.3220640569395019,0.0
16,1.8299999999999983,0.03,16.310000000000002,0.040702846975088934,0.36276690391459077,0.05489999999999995,0.4893,0.029999999999999995,0.040702846975088934,0.3627669039145908,0.0
15,1.8300000000000018,0.03,18.140000000000004,0.04070284697508902,0.4034697508896798,0.05490000000000005,0.5442,0.029999999999999995,0.04070284697508902,0.40346975088967985,0.0
14,1.8299999999999983,0.03,19.970000000000002,0.040702846975088934,0.4441725978647687,0.05489999999999995,0.5991,0.029999999999999995,0.040702846975088934,0.44417259786476876,0.0
13,1.2200000000000024,0.03,21.190000000000005,0.027135231316726037,0.4713078291814947,0.03660000000000007,0.6357,0.029999999999999995,0.027135231316726034,0.4713078291814948,0.0
11,2.4299999999999997,0.03,23.620000000000005,0.054048042704626334,0.5253558718861211,0.07289999999999999,0.7086,0.029999999999999995,0.05404804270462634,0.5253558718861211,0.0
1,1.2200000000000002,0.03,24.840000000000003,0.02713523131672599,0.5524911032028471,0.03660000000000001,0.7452,0.029999999999999995,0.02713523131672599,0.5524911032028471,0.0
10,2.4400000000000013,0.03,27.280000000000005,0.05427046263345199,0.6067615658362991,0.07320000000000003,0.8184,0.029999999999999995,0.05427046263345199,0.6067615658362991,0.0
9,1.8299999999999983,0.03,29.110000000000003,0.040702846975088934,0.6474644128113881,0.05489999999999995,0.8733,0.029999999999999995,0.040702846975088934,0.6474644128113881,0.0
8,1.5200000000000014,0.03,30.630000000000003,0.0338078291814947,0.6812722419928828,0.045600000000000036,0.9189,0.03,0.03380782918149469,0.6812722419928828,0.0
7,1.5299999999999994,0.03,32.160000000000004,0.03403024911032027,0.7153024911032031,0.04589999999999998,0.9648,0.029999999999999995,0.03403024911032028,0.7153024911032031,0.0
6,1.83,0.03,33.99,0.040702846975088976,0.7560053380782921,0.0549,1.0197,0.03,0.040702846975088976,0.7560053380782921,0.0
5,2.4399999999999995,0.03,36.43,0.054270462633451956,0.810275800711744,0.07319999999999999,1.0929,0.03,0.054270462633451956,0.810275800711744,0.0
4,1.8200000000000003,0.03,38.25,0.04048042704626336,0.8507562277580073,0.05460000000000001,1.1475,0.03,0.04048042704626336,0.8507562277580073,0.0
3,2.4400000000000004,0.03,40.69,0.05427046263345198,0.9050266903914592,0.07320000000000002,1.2207,0.03,0.05427046263345198,0.9050266903914592,0.0
2,1.2199999999999998,0.03,41.91,0.027135231316725978,0.9321619217081852,0.036599999999999994,1.2572999999999999,0.03,0.027135231316725978,0.9321619217081852,0.0
22,3.049999999999997,0.03,44.959999999999994,0.06783807829181489,1.0000000000000002,0.09149999999999991,1.3487999999999998,0.03,0.06783807829181489,1.0000000000000002,0.0
