,weight,grade,cml_weight,weight_pct,cml_weight_pct,yield,cml_yield,cml_grade,recovery,cml_recovery,distributional_heterogeneity
0,0.61,0.03,0.61,0.01852976913730255,0.01852976913730255,0.0183,0.0183,0.030000000000000002,0.018529769137302553,0.018529769137302553,0.0
1,1.2200000000000002,0.03,1.83,0.037059538274605106,0.05558930741190765,0.03660000000000001,0.054900000000000004,0.030000000000000002,0.03705953827460511,0.055589307411907665,0.0
2,1.52,0.03,3.35,0.046172539489671933,0.10176184690157958,0.0456,0.1005,0.030000000000000002,0.046172539489671933,0.1017618469015796,0.0
3,2.14,0.03,5.49,0.06500607533414338,0.16676792223572295,0.06420000000000001,0.1647,0.030000000000000002,0.06500607533414338,0.16676792223572298,0.0
4,2.8900000000000006,0.03,8.38,0.08778857837181046,0.25455650060753343,0.08670000000000001,0.2514,0.03,0.08778857837181046,0.25455650060753343,0.0
5,2.59,0.03,10.97,0.07867557715674361,0.33323207776427705,0.07769999999999999,0.3291,0.03,0.07867557715674361,0.33323207776427705,0.0
6,3.049999999999999,0.03,14.02,0.09264884568651272,0.42588092345078976,0.09149999999999997,0.4206,0.03,0.09264884568651273,0.42588092345078976,0.0
7,3.0500000000000007,0.03,17.07,0.09264884568651277,0.5185297691373025,0.09150000000000001,0.5121,0.03,0.09264884568651277,0.5185297691373025,0.0
8,3.0500000000000007,0.03,20.12,0.09264884568651277,0.6111786148238153,0.09150000000000001,0.6036,0.03,0.09264884568651277,0.6111786148238153,0.0
9,1.5199999999999996,0.03,21.64,0.04617253948967192,0.6573511543134872,0.04559999999999999,0.6492,0.03,0.04617253948967192,0.6573511543134872,0.0
10,3.0500000000000007,0.03,24.69,0.09264884568651277,0.75,0.09150000000000001,0.7407,0.03,0.09264884568651277,0.75,0.0
11,2.129999999999999,0.03,26.82,0.06470230862697444,0.8147023086269745,0.06389999999999997,0.8046,0.03,0.06470230862697446,0.8147023086269745,0.0
12,1.0700000000000003,0.03,27.89,0.032503037667071695,0.8472053462940462,0.03210000000000001,0.8367,0.03,0.032503037667071695,0.8472053462940462,0.0
13,2.59,0.03,30.48,0.07867557715674361,0.9258809234507899,0.07769999999999999,0.9144,0.03,0.07867557715674361,0.9258809234507899,0.0
14,2.4400000000000013,0.03,32.92,0.07411907654921024,1.0,0.07320000000000003,0.9876,0.03,0.07411907654921024,1.0,0.0
