,weight,grade,cml_weight,weight_pct,cml_weight_pct,yield,cml_yield,cml_grade,recovery,cml_recovery,distributional_heterogeneity
3,2.0,15.2,2.0,0.03007518796992481,0.03007518796992481,30.4,30.4,15.2,0.2738245361196181,0.2738245361196181,0.05941374472340038
16,2.5,3.0,4.5,0.03759398496240601,0.06766917293233082,7.5,37.9,8.422222222222222,0.06755539542424789,0.341379931543866,0.0008976861168629675
1,1.5,2.8,6.0,0.022556390977443608,0.09022556390977443,4.199999999999999,42.099999999999994,7.016666666666666,0.03783102143757881,0.3792109529814448,0.00023331433569369022
0,5.0,2.6,11.0,0.07518796992481203,0.16541353383458646,13.0,55.099999999999994,5.009090909090909,0.117096018735363,0.4963069717168078,0.001756284555107523
7,0.5,2.2,11.5,0.007518796992481203,0.17293233082706766,1.1,56.199999999999996,4.88695652173913,0.009908124662223024,0.5062150963790308,5.708886713393881e-06
17,4.0,2.2,15.5,0.06015037593984962,0.23308270676691728,8.8,65.0,4.193548387096774,0.07926499729778419,0.585480093676815,0.0003653687496572084
15,2.5,2.2,18.0,0.03759398496240601,0.2706766917293233,5.5,70.5,3.9166666666666665,0.04954062331111512,0.6350207169879301,0.00014272216783484703
6,3.5,1.8,21.5,0.05263157894736842,0.3233082706766917,6.3,76.8,3.572093023255814,0.05674653215636822,0.6917672491442983,1.6932839912257796e-05
19,0.5,1.8,22.0,0.007518796992481203,0.3308270676691729,0.9,77.7,3.5318181818181817,0.008106647450909747,0.699873896595208,3.455681614746489e-07
4,0.5,1.6,22.5,0.007518796992481203,0.3383458646616541,0.8,78.5,3.488888888888889,0.007205908845253108,0.7070798054404611,9.789899267582982e-08
5,0.5,1.6,23.0,0.007518796992481203,0.3458646616541353,0.8,79.3,3.4478260869565216,0.007205908845253108,0.7142857142857142,9.789899267582982e-08
2,0.5,1.6,23.5,0.007518796992481203,0.3533834586466165,0.8,80.1,3.408510638297872,0.007205908845253108,0.7214916231309673,9.789899267582982e-08
18,1.2999999999999972,1.2,24.799999999999997,0.019548872180451086,0.3729323308270676,1.5599999999999965,81.66,3.292741935483871,0.014051522248243528,0.7355431453792108,3.0220856277142418e-05
14,5.0,1.2,29.799999999999997,0.07518796992481203,0.44812030075187964,6.0,87.66,2.941610738255034,0.05404431633939831,0.7895874617186092,0.0004470540869399785
8,5.0,1.2,34.8,0.07518796992481203,0.5233082706766916,6.0,93.66,2.6913793103448276,0.05404431633939831,0.8436317780580075,0.0004470540869399785
20,1.7000000000000028,0.8,36.5,0.025563909774436133,0.5488721804511277,1.3600000000000023,95.02,2.6032876712328767,0.012250045036930304,0.8558818230949378,0.0001772589942486011
13,5.0,0.8,41.5,0.07518796992481203,0.6240601503759398,4.0,99.02,2.386024096385542,0.03602954422626554,0.8919113673212034,0.0015333823031885858
21,5.0,0.6,46.5,0.07518796992481203,0.6992481203007518,3.0,102.02,2.193978494623656,0.027022158169699155,0.9189335254909025,0.00231994542202897
10,5.0,0.6,51.5,0.07518796992481203,0.7744360902255638,3.0,105.02,2.039223300970874,0.027022158169699155,0.9459556836606016,0.00231994542202897
12,5.0,0.4,56.5,0.07518796992481203,0.8496240601503758,2.0,107.02,1.8941592920353982,0.01801477211313277,0.9639704557737343,0.0032687745480134054
9,5.0,0.4,61.5,0.07518796992481203,0.9248120300751879,2.0,109.02,1.7726829268292683,0.01801477211313277,0.981985227886867,0.0032687745480134054
11,5.0,0.4,66.5,0.07518796992481203,0.9999999999999999,2.0,111.02,1.6694736842105262,0.01801477211313277,0.9999999999999998,0.0032687745480134054
