,weight,grade,cml_weight,weight_pct,cml_weight_pct,yield,cml_yield,cml_grade,recovery,cml_recovery,distributional_heterogeneity
17,0.29999999999999716,79.8,0.29999999999999716,0.0025510204081632413,0.0025510204081632413,23.939999999999774,23.939999999999774,79.8,0.10469235142344782,0.10469235142344782,0.010432851501573939
5,1.0,10.4,1.2999999999999972,0.008503401360544218,0.01105442176870746,10.4,34.339999999999776,26.4153846153845,0.045480386583286035,0.15017273800673386,0.001367297436162867
15,0.5,8.8,1.7999999999999972,0.004251700680272109,0.01530612244897957,4.4,38.739999999999775,21.52222222222213,0.01924170201600563,0.1694144400227395,0.0002247001400452928
35,2.0999999999999943,8.4,3.8999999999999915,0.01785714285714281,0.03316326530612238,17.639999999999954,56.379999999999725,14.456410256410217,0.07714173262780419,0.2465561726505437,0.0035146625842756075
32,1.7999999999999972,7.6,5.699999999999989,0.015306122448979569,0.04846938775510195,13.679999999999978,70.0599999999997,12.29122807017541,0.059824200813399224,0.3063803734639429,0.0019818593012606097
1,3.0,6.4,8.699999999999989,0.025510204081632654,0.07397959183673461,19.200000000000003,89.2599999999997,10.259770114942508,0.08396379061529731,0.3903441640792402,0.003416821778648621
33,1.0,5.4,9.699999999999989,0.008503401360544218,0.08248299319727882,5.4,94.65999999999971,9.75876288659792,0.023614816110552366,0.4139589801897926,0.00022835485574676382
16,4.5,4.0,14.199999999999989,0.03826530612244898,0.1207482993197278,18.0,112.65999999999971,7.9338028169013946,0.07871605370184122,0.4926750338916338,0.0016362629797317067
2,2.5,3.8,16.69999999999999,0.021258503401360544,0.14200680272108834,9.5,122.15999999999971,7.314970059880228,0.041544583898193974,0.5342196177898277,0.00041152506192400557
30,2.0,3.2,18.69999999999999,0.017006802721088437,0.15901360544217677,6.4,128.55999999999972,6.874866310160417,0.0279879302050991,0.5622075479949269,0.0001205851608200944
36,1.0999999999999943,3.2,19.799999999999983,0.00935374149659859,0.16836734693877536,3.519999999999982,132.0799999999997,6.670707070707062,0.015393361612804425,0.5776009096077314,3.647701114807818e-05
13,1.0,3.2,20.799999999999983,0.008503401360544218,0.1768707482993196,3.2,135.2799999999997,6.503846153846144,0.01399396510254955,0.5915948747102809,3.01462902050236e-05
43,0.4000000000000057,2.8,21.19999999999999,0.0034013605442177355,0.18027210884353734,1.1200000000000159,136.3999999999997,6.433962264150932,0.004897887785892411,0.5964927624961733,2.2395937850744143e-06
31,2.0,2.8,23.19999999999999,0.017006802721088437,0.19727891156462576,5.6,141.9999999999997,6.120689655172403,0.024489438929461708,0.6209822014256351,5.598984462685877e-05
18,3.0,2.6,26.19999999999999,0.025510204081632654,0.22278911564625842,7.800000000000001,149.7999999999997,5.717557251908388,0.03411028993746453,0.6550924913630997,7.396147672767946e-05
0,1.0,2.4,27.19999999999999,0.008503401360544218,0.23129251700680264,2.4,152.1999999999997,5.595588235294109,0.010495473826912162,0.6655879651900118,3.968352711261262e-06
8,1.0,2.4,28.19999999999999,0.008503401360544218,0.23979591836734687,2.4,154.5999999999997,5.4822695035460915,0.010495473826912162,0.676083439016924,3.968352711261262e-06
28,2.0,2.4,30.19999999999999,0.017006802721088437,0.2568027210884353,4.8,159.39999999999972,5.278145695364231,0.020990947653824324,0.6970743866707484,1.587341084504505e-05
29,2.0,2.0,32.19999999999999,0.017006802721088437,0.2738095238095238,4.0,163.39999999999972,5.074534161490677,0.017492456378186937,0.7145668430489354,2.35859474653148e-07
3,5.0,1.8,37.19999999999999,0.04251700680272109,0.31632653061224486,9.0,172.39999999999972,4.634408602150532,0.03935802685092061,0.753924869899856,9.979154335877375e-06
37,2.200000000000003,1.4,39.39999999999999,0.018707482993197303,0.33503401360544216,3.0800000000000036,175.47999999999973,4.453807106598979,0.013469191411203956,0.7673940613110599,2.743969869798235e-05
39,3.0,1.4,42.39999999999999,0.025510204081632654,0.3605442176870748,4.199999999999999,179.67999999999972,4.237735849056598,0.018367079197096278,0.7857611405081562,5.102423311608276e-05
19,2.9000000000000057,1.4,45.3,0.02465986394557828,0.3852040816326531,4.060000000000008,183.73999999999972,4.0560706401765945,0.017754843223859774,0.8035159837320159,4.767931116736196e-05
25,2.0,1.2,47.3,0.017006802721088437,0.4022108843537415,2.4,186.13999999999973,3.9353065539111998,0.010495473826912162,0.8140114575589281,4.239740396813483e-05
4,1.0,1.2,48.3,0.008503401360544218,0.41071428571428575,1.2,187.33999999999972,3.87867494824016,0.005247736913456081,0.8192591944723842,1.0599350992033707e-05
49,4.0,1.0,52.3,0.034013605442176874,0.4447278911564626,4.0,191.33999999999972,3.658508604206496,0.017492456378186937,0.8367516508505711,0.00027294836639457556
20,2.0,1.0,54.3,0.017006802721088437,0.46173469387755106,2.0,193.33999999999972,3.560589318600363,0.008746228189093468,0.8454978790396646,6.823709159864389e-05
50,4.3999999999999915,0.8,58.69999999999999,0.03741496598639449,0.49914965986394555,3.5199999999999934,196.8599999999997,3.353662691652466,0.015393361612804475,0.860891240652469,0.0004849510591869187
9,2.5,0.8,61.19999999999999,0.021258503401360544,0.5204081632653061,2.0,198.8599999999997,3.2493464052287537,0.008746228189093468,0.8696374688415625,0.0001565570309875131
47,2.0,0.8,63.19999999999999,0.017006802721088437,0.5374149659863946,1.6,200.4599999999997,3.1718354430379705,0.006996982551274775,0.8766344513928372,0.0001001964998320084
46,2.0,0.8,65.19999999999999,0.017006802721088437,0.554421768707483,1.6,202.0599999999997,3.099079754601223,0.006996982551274775,0.883631433944112,0.0001001964998320084
45,5.0,0.8,70.19999999999999,0.04251700680272109,0.5969387755102041,4.0,206.0599999999997,2.9353276353276314,0.017492456378186937,0.901123890322299,0.0006262281239500524
12,3.6000000000000014,0.8,73.79999999999998,0.030612244897959197,0.6275510204081634,2.8800000000000012,208.93999999999969,2.831165311653113,0.0125945685922946,0.9137184589145936,0.00032463665945570744
41,5.0,0.8,78.79999999999998,0.04251700680272109,0.6700680272108844,4.0,212.93999999999969,2.7022842639593874,0.017492456378186937,0.9312109152927805,0.0006262281239500524
48,2.0,0.6,80.79999999999998,0.017006802721088437,0.6870748299319729,1.2,214.13999999999967,2.650247524752472,0.005247736913456081,0.9364586522062366,0.0001382756286682284
42,4.799999999999997,0.6,85.59999999999998,0.04081632653061222,0.7278911564625851,2.879999999999998,217.01999999999967,2.5352803738317724,0.012594568592294585,0.9490532207985312,0.0007964676211289947
24,2.0,0.6,87.59999999999998,0.017006802721088437,0.7448979591836735,1.2,218.21999999999966,2.4910958904109557,0.005247736913456081,0.9543009577119872,0.0001382756286682284
10,2.0,0.6,89.59999999999998,0.017006802721088437,0.761904761904762,1.2,219.41999999999965,2.448883928571425,0.005247736913456081,0.9595486946254432,0.0001382756286682284
27,2.0,0.6,91.59999999999998,0.017006802721088437,0.7789115646258504,1.2,220.61999999999964,2.4085152838427915,0.005247736913456081,0.9647964315388993,0.0001382756286682284
26,2.0,0.6,93.59999999999998,0.017006802721088437,0.7959183673469389,1.2,221.81999999999962,2.3698717948717913,0.005247736913456081,0.9700441684523553,0.0001382756286682284
7,2.0,0.6,95.59999999999998,0.017006802721088437,0.8129251700680273,1.2,223.0199999999996,2.3328451882845154,0.005247736913456081,0.9752919053658113,0.0001382756286682284
6,3.0,0.4,98.59999999999998,0.025510204081632654,0.83843537414966,1.2000000000000002,224.2199999999996,2.274036511156183,0.005247736913456082,0.9805396422792674,0.00041056757574143345
14,3.0,0.4,101.59999999999998,0.025510204081632654,0.8639455782312926,1.2000000000000002,225.4199999999996,2.218700787401571,0.005247736913456082,0.9857873791927234,0.00041056757574143345
21,2.0,0.4,103.59999999999998,0.017006802721088437,0.880952380952381,0.8,226.2199999999996,2.18359073359073,0.0034984912756373873,0.9892858704683608,0.00018247447810730376
22,2.0,0.4,105.59999999999998,0.017006802721088437,0.8979591836734695,0.8,227.0199999999996,2.1498106060606026,0.0034984912756373873,0.9927843617439982,0.00018247447810730376
23,2.0,0.2,107.59999999999998,0.017006802721088437,0.914965986394558,0.4,227.41999999999962,2.1135687732341975,0.0017492456378186937,0.9945336073818168,0.00023279304814923473
44,5.0,0.2,112.59999999999998,0.04251700680272109,0.957482993197279,1.0,228.41999999999962,2.0285968028419155,0.004373114094546734,0.9989067214763636,0.001454956550932717
38,0.7999999999999972,0.05,113.39999999999998,0.0068027210884353505,0.9642857142857144,0.03999999999999986,228.4599999999996,2.0146384479717785,0.00017492456378186876,0.9990816460401455,4.3927686772208765e-05
40,0.9000000000000057,0.05,114.29999999999998,0.007653061224489844,0.9719387755102042,0.04500000000000029,228.5049999999996,1.9991688538932602,0.0001967901342546043,0.9992784361744,5.559597857107783e-05
34,0.4000000000000057,0.05,114.69999999999999,0.0034013605442177355,0.9753401360544219,0.020000000000000285,228.5249999999996,1.992371403661723,8.746228189093592e-05,0.999365898456291,1.0981921693052583e-05
11,2.8999999999999986,0.05,117.6,0.02465986394557822,1.0000000000000002,0.14499999999999993,228.66999999999962,1.944472789115643,0.0006341015437092761,1.0000000000000002,0.0005772372589910594
