,weight,grade,cml_weight,weight_pct,cml_weight_pct,yield,cml_yield,cml_grade,recovery,cml_recovery,distributional_heterogeneity
32,1.0,70.0,1.0,0.005963740458015267,0.005963740458015267,70.0,70.0,70.0,0.1593857727705347,0.1593857727705347,0.02353831999890375
28,0.8000000000000043,10.6,1.8000000000000043,0.004770992366412239,0.010734732824427506,8.480000000000045,78.48000000000005,43.59999999999992,0.019308447901344877,0.17869422067187957,0.0002113376134301435
11,1.0,8.6,2.8000000000000043,0.005963740458015267,0.016698473282442772,8.6,87.08000000000004,31.099999999999966,0.01958168065466569,0.19827590132654527,0.00018544829519954732
37,3.0,8.0,5.800000000000004,0.0178912213740458,0.034589694656488576,24.0,111.08000000000004,19.151724137931026,0.05464655066418332,0.2529224519907286,0.0013509542312264407
47,0.5,7.6,6.300000000000004,0.0029818702290076333,0.037571564885496206,3.8,114.88000000000004,18.234920634920627,0.008652370521829026,0.26157482251255765,3.2154573570887486e-05
48,1.2999999999999972,6.8,7.600000000000001,0.00775286259541983,0.04532442748091604,8.83999999999998,123.72000000000001,16.27894736842105,0.020128146161307477,0.28170296867386513,0.00015314764333612888
33,1.5,6.6,9.100000000000001,0.0089456106870229,0.05427003816793893,9.899999999999999,133.62,14.683516483516481,0.022541702148975617,0.30424467082284073,0.00018485370304178355
27,0.8999999999999986,6.5,10.0,0.005367366412213732,0.05963740458015267,5.849999999999991,139.47,13.947,0.013320096724394664,0.3175647675472354,6.32459194182814e-05
35,1.1999999999999886,6.0,11.199999999999989,0.007156488549618253,0.06679389312977092,7.199999999999932,146.66999999999993,13.095535714285722,0.01639396519925484,0.33395873274649024,8.53309748525812e-05
34,1.9000000000000057,5.4,13.099999999999994,0.01133110687022904,0.07812499999999996,10.260000000000032,156.92999999999995,11.979389312977101,0.023361400408938443,0.35732013315542865,0.00014472796262751311
12,3.0,5.4,16.099999999999994,0.0178912213740458,0.09601622137404575,16.200000000000003,173.12999999999994,10.753416149068324,0.03688642169832375,0.3942065548537524,0.0003608176353594488
59,2.0,5.2,18.099999999999994,0.011927480916030533,0.10794370229007628,10.4,183.52999999999994,10.139779005524861,0.02368017195447944,0.4178867268082318,0.00013812574664523718
51,3.700000000000003,5.0,21.799999999999997,0.022065839694656506,0.1300095419847328,18.500000000000014,202.02999999999997,9.26743119266055,0.04212338280364134,0.46001010961187316,0.0004023050355687851
19,0.8999999999999986,4.8,22.699999999999996,0.005367366412213732,0.13537690839694652,4.319999999999993,206.34999999999997,9.090308370044053,0.009836379119552983,0.46984648873142615,1.9972074578359687e-05
30,0.3999999999999986,4.8,23.099999999999994,0.0023854961832060983,0.13776240458015263,1.919999999999993,208.26999999999995,9.016017316017317,0.00437172405313465,0.4742182127845608,3.945101151280911e-06
7,1.0,4.6,24.099999999999994,0.005963740458015267,0.14372614503816789,4.6,212.86999999999995,8.832780082987552,0.010473922210635136,0.4846921349951959,2.0341739441665224e-05
29,2.5,4.4,26.599999999999994,0.014909351145038167,0.15863549618320605,11.0,223.86999999999995,8.416165413533834,0.025046335721084022,0.50973847071628,0.00010275845629499157
24,1.0,4.4,27.599999999999994,0.005963740458015267,0.1645992366412213,4.4,228.26999999999995,8.270652173913044,0.01001853428843361,0.5197570050047136,1.644135300719865e-05
31,3.0,4.2,30.599999999999994,0.0178912213740458,0.18249045801526712,12.600000000000001,240.86999999999995,7.87156862745098,0.028689439098696246,0.5484464441034098,0.00011660150602895498
0,2.98,4.2,33.57999999999999,0.017771946564885496,0.2002624045801526,12.516,253.38599999999994,7.545741512805241,0.028498176171371604,0.5769446202747814,0.00011505200157105909
64,3.0,3.8,36.57999999999999,0.0178912213740458,0.2181536259541984,11.399999999999999,264.78599999999994,7.238545653362493,0.025957111565487075,0.6029017318402685,6.505858458038856e-05
38,2.0,3.6,38.57999999999999,0.011927480916030533,0.23008110687022892,7.2,271.98599999999993,7.049922239502333,0.016393965199254998,0.6192956970395235,1.9949481852291135e-05
62,0.5,3.4,39.07999999999999,0.0029818702290076333,0.23306297709923657,1.7,273.6859999999999,7.003224155578301,0.003870797338712985,0.6231664943782365,7.901914063691099e-07
14,2.9999999999999964,3.2,42.079999999999984,0.01789122137404578,0.2509541984732824,9.599999999999989,283.2859999999999,6.73208174904943,0.021858620265673305,0.6450251146439098,1.57402539652873e-05
39,0.7000000000000028,3.2,42.77999999999999,0.0041746183206107035,0.2551288167938931,2.240000000000009,285.5259999999999,6.674287050023375,0.005100344728657131,0.6501254593725669,8.569693825545397e-07
46,2.299999999999997,2.8,45.079999999999984,0.013716603053435097,0.2688454198473282,6.4399999999999915,291.9659999999999,6.47661934338953,0.014663491094889172,0.6647889504674561,8.965969630487329e-07
10,1.4000000000000021,2.8,46.47999999999999,0.008349236641221386,0.2771946564885496,3.9200000000000057,295.8859999999999,6.365877796901893,0.008925603275149956,0.673714553742606,3.321984967061487e-07
8,2.1000000000000014,2.8,48.57999999999999,0.01252385496183207,0.28971851145038163,5.8800000000000034,301.7659999999999,6.2117332235487845,0.013388404912724921,0.687102958655331,7.474466175888332e-07
45,3.0,2.6,51.57999999999999,0.0178912213740458,0.30760973282442744,7.800000000000001,309.5659999999999,6.001667312911981,0.01776012896585958,0.7048630876211905,1.718521948406295e-08
4,2.3000000000000007,2.6,53.879999999999995,0.013716603053435118,0.3213263358778626,5.980000000000002,315.54599999999994,5.856458797327393,0.013616098873825682,0.7184791864950162,1.0101090118965896e-08
9,2.299999999999997,2.6,56.17999999999999,0.013716603053435097,0.33504293893129766,5.979999999999992,321.52599999999995,5.723139907440371,0.013616098873825661,0.7320952853688418,1.0101090118965863e-08
58,3.0,2.4,59.17999999999999,0.0178912213740458,0.35293416030534347,7.199999999999999,328.72599999999994,5.55468063534978,0.016393965199254994,0.7484892505680968,2.241776052949196e-06
50,3.0,2.4,62.17999999999999,0.0178912213740458,0.3708253816793893,7.199999999999999,335.92599999999993,5.402476680604695,0.016393965199254994,0.7648832157673517,2.241776052949196e-06
15,1.3000000000000043,2.4,63.48,0.007752862595419872,0.37857824427480913,3.1200000000000103,339.04599999999994,5.340989287964713,0.0071040515863438555,0.7719872673536956,4.2095572549824064e-07
5,3.0,2.2,66.47999999999999,0.0178912213740458,0.39646946564885494,6.6000000000000005,345.64599999999996,5.19924789410349,0.015027801432650414,0.787015068786346,8.19917376078076e-06
6,2.5,2.1,68.97999999999999,0.014909351145038167,0.4113788167938931,5.25,350.89599999999996,5.086923746013337,0.011953932957790101,0.7989690017441361,8.734496661516643e-06
40,3.0,2.0,71.97999999999999,0.0178912213740458,0.4292700381679389,6.0,356.89599999999996,4.958266185051404,0.01366163766604583,0.8126306394101819,1.7889378342978784e-05
16,3.0,1.8,74.97999999999999,0.0178912213740458,0.4471612595419847,5.4,362.29599999999994,4.831901840490797,0.012295473899441248,0.8249261133096232,3.131238979954324e-05
13,3.0,1.8,77.97999999999999,0.0178912213740458,0.4650524809160305,5.4,367.6959999999999,4.715260323159784,0.012295473899441248,0.8372215872090645,3.131238979954324e-05
2,1.4000000000000004,1.8,79.38,0.008349236641221376,0.4734017175572519,2.520000000000001,370.2159999999999,4.66384479717813,0.005737887819739251,0.8429594750288038,6.819142667456087e-06
36,1.9000000000000057,1.6,81.28,0.01133110687022904,0.48473282442748095,3.0400000000000094,373.2559999999999,4.592224409448818,0.006921896417463242,0.849881371446267,1.9441136816779188e-05
69,4.0,1.6,85.28,0.023854961832061067,0.508587786259542,6.4,379.6559999999999,4.451876172607879,0.014572413510448887,0.8644537849567159,8.616570334306513e-05
21,1.3999999999999986,1.2,86.68,0.008349236641221365,0.5169370229007634,1.6799999999999982,381.3359999999999,4.399353945546838,0.003825258546492828,0.8682790435032087,2.0466377801583644e-05
26,1.5,1.0,88.18,0.0089456106870229,0.5258826335877863,1.5,382.8359999999999,4.341528691313221,0.0034154094165114576,0.8716944529197201,3.0583126092366374e-05
25,2.0,1.0,90.18,0.011927480916030533,0.5378101145038169,2.0,384.8359999999999,4.2674207141273,0.004553879222015277,0.8762483321417354,5.437000194198467e-05
18,1.8999999999999986,1.0,92.08000000000001,0.011331106870228999,0.5491412213740459,1.8999999999999986,386.7359999999999,4.199999999999998,0.004326185260914509,0.8805745174026499,4.906892675264109e-05
60,3.0,1.0,95.08000000000001,0.0178912213740458,0.5670324427480916,3.0,389.7359999999999,4.099032393773663,0.006830818833022915,0.8874053362356729,0.0001223325043694655
41,3.0,1.0,98.08000000000001,0.0178912213740458,0.5849236641221374,3.0,392.7359999999999,4.004241435562804,0.006830818833022915,0.8942361550686958,0.0001223325043694655
53,4.0,1.0,102.08000000000001,0.023854961832061067,0.6087786259541984,4.0,396.7359999999999,3.8865203761755467,0.009107758444030554,0.9033439135127264,0.00021748000776793867
23,2.299999999999997,0.9,104.38000000000001,0.013716603053435097,0.6224952290076335,2.0699999999999976,398.80599999999987,3.820712780226095,0.004713264994785806,0.9080571785075122,8.10600961983228e-05
63,3.0,0.8,107.38000000000001,0.0178912213740458,0.6403864503816793,2.4000000000000004,401.20599999999985,3.736319612590797,0.005464655066418333,0.9135218335739306,0.00015441955019786216
68,4.0,0.8,111.38000000000001,0.023854961832061067,0.6642414122137403,3.2,404.40599999999984,3.6308673011312607,0.007286206755224444,0.920808040329155,0.00027452364479619944
54,4.0,0.8,115.38000000000001,0.023854961832061067,0.6880963740458014,3.2,407.6059999999998,3.5327266423990276,0.007286206755224444,0.9280942470843794,0.00027452364479619944
65,4.0,0.8,119.38000000000001,0.023854961832061067,0.7119513358778624,3.2,410.8059999999998,3.4411626738147074,0.007286206755224444,0.9353804538396038,0.00027452364479619944
20,3.0,0.8,122.38000000000001,0.0178912213740458,0.7298425572519082,2.4000000000000004,413.2059999999998,3.3764177153129578,0.005464655066418333,0.9408451089060221,0.00015441955019786216
49,3.0,0.8,125.38000000000001,0.0178912213740458,0.7477337786259539,2.4000000000000004,415.60599999999977,3.3147710958685574,0.005464655066418333,0.9463097639724405,0.00015441955019786216
44,3.0,0.8,128.38,0.0178912213740458,0.7656249999999997,2.4000000000000004,418.00599999999974,3.2560056083502085,0.005464655066418333,0.9517744190388588,0.00015441955019786216
42,3.0,0.8,131.38,0.0178912213740458,0.7835162213740454,2.4000000000000004,420.4059999999997,3.199923884913988,0.005464655066418333,0.9572390741052772,0.00015441955019786216
17,3.0,0.8,134.38,0.0178912213740458,0.8014074427480912,2.4000000000000004,422.8059999999997,3.146346182467627,0.005464655066418333,0.9627037291716956,0.00015441955019786216
22,0.30000000000000426,0.8,134.68,0.0017891221374046055,0.8031965648854957,0.24000000000000343,423.0459999999997,3.141119691119689,0.000546465506641841,0.9632501946783374,1.5441955019786657e-06
55,4.0,0.6,138.68,0.023854961832061067,0.8270515267175568,2.4,425.4459999999997,3.0678252091145057,0.005464655066418332,0.9687148497447557,0.000338203382934445
57,3.0,0.6,141.68,0.0178912213740458,0.8449427480916025,1.7999999999999998,427.2459999999997,3.015570299265949,0.004098491299813749,0.9728133410445695,0.0001902394029006253
52,4.0,0.6,145.68,0.023854961832061067,0.8687977099236636,2.4,429.6459999999997,2.949244920373419,0.005464655066418332,0.9782779961109879,0.000338203382934445
61,1.5999999999999943,0.6,147.28,0.009541984732824393,0.878339694656488,0.9599999999999965,430.60599999999965,2.923723519826179,0.002185862026567325,0.9804638581375552,5.4112541269510806e-05
70,2.0999999999999943,0.6,149.38,0.012523854961832026,0.89086354961832,1.2599999999999965,431.86599999999964,2.891056366314096,0.0028689439098696164,0.9833328020474248,9.321730742130589e-05
56,4.0,0.4,153.38,0.023854961832061067,0.9147185114503811,1.6,433.46599999999967,2.8260920589385816,0.003643103377612222,0.986975905425037,0.00040851922218267534
3,0.4999999999999991,0.4,153.88,0.002981870229007628,0.9177003816793887,0.19999999999999965,433.66599999999966,2.818208994021313,0.0004553879222015269,0.9874312933472386,6.383112846604279e-06
43,3.0,0.4,156.88,0.0178912213740458,0.9355916030534345,1.2000000000000002,434.86599999999964,2.7719658337582844,0.0027323275332091666,0.9901636208804477,0.0002297920624777549
1,1.7999999999999998,0.4,158.68,0.01073473282442748,0.946326335877862,0.72,435.5859999999997,2.745059238719433,0.0016393965199254996,0.9918030174003732,8.272514249199174e-05
66,4.0,0.4,162.68,0.023854961832061067,0.970181297709923,1.6,437.1859999999997,2.6873985738873842,0.003643103377612222,0.9954461207779854,0.00040851922218267534
67,5.0,0.4,167.68,0.029818702290076333,0.9999999999999993,2.0,439.1859999999997,2.6191913167938914,0.004553879222015277,1.0000000000000007,0.0006383112846604302
