,weight,grade,cml_weight,weight_pct,cml_weight_pct,yield,cml_yield,cml_grade,recovery,cml_recovery,distributional_heterogeneity
28,0.29999999999999716,6.4,0.29999999999999716,0.001871490954460369,0.001871490954460369,1.919999999999982,1.919999999999982,6.4,0.010166799046862494,0.010166799046862494,6.881213634787215e-05
46,2.0,6.0,2.299999999999997,0.012476606363069244,0.014348097317529613,12.0,13.919999999999982,6.052173913043478,0.06354249404289118,0.07370929308975367,0.0026077248845281895
35,0.7000000000000028,6.0,3.0,0.004366812227074253,0.018714909544603864,4.200000000000017,18.119999999999997,6.039999999999999,0.022239872915012004,0.09594916600476568,0.0003194462983547058
44,3.0,3.6,6.0,0.018714909544603867,0.03742981908920773,10.8,28.919999999999998,4.819999999999999,0.05718824463860207,0.15313741064336775,0.0014801975132550736
49,2.0,3.2,8.0,0.012476606363069244,0.04990642545227697,6.4,35.32,4.415,0.03388933015620863,0.18702674079957637,0.0004585047402412775
43,1.5999999999999943,3.0,9.599999999999994,0.00998128509045536,0.05988771054273233,4.799999999999983,40.11999999999998,4.179166666666667,0.025416997617156385,0.21244373841673275,0.00023826122120695483
50,1.6999999999999886,2.8,11.299999999999983,0.010605115408608787,0.07049282595134111,4.759999999999968,44.87999999999995,3.9716814159292055,0.02520518930368,0.23764892772041274,0.00021316215774153989
42,2.0,2.6,13.299999999999983,0.012476606363069244,0.08296943231441035,5.2,50.079999999999956,3.7654135338345878,0.027535080751919516,0.26518400847233226,0.0002267576509196595
27,2.700000000000003,2.6,15.999999999999986,0.0168434185901435,0.09981285090455386,7.020000000000008,57.099999999999966,3.568750000000001,0.03717235901509138,0.3023563674874236,0.0004132658188010803
29,3.0,2.4,18.999999999999986,0.018714909544603867,0.11852776044915772,7.199999999999999,64.29999999999997,3.3842105263157904,0.038125496425734706,0.3404818639131583,0.00037677088306992866
12,3.0,2.4,21.999999999999986,0.018714909544603867,0.13724266999376158,7.199999999999999,71.49999999999997,3.250000000000001,0.038125496425734706,0.37860736033889303,0.00037677088306992866
9,3.0000000000000036,2.2,24.99999999999999,0.018714909544603888,0.15595757953836548,6.6000000000000085,78.09999999999998,3.1240000000000006,0.0349483717235902,0.41355573206248325,0.0002635252943165788
14,3.0,1.8,27.99999999999999,0.018714909544603867,0.17467248908296934,5.4,83.49999999999999,2.9821428571428577,0.028594122319301037,0.4421498543817843,9.759884504773967e-05
36,3.0,1.6,30.99999999999999,0.018714909544603867,0.1933873986275732,4.800000000000001,88.29999999999998,2.8483870967741938,0.02541699761715648,0.46756685199894077,4.4917984532251925e-05
26,3.0,1.6,33.999999999999986,0.018714909544603867,0.21210230817217707,4.800000000000001,93.09999999999998,2.7382352941176475,0.02541699761715648,0.49298384961609726,4.4917984532251925e-05
61,1.5,1.6,35.499999999999986,0.009357454772301934,0.221459762944479,2.4000000000000004,95.49999999999999,2.6901408450704234,0.01270849880857824,0.5056923484246755,1.1229496133062981e-05
8,3.0,1.6,38.499999999999986,0.018714909544603867,0.24017467248908286,4.800000000000001,100.29999999999998,2.6051948051948055,0.02541699761715648,0.5311093460418319,4.4917984532251925e-05
7,3.0,1.6,41.499999999999986,0.018714909544603867,0.2588895820336867,4.800000000000001,105.09999999999998,2.532530120481928,0.02541699761715648,0.5565263436589883,4.4917984532251925e-05
13,3.0,1.6,44.499999999999986,0.018714909544603867,0.2776044915782906,4.800000000000001,109.89999999999998,2.469662921348315,0.02541699761715648,0.5819433412761448,4.4917984532251925e-05
41,1.4000000000000057,1.4,45.89999999999999,0.008733624454148506,0.2863381160324391,1.9600000000000077,111.85999999999999,2.437037037037037,0.010378607360338934,0.5923219486364837,2.705968761658706e-06
19,3.0,1.3,48.89999999999999,0.018714909544603867,0.30505302557704295,3.9000000000000004,115.75999999999999,2.3672801635991823,0.020651310563939637,0.6129732592004233,3.749648907684601e-06
58,0.30000000000001137,1.2,49.2,0.0018714909544604575,0.3069245165315034,0.36000000000001364,116.12,2.3601626016260164,0.0019062748212868078,0.6148795340217101,1.2099173913932526e-09
33,0.29999999999999716,1.2,49.5,0.001871490954460369,0.30879600748596375,0.3599999999999966,116.48,2.353131313131313,0.0019062748212867176,0.6167858088429968,1.2099173913931378e-09
17,3.0,1.2,52.5,0.018714909544603867,0.3275109170305676,3.5999999999999996,120.08,2.287238095238095,0.019062748212867353,0.6358485570558642,1.209917391393161e-07
18,3.0,1.1,55.5,0.018714909544603867,0.3462258265751715,3.3000000000000003,123.38,2.223063063063063,0.017474185861795076,0.6533227429176592,1.5393952570826082e-06
16,0.5999999999999943,1.0,56.099999999999994,0.003742981908920738,0.34996880848409223,0.5999999999999943,123.97999999999999,2.209982174688057,0.003177124702144529,0.6564998676198037,3.201943784605732e-07
39,3.0,1.0,59.099999999999994,0.018714909544603867,0.3686837180286961,3.0,126.97999999999999,2.1485617597292723,0.015885623510722795,0.6723854911305265,8.004859461514483e-06
32,3.4000000000000057,1.0,62.5,0.021210230817217752,0.38989394884591383,3.4000000000000057,130.38,2.08608,0.018003706645485867,0.6903891977760124,1.0281797263900857e-05
52,3.0,1.0,65.5,0.018714909544603867,0.4086088583905177,3.0,133.38,2.0363358778625953,0.015885623510722795,0.7062748212867351,8.004859461514483e-06
30,3.0,1.0,68.5,0.018714909544603867,0.42732376793512156,3.0,136.38,1.990948905109489,0.015885623510722795,0.7221604447974579,8.004859461514483e-06
57,2.6999999999999886,1.0,71.19999999999999,0.01684341859014341,0.444167186525265,2.6999999999999886,139.07999999999998,1.953370786516854,0.014297061159650456,0.7364575059571083,6.483936163826676e-06
20,3.0,1.0,74.19999999999999,0.018714909544603867,0.46288209606986885,3.0,142.07999999999998,1.9148247978436659,0.015885623510722795,0.7523431294678311,8.004859461514483e-06
10,3.0,0.9,77.19999999999999,0.018714909544603867,0.4815970056144727,2.7,144.77999999999997,1.8753886010362693,0.014297061159650518,0.7666401906274817,1.951738435243493e-05
11,3.0,0.8,80.19999999999999,0.018714909544603867,0.5003119151590766,2.4000000000000004,147.17999999999998,1.8351620947630922,0.01270849880857824,0.77934868943606,3.6076969929843946e-05
25,3.0,0.8,83.19999999999999,0.018714909544603867,0.5190268247036804,2.4000000000000004,149.57999999999998,1.7978365384615385,0.01270849880857824,0.7920571882446382,3.6076969929843946e-05
53,3.0,0.8,86.19999999999999,0.018714909544603867,0.5377417342482843,2.4000000000000004,151.98,1.763109048723898,0.01270849880857824,0.8047656870532165,3.6076969929843946e-05
6,3.0,0.8,89.19999999999999,0.018714909544603867,0.5564566437928882,2.4000000000000004,154.38,1.7307174887892378,0.01270849880857824,0.8174741858617948,3.6076969929843946e-05
15,1.5,0.8,90.69999999999999,0.009357454772301934,0.5658140985651902,1.2000000000000002,155.57999999999998,1.7153252480705623,0.00635424940428912,0.8238284352660838,9.019242482460986e-06
40,3.0,0.8,93.69999999999999,0.018714909544603867,0.584529008109794,2.4000000000000004,157.98,1.6860192102454643,0.01270849880857824,0.8365369340746621,3.6076969929843946e-05
2,3.0,0.8,96.69999999999999,0.018714909544603867,0.6032439176543979,2.4000000000000004,160.38,1.6585315408479837,0.01270849880857824,0.8492454328832404,3.6076969929843946e-05
22,3.0,0.8,99.69999999999999,0.018714909544603867,0.6219588271990018,2.4000000000000004,162.78,1.6326980942828488,0.01270849880857824,0.8619539316918187,3.6076969929843946e-05
4,2.6999999999999993,0.7,102.39999999999999,0.016843418590143475,0.6388022457891452,1.8899999999999995,164.67,1.60810546875,0.01000794281175536,0.871961874503574,4.672372911693065e-05
3,4.0,0.7,106.39999999999999,0.02495321272613849,0.6637554585152837,2.8,167.47,1.573966165413534,0.014826581943341275,0.8867884564469153,0.00010254865101109613
51,3.0,0.6,109.39999999999999,0.018714909544603867,0.6824703680598876,1.7999999999999998,169.27,1.547257769652651,0.009531374106433677,0.896319830553349,8.433732314412775e-05
59,3.0,0.6,112.39999999999999,0.018714909544603867,0.7011852776044915,1.7999999999999998,171.07000000000002,1.5219750889679717,0.009531374106433677,0.9058512046597826,8.433732314412775e-05
31,3.0,0.6,115.39999999999999,0.018714909544603867,0.7199001871490953,1.7999999999999998,172.87000000000003,1.4980069324090126,0.009531374106433677,0.9153825787662163,8.433732314412775e-05
34,3.0999999999999943,0.6,118.49999999999999,0.019338739862757293,0.7392389270118526,1.8599999999999965,174.73000000000002,1.4745147679324897,0.009849086576648115,0.9252316653428644,9.005351949056274e-05
24,3.0,0.6,121.49999999999999,0.018714909544603867,0.7579538365564564,1.7999999999999998,176.53000000000003,1.452921810699589,0.009531374106433677,0.9347630394492981,8.433732314412775e-05
21,3.0,0.6,124.49999999999999,0.018714909544603867,0.7766687461010603,1.7999999999999998,178.33000000000004,1.4323694779116471,0.009531374106433677,0.9442944135557317,8.433732314412775e-05
5,1.5,0.6,125.99999999999999,0.009357454772301934,0.7860262008733623,0.8999999999999999,179.23000000000005,1.422460317460318,0.004765687053216838,0.9490601006089485,2.1084330786031938e-05
47,2.000000000000014,0.4,128.0,0.012476606363069333,0.7985028072364316,0.8000000000000057,180.03000000000006,1.4064843750000005,0.004236166269526109,0.9532962668784746,6.790485293527465e-05
1,3.0,0.4,131.0,0.018714909544603867,0.8172177167810355,1.2000000000000002,181.23000000000005,1.383435114503817,0.00635424940428912,0.9596505162827637,0.0001527859191043658
23,3.0,0.4,134.0,0.018714909544603867,0.8359326263256394,1.2000000000000002,182.43000000000004,1.3614179104477615,0.00635424940428912,0.9660047656870527,0.0001527859191043658
0,3.3,0.4,137.3,0.020586400499064253,0.8565190268247036,1.32,183.75000000000003,1.3383102694828843,0.006989674344718031,0.9729944400317707,0.0001848709621162826
48,2.0,0.3,139.3,0.012476606363069244,0.8689956331877728,0.6,184.35000000000002,1.323402727925341,0.003177124702144559,0.9761715647339153,8.648035916187454e-05
38,3.0,0.3,142.3,0.018714909544603867,0.8877105427323767,0.8999999999999999,185.25000000000003,1.3018271257905834,0.004765687053216838,0.9809372517871322,0.00019458080811421774
45,3.0,0.2,145.3,0.018714909544603867,0.9064254522769806,0.6000000000000001,185.85000000000002,1.279077770130764,0.00317712470214456,0.9841143764892768,0.0002414227578105582
37,3.0,0.2,148.3,0.018714909544603867,0.9251403618215844,0.6000000000000001,186.45000000000002,1.2572488199595415,0.00317712470214456,0.9872915011914214,0.0002414227578105582
54,3.0,0.2,151.3,0.018714909544603867,0.9438552713661883,0.6000000000000001,187.05,1.2362855254461336,0.00317712470214456,0.990468625893566,0.0002414227578105582
55,3.0,0.2,154.3,0.018714909544603867,0.9625701809107922,0.6000000000000001,187.65,1.2161373946856773,0.00317712470214456,0.9936457505957106,0.0002414227578105582
56,3.0,0.2,157.3,0.018714909544603867,0.981285090455396,0.6000000000000001,188.25,1.1967577876668785,0.00317712470214456,0.9968228752978552,0.0002414227578105582
60,3.0,0.2,160.3,0.018714909544603867,0.9999999999999999,0.6000000000000001,188.85,1.1781035558328135,0.00317712470214456,0.9999999999999998,0.0002414227578105582
