,weight,grade,cml_weight,weight_pct,cml_weight_pct,yield,cml_yield,cml_grade,recovery,cml_recovery,distributional_heterogeneity
18,0.30000000000000426,1.8,0.30000000000000426,0.002454991816693979,0.002454991816693979,0.5400000000000077,0.5400000000000077,1.8,0.007319056654920136,0.007319056654920136,2.365912675046806e-05
8,3.0,1.8,3.3000000000000043,0.02454991816693944,0.02700490998363342,5.4,5.940000000000008,1.8000000000000003,0.07319056654920032,0.08050962320412046,0.0023659126750467385
38,3.0,1.8,6.300000000000004,0.02454991816693944,0.05155482815057286,5.4,11.340000000000009,1.8000000000000003,0.07319056654920032,0.15370018975332078,0.0023659126750467385
47,2.0,1.6,8.300000000000004,0.01636661211129296,0.06792144026186582,3.2,14.54000000000001,1.751807228915663,0.04337218758471131,0.1970723773380321,0.0007293011066504947
2,0.5,1.4,8.800000000000004,0.00409165302782324,0.07201309328968906,0.7,15.240000000000009,1.731818181818182,0.009487666034155597,0.2065600433721877,2.911695636450797e-05
42,3.0,1.4,11.800000000000004,0.02454991816693944,0.0965630114566285,4.199999999999999,19.44000000000001,1.647457627118644,0.05692599620493358,0.26348603957712124,0.001048210429122287
46,3.0,1.2,14.800000000000004,0.02454991816693944,0.12111292962356794,3.5999999999999996,23.040000000000006,1.5567567567567566,0.04879371103280021,0.31227975060992147,0.000587761492522762
37,3.0,1.2,17.800000000000004,0.02454991816693944,0.14566284779050737,3.5999999999999996,26.640000000000008,1.496629213483146,0.04879371103280021,0.3610734616427217,0.000587761492522762
1,2.0,1.2,19.800000000000004,0.01636661211129296,0.16202945990180032,2.4,29.040000000000006,1.4666666666666666,0.03252914068853348,0.39360260233125516,0.00026122733001011645
11,3.0,1.0,22.800000000000004,0.02454991816693944,0.18657937806873975,3.0,32.040000000000006,1.4052631578947368,0.040661425860666844,0.434264028191922,0.0002595806801650375
34,3.0,1.0,25.800000000000004,0.02454991816693944,0.2111292962356792,3.0,35.040000000000006,1.3581395348837209,0.040661425860666844,0.47492545405258885,0.0002595806801650375
41,3.0,1.0,28.800000000000004,0.02454991816693944,0.23567921440261863,3.0,38.040000000000006,1.3208333333333333,0.040661425860666844,0.5155868799132557,0.0002595806801650375
10,3.0,1.0,31.800000000000004,0.02454991816693944,0.26022913256955804,3.0,41.040000000000006,1.290566037735849,0.040661425860666844,0.5562483057739225,0.0002595806801650375
43,3.0,1.0,34.800000000000004,0.02454991816693944,0.28477905073649745,3.0,44.040000000000006,1.2655172413793103,0.040661425860666844,0.5969097316345893,0.0002595806801650375
44,1.4000000000000057,0.8,36.20000000000001,0.011456628477905118,0.2962356792144026,1.1200000000000045,45.16000000000001,1.247513812154696,0.015180265654649017,0.6120899972892383,1.3865473824029288e-05
25,4.0,0.8,40.20000000000001,0.03273322422258592,0.3289689034369885,3.2,48.360000000000014,1.2029850746268658,0.04337218758471131,0.6554621848739496,0.00011318754142064634
35,0.7000000000000028,0.6,40.90000000000001,0.005728314238952559,0.334697217675941,0.4200000000000017,48.780000000000015,1.1926650366748166,0.005692599620493382,0.661154784494443,1.275533971684625e-09
16,3.0,0.6,43.90000000000001,0.02454991816693944,0.3592471358428805,1.7999999999999998,50.58000000000001,1.1521640091116172,0.024396855516400105,0.6855516400108431,2.3428174990125574e-08
0,2.4000000000000004,0.6,46.30000000000001,0.019639934533551555,0.37888707037643204,1.4400000000000002,52.02000000000001,1.1235421166306694,0.01951748441312009,0.7050691244239632,1.4994031993680372e-08
24,1.5999999999999943,0.5,47.900000000000006,0.013093289689034322,0.3919803600654664,0.7999999999999972,52.82000000000001,1.102713987473904,0.010843046896177787,0.715912171320141,5.063592626802773e-06
48,1.0,0.4,48.900000000000006,0.00818330605564648,0.40016366612111287,0.4,53.220000000000006,1.0883435582822085,0.005421523448088913,0.7213336947682298,7.627443171407472e-06
31,3.6000000000000085,0.4,52.500000000000014,0.029459901800327398,0.4296235679214403,1.4400000000000035,54.66000000000001,1.0411428571428571,0.019517484413120133,0.74085117918135,9.88516635014413e-05
13,3.0,0.4,55.500000000000014,0.02454991816693944,0.4541734860883797,1.2000000000000002,55.860000000000014,1.0064864864864864,0.016264570344266743,0.7571157495256168,6.864698854266725e-05
36,3.0,0.4,58.500000000000014,0.02454991816693944,0.4787234042553191,1.2000000000000002,57.06000000000002,0.9753846153846154,0.016264570344266743,0.7733803198698835,6.864698854266725e-05
40,3.0,0.4,61.500000000000014,0.02454991816693944,0.5032733224222585,1.2000000000000002,58.26000000000002,0.9473170731707318,0.016264570344266743,0.7896448902141503,6.864698854266725e-05
21,4.0,0.4,65.50000000000001,0.03273322422258592,0.5360065466448445,1.6,59.86000000000002,0.9138931297709925,0.021686093792355653,0.8113309840065059,0.00012203909074251955
32,2.6999999999999886,0.4,68.2,0.022094926350245403,0.5581014729950899,1.0799999999999954,60.94000000000002,0.8935483870967744,0.014638113309840002,0.8259690973163459,5.560406071956e-05
12,3.0,0.4,71.2,0.02454991816693944,0.5826513911620294,1.2000000000000002,62.14000000000002,0.8727528089887643,0.016264570344266743,0.8422336676606127,6.864698854266725e-05
27,0.29999999999999716,0.4,71.5,0.002454991816693921,0.5851063829787233,0.11999999999999887,62.26000000000002,0.8707692307692311,0.0016264570344266586,0.8438601246950393,6.864698854266594e-07
5,3.0,0.4,74.5,0.02454991816693944,0.6096563011456627,1.2000000000000002,63.46000000000002,0.851812080536913,0.016264570344266743,0.8601246950393061,6.864698854266725e-05
45,0.30000000000001137,0.4,74.80000000000001,0.002454991816694037,0.6121112929623568,0.12000000000000455,63.58000000000003,0.8500000000000002,0.0016264570344267355,0.8617511520737329,6.864698854267245e-07
23,1.6000000000000085,0.4,76.40000000000002,0.013093289689034438,0.6252045826513912,0.6400000000000035,64.22000000000003,0.8405759162303666,0.008674437516942307,0.8704255895906752,1.9526254518803334e-05
29,4.0,0.3,80.40000000000002,0.03273322422258592,0.6579378068739772,1.2,65.42000000000003,0.8136815920398012,0.01626457034426674,0.8866901599349419,0.00027121656056387745
6,3.0,0.2,83.40000000000002,0.02454991816693944,0.6824877250409166,0.6000000000000001,66.02000000000002,0.7916067146282975,0.008132285172133371,0.8948224451070753,0.00026953867315214497
39,0.29999999999999716,0.2,83.70000000000002,0.002454991816693921,0.6849427168576105,0.059999999999999436,66.08000000000003,0.7894862604540025,0.0008132285172133293,0.8956356736242886,2.6953867315213982e-06
7,3.0,0.2,86.70000000000002,0.02454991816693944,0.70949263502455,0.6000000000000001,66.68000000000002,0.7690888119953865,0.008132285172133371,0.903767958796422,0.00026953867315214497
9,3.0,0.2,89.70000000000002,0.02454991816693944,0.7340425531914894,0.6000000000000001,67.28000000000002,0.7500557413600892,0.008132285172133371,0.9119002439685554,0.00026953867315214497
4,3.0,0.2,92.70000000000002,0.02454991816693944,0.7585924713584288,0.6000000000000001,67.88000000000001,0.7322545846817691,0.008132285172133371,0.9200325291406888,0.00026953867315214497
3,3.0,0.2,95.70000000000002,0.02454991816693944,0.7831423895253682,0.6000000000000001,68.48,0.715569487983281,0.008132285172133371,0.9281648143128222,0.00026953867315214497
20,3.999999999999993,0.2,99.70000000000002,0.032733224222585865,0.815875613747954,0.7999999999999986,69.28,0.6948846539618856,0.010843046896177808,0.9390078612089999,0.0004791798633815893
14,1.7000000000000028,0.2,101.40000000000002,0.01391162029459904,0.8297872340425531,0.3400000000000006,69.62,0.6865877712031557,0.004608294930875584,0.9436161561398755,8.655186282330016e-05
33,3.0,0.2,104.40000000000002,0.02454991816693944,0.8543371522094925,0.6000000000000001,70.22,0.6726053639846742,0.008132285172133371,0.9517484413120089,0.00026953867315214497
30,3.0,0.2,107.40000000000002,0.02454991816693944,0.8788870703764319,0.6000000000000001,70.82,0.6594040968342643,0.008132285172133371,0.9598807264841422,0.00026953867315214497
28,4.0,0.2,111.40000000000002,0.03273322422258592,0.9116202945990178,0.8,71.61999999999999,0.6429084380610411,0.010843046896177827,0.9707237733803201,0.00047917986338159103
26,2.0,0.2,113.40000000000002,0.01636661211129296,0.9279869067103108,0.4,72.02,0.6350970017636682,0.005421523448088913,0.976145296828409,0.00011979496584539776
17,2.799999999999997,0.2,116.20000000000002,0.022913256955810122,0.950900163666121,0.5599999999999995,72.58,0.6246127366609293,0.007590132827324471,0.9837354296557335,0.0002347981330569791
19,4.0,0.2,120.20000000000002,0.03273322422258592,0.9836333878887069,0.8,73.38,0.6104825291181363,0.010843046896177827,0.9945784765519113,0.00047917986338159103
22,1.7000000000000028,0.2,121.90000000000002,0.01391162029459904,0.9975450081833059,0.3400000000000006,73.72,0.6047579983593108,0.004608294930875584,0.9991867714827869,8.655186282330016e-05
15,0.29999999999999716,0.2,122.20000000000002,0.002454991816693921,0.9999999999999999,0.059999999999999436,73.78,0.6037643207855973,0.0008132285172133293,1.0000000000000002,2.6953867315213982e-06
