,weight,grade,cml_weight,weight_pct,cml_weight_pct,yield,cml_yield,cml_grade,recovery,cml_recovery,distributional_heterogeneity
54,1.9000000000000057,13.9,1.9000000000000057,0.007673667205169653,0.007673667205169653,26.41000000000008,26.41000000000008,13.9,0.0762457416709974,0.0762457416709974,0.004702129396547027
71,3.0999999999999943,7.5,5.0,0.012520193861066215,0.020193861066235868,23.249999999999957,49.66000000000004,9.932000000000007,0.06712281309544418,0.14336855476644159,0.0029814460272544635
69,1.9000000000000057,7.4,6.900000000000006,0.007673667205169653,0.027867528271405522,14.060000000000043,63.720000000000084,9.234782608695657,0.040591258155782795,0.18395981292222438,0.0010835677939918882
42,3.0,7.0,9.900000000000006,0.012116316639741522,0.039983844911147044,21.0,84.72000000000008,8.55757575757576,0.06062705698943357,0.24458686991165796,0.0023532919292752405
39,3.0,5.0,12.900000000000006,0.012116316639741522,0.05210016155088856,15.0,99.72000000000008,7.730232558139538,0.04330504070673827,0.28789191061839625,0.0009727365089272621
46,1.6999999999999886,4.8,14.599999999999994,0.0068659127625201495,0.05896607431340871,8.159999999999945,107.88000000000002,7.389041095890415,0.02355794214446546,0.3114498527628617,0.0002786238448877255
44,3.0,4.2,17.599999999999994,0.012116316639741522,0.07108239095315023,12.600000000000001,120.48000000000002,6.845454545454548,0.036376234193660144,0.34782608695652184,0.000588543599722929
43,1.5999999999999943,4.0,19.19999999999999,0.006462035541195455,0.07754442649434569,6.399999999999977,126.88,6.608333333333337,0.018476817368208262,0.3663029043247301,0.00014435498235071718
53,2.5,4.0,21.69999999999999,0.010096930533117934,0.08764135702746362,10.0,136.88,6.3078341013824915,0.02887002713782551,0.3951729314625556,0.0003524291561296831
60,0.5,3.7,22.19999999999999,0.002019386106623587,0.0896607431340872,1.85,138.73,6.2490990990991016,0.0053409550204977195,0.4005138864830533,1.1032820049614987e-05
77,1.5999999999999943,3.4,23.799999999999983,0.006462035541195455,0.09612277867528266,5.439999999999981,144.16999999999996,6.0575630252100865,0.015705294762977023,0.4162191812460303,8.543784104104997e-05
40,1.5,3.4,25.299999999999983,0.006058158319870761,0.10218093699515342,5.1,149.26999999999995,5.900000000000002,0.01472371384029101,0.43094289508632133,7.509185247748586e-05
14,3.0999999999999943,3.1,28.399999999999977,0.012520193861066215,0.11470113085621964,9.609999999999983,158.87999999999994,5.594366197183101,0.02774409607945027,0.4586869911657716,0.0002317671987549188
52,3.0999999999999943,2.9,31.49999999999997,0.012520193861066215,0.12722132471728584,8.989999999999982,167.86999999999992,5.329206349206351,0.025954154396905082,0.4846411455626767,0.00018047129567847617
64,2.5999999999999943,2.7,34.099999999999966,0.010500807754442629,0.13772213247172846,7.019999999999985,174.8899999999999,5.128739002932553,0.020266759050753466,0.5049079046134302,9.537380472191531e-05
45,3.1000000000000227,2.4,37.19999999999999,0.01252019386106633,0.1502423263327948,7.440000000000055,182.32999999999996,4.901344086021505,0.02147930019054234,0.5263872048039725,8.026558622285703e-05
65,3.8000000000000114,2.4,41.0,0.015347334410339307,0.1655896607431341,9.120000000000028,191.45,4.669512195121951,0.026329464749696944,0.5527166695536695,0.0001206071867906395
38,3.0,2.3,44.0,0.012116316639741522,0.17770597738287564,6.8999999999999995,198.35,4.507954545454545,0.0199203187250996,0.5726369882787691,6.090244854827326e-05
66,3.299999999999983,2.3,47.29999999999998,0.013327948303715606,0.19103392568659125,7.58999999999996,205.93999999999994,4.353911205073996,0.021912350597609445,0.5945493388763785,7.369196274340987e-05
68,3.0,2.3,50.29999999999998,0.012116316639741522,0.20315024232633278,6.8999999999999995,212.83999999999995,4.23141153081511,0.0199203187250996,0.6144696576014781,6.090244854827326e-05
58,1.5,2.2,51.79999999999998,0.006058158319870761,0.20920840064620352,3.3000000000000003,216.13999999999996,4.172586872586873,0.009527108955482418,0.6239967665569605,1.2033618512310531e-05
0,3.0999999999999996,1.8,54.899999999999984,0.012520193861066238,0.22172859450726976,5.579999999999999,221.71999999999997,4.038615664845174,0.016109475142906633,0.6401062416998671,1.2882940120169838e-05
15,3.0,1.6,57.899999999999984,0.012116316639741522,0.23384491114701128,4.800000000000001,226.51999999999998,3.9122625215889473,0.013857613026156247,0.6539638547260234,3.032113105340977e-06
21,3.1000000000000085,1.5,60.99999999999999,0.012520193861066273,0.24636510500807757,4.650000000000013,231.17,3.789672131147541,0.0134245626190889,0.6673884173451122,8.17882850487387e-07
4,3.1999999999999993,1.4,64.19999999999999,0.012924071082390954,0.25928917609046853,4.479999999999999,235.64999999999998,3.6705607476635516,0.012933772157745825,0.680322189502858,9.411086304089742e-11
2,3.1000000000000014,1.4,67.29999999999998,0.012520193861066245,0.27180936995153476,4.340000000000002,239.98999999999998,3.565973254086182,0.012529591777816276,0.6928517812806744,8.832083924052983e-11
30,2.700000000000003,1.3,69.99999999999999,0.010904684975767381,0.28271405492730217,3.510000000000004,243.49999999999997,3.478571428571429,0.010133379525376764,0.7029851608060511,5.949120978022704e-07
67,3.0999999999999943,1.0,73.09999999999998,0.012520193861066215,0.2952342487883684,3.0999999999999943,246.59999999999997,3.373461012311902,0.008949708412725892,0.711934869218777,1.2748366336810005e-05
41,3.0999999999999943,1.0,76.19999999999997,0.012520193861066215,0.30775444264943463,3.0999999999999943,249.69999999999996,3.276902887139108,0.008949708412725892,0.7208845776315029,1.2748366336810005e-05
22,3.0,0.9,79.19999999999997,0.012116316639741522,0.31987075928917613,2.7,252.39999999999995,3.1868686868686873,0.007794907327212888,0.7286794849587158,1.8674578446409198e-05
72,3.0,0.9,82.19999999999997,0.012116316639741522,0.33198707592891763,2.7,255.09999999999994,3.1034063260340634,0.007794907327212888,0.7364743922859287,1.8674578446409198e-05
55,3.8000000000000114,0.9,85.99999999999999,0.015347334410339307,0.34733441033925694,3.42000000000001,258.5199999999999,3.0060465116279067,0.009873549281136354,0.7463479415670651,2.996232364068338e-05
18,2.299999999999997,0.9,88.29999999999998,0.009289176090468488,0.3566235864297254,2.0699999999999976,260.5899999999999,2.9511891279728197,0.0059760956175298734,0.752324037184595,1.0976502220167156e-05
16,1.9000000000000057,0.9,90.19999999999999,0.007673667205169653,0.36429725363489507,1.710000000000005,262.2999999999999,2.9079822616407975,0.004936774640568177,0.7572608118251631,7.490580910170845e-06
75,3.0,0.8,93.19999999999999,0.012116316639741522,0.37641357027463657,2.4000000000000004,264.6999999999999,2.840128755364806,0.006928806513078123,0.7641896183382413,2.691026131423531e-05
76,1.5,0.8,94.69999999999999,0.006058158319870761,0.38247172859450734,1.2000000000000002,265.89999999999986,2.8078141499472005,0.0034644032565390617,0.7676540215947804,6.727565328558828e-06
20,3.0,0.8,97.69999999999999,0.012116316639741522,0.39458804523424884,2.4000000000000004,268.29999999999984,2.7461617195496406,0.006928806513078123,0.7745828281078585,2.691026131423531e-05
48,2.4000000000000057,0.8,100.1,0.00969305331179324,0.4042810985460421,1.9200000000000046,270.21999999999986,2.6995004995004983,0.005543045210462511,0.7801258733183211,1.722256724111068e-05
25,3.0,0.8,103.1,0.012116316639741522,0.4163974151857836,2.4000000000000004,272.61999999999983,2.64422890397672,0.006928806513078123,0.7870546798313992,2.691026131423531e-05
29,3.0999999999999943,0.8,106.19999999999999,0.012520193861066215,0.42891760904684983,2.4799999999999955,275.09999999999985,2.5903954802259874,0.007159766730180713,0.7942144465615799,2.8734179025533374e-05
7,3.0,0.7,109.19999999999999,0.012116316639741522,0.44103392568659133,2.0999999999999996,277.1999999999999,2.5384615384615374,0.006062705698943356,0.8002771522605233,3.6646205422551244e-05
74,3.0999999999999943,0.7,112.29999999999998,0.012520193861066215,0.45355411954765756,2.169999999999996,279.3699999999999,2.487711487088156,0.006264795888908124,0.8065419481494315,3.913000379007958e-05
26,2.700000000000003,0.7,114.99999999999999,0.010904684975767381,0.4644588045234249,1.890000000000002,281.2599999999999,2.4457391304347817,0.005456435129049027,0.8119983832784805,2.968342639226657e-05
49,3.0,0.7,117.99999999999999,0.012116316639741522,0.4765751211631664,2.0999999999999996,283.3599999999999,2.4013559322033893,0.006062705698943356,0.8180610889774239,3.6646205422551244e-05
28,3.9000000000000057,0.7,121.89999999999999,0.015751211631664,0.4923263327948304,2.730000000000004,286.0899999999999,2.3469237079573415,0.007881517408626375,0.8259426063860503,6.193208716411177e-05
89,1.0,0.7,122.89999999999999,0.004038772213247174,0.49636510500807757,0.7,286.7899999999999,2.3335231895850277,0.0020209018996477854,0.8279635082856981,4.071800602505694e-06
31,3.1000000000000085,0.7,126.0,0.012520193861066273,0.5088852988691438,2.1700000000000057,288.9599999999999,2.2933333333333326,0.006264795888908152,0.8342283041746062,3.913000379007993e-05
32,2.6999999999999886,0.7,128.7,0.010904684975767324,0.5197899838449112,1.889999999999992,290.8499999999999,2.2599067599067593,0.005456435129048998,0.8396847393036553,2.968342639226626e-05
80,3.299999999999983,0.7,131.99999999999997,0.013327948303715606,0.5331179321486268,2.309999999999988,293.1599999999999,2.2209090909090907,0.006668976268837658,0.846353715572493,4.4341908561286543e-05
37,3.0999999999999943,0.7,135.09999999999997,0.012520193861066215,0.545638126009693,2.169999999999996,295.3299999999999,2.1860103626943004,0.006264795888908124,0.8526185114614011,3.913000379007958e-05
27,2.5999999999999943,0.7,137.69999999999996,0.010500807754442629,0.5561389337641356,1.8199999999999958,297.1499999999999,2.157952069716776,0.005254344939084231,0.8578728564004854,2.7525372072938372e-05
83,3.0999999999999943,0.6,140.79999999999995,0.012520193861066215,0.5686591276252018,1.8599999999999965,299.00999999999993,2.1236505681818185,0.005369825047635535,0.8632426814481209,5.1127774168082085e-05
5,3.0,0.6,143.79999999999995,0.012116316639741522,0.5807754442649433,1.7999999999999998,300.80999999999995,2.091863699582754,0.0051966048848085915,0.8684392863329294,4.788241077135697e-05
59,1.299999999999983,0.6,145.09999999999994,0.005250403877221257,0.5860258481421646,0.7799999999999897,301.5899999999999,2.0784975878704346,0.00225186211675036,0.8706911484496798,8.991252689287908e-06
24,3.0999999999999943,0.6,148.19999999999993,0.012520193861066215,0.5985460420032308,1.8599999999999965,303.44999999999993,2.0475708502024297,0.005369825047635535,0.8760609734973153,5.1127774168082085e-05
73,3.0,0.6,151.19999999999993,0.012116316639741522,0.6106623586429724,1.7999999999999998,305.24999999999994,2.018849206349207,0.0051966048848085915,0.8812575783821238,4.788241077135697e-05
34,3.0,0.6,154.19999999999993,0.012116316639741522,0.6227786752827139,1.7999999999999998,307.04999999999995,1.991245136186771,0.0051966048848085915,0.8864541832669324,4.788241077135697e-05
88,2.700000000000017,0.6,156.89999999999995,0.010904684975767439,0.6336833602584814,1.62000000000001,308.66999999999996,1.9673040152963674,0.004676944396327762,0.8911311276632601,3.8784752724799646e-05
51,3.0999999999999943,0.6,159.99999999999994,0.012520193861066215,0.6462035541195476,1.8599999999999965,310.53,1.9408125000000005,0.005369825047635535,0.8965009527108956,5.1127774168082085e-05
17,2.5,0.6,162.49999999999994,0.010096930533117934,0.6563004846526654,1.5,312.03,1.9201846153846158,0.004330504070673827,0.9008314567815694,3.325167414677568e-05
19,3.0999999999999943,0.6,165.59999999999994,0.012520193861066215,0.6688206785137316,1.8599999999999965,313.89,1.8954710144927542,0.005369825047635535,0.9062012818292049,5.1127774168082085e-05
78,3.0,0.6,168.59999999999994,0.012116316639741522,0.6809369951534732,1.7999999999999998,315.69,1.8724199288256234,0.0051966048848085915,0.9113978867140134,4.788241077135697e-05
50,3.0,0.6,171.59999999999994,0.012116316639741522,0.6930533117932147,1.7999999999999998,317.49,1.850174825174826,0.0051966048848085915,0.916594491598822,4.788241077135697e-05
79,2.8000000000000114,0.5,174.39999999999995,0.011308562197092132,0.7043618739903068,1.4000000000000057,318.89,1.8284977064220187,0.004041803799295588,0.9206362953981176,5.280577761194661e-05
3,2.8999999999999986,0.5,177.29999999999995,0.0117124394184168,0.7160743134087236,1.4499999999999993,320.34,1.8067681895093066,0.004186153934984697,0.9248224493331023,5.664497317812077e-05
6,3.1000000000000014,0.5,180.39999999999995,0.012520193861066245,0.7285945072697899,1.5500000000000007,321.89,1.7843126385809316,0.004474854206362956,0.9292973035394653,6.472749015954123e-05
81,3.1000000000000227,0.5,183.49999999999997,0.01252019386106633,0.7411147011308562,1.5500000000000114,323.44,1.7626158038147142,0.004474854206362987,0.9337721577458282,6.472749015954212e-05
84,3.0,0.5,186.49999999999997,0.012116316639741522,0.7532310177705978,1.5,324.94,1.7423056300268098,0.004330504070673827,0.938102661816502,6.06188773606525e-05
61,1.8000000000000114,0.5,188.29999999999998,0.007269789983844959,0.7605008077544427,0.9000000000000057,325.84000000000003,1.7304301646309084,0.0025983024424043122,0.9407009642589064,2.1822795849835176e-05
57,2.4000000000000057,0.5,190.7,0.00969305331179324,0.770193861066236,1.2000000000000028,327.04,1.7149449396958576,0.0034644032565390695,0.9441653675154454,3.879608151081778e-05
12,3.0999999999999943,0.5,193.79999999999998,0.012520193861066215,0.7827140549273022,1.5499999999999972,328.59000000000003,1.695510835913313,0.004474854206362946,0.9486402217218084,6.472749015954093e-05
36,3.0,0.5,196.79999999999998,0.012116316639741522,0.7948303715670437,1.5,330.09000000000003,1.677286585365854,0.004330504070673827,0.9529707257924822,6.06188773606525e-05
35,3.1000000000000085,0.5,199.89999999999998,0.012520193861066273,0.80735056542811,1.5500000000000043,331.64000000000004,1.659029514757379,0.004474854206362966,0.9574455799988452,6.472749015954153e-05
33,3.700000000000003,0.5,203.59999999999997,0.014943457189014554,0.8222940226171246,1.8500000000000014,333.49000000000007,1.6379666011787826,0.005340955020497724,0.9627865350193429,9.220804789637045e-05
63,2.5,0.4,206.09999999999997,0.010096930533117934,0.8323909531502425,1.0,334.49000000000007,1.6229500242600685,0.002887002713782551,0.9656735377331254,5.198305916002628e-05
62,3.0,0.4,209.09999999999997,0.012116316639741522,0.844507269789984,1.2000000000000002,335.69000000000005,1.6054041128646586,0.0034644032565390617,0.9691379409896644,7.485560519043784e-05
23,3.0,0.4,212.09999999999997,0.012116316639741522,0.8566235864297256,1.2000000000000002,336.89000000000004,1.5883545497406888,0.0034644032565390617,0.9726023442462035,7.485560519043784e-05
82,3.0,0.4,215.09999999999997,0.012116316639741522,0.8687399030694671,1.2000000000000002,338.09000000000003,1.5717805671780571,0.0034644032565390617,0.9760667475027426,7.485560519043784e-05
47,2.0,0.4,217.09999999999997,0.008077544426494348,0.8768174474959615,0.8,338.89000000000004,1.5609857208659608,0.002309602171026041,0.9783763496737686,3.326915786241682e-05
13,2.4000000000000057,0.4,219.49999999999997,0.00969305331179324,0.8865105008077547,0.9600000000000023,339.85,1.5482915717539867,0.0027715226052312555,0.9811478722789999,4.790758732188044e-05
85,2.6999999999999886,0.3,222.19999999999996,0.010904684975767324,0.8974151857835221,0.8099999999999966,340.66,1.5331233123312336,0.0023384721981638567,0.9834863444771638,7.33800013511769e-05
87,2.6999999999999886,0.3,224.89999999999995,0.010904684975767324,0.9083198707592894,0.8099999999999966,341.47,1.5183192530013343,0.0023384721981638567,0.9858248166753276,7.33800013511769e-05
56,2.5999999999999943,0.3,227.49999999999994,0.010500807754442629,0.9188206785137321,0.7799999999999983,342.25,1.5043956043956048,0.002251862116750385,0.9880766787920781,6.80451041336019e-05
11,3.0,0.3,230.49999999999994,0.012116316639741522,0.9309369951534736,0.8999999999999999,343.15,1.488720173535792,0.0025983024424042957,0.9906749812344824,9.059259426071297e-05
1,3.0,0.3,233.49999999999994,0.012116316639741522,0.9430533117932152,0.8999999999999999,344.04999999999995,1.4734475374732336,0.0025983024424042957,0.9932732836768867,9.059259426071297e-05
8,3.1000000000000014,0.2,236.59999999999994,0.012520193861066245,0.9555735056542815,0.6200000000000003,344.66999999999996,1.4567624683009301,0.0017899416825451827,0.9950632253594319,0.00011513831181465601
9,3.0,0.2,239.59999999999994,0.012116316639741522,0.967689822294023,0.6000000000000001,345.27,1.4410267111853092,0.0017322016282695309,0.9967954269877014,0.00010782984457147798
10,3.1000000000000014,0.2,242.69999999999993,0.012520193861066245,0.9802100161550893,0.6200000000000003,345.89,1.425175113308612,0.0017899416825451827,0.9985853686702466,0.00011513831181465601
70,1.200000000000017,0.1,243.89999999999995,0.0048465266558966776,0.985056542810986,0.12000000000000172,346.01,1.4186551865518657,0.00034644032565391106,0.9989318089959005,2.0250776979637805e-05
86,1.9000000000000057,0.1,245.79999999999995,0.007673667205169653,0.9927302100161556,0.19000000000000059,346.2,1.4084621643612696,0.0005485305156186864,0.9994803395115192,5.076757284478531e-05
90,1.799999999999983,0.1,247.59999999999994,0.007269789983844844,1.0000000000000004,0.1799999999999983,346.38,1.398949919224556,0.0005196604884808543,1.0,4.556424820418291e-05
