,weight,grade,cml_weight,weight_pct,cml_weight_pct,yield,cml_yield,cml_grade,recovery,cml_recovery,distributional_heterogeneity
70,2.799999999999983,18.0,2.799999999999983,0.006819288845591773,0.006819288845591773,50.39999999999969,50.39999999999969,18.0,0.060807876067756964,0.060807876067756964,0.0029147675502453393
65,0.5999999999999943,16.8,3.3999999999999773,0.001461276181198232,0.008280565026790006,10.079999999999904,60.4799999999996,17.788235294117648,0.012161575213551351,0.07296945128130831,0.00011449639938177713
68,1.0,13.8,4.399999999999977,0.0024354603019970766,0.010716025328787083,13.8,74.2799999999996,16.88181818181818,0.016649775589981177,0.0896192268712895,0.00020204675910621853
74,3.0999999999999943,12.8,7.499999999999972,0.007549926936190924,0.018265952264978007,39.67999999999993,113.95999999999952,15.194666666666661,0.047874137348583465,0.13749336421987296,0.0016260419453829073
27,3.0999999999999943,10.9,10.599999999999966,0.007549926936190924,0.02581587920116893,33.78999999999994,147.74999999999946,13.938679245283012,0.040767820085903114,0.1782611843057761,0.0011034284253056959
71,1.200000000000017,10.4,11.799999999999983,0.0029225523623965335,0.028738431563565463,12.480000000000178,160.22999999999965,13.578813559322024,0.015057188359635366,0.19331837266541146,0.00014724939078548444
148,2.3999999999999773,10.3,14.19999999999996,0.005845104724792928,0.03458353628835839,24.719999999999768,184.94999999999942,13.024647887323939,0.029824815404661652,0.2231431880700731,0.0005750265242902101
146,1.1000000000000227,8.6,15.299999999999983,0.0026790063321968398,0.03726254262055523,9.460000000000194,194.40999999999963,12.706535947712409,0.011413541817480085,0.2345567298875532,7.629211014367221e-05
75,3.0,8.0,18.299999999999983,0.00730638090599123,0.044568923526546456,24.0,218.40999999999963,11.934972677595619,0.028956131460836827,0.26351286134839,0.00046871169908703725
26,3.0,6.9,21.299999999999983,0.00730638090599123,0.05187530443253768,20.700000000000003,239.10999999999962,11.225821596244122,0.024974663384971767,0.2884875247333618,0.00031216820575705054
25,3.1000000000000085,6.2,24.39999999999999,0.007549926936190958,0.05942523136872864,19.220000000000052,258.32999999999964,10.587295081967202,0.02318903527822022,0.31167656001158206,0.0002445817097337294
147,1.3999999999999773,6.2,25.79999999999997,0.003409644422795852,0.0628348757915245,8.67999999999986,267.0099999999995,10.349224806201542,0.010472467545002483,0.32214902755658453,4.9883470455576646e-05
69,2.0,6.0,27.79999999999997,0.004870920603994153,0.06770579639551864,12.0,279.0099999999995,10.036330935251792,0.014478065730418413,0.33662709328700297,9.229723748017744e-05
73,0.9000000000000057,5.8,28.699999999999974,0.002191914271797383,0.06989771066731602,5.220000000000033,284.2299999999995,9.903484320557483,0.006297958592732049,0.342925051879735,1.685959996547983e-05
124,3.0,5.2,31.699999999999974,0.00730638090599123,0.07720409157330725,15.600000000000001,299.82999999999953,9.458359621451097,0.01882148544954394,0.3617465373292789,0.00013259763264894826
67,2.1000000000000227,4.8,33.8,0.005114466634193916,0.08231855820750117,10.080000000000108,309.9099999999996,9.168934911242593,0.012161575213551597,0.3739081125428305,4.966173932925666e-05
149,1.5,4.8,35.3,0.003653190452995615,0.08597174866049678,7.199999999999999,317.1099999999996,8.98328611898016,0.008686839438251047,0.38259495198108157,2.533762210676305e-05
24,3.0,4.0,38.3,0.00730638090599123,0.09327812956648801,12.0,329.1099999999996,8.5929503916449,0.014478065730418413,0.3970730177115,5.143306322091917e-05
77,2.4000000000000057,3.8,40.7,0.005845104724792998,0.099123234291281,9.12000000000002,338.2299999999996,8.3103194103194,0.011003329955118019,0.40807634766661804,2.660728752676163e-05
23,3.0999999999999943,3.8,43.8,0.007549926936190924,0.10667316122747193,11.779999999999978,350.0099999999996,7.99109589041095,0.014212634525360717,0.42228898219197875,4.439167241878075e-05
16,3.1000000000000014,3.8,46.9,0.007549926936190941,0.11422308816366288,11.780000000000005,361.7899999999996,7.714072494669502,0.014212634525360748,0.4365016167173395,4.439167241878095e-05
145,0.6999999999999886,3.4,47.59999999999999,0.001704822211397926,0.1159279103750608,2.3799999999999613,364.16999999999956,7.650630252100833,0.0028714830365329388,0.43937309975387245,1.3610974809047088e-06
15,3.0,3.3,50.59999999999999,0.00730638090599123,0.12323429128105202,9.899999999999999,374.06999999999954,7.392687747035566,0.01194440422759519,0.45131750398146764,2.151126033174224e-05
59,2.8000000000000114,3.2,53.4,0.006819288845591842,0.13005358012664386,8.960000000000036,383.0299999999996,7.1728464419475575,0.010810289078712459,0.4621277930601801,1.5928082860768828e-05
22,3.0,3.0,56.4,0.00730638090599123,0.1373599610326351,9.0,392.0299999999996,6.950886524822688,0.01085854929781381,0.4729863423579939,1.2617900283863419e-05
79,3.0,2.8,59.4,0.00730638090599123,0.14466634193862632,8.399999999999999,400.42999999999955,6.741245791245784,0.010134646011292887,0.4831209883692868,7.999083505867005e-06
72,2.0999999999999943,2.8,61.49999999999999,0.005114466634193847,0.14978080857282017,5.879999999999984,406.30999999999955,6.60666666666666,0.007094252207905004,0.4902152405771918,3.919550917874812e-06
28,3.0,2.7,64.5,0.00730638090599123,0.1570871894788114,8.100000000000001,414.40999999999957,6.424961240310071,0.009772694368032431,0.4999879349452242,6.08270209304565e-06
19,1.5,2.7,66.0,0.003653190452995615,0.160740379931807,4.050000000000001,418.4599999999996,6.340303030303024,0.0048863471840162155,0.5048742821292405,1.5206755232614125e-06
11,0.8999999999999986,2.6,66.9,0.0021919142717973655,0.1629322942036044,2.3399999999999963,420.79999999999956,6.289985052316884,0.002823222817431586,0.5076975049466721,3.985504797907951e-07
47,3.0,2.4,69.9,0.00730638090599123,0.17023867510959562,7.199999999999999,427.99999999999955,6.1230329041487765,0.008686839438251047,0.5163843443849231,1.905665759288931e-06
20,2.999999999999993,2.4,72.9,0.007306380905991213,0.17754505601558682,7.199999999999982,435.19999999999953,5.96982167352537,0.008686839438251028,0.5250711838231741,1.9056657592889219e-06
48,3.1000000000000227,2.3,76.00000000000003,0.007549926936190993,0.18509498295177781,7.130000000000051,442.3299999999996,5.820131578947361,0.00860238405482367,0.5336735678779978,1.107665986560597e-06
29,3.0999999999999943,2.2,79.10000000000002,0.007549926936190924,0.19264490988796873,6.819999999999988,449.1499999999996,5.678255372945632,0.008228367356787784,0.5419019352347856,4.6028140429964463e-07
30,3.0,2.2,82.10000000000002,0.00730638090599123,0.19995129079395996,6.6000000000000005,455.7499999999996,5.551157125456753,0.007962936151730129,0.5498648713865157,4.310647907072651e-07
9,3.0,2.2,85.10000000000002,0.00730638090599123,0.20725767169995118,6.6000000000000005,462.3499999999996,5.433019976498231,0.007962936151730129,0.5578278075382459,4.310647907072651e-07
143,3.0,2.2,88.10000000000002,0.00730638090599123,0.2145640526059424,6.6000000000000005,468.94999999999965,5.322928490351868,0.007962936151730129,0.5657907436899761,4.310647907072651e-07
34,1.0,2.2,89.10000000000002,0.0024354603019970766,0.21699951290793948,2.2,471.14999999999964,5.287878787878783,0.0026543120505767093,0.5684450557405528,4.789608785636279e-08
142,3.0,2.2,92.10000000000002,0.00730638090599123,0.2243058938139307,6.6000000000000005,477.74999999999966,5.187296416938106,0.007962936151730129,0.576407991892283,4.310647907072651e-07
137,3.0,2.2,95.10000000000002,0.00730638090599123,0.23161227471992193,6.6000000000000005,484.3499999999997,5.093059936908513,0.007962936151730129,0.5843709280440131,4.310647907072651e-07
21,3.1000000000000085,2.2,98.20000000000003,0.007549926936190958,0.2391622016561129,6.820000000000019,491.1699999999997,5.001731160896125,0.008228367356787822,0.5925992954008009,4.602814042996489e-07
42,2.299999999999997,2.1,100.50000000000003,0.00560155869459327,0.24476376035070618,4.829999999999994,495.99999999999966,4.935323383084572,0.005827421456493404,0.5984267168572943,5.101398721315718e-08
50,3.0999999999999943,2.0,103.60000000000002,0.007549926936190924,0.2523136872868971,6.199999999999989,502.19999999999965,4.847490347490343,0.007480333960716167,0.6059070508180104,4.843182235430136e-09
58,3.9000000000000057,2.0,107.50000000000003,0.009498295177788612,0.26181198246468573,7.800000000000011,509.99999999999966,4.744186046511624,0.009410742724771982,0.6153177935427824,7.665432029229224e-09
116,3.0,2.0,110.50000000000003,0.00730638090599123,0.26911836337067696,6.0,515.9999999999997,4.669683257918548,0.007239032865209207,0.6225568264079916,4.5357585971770435e-09
66,3.5999999999999943,2.0,114.10000000000002,0.008767657087189462,0.2778860204578664,7.199999999999989,523.1999999999996,4.5854513584574885,0.008686839438251034,0.6312436658462426,6.5314923799349216e-09
31,3.1000000000000085,2.0,117.20000000000003,0.007549926936190958,0.28543594739405737,6.200000000000017,529.3999999999996,4.517064846416378,0.007480333960716201,0.6387239998069588,4.843182235430181e-09
84,3.0,2.0,120.20000000000003,0.00730638090599123,0.2927423283000486,6.0,535.3999999999996,4.454242928452575,0.007239032865209207,0.645963032672168,4.5357585971770435e-09
121,3.3000000000000114,1.9,123.50000000000004,0.008037018996590381,0.30077934729663897,6.270000000000021,541.6699999999996,4.385991902834004,0.0075647893441436465,0.6535278220163117,2.2300084464996294e-07
14,3.1000000000000014,1.8,126.60000000000005,0.007549926936190941,0.3083292742328299,5.580000000000003,547.2499999999997,4.322669826224324,0.006732300564644566,0.6602601225809562,6.685128834480916e-07
94,3.0,1.8,129.60000000000005,0.00730638090599123,0.31563565513882114,5.4,552.6499999999996,4.26427469135802,0.006515129578688286,0.6667752521596445,6.2607866295867e-07
76,3.0999999999999943,1.8,132.70000000000005,0.007549926936190924,0.3231855820750121,5.57999999999999,558.2299999999997,4.2067068575734705,0.006732300564644551,0.6735075527242891,6.685128834480886e-07
40,2.200000000000003,1.8,134.90000000000003,0.005358012664393575,0.32854359473940564,3.9600000000000053,562.1899999999997,4.167457375833948,0.004777761691038083,0.6782853144153271,3.366911920799967e-07
32,3.0,1.8,137.90000000000003,0.00730638090599123,0.33584997564539687,5.4,567.5899999999997,4.115953589557647,0.006515129578688286,0.6848004439940154,6.2607866295867e-07
138,3.0,1.8,140.90000000000003,0.00730638090599123,0.3431563565513881,5.4,572.9899999999997,4.066643009226398,0.006515129578688286,0.6913155735727037,6.2607866295867e-07
117,3.0,1.8,143.90000000000003,0.00730638090599123,0.3504627374573793,5.4,578.3899999999996,4.0193884642112545,0.006515129578688286,0.697830703151392,6.2607866295867e-07
13,3.0,1.7,146.90000000000003,0.00730638090599123,0.35776911836337055,5.1,583.4899999999997,3.972021783526205,0.006153177935427826,0.7039838810868198,1.3298770913162598e-06
80,2.4000000000000057,1.6,149.30000000000004,0.005845104724792998,0.36361422308816355,3.840000000000009,587.3299999999997,3.9338914936369695,0.004632981033733903,0.7086168621205536,1.4692438424267226e-06
54,3.0999999999999943,1.6,152.40000000000003,0.007549926936190924,0.3711641500243545,4.959999999999991,592.2899999999997,3.8864173228346433,0.005984267168572933,0.7146011292891266,2.451290507937619e-06
37,1.2999999999999972,1.6,153.70000000000005,0.0031660983925961925,0.3743302484169507,2.0799999999999956,594.3699999999998,3.8670787247885463,0.0025095313932725198,0.717110660682399,4.3108022460089215e-07
12,2.8999999999999986,1.6,156.60000000000005,0.007062834875791519,0.3813930832927422,4.639999999999998,599.0099999999998,3.8250957854406105,0.005598185415761784,0.7227088460981608,2.1451980407653933e-06
39,1.7000000000000028,1.6,158.30000000000007,0.004140282513395037,0.38553336580613723,2.7200000000000046,601.7299999999998,3.801200252684773,0.003281694898894846,0.7259905409970556,7.371726917731288e-07
144,3.3999999999999773,1.6,161.70000000000005,0.008280565026790004,0.39381393083292726,5.439999999999964,607.1699999999997,3.7549165120593666,0.0065633897977896375,0.7325539307948452,2.9486907670924662e-06
61,3.0999999999999943,1.6,164.80000000000004,0.007549926936190924,0.4013638577691182,4.959999999999991,612.1299999999998,3.714381067961163,0.005984267168572933,0.7385381979634181,2.451290507937619e-06
83,3.0,1.6,167.80000000000004,0.00730638090599123,0.40867023867510943,4.800000000000001,616.9299999999997,3.676579261025027,0.005791226292167367,0.7443294242555855,2.2956935037917434e-06
45,3.0,1.6,170.80000000000004,0.00730638090599123,0.41597661958110066,4.800000000000001,621.7299999999997,3.640105386416859,0.005791226292167367,0.7501206505477528,2.2956935037917434e-06
112,2.8999999999999773,1.6,173.70000000000002,0.007062834875791467,0.4230394544568921,4.639999999999964,626.3699999999997,3.606044905008633,0.005598185415761743,0.7557188359635145,2.1451980407653624e-06
108,3.0,1.6,176.70000000000002,0.00730638090599123,0.43034583536288334,4.800000000000001,631.1699999999996,3.5719864176570435,0.005791226292167367,0.7615100622556819,2.2956935037917434e-06
62,3.0,1.5,179.70000000000002,0.00730638090599123,0.43765221626887457,4.5,635.6699999999996,3.5373956594323848,0.005429274648906905,0.7669393369045887,3.5235279003851237e-06
91,3.0,1.5,182.70000000000002,0.00730638090599123,0.4449585971748658,4.5,640.1699999999996,3.503940886699505,0.005429274648906905,0.7723686115534956,3.5235279003851237e-06
8,3.1000000000000014,1.4,185.8,0.007549926936190941,0.45250852411105674,4.340000000000002,644.5099999999996,3.468837459634013,0.005236233772501328,0.7776048453259969,5.3531760557040495e-06
102,3.0,1.4,188.8,0.00730638090599123,0.45981490501704797,4.199999999999999,648.7099999999997,3.4359639830508457,0.005067323005646444,0.7826721683316434,5.0133802810964e-06
97,3.0,1.4,191.8,0.00730638090599123,0.4671212859230392,4.199999999999999,652.9099999999997,3.4041188738269015,0.005067323005646444,0.7877394913372899,5.0133802810964e-06
78,3.0999999999999943,1.4,194.9,0.007549926936190924,0.47467121285923014,4.339999999999992,657.2499999999998,3.372242175474601,0.005236233772501316,0.7929757251097912,5.353176055704025e-06
10,2.299999999999997,1.4,197.2,0.00560155869459327,0.4802727715538234,3.2199999999999958,660.4699999999998,3.3492393509127782,0.003884947637662269,0.7968606727474534,2.946753520777766e-06
33,1.7000000000000028,1.4,198.89999999999998,0.004140282513395037,0.48441305406721846,2.380000000000004,662.8499999999998,3.3325791855203613,0.00287148303653299,0.7997321557839864,1.609852112485405e-06
46,3.0999999999999943,1.4,201.99999999999997,0.007549926936190924,0.4919629810034094,4.339999999999992,667.1899999999998,3.3029207920792074,0.005236233772501316,0.8049683895564876,5.353176055704025e-06
111,3.0,1.2,204.99999999999997,0.00730638090599123,0.49926936190940063,3.5999999999999996,670.7899999999998,3.272146341463414,0.004343419719125523,0.8093118092756132,8.779138994872634e-06
103,3.0,1.2,207.99999999999997,0.00730638090599123,0.5065757428153919,3.5999999999999996,674.3899999999999,3.242259615384615,0.004343419719125523,0.8136552289947387,8.779138994872634e-06
36,2.5,1.2,210.49999999999997,0.006088650754992692,0.5126643935703845,3.0,677.3899999999999,3.218004750593824,0.0036195164326046033,0.8172747454273434,6.096624301994884e-06
38,2.5,1.2,212.99999999999997,0.006088650754992692,0.5187530443253772,3.0,680.3899999999999,3.194319248826291,0.0036195164326046033,0.820894261859948,6.096624301994884e-06
131,3.0,1.2,215.99999999999997,0.00730638090599123,0.5260594252313684,3.5999999999999996,683.9899999999999,3.1666203703703704,0.004343419719125523,0.8252376815790735,8.779138994872634e-06
41,2.0,1.2,217.99999999999997,0.004870920603994153,0.5309303458353626,2.4,686.3899999999999,3.148577981651376,0.0028956131460836825,0.8281332947251572,3.901839553276726e-06
82,3.0,1.2,220.99999999999997,0.00730638090599123,0.5382367267413538,3.5999999999999996,689.9899999999999,3.122126696832579,0.004343419719125523,0.8324767144442827,8.779138994872634e-06
109,3.0,1.2,223.99999999999997,0.00730638090599123,0.545543107647345,3.5999999999999996,693.5899999999999,3.0963839285714285,0.004343419719125523,0.8368201341634083,8.779138994872634e-06
7,3.3000000000000007,1.1,227.29999999999998,0.008037018996590355,0.5535801266439354,3.6300000000000012,697.2199999999999,3.0673999120105586,0.004379614883451572,0.8411997490468599,1.337660484680449e-05
86,3.0,1.0,230.29999999999998,0.00730638090599123,0.5608865075499266,3.0,700.2199999999999,3.0404689535388623,0.0036195164326046033,0.8448192654794645,1.3592969645120449e-05
104,3.0,1.0,233.29999999999998,0.00730638090599123,0.5681928884559179,3.0,703.2199999999999,3.014230604372053,0.0036195164326046033,0.8484387819120691,1.3592969645120449e-05
3,3.0,1.0,236.29999999999998,0.00730638090599123,0.5754992693619091,3.0,706.2199999999999,2.988658484976724,0.0036195164326046033,0.8520582983446737,1.3592969645120449e-05
35,2.299999999999997,1.0,238.59999999999997,0.00560155869459327,0.5811008280565023,2.299999999999997,708.5199999999999,2.9694886839899413,0.0027749625983301924,0.8548332609430039,7.989645491409666e-06
5,3.3999999999999986,1.0,241.99999999999997,0.008280565026790056,0.5893813930832924,3.3999999999999986,711.9199999999998,2.9418181818181814,0.004102118623618548,0.8589353795666225,1.745941434417692e-05
64,2.0,1.0,243.99999999999997,0.004870920603994153,0.5942523136872866,2.0,713.9199999999998,2.925901639344262,0.0024130109550697357,0.8613483905216922,6.041319842275756e-06
133,3.0,1.0,246.99999999999997,0.00730638090599123,0.6015586945932778,3.0,716.9199999999998,2.9025101214574898,0.0036195164326046033,0.8649679069542968,1.3592969645120449e-05
127,3.1000000000000227,1.0,250.1,0.007549926936190993,0.6091086215294688,3.1000000000000227,720.0199999999999,2.878928428628548,0.0037401669803581177,0.868708073934655,1.4514270921067717e-05
126,3.0,1.0,253.1,0.00730638090599123,0.61641500243546,3.0,723.0199999999999,2.85665744764915,0.0036195164326046033,0.8723275903672596,1.3592969645120449e-05
125,3.0,1.0,256.1,0.00730638090599123,0.6237213833414512,3.0,726.0199999999999,2.834908238969152,0.0036195164326046033,0.8759471067998642,1.3592969645120449e-05
114,3.3000000000000114,1.0,259.40000000000003,0.008037018996590381,0.6317584023380416,3.3000000000000114,729.3199999999999,2.811565150346954,0.003981468075865077,0.8799285748757293,1.6447493270595858e-05
107,3.0,1.0,262.40000000000003,0.00730638090599123,0.6390647832440328,3.0,732.3199999999999,2.7908536585365846,0.0036195164326046033,0.8835480913083339,1.3592969645120449e-05
106,3.0,1.0,265.40000000000003,0.00730638090599123,0.646371164150024,3.0,735.3199999999999,2.770610399397136,0.0036195164326046033,0.8871676077409385,1.3592969645120449e-05
2,3.099999999999998,1.0,268.50000000000006,0.007549926936190932,0.653921091086215,3.099999999999998,738.42,2.7501675977653623,0.0037401669803580877,0.8909077747212966,1.4514270921067481e-05
93,3.0,1.0,271.50000000000006,0.00730638090599123,0.6612274719922062,3.0,741.42,2.7308287292817672,0.0036195164326046033,0.8945272911539012,1.3592969645120449e-05
55,3.0,1.0,274.50000000000006,0.00730638090599123,0.6685338528981974,3.0,744.42,2.71191256830601,0.0036195164326046033,0.8981468075865058,1.3592969645120449e-05
95,3.0,1.0,277.50000000000006,0.00730638090599123,0.6758402338041887,3.0,747.42,2.6934054054054046,0.0036195164326046033,0.9017663240191104,1.3592969645120449e-05
53,3.0,1.0,280.50000000000006,0.00730638090599123,0.6831466147101799,3.0,750.42,2.675294117647058,0.0036195164326046033,0.905385840451715,1.3592969645120449e-05
56,3.0999999999999943,1.0,283.6,0.007549926936190924,0.6906965416463708,3.0999999999999943,753.52,2.656981664315938,0.0037401669803580834,0.9091260074320731,1.451427092106745e-05
99,3.0,0.9,286.6,0.00730638090599123,0.6980029225523621,2.7,756.22,2.6385903698534543,0.003257564789344143,0.9123835722214172,1.63929119464212e-05
63,3.0,0.9,289.6,0.00730638090599123,0.7053093034583533,2.7,758.9200000000001,2.6205801104972375,0.003257564789344143,0.9156411370107613,1.63929119464212e-05
6,2.400000000000002,0.9,292.0,0.005845104724792989,0.7111544081831462,2.160000000000002,761.08,2.6064383561643836,0.002606051831475317,0.9182471888422367,1.0491463645709587e-05
4,3.1000000000000014,0.9,295.1,0.007549926936190941,0.7187043351193372,2.7900000000000014,763.87,2.58851236868858,0.003366150282322283,0.9216133391245589,1.750398708945643e-05
129,2.6000000000000227,0.8,297.70000000000005,0.0063321967851924545,0.7250365319045297,2.0800000000000183,765.95,2.5728921733288543,0.002509531393272547,0.9241228705178315,1.461277069858218e-05
130,3.0,0.8,300.70000000000005,0.00730638090599123,0.7323429128105209,2.4000000000000004,768.35,2.5552045227801794,0.0028956131460836834,0.9270184836639151,1.9454872231839842e-05
87,3.0,0.8,303.70000000000005,0.00730638090599123,0.7396492937165121,2.4000000000000004,770.75,2.5378663154428707,0.0028956131460836834,0.9299140968099988,1.9454872231839842e-05
60,3.0,0.8,306.70000000000005,0.00730638090599123,0.7469556746225033,2.4000000000000004,773.15,2.5208672970329307,0.0028956131460836834,0.9328097099560825,1.9454872231839842e-05
115,3.0,0.8,309.70000000000005,0.00730638090599123,0.7542620555284946,2.4000000000000004,775.55,2.504197610590894,0.0028956131460836834,0.9357053231021661,1.9454872231839842e-05
96,3.0,0.8,312.70000000000005,0.00730638090599123,0.7615684364344858,2.4000000000000004,777.9499999999999,2.487847777422449,0.0028956131460836834,0.9386009362482498,1.9454872231839842e-05
49,3.0,0.8,315.70000000000005,0.00730638090599123,0.768874817340477,2.4000000000000004,780.3499999999999,2.471808679125752,0.0028956131460836834,0.9414965493943335,1.9454872231839842e-05
1,2.1000000000000014,0.8,317.80000000000007,0.005114466634193865,0.7739892839746709,1.6800000000000013,782.0299999999999,2.4607614852108233,0.0020269292022585795,0.943523478596592,9.532887393601536e-06
17,3.0,0.8,320.80000000000007,0.00730638090599123,0.7812956648806622,2.4000000000000004,784.4299999999998,2.4452306733167073,0.0028956131460836834,0.9464190917426757,1.9454872231839842e-05
85,3.0,0.8,323.80000000000007,0.00730638090599123,0.7886020457866534,2.4000000000000004,786.8299999999998,2.42998764669549,0.0028956131460836834,0.9493147048887594,1.9454872231839842e-05
52,3.0999999999999943,0.8,326.9000000000001,0.007549926936190924,0.7961519727228443,2.4799999999999955,789.3099999999998,2.4145304374426417,0.0029921335842864666,0.9523068384730459,2.0773480238664464e-05
110,3.0,0.7,329.9000000000001,0.00730638090599123,0.8034583536288356,2.0999999999999996,791.4099999999999,2.3989390724461948,0.002533661502823222,0.9548404999758691,2.2778850501376385e-05
141,3.0,0.7,332.9000000000001,0.00730638090599123,0.8107647345348268,2.0999999999999996,793.5099999999999,2.3836287173325315,0.002533661502823222,0.9573741614786923,2.2778850501376385e-05
51,3.0,0.7,335.9000000000001,0.00730638090599123,0.818071115440818,2.0999999999999996,795.6099999999999,2.368591842810359,0.002533661502823222,0.9599078229815154,2.2778850501376385e-05
89,3.0,0.6,338.9000000000001,0.00730638090599123,0.8253774963468092,1.7999999999999998,797.4099999999999,2.3529359693124805,0.0021717098595627616,0.9620795328410782,2.6364846755030815e-05
139,3.0,0.6,341.9000000000001,0.00730638090599123,0.8326838772528005,1.7999999999999998,799.2099999999998,2.3375548405966646,0.0021717098595627616,0.9642512427006409,2.6364846755030815e-05
90,3.0,0.6,344.9000000000001,0.00730638090599123,0.8399902581587917,1.7999999999999998,801.0099999999998,2.3224412873296596,0.0021717098595627616,0.9664229525602036,2.6364846755030815e-05
18,1.6000000000000014,0.6,346.5000000000001,0.0038967364831953262,0.843886994641987,0.9600000000000009,801.9699999999998,2.314487734487733,0.001158245258433474,0.967581197818637,7.4993341880976666e-06
100,3.0,0.6,349.5000000000001,0.00730638090599123,0.8511933755479782,1.7999999999999998,803.7699999999998,2.299771101573675,0.0021717098595627616,0.9697529076781998,2.6364846755030815e-05
44,3.0999999999999943,0.6,352.60000000000014,0.007549926936190924,0.8587433024841692,1.8599999999999965,805.6299999999998,2.2848269994327834,0.00224410018821485,0.9719970078664146,2.8151797479538354e-05
128,1.1999999999999886,0.6,353.8000000000001,0.002922552362396464,0.8616658548465657,0.7199999999999932,806.3499999999998,2.2791124929338595,0.0008686839438250966,0.9728656918102397,4.21837548080485e-06
105,3.0,0.6,356.8000000000001,0.00730638090599123,0.8689722357525569,1.7999999999999998,808.1499999999997,2.2649943946188325,0.0021717098595627616,0.9750374016698025,2.6364846755030815e-05
98,3.0,0.6,359.8000000000001,0.00730638090599123,0.8762786166585481,1.7999999999999998,809.9499999999997,2.251111728738186,0.0021717098595627616,0.9772091115293652,2.6364846755030815e-05
122,2.6999999999999886,0.6,362.5000000000001,0.006575742815392079,0.8828543594739402,1.6199999999999932,811.5699999999997,2.238813793103447,0.0019545388736064775,0.9791636504029717,2.135552587157478e-05
43,1.7999999999999972,0.6,364.3000000000001,0.004383828543594731,0.887238188017535,1.0799999999999983,812.6499999999997,2.23071644249245,0.0013030259157376552,0.9804666763187093,9.491344831811063e-06
140,3.0,0.5,367.3000000000001,0.00730638090599123,0.8945445689235262,1.5,814.1499999999997,2.216580451946636,0.0018097582163023017,0.9822764345350116,3.021286099280315e-05
92,3.0,0.5,370.3000000000001,0.00730638090599123,0.9018509498295174,1.5,815.6499999999997,2.2026735079665123,0.0018097582163023017,0.9840861927513138,3.021286099280315e-05
57,1.5,0.5,371.8000000000001,0.003653190452995615,0.905504140282513,0.75,816.3999999999997,2.1958041958041945,0.0009048791081511508,0.984991071859465,7.553215248200788e-06
88,3.0,0.4,374.8000000000001,0.00730638090599123,0.9128105211885043,1.2000000000000002,817.5999999999998,2.181430096051226,0.0014478065730418417,0.9864388784325069,3.432289321469338e-05
118,3.0,0.4,377.8000000000001,0.00730638090599123,0.9201169020944955,1.2000000000000002,818.7999999999998,2.167284277395446,0.0014478065730418417,0.9878866850055488,3.432289321469338e-05
120,3.0,0.4,380.8000000000001,0.00730638090599123,0.9274232830004867,1.2000000000000002,819.9999999999999,2.153361344537814,0.0014478065730418417,0.9893344915785907,3.432289321469338e-05
101,3.0,0.4,383.8000000000001,0.00730638090599123,0.9347296639064779,1.2000000000000002,821.1999999999999,2.139656070870244,0.0014478065730418417,0.9907822981516325,3.432289321469338e-05
136,3.0,0.4,386.8000000000001,0.00730638090599123,0.9420360448124692,1.2000000000000002,822.4,2.126163391933815,0.0014478065730418417,0.9922301047246744,3.432289321469338e-05
135,3.0,0.4,389.8000000000001,0.00730638090599123,0.9493424257184604,1.2000000000000002,823.6,2.1128783991790656,0.0014478065730418417,0.9936779112977163,3.432289321469338e-05
132,3.0,0.4,392.8000000000001,0.00730638090599123,0.9566488066244516,1.2000000000000002,824.8000000000001,2.0997963340122197,0.0014478065730418417,0.9951257178707582,3.432289321469338e-05
81,3.0,0.4,395.8000000000001,0.00730638090599123,0.9639551875304428,1.2000000000000002,826.0000000000001,2.0869125821121774,0.0014478065730418417,0.9965735244438001,3.432289321469338e-05
119,3.0,0.3,398.8000000000001,0.00730638090599123,0.9712615684364341,0.8999999999999999,826.9000000000001,2.073470411233701,0.0010858549297813808,0.9976593793735815,3.86949434207015e-05
113,1.8000000000000114,0.3,400.60000000000014,0.004383828543594766,0.9756453969800288,0.5400000000000034,827.44,2.065501747378931,0.0006515129578688327,0.9983108923314503,1.3930179631452717e-05
134,3.0,0.2,403.60000000000014,0.00730638090599123,0.9829517778860201,0.6000000000000001,828.0400000000001,2.0516352824578785,0.0007239032865209208,0.9990347956179713,4.332901161082751e-05
123,3.0,0.2,406.60000000000014,0.00730638090599123,0.9902581587920113,0.6000000000000001,828.6400000000001,2.037973438268568,0.0007239032865209208,0.9997586989044922,4.332901161082751e-05
0,2.5,0.05,409.10000000000014,0.006088650754992692,0.9963468095470039,0.125,828.7650000000001,2.0258249816670735,0.00015081318469185848,0.9999095120891841,3.5257915011276103e-05
150,1.5,0.05,410.60000000000014,0.003653190452995615,0.9999999999999996,0.07500000000000001,828.8400000000001,2.0186069167072573,9.04879108151151e-05,0.9999999999999992,1.2692849404059396e-05
