,weight,grade,cml_weight,weight_pct,cml_weight_pct,yield,cml_yield,cml_grade,recovery,cml_recovery,distributional_heterogeneity
90,3.0,25.0,3.0,0.007405578869414959,0.007405578869414959,75.0,75.0,25.0,0.061239737240700726,0.061239737240700726,0.002898116607544677
9,1.5,20.2,4.5,0.0037027894347074794,0.011108368304122438,30.299999999999997,105.3,23.4,0.02474085384524309,0.08598059108594382,0.0004426001541418452
111,3.0,12.0,7.5,0.007405578869414959,0.018513947173537396,36.0,141.3,18.84,0.02939507387553635,0.11537566496148016,0.00048353789062423753
26,3.0999999999999943,11.4,10.599999999999994,0.007652431498395443,0.02616637867193284,35.33999999999994,176.63999999999996,16.66415094339623,0.028856164187818133,0.1442318291492983,0.00044959827996449213
64,2.299999999999983,10.6,12.899999999999977,0.0056776104665514264,0.03184398913848427,24.379999999999818,201.01999999999978,15.58294573643412,0.019906997252376966,0.16413882640167526,0.00020247544830062655
69,2.299999999999983,10.5,15.19999999999996,0.0056776104665514264,0.0375215996050357,24.14999999999982,225.16999999999962,14.813815789473697,0.019719195391505486,0.18385802179318075,0.00019716610720469713
67,1.5999999999999943,10.4,16.799999999999955,0.003949642063687964,0.041471241668723666,16.63999999999994,241.80999999999955,14.393452380952393,0.013587056369136753,0.19744507816231752,9.287975449486897e-05
118,3.0,9.6,19.799999999999955,0.007405578869414959,0.048876820538138625,28.799999999999997,270.60999999999956,13.667171717171726,0.023516059100429077,0.2209611372627466,0.0002595475732738967
95,3.0,9.0,22.799999999999955,0.007405578869414959,0.056282399407553585,27.0,297.60999999999956,13.053070175438604,0.022046305406652263,0.24300744266939886,0.00021435087353816455
32,2.1000000000000085,7.6,24.899999999999963,0.005183905208590492,0.06146630461614408,15.960000000000065,313.5699999999996,12.593172690763055,0.013031816084821167,0.25603925875422,6.15897051212597e-05
68,1.3000000000000114,7.5,26.199999999999974,0.0032090841767465103,0.06467538879289059,9.750000000000085,323.3199999999997,12.340458015267176,0.007961165841291164,0.26400042459551115,2.2582280146501485e-05
3,2.0999999999999996,7.4,28.299999999999976,0.00518390520859047,0.06985929400148105,15.539999999999997,338.85999999999973,11.973851590106008,0.012688873556273189,0.27668929815178434,5.632454989971947e-05
38,3.0999999999999943,7.2,31.39999999999997,0.007652431498395443,0.07751172549987649,22.31999999999996,361.17999999999967,11.502547770700637,0.018224945802832505,0.29491424395461685,0.00011177805871752619
37,3.4000000000000057,7.0,34.799999999999976,0.008392989385336967,0.08590471488521345,23.80000000000004,384.9799999999997,11.062643678160917,0.019433409951049065,0.31434765390566594,0.00012189088626779854
25,2.700000000000003,6.9,37.49999999999998,0.0066650209824734696,0.09256973586768692,18.63000000000002,403.6099999999997,10.762933333333331,0.015211950730590076,0.329559604636256,7.305000811924059e-05
91,3.0,6.8,40.49999999999998,0.007405578869414959,0.09997531473710188,20.4,424.00999999999965,10.46938271604938,0.016657208529470596,0.3462168131657266,8.559265136682117e-05
31,3.0,6.0,43.49999999999998,0.007405578869414959,0.10738089360651683,18.0,442.00999999999965,10.161149425287354,0.014697536937768175,0.36091435010349476,5.317265247062154e-05
114,3.0,6.0,46.49999999999998,0.007405578869414959,0.11478647247593178,18.0,460.00999999999965,9.892688172043007,0.014697536937768175,0.3756118870412629,5.317265247062154e-05
13,3.0,5.6,49.49999999999998,0.007405578869414959,0.12219205134534673,16.799999999999997,476.80999999999966,9.63252525252525,0.01371770114191696,0.38932958818317986,3.9842887583015836e-05
74,2.4000000000000057,5.4,51.899999999999984,0.005924463095531981,0.1281165144408787,12.960000000000031,489.7699999999997,9.436801541425815,0.01058222659519311,0.39991181477837295,2.169476081877549e-05
21,2.8999999999999986,5.4,54.79999999999998,0.007158726240434457,0.13527524068131316,15.659999999999993,505.42999999999967,9.223175182481748,0.012786857135858306,0.41269867191423126,3.167585737602445e-05
8,2.700000000000003,5.1,57.499999999999986,0.0066650209824734696,0.14194026166378662,13.770000000000014,519.1999999999997,9.029565217391301,0.011243615757392664,0.42394228767162395,2.096353011291734e-05
2,3.0,4.9,60.499999999999986,0.007405578869414959,0.14934584053320157,14.700000000000001,533.8999999999997,8.82479338842975,0.012002988499177343,0.4359452761708013,2.1136175303831895e-05
44,1.2999999999999972,4.6,61.79999999999998,0.003209084176746475,0.15255492470994805,5.979999999999986,539.8799999999998,8.735922330097086,0.004882848382658527,0.4408281245534598,2.8014866169924e-06
15,3.1000000000000014,4.6,64.89999999999998,0.007652431498395461,0.1602073562083435,14.260000000000005,554.1399999999998,8.538366718027735,0.011643715374031902,0.45247183992749174,1.5930346975915446e-05
42,2.799999999999997,4.5,67.69999999999997,0.006911873611453955,0.16711922981979746,12.599999999999987,566.7399999999998,8.371344165435746,0.010288275856437712,0.46276011578392945,1.1400092119931349e-05
46,3.0,4.5,70.69999999999997,0.007405578869414959,0.1745248086892124,13.5,580.2399999999998,8.207072135785006,0.011023152703326131,0.4737832684872556,1.308684044379877e-05
94,3.0,4.5,73.69999999999997,0.007405578869414959,0.18193038755862737,13.5,593.7399999999998,8.0561736770692,0.011023152703326131,0.48480642119058176,1.308684044379877e-05
40,2.5,4.5,76.19999999999997,0.006171315724512466,0.18810170328313983,11.25,604.9899999999998,7.939501312335958,0.009185960586105109,0.49399238177668686,9.088083641526924e-06
1,4.0,4.5,80.19999999999997,0.009874105159219946,0.19797580844235976,18.0,622.9899999999998,7.767955112219451,0.014697536937768175,0.508689918714455,2.326549412230892e-05
39,3.0,4.1,83.19999999999997,0.007405578869414959,0.20538138731177472,12.299999999999999,635.2899999999997,7.635697115384614,0.010043316907474918,0.51873323562193,6.957661957428399e-06
59,3.0999999999999943,4.0,86.29999999999997,0.007652431498395443,0.21303381881017017,12.399999999999977,647.6899999999997,7.505098493626883,0.010124969890462502,0.5288582055123925,6.113446100245549e-06
98,3.0,3.8,89.29999999999997,0.007405578869414959,0.22043939767958512,11.399999999999999,659.0899999999997,7.380627099664053,0.00930844006058651,0.538166645572979,3.620880712866812e-06
50,1.700000000000017,3.8,90.99999999999999,0.004196494692668519,0.22463589237225365,6.460000000000065,665.5499999999997,7.313736263736262,0.005274782700999075,0.5434414282739781,1.1627050289094774e-06
84,3.0,3.8,93.99999999999999,0.007405578869414959,0.2320414712416686,11.399999999999999,676.9499999999997,7.201595744680849,0.00930844006058651,0.5527498683345646,3.620880712866812e-06
24,3.200000000000003,3.8,97.19999999999999,0.007899284127375963,0.23994075536904458,12.16000000000001,689.1099999999997,7.08960905349794,0.009929002731292286,0.5626788710658569,4.119757611084024e-06
17,3.1000000000000014,3.7,100.29999999999998,0.007652431498395461,0.24759318686744003,11.470000000000006,700.5799999999997,6.984845463609171,0.009365597148677835,0.5720444682145347,2.9349365453074297e-06
29,3.0,3.6,103.29999999999998,0.007405578869414959,0.254998765736855,10.8,711.3799999999997,6.8865440464666,0.008818522162660904,0.5808629903771956,1.9964087499286974e-06
11,3.099999999999998,3.6,106.39999999999998,0.007652431498395452,0.26265119723525043,11.159999999999993,722.5399999999996,6.7907894736842085,0.009112472901416263,0.5899754632786118,2.131720898534973e-06
92,3.0,3.6,109.39999999999998,0.007405578869414959,0.2700567761046654,10.8,733.3399999999996,6.703290676416817,0.008818522162660904,0.5987939854412727,1.9964087499286974e-06
14,3.0,3.6,112.39999999999998,0.007405578869414959,0.27746235497408034,10.8,744.1399999999995,6.620462633451955,0.008818522162660904,0.6076125076039336,1.9964087499286974e-06
103,3.0,3.4,115.39999999999998,0.007405578869414959,0.2848679338434953,10.2,754.3399999999996,6.536741767764296,0.008328604264735298,0.6159411118686688,8.519758804062684e-07
10,2.6999999999999993,3.4,118.09999999999998,0.006665020982473461,0.29153295482596875,9.179999999999998,763.5199999999995,6.465029635901775,0.007495743838261767,0.6234368557069306,6.901004631290771e-07
18,3.0,3.4,121.09999999999998,0.007405578869414959,0.2989385336953837,10.2,773.7199999999996,6.389099917423614,0.008328604264735298,0.6317654599716659,8.519758804062684e-07
65,3.4000000000000057,3.4,124.49999999999999,0.008392989385336967,0.30733152308072065,11.560000000000018,785.2799999999996,6.30746987951807,0.009439084833366687,0.6412045448050325,1.0943156863884995e-06
12,3.1000000000000014,3.3,127.6,0.007652431498395461,0.3149839545791161,10.230000000000004,795.5099999999996,6.234404388714731,0.008353100159631583,0.6495576449646641,4.909365728384179e-07
19,3.0999999999999943,3.3,130.7,0.007652431498395443,0.32263638607751155,10.22999999999998,805.7399999999997,6.164804896710021,0.008353100159631564,0.6579107451242956,4.909365728384156e-07
117,3.0,3.2,133.7,0.007405578869414959,0.3300419649469265,9.600000000000001,815.3399999999997,6.098279730740462,0.007838686366809695,0.6657494314911053,1.875821042995295e-07
121,3.0,3.2,136.7,0.007405578869414959,0.33744754381634146,9.600000000000001,824.9399999999997,6.0346744696415495,0.007838686366809695,0.6735881178579151,1.875821042995295e-07
113,3.0,3.0,139.7,0.007405578869414959,0.3448531226857564,9.0,833.9399999999997,5.969506084466713,0.007348768468884087,0.6809368863267992,3.2274216084781237e-09
66,2.9000000000000057,2.9,142.6,0.007158726240434474,0.35201184892619086,8.410000000000016,842.3499999999997,5.907082748948104,0.0068670158692572545,0.6878039021960565,8.509494065235147e-08
70,2.3000000000000114,2.9,144.9,0.005677610466551497,0.3576894593927424,6.670000000000033,849.0199999999998,5.859351276742579,0.0054462539652730116,0.6932501561613295,5.352583068382188e-08
33,1.0,2.8,145.9,0.0024685262898049864,0.36015798568254737,2.8,851.8199999999997,5.838382453735433,0.002286283523652827,0.6955364396849822,3.3212425814790684e-08
52,2.5999999999999943,2.8,148.5,0.00641816835349295,0.3665761540360403,7.279999999999983,859.0999999999997,5.785185185185183,0.005944337161497337,0.7014807768464796,2.2451599850798402e-07
16,3.0,2.8,151.5,0.007405578869414959,0.3739817329054553,8.399999999999999,867.4999999999997,5.726072607260724,0.00685885057095848,0.7083396274174381,2.9891183233311614e-07
51,1.799999999999983,2.7,153.29999999999998,0.0044433473216489335,0.3784250802271042,4.859999999999954,872.3599999999996,5.690541422048269,0.0039683349731973695,0.7123079623906354,2.2563673118146982e-07
97,3.0,2.6,156.29999999999998,0.007405578869414959,0.38583065909651915,7.800000000000001,880.1599999999995,5.631222008957131,0.006368932673032876,0.7186768950636683,1.0746353364734414e-06
115,3.0,2.6,159.29999999999998,0.007405578869414959,0.3932362379659341,7.800000000000001,887.9599999999995,5.574136848713117,0.006368932673032876,0.7250458277367011,1.0746353364734414e-06
86,3.0,2.6,162.29999999999998,0.007405578869414959,0.40064181683534905,7.800000000000001,895.7599999999994,5.519162045594575,0.006368932673032876,0.731414760409734,1.0746353364734414e-06
57,1.3000000000000114,2.6,163.6,0.0032090841767465103,0.4038509010120956,3.3800000000000296,899.1399999999994,5.4959657701711455,0.002759870824980937,0.7341746312347149,2.0179263540446084e-07
58,3.0,2.6,166.6,0.007405578869414959,0.41125647988151054,7.800000000000001,906.9399999999994,5.4438175270108005,0.006368932673032876,0.7405435639077478,1.0746353364734414e-06
105,4.0,2.5,170.6,0.009874105159219946,0.4211305850407305,10.0,916.9399999999994,5.374794841735049,0.008165298298760096,0.7487088622065079,2.9200208863546452e-06
47,2.9000000000000057,2.5,173.5,0.007158726240434474,0.42828931128116493,7.250000000000014,924.1899999999994,5.326743515850141,0.005919841266601082,0.754628703473109,1.534835978390166e-06
7,2.1999999999999993,2.5,175.7,0.005430757837570968,0.4337200691187359,5.499999999999998,929.6899999999994,5.291348890153667,0.004490914064318052,0.759119617537427,8.833063181222796e-07
27,3.0,2.5,178.7,0.007405578869414959,0.44112564798815085,7.5,937.1899999999994,5.244487968662559,0.0061239737240700726,0.765243591261497,1.6425117485744878e-06
112,3.0,2.4,181.7,0.007405578869414959,0.4485312268575658,7.199999999999999,944.3899999999994,5.19752339020363,0.005879014775107269,0.7711226060366042,2.330397934029457e-06
96,3.0,2.4,184.7,0.007405578869414959,0.45593680572698075,7.199999999999999,951.5899999999995,5.152084461288574,0.005879014775107269,0.7770016208117114,2.330397934029457e-06
6,3.0,2.4,187.7,0.007405578869414959,0.4633423845963957,7.199999999999999,958.7899999999995,5.1080980287693105,0.005879014775107269,0.7828806355868186,2.330397934029457e-06
99,3.0,2.4,190.7,0.007405578869414959,0.47074796346581066,7.199999999999999,965.9899999999996,5.065495542737282,0.005879014775107269,0.7887596503619259,2.330397934029457e-06
20,2.6000000000000014,2.4,193.29999999999998,0.006418168353492968,0.4771661318193036,6.240000000000003,972.2299999999996,5.029643041903775,0.005095146138426303,0.7938547965003522,1.7503877815599053e-06
80,2.9000000000000057,2.4,196.2,0.007158726240434474,0.4843248580597381,6.960000000000013,979.1899999999996,4.990774719673801,0.0056830476159370385,0.7995378441162893,2.177627402798645e-06
5,2.0,2.2,198.2,0.004937052579609973,0.48926191063934804,4.4,983.5899999999996,4.962613521695255,0.003592731251454443,0.8031305753677437,1.8071998333338478e-06
104,3.0,2.2,201.2,0.007405578869414959,0.496667489508763,6.6000000000000005,990.1899999999996,4.921421471172961,0.0053890968771816644,0.8085196722449254,4.066199625001158e-06
100,3.0,2.2,204.2,0.007405578869414959,0.504073068378178,6.6000000000000005,996.7899999999996,4.881439764936335,0.0053890968771816644,0.8139087691221071,4.066199625001158e-06
89,3.0,2.2,207.2,0.007405578869414959,0.511478647247593,6.6000000000000005,1003.3899999999996,4.842615830115829,0.0053890968771816644,0.8192978659992888,4.066199625001158e-06
116,3.0,2.1,210.2,0.007405578869414959,0.5188842261170079,6.300000000000001,1009.6899999999996,4.8034728829686,0.005144137928218861,0.8244420039275077,5.114115130517893e-06
127,3.0,2.0,213.2,0.007405578869414959,0.5262898049864229,6.0,1015.6899999999996,4.764024390243901,0.004899178979256058,0.8293411829067637,6.2820404093885515e-06
81,3.0,2.0,216.2,0.007405578869414959,0.5336953838558378,6.0,1021.6899999999996,4.725670675300646,0.004899178979256058,0.8342403618860198,6.2820404093885515e-06
85,3.0,2.0,219.2,0.007405578869414959,0.5411009627252528,6.0,1027.6899999999996,4.688366788321166,0.004899178979256058,0.8391395408652759,6.2820404093885515e-06
56,2.6999999999999886,2.0,221.89999999999998,0.006665020982473435,0.5477659837077262,5.399999999999977,1033.0899999999997,4.65565570076611,0.004409261081330434,0.8435488019466063,5.0884527316046835e-06
77,1.9000000000000057,1.9,223.79999999999998,0.004690199950629488,0.5524561836583557,3.6100000000000105,1036.6999999999996,4.632260947274351,0.0029476726858524037,0.8464964746324587,3.036401268491508e-06
35,3.0999999999999943,1.9,226.89999999999998,0.007652431498395443,0.5601086151567511,5.889999999999989,1042.5899999999997,4.594931687968267,0.0048093606979696885,0.8513058353304284,8.083051576233548e-06
4,2.0999999999999996,1.9,228.99999999999997,0.00518390520859047,0.5652925203653416,3.9899999999999993,1046.5799999999997,4.570218340611353,0.003257954021205278,0.8545637893516337,3.709287976190433e-06
102,3.0,1.8,231.99999999999997,0.007405578869414959,0.5726980992347566,5.4,1051.9799999999998,4.534396551724138,0.004409261081330452,0.8589730504329641,8.97792028719163e-06
63,2.200000000000017,1.8,234.2,0.005430757837571012,0.5781288570723275,3.9600000000000306,1055.9399999999998,4.5087105038428685,0.0032334581263090234,0.8622065085592732,4.828126021112018e-06
110,3.0,1.8,237.2,0.007405578869414959,0.5855344359417425,5.4,1061.34,4.474451939291737,0.004409261081330452,0.8666157696406036,8.97792028719163e-06
22,2.1000000000000014,1.8,239.29999999999998,0.005183905208590475,0.590718341150333,3.7800000000000025,1065.12,4.450982030923527,0.0030864827569313186,0.869702252397535,4.399180940723905e-06
79,3.0,1.8,242.29999999999998,0.007405578869414959,0.5981239200197479,5.4,1070.52,4.418159306644656,0.004409261081330452,0.8741115134788654,8.97792028719163e-06
88,3.0,1.8,245.29999999999998,0.007405578869414959,0.6055294988891629,5.4,1075.92,4.386139421117,0.004409261081330452,0.8785207745601958,8.97792028719163e-06
53,2.200000000000017,1.6,247.5,0.005430757837571012,0.6109602567267338,3.5200000000000276,1079.44,4.361373737373738,0.0028741850011635766,0.8813949595613594,6.53606466785636e-06
106,1.5,1.6,249.0,0.0037027894347074794,0.6146630461614413,2.4000000000000004,1081.8400000000001,4.344738955823294,0.0019596715917024237,0.8833546311530618,3.0384598146026e-06
125,3.0,1.6,252.0,0.007405578869414959,0.6220686250308562,4.800000000000001,1086.64,4.312063492063492,0.003919343183404847,0.8872739743364666,1.21538392584104e-05
75,1.9000000000000057,1.5,253.9,0.004690199950629488,0.6267588249814857,2.8500000000000085,1089.49,4.291020086648286,0.0023271100151466347,0.8896010843516132,5.584194043180357e-06
108,3.0,1.4,256.9,0.007405578869414959,0.6341644038509007,4.199999999999999,1093.69,4.2572596340988715,0.00342942528547924,0.8930305096370925,1.580979732304486e-05
109,3.0,1.4,259.9,0.007405578869414959,0.6415699827203156,4.199999999999999,1097.89,4.224278568680262,0.00342942528547924,0.8964599349225718,1.580979732304486e-05
93,3.0,1.4,262.9,0.007405578869414959,0.6489755615897306,4.199999999999999,1102.0900000000001,4.192050209205022,0.00342942528547924,0.8998893602080511,1.580979732304486e-05
78,3.799999999999983,1.4,266.69999999999993,0.009380399901258905,0.6583559614909895,5.319999999999975,1107.41,4.152268466441696,0.004343938694940351,0.9042332989029914,2.5365941482751743e-05
72,1.1999999999999886,1.4,267.8999999999999,0.0029622315477659555,0.6613181930387555,1.679999999999984,1109.0900000000001,4.139940276222473,0.0013717701141916833,0.9056050690171831,2.5295675716871293e-06
45,3.1000000000000085,1.4,270.99999999999994,0.007652431498395479,0.668970624537151,4.340000000000011,1113.43,4.108597785977861,0.003543739461661891,0.9091488084788449,1.6881350252717993e-05
122,3.0,1.4,273.99999999999994,0.007405578869414959,0.6763762034065659,4.199999999999999,1117.63,4.078941605839417,0.00342942528547924,0.9125782337643242,1.580979732304486e-05
124,3.0,1.4,276.99999999999994,0.007405578869414959,0.6837817822759809,4.199999999999999,1121.8300000000002,4.049927797833936,0.00342942528547924,0.9160076590498035,1.580979732304486e-05
101,3.0,1.4,279.99999999999994,0.007405578869414959,0.6911873611453958,4.199999999999999,1126.0300000000002,4.021535714285716,0.00342942528547924,0.9194370843352828,1.580979732304486e-05
73,2.5,1.4,282.49999999999994,0.006171315724512466,0.6973586768699083,3.5,1129.5300000000002,3.998336283185842,0.002857854404566034,0.9222949387398488,1.0979025918781152e-05
23,1.6999999999999957,1.3,284.19999999999993,0.004196494692668466,0.7015551715625767,2.2099999999999946,1131.7400000000002,3.9821956368754416,0.001804530924025977,0.9240994696638748,5.72149067049838e-06
107,2.5,1.2,286.69999999999993,0.006171315724512466,0.7077264872870892,3.0,1134.7400000000002,3.957935123822813,0.002449589489628029,0.9265490591535028,1.3851246167427087e-05
134,3.0,1.2,289.69999999999993,0.007405578869414959,0.7151320661565042,3.5999999999999996,1138.3400000000001,3.9293752157404227,0.0029395073875536346,0.9294885665410565,1.9945794481095004e-05
71,3.0,1.2,292.69999999999993,0.007405578869414959,0.7225376450259191,3.5999999999999996,1141.94,3.9014007516228233,0.0029395073875536346,0.9324280739286102,1.9945794481095004e-05
83,3.0,1.2,295.69999999999993,0.007405578869414959,0.7299432238953341,3.5999999999999996,1145.54,3.873993912749409,0.0029395073875536346,0.9353675813161638,1.9945794481095004e-05
28,3.1000000000000085,1.2,298.79999999999995,0.007652431498395479,0.7375956553937295,3.72000000000001,1149.26,3.8462516733601078,0.0030374909671387644,0.9384050722833026,2.1297676107036e-05
30,3.0999999999999943,1.2,301.9,0.007652431498395443,0.745248086892125,3.719999999999993,1152.98,3.819079165286519,0.0030374909671387505,0.9414425632504414,2.1297676107035805e-05
34,3.0,1.2,304.9,0.007405578869414959,0.7526536657615399,3.5999999999999996,1156.58,3.7933092817317156,0.0029395073875536346,0.9443820706379951,1.9945794481095004e-05
61,3.0999999999999943,1.2,308.0,0.007652431498395443,0.7603060972599354,3.719999999999993,1160.3,3.7672077922077922,0.0030374909671387505,0.9474195616051339,2.1297676107035805e-05
60,3.0,1.2,311.0,0.007405578869414959,0.7677116761293503,3.5999999999999996,1163.8999999999999,3.7424437299035365,0.0029395073875536346,0.9503590689926875,1.9945794481095004e-05
87,3.0,1.1,314.0,0.007405578869414959,0.7751172549987653,3.3000000000000003,1167.1999999999998,3.717197452229299,0.0026945484385908322,0.9530536174312784,2.219380772015096e-05
128,3.0,1.1,317.0,0.007405578869414959,0.7825228338681802,3.3000000000000003,1170.4999999999998,3.692429022082018,0.0026945484385908322,0.9557481658698692,2.219380772015096e-05
36,2.5999999999999943,1.1,319.6,0.00641816835349295,0.7889410022216732,2.859999999999994,1173.3599999999997,3.671339173967458,0.002335275313445383,0.9580834411833146,1.667001557646887e-05
82,3.0,1.1,322.6,0.007405578869414959,0.7963465810910881,3.3000000000000003,1176.6599999999996,3.647427154370736,0.0026945484385908322,0.9607779896219054,2.219380772015096e-05
54,2.9000000000000057,1.0,325.5,0.007158726240434474,0.8035053073315226,2.9000000000000057,1179.5599999999997,3.6238402457757286,0.002367936506640433,0.9631459261285459,2.2951666273426385e-05
119,3.0,1.0,328.5,0.007405578869414959,0.8109108862009375,3.0,1182.5599999999997,3.5998782343987816,0.002449589489628029,0.9655955156181739,2.4561830732560837e-05
43,2.799999999999997,1.0,331.3,0.006911873611453955,0.8178227598123915,2.799999999999997,1185.3599999999997,3.577905221853304,0.0022862835236528247,0.9678817991418267,2.1396083660364067e-05
41,2.8000000000000114,1.0,334.1,0.00691187361145399,0.8247346334238455,2.8000000000000114,1188.1599999999996,3.55630050882969,0.0022862835236528364,0.9701680826654795,2.1396083660364284e-05
123,3.0,1.0,337.1,0.007405578869414959,0.8321402122932604,3.0,1191.1599999999996,3.5335508751112417,0.002449589489628029,0.9726176721551075,2.4561830732560837e-05
126,3.0,0.9,340.1,0.007405578869414959,0.8395457911626754,2.7,1193.8599999999997,3.51032049397236,0.002204630540665226,0.9748223026957727,2.7049863518324643e-05
130,3.0,0.9,343.1,0.007405578869414959,0.8469513700320903,2.7,1196.5599999999997,3.487496356747303,0.002204630540665226,0.977026933236438,2.7049863518324643e-05
131,3.0,0.8,346.1,0.007405578869414959,0.8543569489015053,2.4000000000000004,1198.9599999999998,3.464201097948569,0.0019596715917024237,0.9789866048281404,2.9657906077442355e-05
141,2.7000000000000455,0.8,348.80000000000007,0.006665020982473575,0.8610219698839788,2.1600000000000366,1201.12,3.443577981651375,0.0017637044325322108,0.9807503092606726,2.4022903922729112e-05
62,3.0,0.8,351.80000000000007,0.007405578869414959,0.8684275487533938,2.4000000000000004,1203.52,3.421034678794769,0.0019596715917024237,0.982709980852375,2.9657906077442355e-05
55,3.0999999999999943,0.8,354.9000000000001,0.007652431498395443,0.8760799802517892,2.4799999999999955,1206.0,3.3981403212172436,0.0020249939780925003,0.9847349748304676,3.1668053044913326e-05
76,1.5,0.6,356.4000000000001,0.0037027894347074794,0.8797827696864967,0.8999999999999999,1206.9,3.386363636363636,0.0007348768468884087,0.985469851677356,8.808505128934892e-06
48,2.3000000000000114,0.6,358.7000000000001,0.005677610466551497,0.8854603801530482,1.3800000000000068,1208.2800000000002,3.3684973515472536,0.0011268111652288988,0.986596662842585,2.070977428091824e-05
137,3.0,0.6,361.7000000000001,0.007405578869414959,0.8928659590224631,1.7999999999999998,1210.0800000000002,3.345534973735139,0.0014697536937768173,0.9880664165363617,3.523402051573957e-05
129,3.0,0.6,364.7000000000001,0.007405578869414959,0.9002715378918781,1.7999999999999998,1211.88,3.32295037016726,0.0014697536937768173,0.9895361702301385,3.523402051573957e-05
49,3.0999999999999943,0.5,367.80000000000007,0.007652431498395443,0.9079239693902735,1.5499999999999972,1213.43,3.2991571506253394,0.0012656212363078127,0.9908017914664463,4.0791345323907866e-05
142,2.5,0.4,370.30000000000007,0.006171315724512466,0.914095285114786,1.0,1214.43,3.279584120982986,0.0008165298298760097,0.9916183212963223,2.8673731977397556e-05
120,3.0,0.4,373.30000000000007,0.007405578869414959,0.921500863984201,1.2000000000000002,1215.63,3.2564425395124563,0.0009798357958512118,0.9925981570921736,4.1290174047452475e-05
135,3.0,0.4,376.30000000000007,0.007405578869414959,0.9289064428536159,1.2000000000000002,1216.8300000000002,3.2336699441934624,0.0009798357958512118,0.9935779928880248,4.1290174047452475e-05
138,3.0,0.4,379.30000000000007,0.007405578869414959,0.9363120217230309,1.2000000000000002,1218.0300000000002,3.211257579752175,0.0009798357958512118,0.9945578286838761,4.1290174047452475e-05
132,3.0,0.3,382.30000000000007,0.007405578869414959,0.9437176005924458,0.8999999999999999,1218.9300000000003,3.188412241695004,0.0007348768468884087,0.9952927055307645,4.449826547333981e-05
144,4.0,0.3,386.30000000000007,0.009874105159219946,0.9535917057516657,1.2,1220.1300000000003,3.15850375355941,0.0009798357958512116,0.9962725413266158,7.910802750815967e-05
136,3.0,0.3,389.30000000000007,0.007405578869414959,0.9609972846210807,0.8999999999999999,1221.0300000000004,3.136475725661444,0.0007348768468884087,0.9970074181735042,4.449826547333981e-05
139,3.0,0.3,392.30000000000007,0.007405578869414959,0.9684028634904956,0.8999999999999999,1221.9300000000005,3.11478460361968,0.0007348768468884087,0.9977422950203927,4.449826547333981e-05
143,3.3999999999999773,0.3,395.70000000000005,0.008392989385336898,0.9767958528758326,1.0199999999999931,1222.9500000000005,3.090598938589842,0.0008328604264735243,0.9985751554468663,5.71555498746446e-05
145,4.100000000000023,0.2,399.80000000000007,0.0101209577882005,0.9869168106640331,0.8200000000000046,1223.7700000000004,3.06095547773887,0.0006695544604983317,0.9992447099073646,8.932902486289962e-05
140,1.3999999999999773,0.2,401.20000000000005,0.0034559368057269246,0.9903727474697601,0.2799999999999955,1224.0500000000004,3.0509720837487544,0.00022862835236527902,0.9994733382597298,1.0415519853139536e-05
133,3.0,0.2,404.20000000000005,0.007405578869414959,0.9977783263391751,0.6000000000000001,1224.6500000000003,3.0298119742701637,0.0004899178979256059,0.9999632561576555,4.782636667258106e-05
0,0.8999999999999773,0.05,405.1,0.0022216736608244316,0.9999999999999996,0.04499999999999887,1224.6950000000004,3.023191804492719,3.6743842344419514e-05,0.9999999999999999,4.773918311683099e-06
