,weight,grade,cml_weight,weight_pct,cml_weight_pct,yield,cml_yield,cml_grade,recovery,cml_recovery,distributional_heterogeneity
94,0.6000000000000227,54.0,0.6000000000000227,0.0013992537313433366,0.0013992537313433366,32.40000000000123,32.40000000000123,54.0,0.03309093880219092,0.03309093880219092,0.0010043629026297836
59,0.4000000000000057,43.0,1.0000000000000284,0.0009328358208955356,0.002332089552238872,17.200000000000244,49.60000000000147,49.600000000000065,0.017566794672767606,0.05065773347495853,0.00027668858708577315
133,3.0,22.4,4.000000000000028,0.006996268656716418,0.00932835820895529,67.19999999999999,116.80000000000146,29.20000000000016,0.06863305825639338,0.1192907917313519,0.0037990938321548462
49,3.0999999999999943,10.0,7.100000000000023,0.007229477611940285,0.016557835820895574,30.999999999999943,147.8000000000014,20.816901408450835,0.031661083421848084,0.1509518751532,0.0005969033624507201
0,3.0,7.0,10.100000000000023,0.006996268656716418,0.02355410447761199,21.0,168.8000000000014,16.712871287128813,0.021447830705122933,0.17239970585832293,0.00020884764563894342
10,3.0,6.4,13.100000000000023,0.006996268656716418,0.030550373134328408,19.200000000000003,188.00000000000142,14.351145038168022,0.0196094452161124,0.19200915107443534,0.0001590922229184961
131,3.0,6.0,16.100000000000023,0.006996268656716418,0.037546641791044826,18.0,206.00000000000142,12.795031055900692,0.01838385489010537,0.2103930059645407,0.00012967712022286958
11,3.0,5.6,19.100000000000023,0.006996268656716418,0.04454291044776124,16.799999999999997,222.80000000000143,11.664921465968648,0.017158264564098344,0.22755127052863905,0.00010326616082164701
2,3.0,5.6,22.100000000000023,0.006996268656716418,0.05153917910447766,16.799999999999997,239.60000000000144,10.841628959276072,0.017158264564098344,0.2447095350927374,0.00010326616082164701
24,3.1000000000000085,5.6,25.20000000000003,0.0072294776119403185,0.058768656716417976,17.360000000000046,256.9600000000015,10.196825396825444,0.017730206716235004,0.2624397418089724,0.00011026531172178147
134,3.0,5.4,28.20000000000003,0.006996268656716418,0.0657649253731344,16.200000000000003,273.1600000000015,9.686524822695079,0.016545469401094838,0.27898521121006725,9.11872348564373e-05
73,3.0999999999999943,5.4,31.300000000000026,0.007229477611940285,0.07299440298507469,16.73999999999997,289.90000000000146,9.261980830670966,0.017096985047797966,0.2960821962578652,9.736770299670657e-05
23,3.0,5.0,34.300000000000026,0.006996268656716418,0.0799906716417911,15.0,304.90000000000146,8.889212827988374,0.015319879075087809,0.311402075332953,6.928249039682076e-05
86,3.099999999999966,4.8,37.39999999999999,0.007229477611940219,0.08722014925373132,14.879999999999836,319.7800000000013,8.55026737967918,0.015197320042486938,0.3265993953754399,6.348651299802064e-05
60,3.5,4.5,40.89999999999999,0.00816231343283582,0.09538246268656714,15.75,335.5300000000013,8.203667481662624,0.0160858730288422,0.3426852684042821,6.278279667146476e-05
120,3.1999999999999886,4.2,44.09999999999998,0.007462686567164152,0.10284514925373128,13.439999999999953,348.9700000000012,7.913151927437673,0.01372661165127863,0.35641188005556074,3.923675745939854e-05
30,3.1000000000000085,4.0,47.19999999999999,0.0072294776119403185,0.1100746268656716,12.400000000000034,361.37000000000126,7.656144067796639,0.01266443336873929,0.36907631342430003,2.9538744078362277e-05
48,3.0,3.8,50.19999999999999,0.006996268656716418,0.11707089552238802,11.399999999999999,372.77000000000123,7.425697211155405,0.011643108097066734,0.3807194215213668,2.1593116784395232e-05
29,3.0,3.8,53.19999999999999,0.006996268656716418,0.12406716417910443,11.399999999999999,384.1700000000012,7.2212406015037836,0.011643108097066734,0.39236252961843354,2.1593116784395232e-05
9,3.0,3.7,56.19999999999999,0.006996268656716418,0.13106343283582086,11.100000000000001,395.27000000000123,7.033274021352336,0.01133671051556498,0.4036992401339985,1.8839435530044748e-05
17,3.0,3.6,59.19999999999999,0.006996268656716418,0.1380597014925373,10.8,406.07000000000124,6.859290540540563,0.011030312934063223,0.4147295530680617,1.62735132315945e-05
82,3.1000000000000227,3.4,62.30000000000001,0.0072294776119403515,0.14528917910447764,10.540000000000077,416.6100000000013,6.687158908507243,0.010764768363428446,0.42549432143149013,1.2498280697557254e-05
77,3.200000000000017,3.4,65.50000000000003,0.007462686567164219,0.15275186567164187,10.880000000000058,427.4900000000014,6.526564885496201,0.011112018955797083,0.43660634038728724,1.3317626882724843e-05
53,1.0999999999999943,3.2,66.60000000000002,0.002565298507462673,0.15531716417910454,3.519999999999982,431.01000000000136,6.471621621621639,0.003595064956287254,0.4402014053435745,1.0604189391247877e-06
76,3.0,3.2,69.60000000000002,0.006996268656716418,0.16231343283582098,9.600000000000001,440.6100000000014,6.3306034482758795,0.0098047226080562,0.4500061279516307,7.887413596796024e-06
33,3.0999999999999943,3.0,72.70000000000002,0.007229477611940285,0.16954291044776126,9.299999999999983,449.91000000000133,6.188583218707032,0.009498325026554424,0.4595044529781851,5.14766859080126e-06
88,3.1000000000000227,3.0,75.80000000000004,0.0072294776119403515,0.1767723880597016,9.300000000000068,459.2100000000014,6.058179419525081,0.00949832502655451,0.4690027780047396,5.1476685908013555e-06
31,3.0,2.9,78.80000000000004,0.006996268656716418,0.18376865671641804,8.7,467.9100000000014,5.937944162436563,0.008885529863550928,0.4778883078682905,3.569307907649792e-06
27,3.0,2.9,81.80000000000004,0.006996268656716418,0.19076492537313447,8.7,476.6100000000014,5.826528117359427,0.008885529863550928,0.48677383773184146,3.569307907649792e-06
34,3.000000000000014,2.8,84.80000000000005,0.006996268656716451,0.19776119402985093,8.40000000000004,485.0100000000014,5.719457547169824,0.008579132282049214,0.49535297001389067,2.5054572564015736e-06
127,3.0,2.8,87.80000000000005,0.006996268656716418,0.20475746268656736,8.399999999999999,493.4100000000014,5.61970387243737,0.008579132282049172,0.5039321022959399,2.5054572564015495e-06
58,3.4000000000000057,2.8,91.20000000000006,0.007929104477611953,0.2126865671641793,9.520000000000016,502.9300000000014,5.514583333333345,0.009723016586322412,0.5136551188822623,3.2181206537780006e-06
138,3.0,2.8,94.20000000000006,0.006996268656716418,0.21968283582089573,8.399999999999999,511.3300000000014,5.428131634819544,0.008579132282049172,0.5222342511643115,2.5054572564015495e-06
26,3.0999999999999943,2.8,97.30000000000005,0.007229477611940285,0.22691231343283602,8.679999999999984,520.0100000000014,5.344398766700936,0.008865103358117462,0.531099354522429,2.6752715815576443e-06
109,3.0,2.8,100.30000000000005,0.006996268656716418,0.23390858208955245,8.399999999999999,528.4100000000013,5.268295114656042,0.008579132282049172,0.5396784868044782,2.5054572564015495e-06
125,3.3000000000000114,2.7,103.60000000000007,0.007695895522388086,0.24160447761194054,8.910000000000032,537.3200000000014,5.186486486486497,0.009100008170602192,0.5487784949750804,1.9715323288748237e-06
40,3.0,2.7,106.60000000000007,0.006996268656716418,0.24860074626865697,8.100000000000001,545.4200000000014,5.116510318949354,0.008272734700547419,0.5570512296756278,1.6293655610535623e-06
25,3.0,2.6,109.60000000000007,0.006996268656716418,0.2555970149253734,7.800000000000001,553.2200000000014,5.047627737226287,0.007966337119045661,0.5650175667946735,9.410328216058213e-07
21,3.0,2.6,112.60000000000007,0.006996268656716418,0.26259328358208983,7.800000000000001,561.0200000000013,4.982415630550631,0.007966337119045661,0.5729839039137192,9.410328216058213e-07
38,3.0,2.6,115.60000000000007,0.006996268656716418,0.26958955223880626,7.800000000000001,568.8200000000013,4.920588235294126,0.007966337119045661,0.5809502410327649,9.410328216058213e-07
57,3.0,2.6,118.60000000000007,0.006996268656716418,0.2765858208955227,7.800000000000001,576.6200000000013,4.861888701517715,0.007966337119045661,0.5889165781518106,9.410328216058213e-07
47,3.0999999999999943,2.6,121.70000000000006,0.007229477611940285,0.28381529850746295,8.059999999999986,584.6800000000012,4.80427280197207,0.008231881689680502,0.5971484598414911,1.004813935070212e-06
83,3.1000000000000227,2.4,124.80000000000008,0.0072294776119403515,0.2910447761194033,7.440000000000055,592.1200000000013,4.744551282051289,0.007598660021243609,0.6047471198627348,1.3629565133895746e-07
75,3.0999999999999943,2.4,127.90000000000008,0.007229477611940285,0.2982742537313436,7.439999999999986,599.5600000000012,4.687724784988279,0.007598660021243539,0.6123457798839783,1.3629565133895495e-07
12,3.0,2.4,130.9000000000001,0.006996268656716418,0.30527052238806,7.199999999999999,606.7600000000012,4.6352941176470654,0.007353541956042147,0.6196993218400204,1.276442104110925e-07
32,3.0,2.4,133.9000000000001,0.006996268656716418,0.31226679104477645,7.199999999999999,613.9600000000013,4.5852128454070264,0.007353541956042147,0.6270528637960625,1.276442104110925e-07
28,3.0999999999999943,2.4,137.00000000000009,0.007229477611940285,0.3194962686567167,7.439999999999986,621.4000000000012,4.53576642335767,0.007598660021243539,0.634651523817306,1.3629565133895495e-07
1,3.0,2.4,140.00000000000009,0.006996268656716418,0.32649253731343314,7.199999999999999,628.6000000000013,4.490000000000006,0.007353541956042147,0.6420050657733481,1.276442104110925e-07
95,3.1000000000000227,2.3,143.1000000000001,0.0072294776119403515,0.3337220149253735,7.130000000000051,635.7300000000013,4.44255765199162,0.007282049187025124,0.6492871149603733,2.7637705068939077e-09
98,2.6999999999999886,2.2,145.8000000000001,0.006296641791044749,0.3400186567164183,5.9399999999999755,641.6700000000012,4.4010288065843675,0.006066672113734748,0.6553537870741081,5.2886052482066724e-08
22,3.200000000000003,2.2,149.0000000000001,0.007462686567164186,0.3474813432835825,7.040000000000007,648.7100000000012,4.35375838926175,0.007190129912574552,0.6625439169866826,7.428712996109311e-08
20,3.0,2.2,152.0000000000001,0.006996268656716418,0.3544776119402989,6.6000000000000005,655.3100000000012,4.311250000000005,0.006740746793038636,0.6692846637797212,6.529142281736688e-08
45,3.0999999999999943,2.0,155.1000000000001,0.007229477611940285,0.3617070895522392,6.199999999999989,661.5100000000011,4.26505480335268,0.006332216684369616,0.6756168804640907,8.050771721449781e-07
66,1.8000000000000114,2.0,156.90000000000012,0.004197761194029877,0.36590485074626905,3.6000000000000227,665.1100000000012,4.239069471000642,0.0036767709780210975,0.6792936514421118,2.714308051768753e-07
19,3.0,2.0,159.90000000000012,0.006996268656716418,0.3729011194029855,6.0,671.1100000000012,4.197060662914326,0.0061279516300351234,0.685421603072147,7.539744588246442e-07
46,3.0,1.9,162.90000000000012,0.006996268656716418,0.3798973880597019,5.699999999999999,676.8100000000012,4.154757519950895,0.005821554048533367,0.6912431571206803,1.3799544106786592e-06
42,3.0,1.9,165.90000000000012,0.006996268656716418,0.38689365671641834,5.699999999999999,682.5100000000012,4.113984327908383,0.005821554048533367,0.6970647111692136,1.3799544106786592e-06
74,3.0,1.9,168.90000000000012,0.006996268656716418,0.3938899253731348,5.699999999999999,688.2100000000013,4.074659561870934,0.005821554048533367,0.702886265217747,1.3799544106786592e-06
35,3.0999999999999943,1.9,172.0000000000001,0.007229477611940285,0.40111940298507504,5.889999999999989,694.1000000000013,4.035465116279075,0.0060156058501511355,0.7089018710678981,1.473484654069096e-06
132,2.3000000000000114,1.8,174.30000000000013,0.0053638059701492805,0.40648320895522433,4.140000000000021,698.2400000000013,4.005966724039018,0.004228286624724257,0.7131301576926224,1.2894041838344754e-06
4,3.0,1.8,177.30000000000013,0.006996268656716418,0.41347947761194076,5.4,703.6400000000012,3.9686407219402184,0.0055151564670316115,0.718645314159654,2.193693318432923e-06
110,3.0,1.8,180.30000000000013,0.006996268656716418,0.4204757462686572,5.4,709.0400000000012,3.932556849694957,0.0055151564670316115,0.7241604706266856,2.193693318432923e-06
69,3.0,1.8,183.30000000000013,0.006996268656716418,0.4274720149253736,5.4,714.4400000000012,3.8976541189307183,0.0055151564670316115,0.7296756270937172,2.193693318432923e-06
63,3.0,1.8,186.30000000000013,0.006996268656716418,0.43446828358209005,5.4,719.8400000000012,3.863875469672575,0.0055151564670316115,0.7351907835607489,2.193693318432923e-06
117,3.0,1.8,189.30000000000013,0.006996268656716418,0.4414645522388065,5.4,725.2400000000011,3.831167459059697,0.0055151564670316115,0.7407059400277805,2.193693318432923e-06
36,3.0,1.8,192.30000000000013,0.006996268656716418,0.4484608208955229,5.4,730.6400000000011,3.7994799791991714,0.0055151564670316115,0.746221096494812,2.193693318432923e-06
37,3.0999999999999943,1.8,195.40000000000012,0.007229477611940285,0.4556902985074632,5.57999999999999,736.2200000000012,3.7677584442169945,0.0056989950159326555,0.7519200915107447,2.342376976682257e-06
39,3.0999999999999943,1.8,198.5000000000001,0.007229477611940285,0.46291977611940344,5.57999999999999,741.8000000000012,3.737027707808568,0.0056989950159326555,0.7576190865266773,2.342376976682257e-06
56,2.5,1.7,201.0000000000001,0.005830223880597014,0.46875000000000044,4.25,746.0500000000012,3.7116915422885612,0.004340632404608213,0.7619597189312856,2.2188827653385e-06
143,3.0,1.7,204.0000000000001,0.006996268656716418,0.4757462686567169,5.1,751.1500000000012,3.682107843137259,0.005208758885529854,0.7671684778168154,3.19519118208744e-06
64,3.0,1.7,207.0000000000001,0.006996268656716418,0.4827425373134333,5.1,756.2500000000013,3.6533816425120813,0.005208758885529854,0.7723772367023453,3.19519118208744e-06
71,3.0,1.6,210.0000000000001,0.006996268656716418,0.48973880597014974,4.800000000000001,761.0500000000012,3.624047619047623,0.0049023613040281,0.7772795980063734,4.384448001642204e-06
16,3.0,1.6,213.0000000000001,0.006996268656716418,0.49673507462686617,4.800000000000001,765.8500000000012,3.5955399061032898,0.0049023613040281,0.7821819593104015,4.384448001642204e-06
3,3.0,1.6,216.0000000000001,0.006996268656716418,0.5037313432835826,4.800000000000001,770.6500000000011,3.5678240740740774,0.0049023613040281,0.7870843206144296,4.384448001642204e-06
50,3.0,1.5,219.0000000000001,0.006996268656716418,0.510727611940299,4.5,775.1500000000011,3.5394977168949806,0.004595963722526342,0.7916802843369559,5.761463777097223e-06
118,3.0,1.4,222.0000000000001,0.006996268656716418,0.5177238805970155,4.199999999999999,779.3500000000012,3.510585585585589,0.004289566141024586,0.7959698504779805,7.3262385084524915e-06
119,3.0,1.4,225.0000000000001,0.006996268656716418,0.5247201492537319,4.199999999999999,783.5500000000012,3.482444444444448,0.004289566141024586,0.8002594166190051,7.3262385084524915e-06
15,3.0,1.4,228.0000000000001,0.006996268656716418,0.5317164179104483,4.199999999999999,787.7500000000013,3.4550438596491264,0.004289566141024586,0.8045489827600297,7.3262385084524915e-06
130,2.8999999999999773,1.4,230.9000000000001,0.006763059701492484,0.5384794776119408,4.059999999999968,791.8100000000012,3.4292334343871844,0.0041465806029904,0.8086955633630202,6.845962872898276e-06
68,3.0,1.4,233.9000000000001,0.006996268656716418,0.5454757462686572,4.199999999999999,796.0100000000012,3.403206498503638,0.004289566141024586,0.8129851295040448,7.3262385084524915e-06
41,3.0999999999999943,1.4,237.00000000000009,0.007229477611940285,0.5527052238805975,4.339999999999992,800.3500000000013,3.377004219409287,0.004432551679058731,0.8174176811831035,7.822794674025352e-06
135,3.0,1.4,240.00000000000009,0.006996268656716418,0.5597014925373139,4.199999999999999,804.5500000000013,3.352291666666671,0.004289566141024586,0.8217072473241281,7.3262385084524915e-06
72,3.0,1.4,243.00000000000009,0.006996268656716418,0.5666977611940304,4.199999999999999,808.7500000000014,3.3281893004115273,0.004289566141024586,0.8259968134651527,7.3262385084524915e-06
62,3.0,1.4,246.00000000000009,0.006996268656716418,0.5736940298507468,4.199999999999999,812.9500000000014,3.304674796747972,0.004289566141024586,0.8302863796061773,7.3262385084524915e-06
87,3.0,1.4,249.00000000000009,0.006996268656716418,0.5806902985074632,4.199999999999999,817.1500000000015,3.2817269076305267,0.004289566141024586,0.834575945747202,7.3262385084524915e-06
44,3.0,1.4,252.00000000000009,0.006996268656716418,0.5876865671641797,4.199999999999999,821.3500000000015,3.259325396825402,0.004289566141024586,0.8388655118882266,7.3262385084524915e-06
51,3.0999999999999943,1.4,255.10000000000008,0.007229477611940285,0.5949160447761199,4.339999999999992,825.6900000000015,3.236730693845556,0.004432551679058731,0.8432980635672853,7.822794674025352e-06
70,3.1999999999999886,1.4,258.30000000000007,0.007462686567164152,0.6023787313432841,4.4799999999999836,830.1700000000016,3.2139759969028314,0.004575537217092875,0.8478736007843782,8.335631369616997e-06
52,2.1000000000000227,1.4,260.4000000000001,0.004897388059701546,0.6072761194029856,2.9400000000000315,833.1100000000016,3.199347158218131,0.003002696298717243,0.8508762970830954,3.5898568691417982e-06
81,3.0,1.4,263.4000000000001,0.006996268656716418,0.6142723880597021,4.199999999999999,837.3100000000017,3.1788534548215694,0.004289566141024586,0.85516586322412,7.3262385084524915e-06
13,2.999999999999993,1.4,266.4000000000001,0.006996268656716401,0.6212686567164185,4.1999999999999895,841.5100000000017,3.1588213213213265,0.0042895661410245756,0.8594554293651446,7.326238508452456e-06
78,3.0,1.3,269.4000000000001,0.006996268656716418,0.6282649253731349,3.9000000000000004,845.4100000000017,3.138121752041579,0.0039831685595228305,0.8634385979246675,9.078772195708006e-06
61,2.6999999999999886,1.3,272.1000000000001,0.006296641791044749,0.6345615671641797,3.509999999999985,848.9200000000017,3.1198823961778808,0.003584851703570532,0.867023449628238,7.353805478523424e-06
80,3.0,1.3,275.1000000000001,0.006996268656716418,0.6415578358208961,3.9000000000000004,852.8200000000016,3.100036350418035,0.0039831685595228305,0.8710066181877608,9.078772195708006e-06
84,3.0,1.2,278.1000000000001,0.006996268656716418,0.6485541044776125,3.5999999999999996,856.4200000000017,3.079539733908671,0.0036767709780210736,0.8746833891657819,1.1019064838863778e-05
55,2.3999999999999773,1.2,280.50000000000006,0.005597014925373081,0.6541511194029856,2.879999999999973,859.3000000000017,3.0634581105169394,0.0029414167824168315,0.8776248059481988,7.052201496872683e-06
121,3.0,1.2,283.50000000000006,0.006996268656716418,0.6611473880597021,3.5999999999999996,862.9000000000017,3.0437389770723158,0.0036767709780210736,0.8813015769262199,1.1019064838863778e-05
116,3.0,1.2,286.50000000000006,0.006996268656716418,0.6681436567164185,3.5999999999999996,866.5000000000017,3.0244328097731294,0.0036767709780210736,0.884978347904241,1.1019064838863778e-05
54,2.9000000000000057,1.2,289.4000000000001,0.006763059701492551,0.6749067164179111,3.4800000000000066,869.9800000000017,3.006150656530758,0.0035542119454203785,0.8885325598496614,1.0296703921649414e-05
139,3.0,1.2,292.4000000000001,0.006996268656716418,0.6819029850746275,3.5999999999999996,873.5800000000017,2.987619699042413,0.0036767709780210736,0.8922093308276825,1.1019064838863778e-05
97,2.3999999999999773,1.2,294.80000000000007,0.005597014925373081,0.6875000000000007,2.879999999999973,876.4600000000017,2.973066485753058,0.0029414167824168315,0.8951507476100994,7.052201496872683e-06
43,3.1000000000000227,1.2,297.9000000000001,0.0072294776119403515,0.694729477611941,3.7200000000000273,880.1800000000018,2.9546156428331707,0.0037993300106218043,0.8989500776207212,1.1765912566831384e-05
65,1.8000000000000114,1.2,299.7000000000001,0.004197761194029877,0.698927238805971,2.1600000000000135,882.3400000000017,2.9440774107440824,0.0022060625868126583,0.9011561402075339,3.96686334199101e-06
99,3.6999999999999886,1.0,303.4000000000001,0.008628731343283555,0.7075559701492545,3.6999999999999886,886.0400000000018,2.9203691496374473,0.0037789035051883145,0.9049350437127222,2.352083005916356e-05
67,3.0,1.0,306.4000000000001,0.006996268656716418,0.714552238805971,3.0,889.0400000000018,2.9015665796344696,0.0030639758150175617,0.9079990195277398,1.5462926992876068e-05
5,3.0,1.0,309.4000000000001,0.006996268656716418,0.7215485074626874,3.0,892.0400000000018,2.8831286360698174,0.0030639758150175617,0.9110629953427574,1.5462926992876068e-05
104,1.900000000000034,1.0,311.3000000000001,0.004430970149253811,0.7259794776119413,1.900000000000034,893.9400000000019,2.8716350787022216,0.001940518016177824,0.9130035133589351,6.202351827142733e-06
144,5.100000000000023,1.0,316.40000000000015,0.011893656716417964,0.7378731343283592,5.100000000000023,899.0400000000019,2.841466498103671,0.0052087588855298786,0.918212272244465,4.468785900941223e-05
107,3.099999999999966,1.0,319.5000000000001,0.007229477611940219,0.7451026119402995,3.099999999999966,902.1400000000019,2.823599374021914,0.003166108342184779,0.9213783805866498,1.6510969822392857e-05
92,3.1000000000000227,1.0,322.60000000000014,0.0072294776119403515,0.7523320895522398,3.1000000000000227,905.2400000000019,2.806075635461877,0.0031661083421848373,0.9245444889288347,1.6510969822393464e-05
137,3.0,1.0,325.60000000000014,0.006996268656716418,0.7593283582089563,3.0,908.2400000000019,2.789434889434894,0.0030639758150175617,0.9276084647438523,1.5462926992876068e-05
90,3.099999999999966,1.0,328.7000000000001,0.007229477611940219,0.7665578358208965,3.099999999999966,911.340000000002,2.772558564040163,0.003166108342184779,0.9307745730860371,1.6510969822392857e-05
14,3.0,1.0,331.7000000000001,0.006996268656716418,0.773554104477613,3.0,914.340000000002,2.756526982212848,0.0030639758150175617,0.9338385489010547,1.5462926992876068e-05
142,3.0,1.0,334.7000000000001,0.006996268656716418,0.7805503731343294,3.0,917.340000000002,2.7407827905587143,0.0030639758150175617,0.9369025247160723,1.5462926992876068e-05
136,3.0,0.9,337.7000000000001,0.006996268656716418,0.7875466417910458,2.7,920.040000000002,2.7244299674267154,0.0027575782335158058,0.9396601029495881,1.7966496503732588e-05
79,2.9999999999999716,0.9,340.70000000000005,0.006996268656716351,0.7945429104477622,2.6999999999999744,922.7400000000019,2.708365130613448,0.0027575782335157793,0.9424176811831039,1.7966496503732253e-05
100,2.6000000000000227,0.9,343.30000000000007,0.006063432835820949,0.8006063432835832,2.3400000000000207,925.080000000002,2.6946693853772263,0.002389901135713719,0.9448075823188176,1.3494835151692715e-05
102,3.3000000000000114,0.8,346.6000000000001,0.007695895522388086,0.8083022388059713,2.6400000000000095,927.720000000002,2.6766301211771544,0.002696298717215464,0.947503881036033,2.4995968214292297e-05
18,3.0,0.8,349.6000000000001,0.006996268656716418,0.8152985074626877,2.4000000000000004,930.1200000000019,2.6605263157894785,0.00245118065201405,0.949955061688047,2.0657824970489358e-05
114,3.0,0.8,352.6000000000001,0.006996268656716418,0.8222947761194042,2.4000000000000004,932.5200000000019,2.6446965399886606,0.00245118065201405,0.952406242340061,2.0657824970489358e-05
129,3.0,0.8,355.6000000000001,0.006996268656716418,0.8292910447761206,2.4000000000000004,934.9200000000019,2.6291338582677213,0.00245118065201405,0.954857422992075,2.0657824970489358e-05
140,3.0,0.8,358.6000000000001,0.006996268656716418,0.836287313432837,2.4000000000000004,937.3200000000019,2.613831567205805,0.00245118065201405,0.957308603644089,2.0657824970489358e-05
6,3.0,0.8,361.6000000000001,0.006996268656716418,0.8432835820895535,2.4000000000000004,939.7200000000018,2.5987831858407127,0.00245118065201405,0.959759784296103,2.0657824970489358e-05
96,3.0,0.8,364.6000000000001,0.006996268656716418,0.8502798507462699,2.4000000000000004,942.1200000000018,2.583982446516735,0.00245118065201405,0.962210964948117,2.0657824970489358e-05
112,3.0,0.8,367.6000000000001,0.006996268656716418,0.8572761194029863,2.4000000000000004,944.5200000000018,2.5694232861806356,0.00245118065201405,0.964662145600131,2.0657824970489358e-05
113,3.1000000000000227,0.8,370.7000000000001,0.0072294776119403515,0.8645055970149267,2.480000000000018,947.0000000000018,2.5546263825195616,0.00253288667374787,0.9671950322738788,2.205796644071174e-05
108,3.0,0.7,373.7000000000001,0.006996268656716418,0.8715018656716431,2.0999999999999996,949.1000000000018,2.539737757559544,0.002144783070512293,0.9693398153443911,2.3536912393146383e-05
91,3.0,0.7,376.7000000000001,0.006996268656716418,0.8784981343283595,2.0999999999999996,951.2000000000019,2.5250862755508403,0.002144783070512293,0.9714845984149033,2.3536912393146383e-05
111,3.0,0.7,379.7000000000001,0.006996268656716418,0.885494402985076,2.0999999999999996,953.3000000000019,2.5106663155122506,0.002144783070512293,0.9736293814854156,2.3536912393146383e-05
93,2.3999999999999773,0.7,382.1000000000001,0.005597014925373081,0.8910914179104491,1.679999999999984,954.9800000000018,2.4992933786966804,0.0017158264564098183,0.9753452079418253,1.5063623931613399e-05
101,3.0,0.7,385.1000000000001,0.006996268656716418,0.8980876865671655,2.0999999999999996,957.0800000000019,2.4852765515450574,0.002144783070512293,0.9774899910123376,2.3536912393146383e-05
141,3.0,0.7,388.1000000000001,0.006996268656716418,0.905083955223882,2.0999999999999996,959.1800000000019,2.471476423602169,0.002144783070512293,0.9796347740828498,2.3536912393146383e-05
7,3.0,0.6,391.1000000000001,0.006996268656716418,0.9120802238805984,1.7999999999999998,960.9800000000018,2.4571209409358263,0.0018383854890105368,0.9814731595718603,2.660375877170365e-05
145,1.099999999999966,0.6,392.20000000000005,0.002565298507462607,0.914645522388061,0.6599999999999795,961.6400000000018,2.451912289648143,0.0006740746793038427,0.9821472342511641,3.5767275681954914e-06
89,3.0,0.6,395.20000000000005,0.006996268656716418,0.9216417910447774,1.7999999999999998,963.4400000000018,2.43785425101215,0.0018383854890105368,0.9839856197401746,2.660375877170365e-05
146,3.0,0.6,398.20000000000005,0.006996268656716418,0.9286380597014938,1.7999999999999998,965.2400000000017,2.4240080361627365,0.0018383854890105368,0.9858240052291851,2.660375877170365e-05
128,3.0,0.6,401.20000000000005,0.006996268656716418,0.9356343283582103,1.7999999999999998,967.0400000000017,2.410368893320044,0.0018383854890105368,0.9876623907181956,2.660375877170365e-05
105,3.0,0.6,404.20000000000005,0.006996268656716418,0.9426305970149267,1.7999999999999998,968.8400000000016,2.396932211776352,0.0018383854890105368,0.9895007762072061,2.660375877170365e-05
106,3.0,0.6,407.20000000000005,0.006996268656716418,0.9496268656716431,1.7999999999999998,970.6400000000016,2.3836935166994144,0.0018383854890105368,0.9913391616962166,2.660375877170365e-05
85,3.0,0.5,410.20000000000005,0.006996268656716418,0.9566231343283595,1.5,972.1400000000016,2.369917113603124,0.0015319879075087809,0.9928711496037254,2.9858364106161174e-05
8,3.0,0.5,413.20000000000005,0.006996268656716418,0.963619402985076,1.5,973.6400000000016,2.356340755082288,0.0015319879075087809,0.9944031375112341,2.9858364106161174e-05
124,3.0,0.4,416.20000000000005,0.006996268656716418,0.9706156716417924,1.2000000000000002,974.8400000000016,2.3422393080249915,0.001225590326007025,0.9956287278372411,3.330072839651895e-05
123,2.0,0.4,418.20000000000005,0.0046641791044776115,0.97527985074627,0.8,975.6400000000016,2.332950741272122,0.0008170602173380165,0.9964457880545791,1.4800323731786201e-05
115,3.0,0.4,421.20000000000005,0.006996268656716418,0.9822761194029864,1.2000000000000002,976.8400000000016,2.319183285849956,0.001225590326007025,0.9976713783805861,3.330072839651895e-05
103,1.099999999999966,0.3,422.3,0.002565298507462607,0.984841417910449,0.32999999999998975,977.1700000000017,2.3139237508879984,0.0003370373396519213,0.998008415720238,4.965147831973041e-06
126,3.5,0.3,425.8,0.00816231343283582,0.9930037313432848,1.05,978.2200000000016,2.2973696571160205,0.0010723915352561467,0.9990808072554942,5.026699251377977e-05
122,3.0,0.3,428.8,0.006996268656716418,1.000000000000001,0.8999999999999999,979.1200000000016,2.2833955223880635,0.0009191927445052684,0.9999999999999994,3.693085164277698e-05
