,weight,grade,cml_weight,weight_pct,cml_weight_pct,yield,cml_yield,cml_grade,recovery,cml_recovery,distributional_heterogeneity
18,0.9000000000000057,21.6,0.9000000000000057,0.002620087336244558,0.002620087336244558,19.440000000000126,19.440000000000126,21.6,0.04589018459940536,0.04589018459940536,0.001872301317163396
57,2.8000000000000114,7.0,3.700000000000017,0.00815138282387194,0.010771470160116498,19.60000000000008,39.040000000000205,10.551351351351359,0.04626788159199295,0.09215806619139831,0.0014528674783401703
6,3.0,5.8,6.700000000000017,0.008733624454148471,0.01950509461426497,17.4,56.440000000000204,8.423880597014934,0.04107454794391194,0.13323261413531023,0.001045935332170735
12,3.0,5.0,9.700000000000017,0.008733624454148471,0.02823871906841344,15.0,71.4400000000002,7.364948453608255,0.0354090930550965,0.16864170719040672,0.0007115806250801643
58,3.0,3.7,12.700000000000017,0.008733624454148471,0.036972343522561915,11.100000000000001,82.54000000000019,6.499212598425204,0.026202728860771414,0.19484443605117813,0.0003051696087694931
19,2.0,3.2,14.700000000000017,0.005822416302765648,0.042794759825327565,6.4,88.9400000000002,6.050340136054428,0.015107879703507842,0.20995231575468598,8.62198305665228e-05
17,3.0,3.1,17.700000000000017,0.008733624454148471,0.051528384279476036,9.3,98.2400000000002,5.550282485875711,0.021953637694159832,0.23190595344884582,0.0001747687500660757
89,3.0,3.0,20.700000000000017,0.008733624454148471,0.06026200873362451,9.0,107.2400000000002,5.180676328502421,0.0212454558330579,0.2531514092819037,0.00015654592445426267
70,3.0999999999999943,2.9,23.80000000000001,0.009024745269286738,0.06928675400291125,8.989999999999982,116.23000000000017,4.883613445378156,0.021221849771021126,0.27437325905292487,0.0001487693582262294
2,2.9999999999999964,2.8,26.800000000000008,0.00873362445414846,0.07802037845705971,8.39999999999999,124.63000000000017,4.650373134328363,0.019829092110854016,0.2942023511637789,0.00012310940252099908
21,3.0,2.6,29.800000000000008,0.008733624454148471,0.08675400291120819,7.800000000000001,132.43000000000018,4.443959731543629,0.01841272838865018,0.31261507955242906,9.36850529748865e-05
29,3.0,2.4,32.80000000000001,0.008733624454148471,0.09548762736535665,7.199999999999999,139.63000000000017,4.257012195121955,0.016996364666446318,0.3296114442188754,6.827287581592391e-05
26,3.0,2.4,35.80000000000001,0.008733624454148471,0.10422125181950512,7.199999999999999,146.83000000000015,4.1013966480446955,0.016996364666446318,0.3466078088853217,6.827287581592391e-05
22,2.0999999999999943,2.4,37.900000000000006,0.006113537117903914,0.11033478893740903,5.039999999999986,151.87000000000015,4.007124010554093,0.011897455266512392,0.3585052641518341,3.345370914980253e-05
3,3.0,2.2,40.900000000000006,0.008733624454148471,0.11906841339155749,6.6000000000000005,158.47000000000014,3.874572127139367,0.015580000944242462,0.37408526509607654,4.687287104411171e-05
11,3.0,2.0,43.900000000000006,0.008733624454148471,0.12780203784570596,6.0,164.47000000000014,3.7464692482915747,0.0141636372220386,0.38824890231811515,2.948503865944982e-05
4,3.3000000000000043,2.0,47.20000000000001,0.009606986899563331,0.13740902474526928,6.6000000000000085,171.07000000000016,3.6243644067796636,0.015580000944242481,0.40382890326235765,3.5676896777934384e-05
94,3.0,2.0,50.20000000000001,0.008733624454148471,0.14614264919941775,6.0,177.07000000000016,3.527290836653389,0.0141636372220386,0.41799254048439627,2.948503865944982e-05
28,2.1000000000000085,1.8,52.30000000000002,0.006113537117903955,0.1522561863173217,3.7800000000000153,180.8500000000002,3.457934990439773,0.008923091449884355,0.4269156319342806,7.893595544349831e-06
56,3.0,1.8,55.30000000000002,0.008733624454148471,0.16098981077147018,5.4,186.2500000000002,3.3679927667269465,0.012747273499834741,0.43966290543411535,1.6109378661938303e-05
32,3.0,1.8,58.30000000000002,0.008733624454148471,0.16972343522561864,5.4,191.6500000000002,3.287307032590054,0.012747273499834741,0.4524101789339501,1.6109378661938303e-05
5,3.0,1.8,61.30000000000002,0.008733624454148471,0.1784570596797671,5.4,197.0500000000002,3.214518760195761,0.012747273499834741,0.4651574524337848,1.6109378661938303e-05
30,3.0,1.7,64.30000000000001,0.008733624454148471,0.18719068413391557,5.1,202.1500000000002,3.143856920684295,0.01203909163873281,0.4771965440725176,1.0926113308363916e-05
20,3.0,1.6,67.30000000000001,0.008733624454148471,0.19592430858806403,4.800000000000001,206.95000000000022,3.075037147102529,0.011330909777630882,0.4885274538501485,6.745891051577127e-06
23,3.0,1.6,70.30000000000001,0.008733624454148471,0.2046579330422125,4.800000000000001,211.75000000000023,3.0120910384068305,0.011330909777630882,0.4998583636277794,6.745891051577127e-06
7,3.0,1.6,73.30000000000001,0.008733624454148471,0.21339155749636096,4.800000000000001,216.55000000000024,2.9542974079126902,0.011330909777630882,0.5111892734054103,6.745891051577127e-06
64,1.8000000000000114,1.6,75.10000000000002,0.005240174672489116,0.21863173216885007,2.8800000000000185,219.43000000000026,2.9218375499334246,0.006798545866578572,0.5179878192719889,2.428520778567796e-06
15,3.0,1.5,78.10000000000002,0.008733624454148471,0.22736535662299853,4.5,223.93000000000026,2.867221510883485,0.01062272791652895,0.5286105471885179,3.5687118915779148e-06
66,3.0,1.5,81.10000000000002,0.008733624454148471,0.236098981077147,4.5,228.43000000000026,2.8166461159062908,0.01062272791652895,0.5392332751050468,3.5687118915779148e-06
69,4.0,1.5,85.10000000000002,0.011644832605531296,0.24774381368267828,6.0,234.43000000000026,2.7547591069330224,0.0141636372220386,0.5533969123270854,6.344376696138515e-06
61,2.200000000000017,1.5,87.30000000000004,0.006404657933042262,0.2541484716157205,3.3000000000000256,237.7300000000003,2.723138602520048,0.007790000472121291,0.5611869127992067,1.9191739505819306e-06
31,3.0,1.5,90.30000000000004,0.008733624454148471,0.262882096069869,4.5,242.2300000000003,2.6825027685492824,0.01062272791652895,0.5718096407157357,3.5687118915779148e-06
93,3.0,1.4,93.30000000000004,0.008733624454148471,0.2716157205240175,4.199999999999999,246.4300000000003,2.6412647374062184,0.009914546055427019,0.5817241867711627,1.394575828366291e-06
0,3.0,1.4,96.30000000000004,0.008733624454148471,0.280349344978166,4.199999999999999,250.63000000000028,2.602596053997925,0.009914546055427019,0.5916387328265896,1.394575828366291e-06
25,3.0,1.4,99.30000000000004,0.008733624454148471,0.2890829694323145,4.199999999999999,254.83000000000027,2.5662638469285013,0.009914546055427019,0.6015532788820166,1.394575828366291e-06
13,3.0,1.4,102.30000000000004,0.008733624454148471,0.297816593886463,4.199999999999999,259.03000000000026,2.5320625610948206,0.009914546055427019,0.6114678249374436,1.394575828366291e-06
42,3.0,1.3,105.30000000000004,0.008733624454148471,0.30655021834061147,3.9000000000000004,262.93000000000023,2.4969610636277317,0.00920636419432509,0.6206741891317686,2.2348286194225765e-07
1,3.1999999999999993,1.3,108.50000000000004,0.009315866084425034,0.3158660844250365,4.159999999999999,267.09000000000026,2.4616589861751166,0.009820121807280095,0.6304943109390487,2.542738340320797e-07
14,2.9000000000000057,1.2,111.40000000000005,0.008442503639010206,0.3243085880640467,3.4800000000000066,270.5700000000003,2.428815080789948,0.008214909588782404,0.6387092205278311,5.1799051699094956e-08
114,2.0,1.2,113.40000000000005,0.005822416302765648,0.33013100436681236,2.4,272.97000000000025,2.4071428571428584,0.00566545488881544,0.6443746754166465,2.4636885469248402e-08
59,3.0,1.2,116.40000000000005,0.008733624454148471,0.33886462882096086,3.5999999999999996,276.5700000000003,2.376030927835053,0.008498182333223159,0.6528728577498697,5.54329923058089e-08
80,3.0,1.2,119.40000000000005,0.008733624454148471,0.34759825327510935,3.5999999999999996,280.1700000000003,2.346482412060303,0.008498182333223159,0.6613710400830929,5.54329923058089e-08
27,3.0,1.2,122.40000000000005,0.008733624454148471,0.35633187772925784,3.5999999999999996,283.7700000000003,2.3183823529411782,0.008498182333223159,0.6698692224163161,5.54329923058089e-08
102,3.0,1.2,125.40000000000005,0.008733624454148471,0.36506550218340633,3.5999999999999996,287.37000000000035,2.291626794258375,0.008498182333223159,0.6783674047495393,5.54329923058089e-08
81,3.1000000000000227,1.1,128.50000000000006,0.009024745269286821,0.37409024745269315,3.4100000000000255,290.78000000000037,2.2628793774319087,0.008049667154525332,0.6864170719040646,9.507773298868193e-07
16,2.8999999999999915,1.1,131.40000000000003,0.008442503639010165,0.3825327510917033,3.189999999999991,293.97000000000037,2.2372146118721483,0.007530333789717168,0.6939474056937818,8.320538339592077e-07
40,3.0,1.1,134.40000000000003,0.008733624454148471,0.3912663755458518,3.3000000000000003,297.2700000000004,2.2118303571428592,0.007790000472121231,0.701737406165903,8.904262194569457e-07
92,3.0,1.1,137.40000000000003,0.008733624454148471,0.4000000000000003,3.3000000000000003,300.5700000000004,2.187554585152841,0.007790000472121231,0.7095274066380242,8.904262194569457e-07
49,3.0,1.1,140.40000000000003,0.008733624454148471,0.4087336244541488,3.3000000000000003,303.8700000000004,2.164316239316242,0.007790000472121231,0.7173174071101454,8.904262194569457e-07
24,3.0,1.1,143.40000000000003,0.008733624454148471,0.4174672489082973,3.3000000000000003,307.1700000000004,2.1420502092050233,0.007790000472121231,0.7251074075822665,8.904262194569457e-07
75,3.0,1.1,146.40000000000003,0.008733624454148471,0.4262008733624458,3.3000000000000003,310.4700000000004,2.120696721311478,0.007790000472121231,0.7328974080543877,8.904262194569457e-07
63,2.1999999999999886,1.0,148.60000000000002,0.006404657933042179,0.43260553129548796,2.1999999999999886,312.6700000000004,2.104104979811577,0.0051933336480807935,0.7380907417024686,1.4673065233372129e-06
88,3.0,1.0,151.60000000000002,0.008733624454148471,0.44133915574963645,3.0,315.6700000000004,2.0822559366754643,0.0070818186110193,0.7451725603134879,2.728462543395672e-06
83,3.0,1.0,154.60000000000002,0.008733624454148471,0.45007278020378494,3.0,318.6700000000004,2.0612548512289806,0.0070818186110193,0.7522543789245072,2.728462543395672e-06
71,2.9000000000000057,1.0,157.50000000000003,0.008442503639010206,0.45851528384279516,2.9000000000000057,321.5700000000004,2.041714285714288,0.006845757990652003,0.7591001369151592,2.549596665550854e-06
101,3.0,1.0,160.50000000000003,0.008733624454148471,0.46724890829694365,3.0,324.5700000000004,2.022242990654208,0.0070818186110193,0.7661819555261785,2.728462543395672e-06
55,3.0,1.0,163.50000000000003,0.008733624454148471,0.47598253275109215,3.0,327.5700000000004,2.003486238532112,0.0070818186110193,0.7732637741371978,2.728462543395672e-06
52,3.0,1.0,166.50000000000003,0.008733624454148471,0.48471615720524064,3.0,330.5700000000004,1.9854054054054073,0.0070818186110193,0.7803455927482171,2.728462543395672e-06
103,3.0,1.0,169.50000000000003,0.008733624454148471,0.49344978165938913,3.0,333.5700000000004,1.9679646017699135,0.0070818186110193,0.7874274113592364,2.728462543395672e-06
35,2.999999999999986,1.0,172.5,0.00873362445414843,0.5021834061135375,2.999999999999986,336.5700000000004,1.951130434782611,0.007081818611019267,0.7945092299702557,2.7284625433956457e-06
95,3.0,1.0,175.5,0.008733624454148471,0.510917030567686,3.0,339.5700000000004,1.934871794871797,0.0070818186110193,0.8015910485812751,2.728462543395672e-06
53,3.0,0.9,178.5,0.008733624454148471,0.5196506550218345,2.7,342.2700000000004,1.9174789915966408,0.006373636749917371,0.8079646853311925,5.569541964121983e-06
73,3.0,0.9,181.5,0.008733624454148471,0.528384279475983,2.7,344.97000000000037,1.9006611570247953,0.006373636749917371,0.8143383220811099,5.569541964121983e-06
79,3.1999999999999886,0.9,184.7,0.009315866084425002,0.537700145560408,2.8799999999999897,347.85000000000036,1.8833243096913936,0.006798545866578504,0.8211368679476884,6.336901079178745e-06
39,3.3999999999999773,0.9,188.09999999999997,0.009898107714701536,0.5475982532751096,3.0599999999999796,350.91000000000037,1.865550239234452,0.007223454983239638,0.828360322930928,7.1537672339165846e-06
96,1.5,0.9,189.59999999999997,0.004366812227074236,0.5519650655021838,1.35,352.2600000000004,1.8579113924050656,0.0031868183749586853,0.8315471413058867,1.3923854910304957e-06
46,2.8000000000000114,0.9,192.39999999999998,0.00815138282387194,0.5601164483260558,2.5200000000000102,354.7800000000004,1.8439708939708963,0.0059487276332562365,0.837495868939143,4.8516898887463e-06
47,1.8000000000000114,0.9,194.2,0.005240174672489116,0.5653566229985449,1.6200000000000103,356.40000000000043,1.8352214212152445,0.0038241820499504463,0.8413200509890935,2.005035107083939e-06
91,3.0,0.9,197.2,0.008733624454148471,0.5740902474526934,2.7,359.1000000000004,1.8209939148073044,0.006373636749917371,0.8476936877390109,5.569541964121983e-06
85,3.0,0.8,200.2,0.008733624454148471,0.5828238719068419,2.4000000000000004,361.5000000000004,1.8056943056943078,0.005665454888815441,0.8533591426278263,9.41366448163588e-06
67,3.0,0.8,203.2,0.008733624454148471,0.5915574963609904,2.4000000000000004,363.9000000000004,1.7908464566929154,0.005665454888815441,0.8590245975166417,9.41366448163588e-06
37,3.4000000000000057,0.8,206.6,0.009898107714701617,0.601455604075692,2.7200000000000046,366.6200000000004,1.77454017424976,0.006420848873990843,0.8654454463906326,1.2091329045301238e-05
34,3.200000000000003,0.8,209.8,0.009315866084425044,0.610771470160117,2.5600000000000023,369.1800000000004,1.759675881792185,0.0060431518814031415,0.8714885982720357,1.0710658254661286e-05
33,2.799999999999997,0.8,212.60000000000002,0.008151382823871898,0.6189228529839889,2.239999999999998,371.4200000000004,1.7470366886171231,0.005287757896227739,0.8767763561682634,8.200347726225016e-06
51,3.0,0.8,215.60000000000002,0.008733624454148471,0.6276564774381374,2.4000000000000004,373.8200000000004,1.7338589981447141,0.005665454888815441,0.8824418110570789,9.41366448163588e-06
104,3.0,0.8,218.60000000000002,0.008733624454148471,0.6363901018922858,2.4000000000000004,376.22000000000037,1.7210430009149147,0.005665454888815441,0.8881072659458943,9.41366448163588e-06
76,2.3999999999999773,0.8,221.0,0.0069868995633187115,0.6433770014556045,1.919999999999982,378.1400000000003,1.7110407239819019,0.004532363911052309,0.8926396298569466,6.0247452682468495e-06
60,3.6999999999999886,0.7,224.7,0.010771470160116415,0.6541484716157209,2.589999999999992,380.7300000000003,1.6943925233644874,0.00611397006751331,0.8987535999244599,2.169230711259793e-05
38,2.200000000000017,0.7,226.9,0.006404657933042262,0.6605531295487631,1.5400000000000118,382.2700000000003,1.6847509916262684,0.003635333553656602,0.9023889334781166,7.66915751825977e-06
41,3.0,0.7,229.9,0.008733624454148471,0.6692867540029116,2.0999999999999996,384.37000000000035,1.6719008264462825,0.004957273027713509,0.9073462065058301,1.4260830095937368e-05
43,3.0,0.7,232.9,0.008733624454148471,0.6780203784570601,2.0999999999999996,386.47000000000037,1.6593817088879363,0.004957273027713509,0.9123034795335436,1.4260830095937368e-05
99,3.0,0.6,235.9,0.008733624454148471,0.6867540029112086,1.7999999999999998,388.2700000000004,1.645909283594745,0.0042490911666115795,0.9165525707001552,2.011103880702644e-05
36,3.0,0.6,238.9,0.008733624454148471,0.6954876273653571,1.7999999999999998,390.0700000000004,1.6327752197572223,0.0042490911666115795,0.9208016618667667,2.011103880702644e-05
82,3.0,0.6,241.9,0.008733624454148471,0.7042212518195056,1.7999999999999998,391.8700000000004,1.6199669284828457,0.0042490911666115795,0.9250507530333782,2.011103880702644e-05
97,2.7999999999999545,0.6,244.69999999999996,0.008151382823871775,0.7123726346433773,1.6799999999999726,393.55000000000035,1.6082958724969367,0.003965818422170743,0.929016571455549,1.7518949360786908e-05
65,3.0,0.6,247.69999999999996,0.008733624454148471,0.7211062590975258,1.7999999999999998,395.35000000000036,1.596083972547438,0.0042490911666115795,0.9332656626221605,2.011103880702644e-05
45,3.0,0.6,250.69999999999996,0.008733624454148471,0.7298398835516743,1.7999999999999998,397.1500000000004,1.5841643398484262,0.0042490911666115795,0.937514753788772,2.011103880702644e-05
54,3.0999999999999943,0.6,253.79999999999995,0.009024745269286738,0.738864628820961,1.8599999999999965,399.0100000000004,1.5721434200157622,0.004390727538831958,0.941905481327604,2.1474120326169264e-05
48,2.799999999999983,0.6,256.5999999999999,0.008151382823871857,0.7470160116448329,1.6799999999999897,400.6900000000004,1.561535463756822,0.003965818422170784,0.9458712997497748,1.7518949360787267e-05
50,3.0,0.5,259.5999999999999,0.008733624454148471,0.7557496360989814,1.5,402.1900000000004,1.5492681047765815,0.00354090930550965,0.9494122090552845,2.6964290614903095e-05
112,3.0,0.5,262.5999999999999,0.008733624454148471,0.7644832605531299,1.5,403.6900000000004,1.5372810357958893,0.00354090930550965,0.9529531183607941,2.6964290614903095e-05
78,3.0,0.5,265.5999999999999,0.008733624454148471,0.7732168850072784,1.5,405.1900000000004,1.5255647590361465,0.00354090930550965,0.9564940276663038,2.6964290614903095e-05
90,3.0,0.5,268.5999999999999,0.008733624454148471,0.7819505094614269,1.5,406.6900000000004,1.5141102010424443,0.00354090930550965,0.9600349369718134,2.6964290614903095e-05
68,3.0,0.5,271.5999999999999,0.008733624454148471,0.7906841339155753,1.5,408.1900000000004,1.5029086892488974,0.00354090930550965,0.9635758462773231,2.6964290614903095e-05
8,3.0,0.4,274.5999999999999,0.008733624454148471,0.7994177583697238,1.2000000000000002,409.3900000000004,1.4908594319009487,0.0028327274444077204,0.9664085737217308,3.482058551956734e-05
98,0.7000000000000455,0.4,275.29999999999995,0.002037845705968109,0.8014556040756919,0.2800000000000182,409.6700000000004,1.4880857246640047,0.0006609697370285109,0.9670695434587594,1.895787433843357e-06
9,2.6999999999999957,0.4,277.99999999999994,0.007860262008733613,0.8093158660844255,1.0799999999999983,410.7500000000004,1.4775179856115126,0.002549454699966944,0.9696189981587263,2.8204674270849458e-05
105,3.599999999999966,0.4,281.5999999999999,0.010480349344978067,0.8197962154294036,1.4399999999999864,412.1900000000004,1.4637428977272746,0.003399272933289232,0.9730182710920156,5.014164314817602e-05
62,2.0999999999999943,0.4,283.69999999999993,0.006113537117903914,0.8259097525473076,0.8399999999999977,413.03000000000037,1.4558688755727898,0.001982909211085399,0.9750011803031009,1.7062086904587907e-05
44,3.0,0.3,286.69999999999993,0.008733624454148471,0.8346433770014561,0.8999999999999999,413.93000000000035,1.4437739797697957,0.0021245455833057898,0.9771257258864067,4.367992352101917e-05
72,2.8000000000000114,0.3,289.49999999999994,0.00815138282387194,0.842794759825328,0.8400000000000034,414.7700000000003,1.4327115716753036,0.0019829092110854123,0.9791086350974921,3.805006671164368e-05
108,3.0,0.2,292.49999999999994,0.008733624454148471,0.8515283842794765,0.6000000000000001,415.37000000000035,1.4200683760683774,0.0014163637222038602,0.980524998819696,5.354230461925859e-05
118,3.0,0.2,295.49999999999994,0.008733624454148471,0.860262008733625,0.6000000000000001,415.97000000000037,1.407681895093064,0.0014163637222038602,0.9819413625418999,5.354230461925859e-05
117,3.0,0.2,298.49999999999994,0.008733624454148471,0.8689956331877735,0.6000000000000001,416.5700000000004,1.3955443886097167,0.0014163637222038602,0.9833577262641038,5.354230461925859e-05
111,3.0,0.2,301.49999999999994,0.008733624454148471,0.877729257641922,0.6000000000000001,417.1700000000004,1.3836484245439487,0.0014163637222038602,0.9847740899863077,5.354230461925859e-05
110,3.0,0.2,304.49999999999994,0.008733624454148471,0.8864628820960705,0.6000000000000001,417.77000000000044,1.3719868637110033,0.0014163637222038602,0.9861904537085115,5.354230461925859e-05
109,3.0,0.2,307.49999999999994,0.008733624454148471,0.895196506550219,0.6000000000000001,418.37000000000046,1.360552845528457,0.0014163637222038602,0.9876068174307154,5.354230461925859e-05
106,2.400000000000034,0.2,309.9,0.006986899563318876,0.9021834061135379,0.48000000000000687,418.8500000000005,1.3515650209745096,0.0011330909777631042,0.9887399084084786,3.426707495632648e-05
107,1.8999999999999773,0.2,311.79999999999995,0.005531295487627299,0.9077147016011652,0.37999999999999545,419.2300000000005,1.344547787042978,0.0008970303573957673,0.9896369387658743,2.147641329727988e-05
10,3.0,0.2,314.79999999999995,0.008733624454148471,0.9164483260553137,0.6000000000000001,419.8300000000005,1.3336404066073715,0.0014163637222038602,0.9910533024880782,5.354230461925859e-05
100,3.0,0.2,317.79999999999995,0.008733624454148471,0.9251819505094622,0.6000000000000001,420.4300000000005,1.3229389553178117,0.0014163637222038602,0.9924696662102821,5.354230461925859e-05
77,3.1000000000000227,0.2,320.9,0.009024745269286821,0.934206695778749,0.6200000000000045,421.0500000000005,1.312090994079154,0.0014635758462773329,0.9939332420565594,5.717128304345364e-05
119,3.1000000000000227,0.2,324.0,0.009024745269286821,0.9432314410480359,0.6200000000000045,421.6700000000005,1.3014506172839522,0.0014635758462773329,0.9953968179028367,5.717128304345364e-05
74,0.5,0.1,324.5,0.001455604075691412,0.9446870451237274,0.05,421.72000000000054,1.299599383667182,0.00011803031018365501,0.9955148482130204,1.7891035781745998e-06
113,4.0,0.1,328.5,0.011644832605531296,0.9563318777292587,0.4,422.1200000000005,1.2849923896499256,0.0009442424814692401,0.9964590906944897,0.00011450262900317438
84,3.0,0.1,331.5,0.008733624454148471,0.9650655021834071,0.30000000000000004,422.4200000000005,1.2742684766214194,0.0007081818611019301,0.9971672725555916,6.440772881428558e-05
115,3.0,0.1,334.5,0.008733624454148471,0.9737991266375556,0.30000000000000004,422.72000000000054,1.263736920777281,0.0007081818611019301,0.9978754544166935,6.440772881428558e-05
116,3.0,0.1,337.5,0.008733624454148471,0.9825327510917041,0.30000000000000004,423.02000000000055,1.2533925925925942,0.0007081818611019301,0.9985836362777953,6.440772881428558e-05
86,3.0,0.1,340.5,0.008733624454148471,0.9912663755458526,0.30000000000000004,423.32000000000056,1.2432305433186508,0.0007081818611019301,0.9992918181388972,6.440772881428558e-05
87,3.0,0.1,343.5,0.008733624454148471,1.000000000000001,0.30000000000000004,423.6200000000006,1.2332459970887935,0.0007081818611019301,0.9999999999999991,6.440772881428558e-05
