,weight,grade,cml_weight,weight_pct,cml_weight_pct,yield,cml_yield,cml_grade,recovery,cml_recovery,distributional_heterogeneity
85,1.5,26.0,1.5,0.004950495049504951,0.004950495049504951,39.0,39.0,26.0,0.11318454885799675,0.11318454885799675,0.011714610403819496
82,3.400000000000034,15.0,4.900000000000034,0.011221122112211336,0.016171617161716285,51.00000000000051,90.00000000000051,18.367346938775487,0.14801056389122802,0.2611951127492248,0.018711351382214986
96,1.6999999999999886,8.0,6.600000000000023,0.005610561056105574,0.02178217821782186,13.599999999999909,103.60000000000042,15.696969696969706,0.03946948370432681,0.3006645964535516,0.0011464266428982287
24,3.0,4.0,9.600000000000023,0.009900990099009903,0.03168316831683177,12.0,115.60000000000042,12.041666666666682,0.034826015033229775,0.3354906114867814,0.000621256867971482
25,3.0,3.4,12.600000000000023,0.009900990099009903,0.04158415841584167,10.2,125.80000000000042,9.984126984127,0.029602112778245305,0.3650927242650267,0.00038813423482228336
86,3.0,3.2,15.600000000000023,0.009900990099009903,0.05148514851485157,9.600000000000001,135.40000000000043,8.679487179487195,0.02786081202658382,0.3929535362916105,0.0003225552036701647
97,3.1000000000000227,1.8,18.700000000000045,0.010231023102310308,0.06171617161716188,5.580000000000041,140.98000000000047,7.539037433155087,0.01619409699045196,0.4091476332820625,3.555825019543682e-05
20,3.0,1.8,21.700000000000045,0.009900990099009903,0.07161716171617177,5.4,146.38000000000048,6.7456221198156765,0.0156717067649534,0.4248193400470159,3.330117083859799e-05
16,3.0,1.8,24.700000000000045,0.009900990099009903,0.08151815181518168,5.4,151.78000000000048,6.144939271255069,0.0156717067649534,0.44049104681196927,3.330117083859799e-05
14,3.0,1.6,27.700000000000045,0.009900990099009903,0.09141914191419159,4.800000000000001,156.5800000000005,5.652707581227445,0.01393040601329191,0.4544214528252612,1.623619261026909e-05
15,3.0,1.6,30.700000000000045,0.009900990099009903,0.1013201320132015,4.800000000000001,161.3800000000005,5.256677524429977,0.01393040601329191,0.4683518588385531,1.623619261026909e-05
23,3.0,1.6,33.700000000000045,0.009900990099009903,0.11122112211221141,4.800000000000001,166.18000000000052,4.931157270029682,0.01393040601329191,0.48228226485184506,1.623619261026909e-05
59,2.9000000000000057,1.6,36.60000000000005,0.009570957095709591,0.12079207920792101,4.6400000000000095,170.82000000000053,4.667213114754106,0.013466059146182206,0.49574832399802726,1.5171819983595952e-05
26,3.0,1.5,39.60000000000005,0.009900990099009903,0.13069306930693092,4.5,175.32000000000053,4.427272727272735,0.013059755637461165,0.5088080796354885,9.97779972690728e-06
13,3.0,1.5,42.60000000000005,0.009900990099009903,0.14059405940594083,4.5,179.82000000000053,4.221126760563387,0.013059755637461165,0.5218678352729497,9.97779972690728e-06
29,3.0,1.4,45.60000000000005,0.009900990099009903,0.15049504950495074,4.199999999999999,184.02000000000052,4.035526315789481,0.012189105261630417,0.5340569405345801,5.2354709974139076e-06
11,3.0,1.4,48.60000000000005,0.009900990099009903,0.16039603960396065,4.199999999999999,188.2200000000005,3.872839506172846,0.012189105261630417,0.5462460457962105,5.2354709974139076e-06
65,3.0,1.4,51.60000000000005,0.009900990099009903,0.17029702970297056,4.199999999999999,192.4200000000005,3.7290697674418665,0.012189105261630417,0.5584351510578409,5.2354709974139076e-06
60,3.4000000000000057,1.3,55.00000000000006,0.011221122112211242,0.1815181518151818,4.420000000000008,196.84000000000052,3.5789090909090966,0.012827582203906323,0.5712627332617473,2.5807140262089583e-06
28,3.0999999999999943,1.2,58.10000000000005,0.010231023102310215,0.19174917491749202,3.719999999999993,200.5600000000005,3.4519793459552552,0.010796064660301209,0.5820587979220485,3.1927196225688974e-07
49,3.0,1.2,61.10000000000005,0.009900990099009903,0.20165016501650193,3.5999999999999996,204.1600000000005,3.3414075286415765,0.01044780450996893,0.5925066024320175,2.9900600003246807e-07
12,3.0,1.2,64.10000000000005,0.009900990099009903,0.21155115511551184,3.5999999999999996,207.7600000000005,3.2411856474259024,0.01044780450996893,0.6029544069419864,2.9900600003246807e-07
19,3.0,1.2,67.10000000000005,0.009900990099009903,0.22145214521452175,3.5999999999999996,211.3600000000005,3.149925484351719,0.01044780450996893,0.6134022114519554,2.9900600003246807e-07
22,3.0,1.2,70.10000000000005,0.009900990099009903,0.23135313531353166,3.5999999999999996,214.9600000000005,3.0664764621968663,0.01044780450996893,0.6238500159619244,2.9900600003246807e-07
31,3.0,1.2,73.10000000000005,0.009900990099009903,0.24125412541254157,3.5999999999999996,218.56000000000049,2.9898768809849567,0.01044780450996893,0.6342978204718933,2.9900600003246807e-07
62,3.0,1.2,76.10000000000005,0.009900990099009903,0.25115511551155145,3.5999999999999996,222.16000000000048,2.9193166885676787,0.01044780450996893,0.6447456249818623,2.9900600003246807e-07
53,3.0,1.1,79.10000000000005,0.009900990099009903,0.26105610561056136,3.3000000000000003,225.4600000000005,2.8503160556257945,0.009577154134138188,0.6543227791160005,1.0486973214439505e-07
39,3.0,1.0,82.10000000000005,0.009900990099009903,0.27095709570957127,3.0,228.4600000000005,2.782704019488433,0.008706503758307444,0.6630292828743078,1.4267976181247547e-06
0,3.9000000000000004,1.0,86.00000000000006,0.012871287128712874,0.28382838283828415,3.9000000000000004,232.3600000000005,2.701860465116283,0.011318454885799677,0.6743477377601075,2.4112879746308357e-06
52,3.0,1.0,89.00000000000006,0.009900990099009903,0.29372937293729406,3.0,235.3600000000005,2.6444943820224758,0.008706503758307444,0.6830542415184149,1.4267976181247547e-06
34,3.0,1.0,92.00000000000006,0.009900990099009903,0.303630363036304,3.0,238.3600000000005,2.590869565217395,0.008706503758307444,0.6917607452767223,1.4267976181247547e-06
61,3.0,1.0,95.00000000000006,0.009900990099009903,0.3135313531353139,3.0,241.3600000000005,2.540631578947372,0.008706503758307444,0.7004672490350297,1.4267976181247547e-06
87,3.3000000000000114,1.0,98.30000000000007,0.01089108910891093,0.32442244224422484,3.3000000000000114,244.6600000000005,2.4889114954221805,0.00957715413413822,0.7100444031691678,1.726425117930965e-06
36,3.0,1.0,101.30000000000007,0.009900990099009903,0.33432343234323475,3.0,247.6600000000005,2.4448173741362322,0.008706503758307444,0.7187509069274752,1.4267976181247547e-06
50,3.0,1.0,104.30000000000007,0.009900990099009903,0.34422442244224466,3.0,250.6600000000005,2.4032598274209045,0.008706503758307444,0.7274574106857826,1.4267976181247547e-06
32,3.0,1.0,107.30000000000007,0.009900990099009903,0.35412541254125457,3.0,253.6600000000005,2.364026095060581,0.008706503758307444,0.73616391444409,1.4267976181247547e-06
21,3.0,0.9,110.30000000000007,0.009900990099009903,0.3640264026402645,2.7,256.3600000000005,2.3242067089755247,0.0078358533824767,0.7439997678265667,4.264789657973545e-06
69,2.0,0.8,112.30000000000007,0.006600660066006602,0.3706270627062711,1.6,257.96000000000055,2.2970614425645626,0.004643468671097303,0.7486432364976641,3.830598156307008e-06
58,3.0,0.8,115.30000000000007,0.009900990099009903,0.380528052805281,2.4000000000000004,260.3600000000005,2.2581092801387714,0.006965203006645955,0.75560843950431,8.618845851690769e-06
70,3.0,0.8,118.30000000000007,0.009900990099009903,0.3904290429042909,2.4000000000000004,262.7600000000005,2.221132713440409,0.006965203006645955,0.7625736425109559,8.618845851690769e-06
83,3.0,0.8,121.30000000000007,0.009900990099009903,0.40033003300330083,2.4000000000000004,265.1600000000005,2.185985160758453,0.006965203006645955,0.7695388455176019,8.618845851690769e-06
84,2.6999999999999886,0.8,124.00000000000006,0.008910891089108875,0.4092409240924097,2.159999999999991,267.32000000000045,2.155806451612906,0.006268682705981333,0.7758075282235832,6.9812651398694635e-06
30,3.0,0.8,127.00000000000006,0.009900990099009903,0.4191419141914196,2.4000000000000004,269.7200000000004,2.1237795275590576,0.006965203006645955,0.7827727312302292,8.618845851690769e-06
17,2.999999999999993,0.8,130.00000000000006,0.009900990099009879,0.42904290429042946,2.3999999999999946,272.1200000000004,2.0932307692307712,0.006965203006645939,0.7897379342368751,8.618845851690727e-06
67,3.0,0.8,133.00000000000006,0.009900990099009903,0.43894389438943937,2.4000000000000004,274.5200000000004,2.064060150375942,0.006965203006645955,0.796703137243521,8.618845851690769e-06
33,2.9000000000000057,0.8,135.90000000000006,0.009570957095709591,0.44851485148514897,2.3200000000000047,276.8400000000004,2.0370860927152337,0.006733029573091103,0.8034361668166121,8.053832623635515e-06
3,3.0,0.8,138.90000000000006,0.009900990099009903,0.4584158415841589,2.4000000000000004,279.24000000000035,2.0103671706263517,0.006965203006645955,0.810401369823258,8.618845851690769e-06
2,3.0,0.8,141.90000000000006,0.009900990099009903,0.4683168316831688,2.4000000000000004,281.6400000000003,1.9847780126849908,0.006965203006645955,0.817366572829904,8.618845851690769e-06
99,3.1000000000000227,0.8,145.00000000000009,0.010231023102310308,0.4785478547854791,2.480000000000018,284.12000000000035,1.9594482758620702,0.007197376440200872,0.8245639492701049,9.203012070527722e-06
54,3.3000000000000114,0.8,148.3000000000001,0.01089108910891093,0.4894389438943901,2.6400000000000095,286.76000000000033,1.9336480107889422,0.007661723307310577,0.8322256725774155,1.04288034805459e-05
18,3.0,0.7,151.3000000000001,0.009900990099009903,0.4993399339934,2.0999999999999996,288.86000000000035,1.90918704560476,0.006094552630815209,0.8383202252082307,1.4488966199276429e-05
56,2.0999999999999943,0.7,153.4000000000001,0.006930693069306913,0.5062706270627069,1.469999999999996,290.3300000000003,1.8926336375488928,0.004266186841570635,0.8425864120498013,7.099593437645412e-06
10,2.1000000000000014,0.6,155.50000000000009,0.006930693069306937,0.5132013201320138,1.260000000000001,291.5900000000003,1.875176848874599,0.0036567315784891284,0.8462431436282905,1.0718823843357969e-05
55,3.0999999999999943,0.6,158.60000000000008,0.010231023102310215,0.523432343234324,1.8599999999999965,293.45000000000033,1.850252206809585,0.005398032330150604,0.851641175958441,2.335779980377994e-05
9,4.100000000000001,0.6,162.70000000000007,0.01353135313531354,0.5369636963696375,2.460000000000001,295.9100000000003,1.8187461585740639,0.007139333081812106,0.8587805090402532,4.085792036436447e-05
35,3.0,0.6,165.70000000000007,0.009900990099009903,0.5468646864686474,1.7999999999999998,297.7100000000003,1.7966807483403753,0.005223902254984465,0.8640044112952376,2.1875150700730516e-05
4,2.0,0.6,167.70000000000007,0.006600660066006602,0.553465346534654,1.2,298.9100000000003,1.7824090638044137,0.003482601503322977,0.8674870127985607,9.722289200324674e-06
27,2.9000000000000057,0.6,170.60000000000008,0.009570957095709591,0.5630363036303635,1.7400000000000033,300.6500000000003,1.7623094958968357,0.005049772179818326,0.8725367849783789,2.0441113043682704e-05
48,3.0999999999999943,0.5,173.70000000000007,0.010231023102310215,0.5732673267326737,1.5499999999999972,302.20000000000033,1.7397812320092125,0.004498360275125504,0.8770351452535045,3.28634230901854e-05
57,3.0,0.5,176.70000000000007,0.009900990099009903,0.5831683168316836,1.5,303.70000000000033,1.718732314657613,0.004353251879153722,0.8813883971326582,3.0777399356053035e-05
47,3.0,0.5,179.70000000000007,0.009900990099009903,0.5930693069306935,1.5,305.20000000000033,1.6983861992209248,0.004353251879153722,0.8857416490118118,3.0777399356053035e-05
43,4.400000000000006,0.5,184.10000000000008,0.014521452145214542,0.607590759075908,2.200000000000003,307.4000000000003,1.6697447039652373,0.0063847694227587995,0.8921264184345706,6.62056057259098e-05
7,3.6999999999999957,0.5,187.80000000000007,0.0122112211221122,0.6198019801980201,1.8499999999999979,309.25000000000034,1.646698615548457,0.00536901065095625,0.8974954290855269,4.681584413159612e-05
6,3.700000000000003,0.4,191.50000000000006,0.012211221122112223,0.6320132013201324,1.4800000000000013,310.73000000000036,1.6226109660574426,0.004295208520765009,0.901790637606292,6.266325550468789e-05
5,2.8999999999999986,0.4,194.40000000000006,0.009570957095709568,0.6415841584158419,1.1599999999999995,311.8900000000004,1.6043724279835405,0.0033665147865455432,0.9051571523928376,3.849510436774462e-05
79,2.8000000000000114,0.4,197.20000000000007,0.009240924092409281,0.6508250825082512,1.1200000000000045,313.0100000000004,1.587271805273835,0.0032504280697681254,0.9084075804626057,3.58860425972795e-05
78,2.1999999999999886,0.4,199.40000000000006,0.007260726072607224,0.6580858085808584,0.8799999999999955,313.8900000000004,1.5741725175526593,0.0025539077691035033,0.9109614882317092,2.215413854219765e-05
77,3.0,0.4,202.40000000000006,0.009900990099009903,0.6679867986798683,1.2000000000000002,315.0900000000004,1.5567687747035586,0.0034826015033229776,0.9144440897350322,4.119571216524399e-05
93,3.0,0.4,205.40000000000006,0.009900990099009903,0.6778877887788782,1.2000000000000002,316.29000000000036,1.5398734177215203,0.0034826015033229776,0.9179266912383552,4.119571216524399e-05
95,2.5,0.4,207.90000000000006,0.008250825082508252,0.6861386138613865,1.0,317.29000000000036,1.5261664261664274,0.002902167919435814,0.920828859157791,2.8608133448086103e-05
68,1.5999999999999943,0.4,209.50000000000006,0.005280528052805262,0.6914191419141917,0.6399999999999978,317.93000000000035,1.5175656324582352,0.0018573874684389147,0.9226862466262299,1.1717891460335983e-05
46,3.0,0.4,212.50000000000006,0.009900990099009903,0.7013201320132016,1.2000000000000002,319.13000000000034,1.5017882352941188,0.0034826015033229776,0.9261688481295529,4.119571216524399e-05
37,3.0,0.4,215.50000000000006,0.009900990099009903,0.7112211221122116,1.2000000000000002,320.3300000000003,1.4864501160092818,0.0034826015033229776,0.9296514496328759,4.119571216524399e-05
38,3.0999999999999943,0.4,218.60000000000005,0.010231023102310215,0.7214521452145217,1.2399999999999978,321.57000000000033,1.4710430009149142,0.0035986882201004032,0.9332501378529764,4.3987865989777024e-05
40,3.0,0.4,221.60000000000005,0.009900990099009903,0.7313531353135316,1.2000000000000002,322.7700000000003,1.4565433212996401,0.0034826015033229776,0.9367327393562994,4.119571216524399e-05
41,3.0,0.4,224.60000000000005,0.009900990099009903,0.7412541254125415,1.2000000000000002,323.9700000000003,1.4424309884238657,0.0034826015033229776,0.9402153408596224,4.119571216524399e-05
8,3.1000000000000014,0.4,227.70000000000005,0.010231023102310237,0.7514851485148518,1.2400000000000007,325.2100000000003,1.4282389108476077,0.0035986882201004115,0.9438140290797229,4.398786598977723e-05
64,3.0,0.4,230.70000000000005,0.009900990099009903,0.7613861386138617,1.2000000000000002,326.4100000000003,1.4148677936714358,0.0034826015033229776,0.9472966305830459,4.119571216524399e-05
42,3.0999999999999943,0.4,233.80000000000004,0.010231023102310215,0.7716171617161719,1.2399999999999978,327.6500000000003,1.4014114627887093,0.0035986882201004032,0.9508953188031464,4.3987865989777024e-05
44,4.200000000000017,0.4,238.00000000000006,0.01386138613861392,0.7854785478547858,1.6800000000000068,329.3300000000003,1.3837394957983205,0.004875642104652187,0.9557709609077986,8.074359584387887e-05
71,3.0,0.3,241.00000000000006,0.009900990099009903,0.7953795379537957,0.8999999999999999,330.2300000000003,1.3702489626556027,0.0026119511274922324,0.9583829120352908,5.3130089128303365e-05
98,3.1999999999999886,0.3,244.20000000000005,0.010561056105610525,0.8059405940594062,0.9599999999999965,331.1900000000003,1.356224406224407,0.0027860812026583716,0.9611689932379491,6.045023474153584e-05
91,3.0,0.3,247.20000000000005,0.009900990099009903,0.8158415841584161,0.8999999999999999,332.09000000000026,1.3434061488673148,0.0026119511274922324,0.9637809443654414,5.3130089128303365e-05
89,2.8999999999999773,0.3,250.10000000000002,0.009570957095709497,0.8254125412541257,0.8699999999999931,332.96000000000026,1.3313074770091973,0.0025248860899091384,0.9663058304553505,4.964711661878048e-05
72,3.0,0.3,253.10000000000002,0.009900990099009903,0.8353135313531356,0.8999999999999999,333.86000000000024,1.3190833662583967,0.0026119511274922324,0.9689177815828427,5.3130089128303365e-05
45,4.299999999999983,0.3,257.4,0.014191419141914137,0.8495049504950497,1.289999999999995,335.15000000000026,1.3020590520590531,0.0037437966160721856,0.9726615781989149,0.00010915281644248015
51,3.0,0.3,260.4,0.009900990099009903,0.8594059405940596,0.8999999999999999,336.05000000000024,1.2905145929339488,0.0026119511274922324,0.9752735293264071,5.3130089128303365e-05
1,3.0,0.2,263.4,0.009900990099009903,0.8693069306930695,0.6000000000000001,336.65000000000026,1.2780941533788925,0.0017413007516614888,0.9770148300780686,6.65805302452312e-05
88,3.0,0.2,266.4,0.009900990099009903,0.8792079207920794,0.6000000000000001,337.2500000000003,1.2659534534534547,0.0017413007516614888,0.97875613082973,6.65805302452312e-05
63,2.8000000000000114,0.2,269.2,0.009240924092409281,0.8884488448844887,0.5600000000000023,337.8100000000003,1.2548662704309075,0.0016252140348840627,0.980381344864614,5.799903968029076e-05
90,3.0,0.2,272.2,0.009900990099009903,0.8983498349834986,0.6000000000000001,338.4100000000003,1.2432402645113898,0.0017413007516614888,0.9821226456162755,6.65805302452312e-05
81,2.9999999999999716,0.2,275.19999999999993,0.00990099009900981,0.9082508250825084,0.5999999999999943,339.01000000000033,1.231867732558141,0.001741300751661472,0.983863946367937,6.658053024522993e-05
92,2.6999999999999886,0.2,277.8999999999999,0.008910891089108875,0.9171617161716173,0.5399999999999977,339.55000000000035,1.2218423893486883,0.0015671706764953332,0.9854311170444323,5.393022949863682e-05
80,3.0,0.2,280.8999999999999,0.009900990099009903,0.9270627062706273,0.6000000000000001,340.1500000000004,1.2109291562833766,0.0017413007516614888,0.9871724177960938,6.65805302452312e-05
94,3.1000000000000227,0.2,283.99999999999994,0.010231023102310308,0.9372937293729375,0.6200000000000045,340.7700000000004,1.1998943661971846,0.001799344110050218,0.988971761906144,7.109321062852014e-05
66,3.0,0.2,286.99999999999994,0.009900990099009903,0.9471947194719474,0.6000000000000001,341.3700000000004,1.189442508710803,0.0017413007516614888,0.9907130626578055,6.65805302452312e-05
76,3.0,0.2,289.99999999999994,0.009900990099009903,0.9570957095709574,0.6000000000000001,341.9700000000004,1.1792068965517257,0.0017413007516614888,0.9924543634094669,6.65805302452312e-05
75,3.0,0.2,292.99999999999994,0.009900990099009903,0.9669966996699673,0.6000000000000001,342.57000000000045,1.1691808873720153,0.0017413007516614888,0.9941956641611284,6.65805302452312e-05
74,3.0,0.2,295.99999999999994,0.009900990099009903,0.9768976897689772,0.6000000000000001,343.17000000000047,1.15935810810811,0.0017413007516614888,0.9959369649127898,6.65805302452312e-05
73,3.0,0.2,298.99999999999994,0.009900990099009903,0.9867986798679871,0.6000000000000001,343.7700000000005,1.1497324414715737,0.0017413007516614888,0.9976782656644513,6.65805302452312e-05
100,4.0,0.2,302.99999999999994,0.013201320132013203,1.0000000000000002,0.8,344.5700000000005,1.1371947194719492,0.0023217343355486516,0.9999999999999999,0.00011836538710263324
