,weight,grade,cml_weight,weight_pct,cml_weight_pct,yield,cml_yield,cml_grade,recovery,cml_recovery,distributional_heterogeneity
37,2.9000000000000057,16.3,2.9000000000000057,0.010618820944708918,0.010618820944708918,47.270000000000095,47.270000000000095,16.3,0.05577976021901267,0.05577976021901267,0.00203951043613735
25,3.0,13.5,5.900000000000006,0.010984987184181618,0.021603808128890536,40.5,87.7700000000001,14.87627118644068,0.04779099405267629,0.10357075427168896,0.0013546821416036774
64,3.1999999999999886,12.6,9.099999999999994,0.011717319663127017,0.033321127792017555,40.31999999999986,128.08999999999995,14.075824175824179,0.04757858963466423,0.1511493439063532,0.0012860306839714768
23,3.0,11.7,12.099999999999994,0.010984987184181618,0.04430611497619917,35.099999999999994,163.18999999999994,13.486776859504134,0.041418861512319445,0.19256820541867264,0.0009262207066208871
7,3.0,8.2,15.099999999999994,0.010984987184181618,0.05529110216038079,24.599999999999998,187.78999999999994,12.436423841059604,0.029028603794958932,0.22159680921363156,0.000325572100396719
8,3.0,8.2,18.099999999999994,0.010984987184181618,0.0662760893445624,24.599999999999998,212.38999999999993,11.734254143646409,0.029028603794958932,0.2506254130085905,0.000325572100396719
24,3.0,6.8,21.099999999999994,0.010984987184181618,0.07726107652874402,20.4,232.78999999999994,11.032701421800947,0.024072500708014723,0.2746979137166052,0.0001712830102365145
22,3.0,6.6,24.099999999999994,0.010984987184181618,0.08824606371292563,19.799999999999997,252.58999999999992,10.480912863070538,0.023364485981308407,0.2980623996979136,0.0001532519904680637
90,3.0,6.5,27.099999999999994,0.010984987184181618,0.09923105089710725,19.5,272.0899999999999,10.040221402214021,0.02301047861795525,0.32107287831586884,0.0001446124442237631
72,3.0,6.0,30.099999999999994,0.010984987184181618,0.11021603808128887,18.0,290.0899999999999,9.637541528239202,0.021240441801189464,0.3423133201170583,0.00010517434940150757
63,3.0,5.2,33.099999999999994,0.010984987184181618,0.12120102526547048,15.600000000000001,305.68999999999994,9.235347432024168,0.0184083828943642,0.3607217030114225,5.5106803869957224e-05
73,3.0,5.0,36.099999999999994,0.010984987184181618,0.1321860124496521,15.0,320.68999999999994,8.883379501385042,0.017700368167657885,0.3784220711790804,4.509634175323471e-05
28,3.0,4.8,39.099999999999994,0.010984987184181618,0.14317099963383373,14.399999999999999,335.0899999999999,8.57007672634271,0.01699235344095157,0.39541442462003196,3.608844934297825e-05
21,3.0,4.7,42.099999999999994,0.010984987184181618,0.15415598681801534,14.100000000000001,349.18999999999994,8.294299287410926,0.016638346077598416,0.41205277069763036,3.19604667777748e-05
49,3.0,4.6,45.099999999999994,0.010984987184181618,0.16514097400219696,13.799999999999999,362.98999999999995,8.048558758314856,0.016284338714245256,0.42833710941187564,2.8083126639187813e-05
39,3.0,4.6,48.099999999999994,0.010984987184181618,0.17612596118637858,13.799999999999999,376.78999999999996,7.833471933471934,0.016284338714245256,0.4446214481261209,2.8083126639187813e-05
6,3.0,4.2,51.099999999999994,0.010984987184181618,0.1871109483705602,12.600000000000001,389.39,7.6201565557729944,0.014868309260832626,0.4594897573869535,1.50801903510051e-05
47,3.0,4.2,54.099999999999994,0.010984987184181618,0.1980959355547418,12.600000000000001,401.99,7.430499075785583,0.014868309260832626,0.4743580666477861,1.50801903510051e-05
44,3.0,4.0,57.099999999999994,0.010984987184181618,0.20908092273892342,12.0,413.99,7.250262697022768,0.01416029453412631,0.48851836118191244,1.0082576766612785e-05
29,3.0,4.0,60.099999999999994,0.010984987184181618,0.22006590992310504,12.0,425.99,7.088019966722131,0.01416029453412631,0.5026786557160388,1.0082576766612785e-05
42,3.0,3.8,63.099999999999994,0.010984987184181618,0.23105089710728666,11.399999999999999,437.39,6.931695721077655,0.013452279807419991,0.5161309355234588,6.087532888686507e-06
61,3.0,3.7,66.1,0.010984987184181618,0.24203588429146827,11.100000000000001,448.49,6.785022692889562,0.013098272444066838,0.5292292079675256,4.465974589648141e-06
43,3.0,3.7,69.1,0.010984987184181618,0.2530208714756499,11.100000000000001,459.59000000000003,6.6510853835021715,0.013098272444066838,0.5423274804115924,4.465974589648141e-06
54,3.0,3.6,72.1,0.010984987184181618,0.2640058586598315,10.8,470.39000000000004,6.524133148404994,0.012744265080713678,0.5550717454923061,3.095058717226275e-06
60,2.0,3.6,74.1,0.0073233247894544115,0.2713291834492859,7.2,477.59000000000003,6.445209176788125,0.008496176720475786,0.5635679222127818,1.3755816521005667e-06
77,3.0,3.6,77.1,0.010984987184181618,0.28231417063346753,10.8,488.39000000000004,6.334500648508431,0.012744265080713678,0.5763121872934955,3.095058717226275e-06
48,3.0,3.4,80.1,0.010984987184181618,0.29329915781764915,10.2,498.59000000000003,6.224594257178528,0.012036250354007362,0.5883484376475029,1.1051542522320742e-06
35,2.0,3.3,82.1,0.0073233247894544115,0.30062248260710356,6.6,505.19000000000005,6.1533495736906225,0.0077881619937694695,0.5961365996412723,2.1607362651543924e-07
45,3.0,3.2,85.1,0.010984987184181618,0.3116074697912852,9.600000000000001,514.7900000000001,6.049236192714455,0.011328235627301049,0.6074648352685733,1.1781949370391318e-07
0,0.7000000000000002,3.1,85.8,0.0025631636763090446,0.3141706334675942,2.170000000000001,516.96,6.025174825174826,0.0025606532615878416,0.6100254885301611,6.3021820724327574e-12
50,3.0,3.0,88.8,0.010984987184181618,0.32515562065177583,9.0,525.96,5.922972972972974,0.010620220900594732,0.6206457094307559,1.3305444164178798e-07
57,3.0,3.0,91.8,0.010984987184181618,0.33614060783595745,9.0,534.96,5.8274509803921575,0.010620220900594732,0.6312659303313507,1.3305444164178798e-07
14,3.0,3.0,94.8,0.010984987184181618,0.34712559502013907,9.0,543.96,5.737974683544304,0.010620220900594732,0.6418861512319455,1.3305444164178798e-07
51,3.0,3.0,97.8,0.010984987184181618,0.3581105822043207,9.0,552.96,5.65398773006135,0.010620220900594732,0.6525063721325403,1.3305444164178798e-07
1,3.0,2.9,100.8,0.010984987184181618,0.3690955693885023,8.7,561.6600000000001,5.57202380952381,0.010266213537241574,0.6627725856697818,5.1663555553549e-07
65,3.3000000000000114,2.9,104.10000000000001,0.012083485902599821,0.38117905529110213,9.570000000000032,571.2300000000001,5.487319884726226,0.01129283489096577,0.6740654205607476,6.251290221979471e-07
67,2.5,2.9,106.60000000000001,0.009154155986818015,0.39033321127792014,7.25,578.4800000000001,5.426641651031896,0.008555177947701312,0.6826205985084489,3.5877469134409025e-07
46,3.0,2.9,109.60000000000001,0.010984987184181618,0.40131819846210176,8.7,587.1800000000002,5.357481751824818,0.010266213537241574,0.6928868120456905,5.1663555553549e-07
80,3.0,2.8,112.60000000000001,0.010984987184181618,0.4123031856462834,8.399999999999999,595.5800000000002,5.289342806394317,0.009912206173888414,0.7027990182195789,1.1508590960457018e-06
11,4.0,2.8,116.60000000000001,0.014646649578908823,0.4269498352251922,11.2,606.7800000000002,5.203945111492283,0.013216274898517887,0.7160152931180968,2.0459717263034696e-06
87,3.0,2.8,119.60000000000001,0.010984987184181618,0.4379348224093738,8.399999999999999,615.1800000000002,5.143645484949834,0.009912206173888414,0.7259274992919852,1.1508590960457018e-06
34,3.0,2.8,122.60000000000001,0.010984987184181618,0.44891980959355543,8.399999999999999,623.5800000000002,5.086296900489398,0.009912206173888414,0.7358397054658736,1.1508590960457018e-06
27,2.700000000000003,2.7,125.30000000000001,0.009886488465763467,0.4588062980593189,7.290000000000008,630.8700000000001,5.034876296887471,0.008602378929481742,0.7444420843953554,1.6489373011696625e-06
38,3.0,2.6,128.3,0.010984987184181618,0.4697912852435005,7.800000000000001,638.6700000000001,4.977942322681216,0.0092041914471821,0.7536462758425375,3.171233456915649e-06
13,3.0,2.5,131.3,0.010984987184181618,0.4807762724276821,7.5,646.1700000000001,4.921325209444022,0.008850184083828943,0.7624964599263665,4.557384277275389e-06
91,3.0,2.4,134.3,0.010984987184181618,0.49176125961186373,7.199999999999999,653.3700000000001,4.865003723008191,0.008496176720475784,0.7709926366468423,6.194177524251638e-06
76,3.0,2.4,137.3,0.010984987184181618,0.5027462467960454,7.199999999999999,660.5700000000002,4.811143481427532,0.008496176720475784,0.779488813367318,6.194177524251638e-06
40,3.0,2.4,140.3,0.010984987184181618,0.513731233980227,7.199999999999999,667.7700000000002,4.759586600142553,0.008496176720475784,0.7879849900877938,6.194177524251638e-06
68,3.0,2.3,143.3,0.010984987184181618,0.5247162211644086,6.8999999999999995,674.6700000000002,4.708094905792046,0.008142169357122628,0.7961271594449164,8.081613197844399e-06
85,3.0,2.3,146.3,0.010984987184181618,0.5357012083485903,6.8999999999999995,681.5700000000002,4.658714969241286,0.008142169357122628,0.804269328802039,8.081613197844399e-06
59,3.0,2.2,149.3,0.010984987184181618,0.5466861955327719,6.6000000000000005,688.1700000000002,4.609310113864703,0.00778816199376947,0.8120574907958085,1.0219691298053657e-05
58,3.0,2.1,152.3,0.010984987184181618,0.5576711827169535,6.300000000000001,694.4700000000001,4.559881812212739,0.007434154630416313,0.8194916454262248,1.2608411824879437e-05
32,3.0,2.0,155.3,0.010984987184181618,0.5686561699011351,6.0,700.4700000000001,4.510431423052157,0.007080147267063155,0.826571792693288,1.5247774778321723e-05
33,3.0,2.0,158.3,0.010984987184181618,0.5796411570853167,6.0,706.4700000000001,4.462855337965888,0.007080147267063155,0.8336519399603511,1.5247774778321723e-05
88,3.0,2.0,161.3,0.010984987184181618,0.5906261442694983,6.0,712.4700000000001,4.417048977061377,0.007080147267063155,0.8407320872274143,1.5247774778321723e-05
41,3.0,2.0,164.3,0.010984987184181618,0.60161113145368,6.0,718.4700000000001,4.372915398660987,0.007080147267063155,0.8478122344944775,1.5247774778321723e-05
66,3.0,2.0,167.3,0.010984987184181618,0.6125961186378616,6.0,724.4700000000001,4.330364614465034,0.007080147267063155,0.8548923817615407,1.5247774778321723e-05
79,3.0,1.9,170.3,0.010984987184181618,0.6235811058220432,5.699999999999999,730.1700000000002,4.287551379917793,0.006726139903709996,0.8616185216652507,1.8137780158380517e-05
55,3.0,1.9,173.3,0.010984987184181618,0.6345660930062248,5.699999999999999,735.8700000000002,4.246220427005194,0.006726139903709996,0.8683446615689606,1.8137780158380517e-05
15,3.0,1.8,176.3,0.010984987184181618,0.6455510801904064,5.4,741.2700000000002,4.204594441293251,0.006372132540356839,0.8747167941093175,2.1278427965055818e-05
74,3.0,1.8,179.3,0.010984987184181618,0.656536067374588,5.4,746.6700000000002,4.1643614054657005,0.006372132540356839,0.8810889266496743,2.1278427965055818e-05
83,3.0,1.8,182.3,0.010984987184181618,0.6675210545587696,5.4,752.0700000000002,4.125452550740539,0.006372132540356839,0.8874610591900312,2.1278427965055818e-05
56,3.0,1.7,185.3,0.010984987184181618,0.6785060417429513,5.1,757.1700000000002,4.086184565569348,0.006018125177003681,0.8934791843670349,2.4669718198347636e-05
53,3.0,1.7,188.3,0.010984987184181618,0.6894910289271329,5.1,762.2700000000002,4.0481678173128,0.006018125177003681,0.8994973095440386,2.4669718198347636e-05
2,3.0,1.7,191.3,0.010984987184181618,0.7004760161113145,5.1,767.3700000000002,4.011343439623629,0.006018125177003681,0.9055154347210423,2.4669718198347636e-05
62,4.0,1.6,195.3,0.014646649578908823,0.7151226656902233,6.4,773.7700000000002,3.9619559651817724,0.007552157084867365,0.9130675918059097,5.033182374801058e-05
78,3.0,1.6,198.3,0.010984987184181618,0.7261076528744049,4.800000000000001,778.5700000000002,3.9262228946041358,0.005664117813650524,0.9187317096195602,2.8311650858255953e-05
75,3.0,1.6,201.3,0.010984987184181618,0.7370926400585865,4.800000000000001,783.3700000000001,3.891554893194238,0.005664117813650524,0.9243958274332107,2.8311650858255953e-05
69,3.0,1.6,204.3,0.010984987184181618,0.7480776272427682,4.800000000000001,788.1700000000001,3.8579050416054823,0.005664117813650524,0.9300599452468612,2.8311650858255953e-05
84,3.0,1.5,207.3,0.010984987184181618,0.7590626144269498,4.5,792.6700000000001,3.8237819585142305,0.005310110450297366,0.9353700556971586,3.220422594478079e-05
10,2.0,1.5,209.3,0.0073233247894544115,0.7663859392164042,3.0,795.6700000000001,3.80157668418538,0.0035400736335315774,0.9389101293306902,1.4312989308791461e-05
92,2.3999999999999773,1.4,211.7,0.008787989747345211,0.7751739289637494,3.359999999999968,799.0300000000001,3.774350495984885,0.003964882469555329,0.9428750118002455,2.3262363813069726e-05
52,3.0,1.4,214.7,0.010984987184181618,0.786158916147931,4.199999999999999,803.2300000000001,3.7411737307871458,0.004956103086944207,0.9478311148871896,3.634744345792214e-05
86,3.0,1.3,217.7,0.010984987184181618,0.7971439033321126,3.9000000000000004,807.1300000000001,3.7075333027101522,0.00460209572359105,0.9524332106107807,4.074130339767998e-05
82,3.0,1.3,220.7,0.010984987184181618,0.8081288905162942,3.9000000000000004,811.0300000000001,3.674807430901677,0.00460209572359105,0.9570353063343717,4.074130339767998e-05
31,2.700000000000003,1.2,223.39999999999998,0.009886488465763467,0.8180153789820577,3.2400000000000033,814.2700000000001,3.644897045658013,0.003823279524214107,0.9608585858585859,3.6762502668884095e-05
81,3.0,1.2,226.39999999999998,0.010984987184181618,0.8290003661662393,3.5999999999999996,817.8700000000001,3.6125000000000007,0.004248088360237892,0.9651066742188238,4.538580576405434e-05
70,3.0,1.2,229.39999999999998,0.010984987184181618,0.8399853533504209,3.5999999999999996,821.4700000000001,3.5809503051438547,0.004248088360237892,0.9693547625790617,4.538580576405434e-05
71,3.0,1.0,232.39999999999998,0.010984987184181618,0.8509703405346025,3.0,824.4700000000001,3.547633390705681,0.0035400736335315774,0.9728948362125933,5.542673777665259e-05
12,3.0,1.0,235.39999999999998,0.010984987184181618,0.8619553277187841,3.0,827.4700000000001,3.5151656754460503,0.0035400736335315774,0.9764349098461249,5.542673777665259e-05
89,3.0,1.0,238.39999999999998,0.010984987184181618,0.8729403149029658,3.0,830.4700000000001,3.483515100671142,0.0035400736335315774,0.9799749834796565,5.542673777665259e-05
20,3.0,0.9,241.39999999999998,0.010984987184181618,0.8839253020871474,2.7,833.1700000000002,3.4514084507042266,0.0031860662701784196,0.9831610497498349,6.082316742287648e-05
19,3.0,0.8,244.39999999999998,0.010984987184181618,0.894910289271329,2.4000000000000004,835.5700000000002,3.418862520458266,0.002832058906825262,0.9859931086566601,6.647023949571686e-05
16,3.0,0.8,247.39999999999998,0.010984987184181618,0.9058952764555106,2.4000000000000004,837.9700000000001,3.3871059013742935,0.002832058906825262,0.9888251675634854,6.647023949571686e-05
9,3.0,0.7,250.39999999999998,0.010984987184181618,0.9168802636396922,2.0999999999999996,840.0700000000002,3.354912140575081,0.0024780515434721035,0.9913032191069575,7.23679539951738e-05
17,3.0,0.6,253.39999999999998,0.010984987184181618,0.9278652508238738,1.7999999999999998,841.8700000000001,3.322296764009472,0.002124044180118946,0.9934272632870764,7.851631092124718e-05
18,3.0,0.6,256.4,0.010984987184181618,0.9388502380080554,1.7999999999999998,843.6700000000001,3.2904446177847118,0.002124044180118946,0.9955513074671953,7.851631092124718e-05
3,3.0,0.4,259.4,0.010984987184181618,0.9498352251922371,1.2000000000000002,844.8700000000001,3.2570161912104867,0.001416029453412631,0.996967336920608,9.156495205324357e-05
4,3.0,0.3,262.4,0.010984987184181618,0.9608202123764187,0.8999999999999999,845.7700000000001,3.2232088414634155,0.001062022090059473,0.9980293590106675,9.846523625916651e-05
5,3.0,0.3,265.4,0.010984987184181618,0.9718051995606003,0.8999999999999999,846.6700000000001,3.1901657874905807,0.001062022090059473,0.9990913811007269,9.846523625916651e-05
36,3.0999999999999943,0.1,268.5,0.011351153423654317,0.9831563529842546,0.30999999999999944,846.98,3.154487895716946,0.00036580760879826235,0.9994571887095252,0.00012067782267197542
26,3.299999999999997,0.1,271.8,0.012083485902599769,0.9952398388868544,0.32999999999999974,847.3100000000001,3.117402501839588,0.0003894080996884732,0.9998465968092136,0.00013675145566054267
30,1.2999999999999972,0.1,273.1,0.004760161113145357,0.9999999999999998,0.12999999999999973,847.44,3.1030391797876233,0.00015340319078636802,1.0,2.122221855521731e-05
