,weight,grade,cml_weight,weight_pct,cml_weight_pct,yield,cml_yield,cml_grade,recovery,cml_recovery,distributional_heterogeneity
8,3.0,39.4,3.0,0.014104372355430184,0.014104372355430184,118.19999999999999,118.19999999999999,39.4,0.2066325192734647,0.2066325192734647,0.037067087355692294
67,3.0,7.5,6.0,0.014104372355430184,0.028208744710860368,22.5,140.7,23.45,0.039333601384542775,0.2459661206580075,0.0006365139974034179
7,3.0,6.9,9.0,0.014104372355430184,0.042313117066290554,20.700000000000003,161.39999999999998,17.93333333333333,0.03618691327377936,0.28215303393178687,0.00048763861341056576
9,3.0,6.8,12.0,0.014104372355430184,0.056417489421720736,20.4,181.79999999999998,15.149999999999999,0.035662465255318784,0.31781549918710567,0.00046475136948022724
11,3.0,6.0,15.0,0.014104372355430184,0.07052186177715092,18.0,199.79999999999998,13.319999999999999,0.03146688110763422,0.3492823802947399,0.0003014567101703619
6,3.0,5.5,18.0,0.014104372355430184,0.08462623413258111,16.5,216.29999999999998,12.016666666666666,0.028844641015331372,0.37812702131007125,0.00021727552016606518
49,3.0,4.4,21.0,0.014104372355430184,0.0987306064880113,13.200000000000001,229.49999999999997,10.928571428571427,0.023075712812265097,0.40120273412233637,8.048494959244291e-05
10,3.0,4.2,24.0,0.014104372355430184,0.11283497884344149,12.600000000000001,242.09999999999997,10.087499999999999,0.022026816775343957,0.42322955089768033,6.27651255866229e-05
4,3.0,3.7,27.0,0.014104372355430184,0.12693935119887167,11.100000000000001,253.19999999999996,9.377777777777776,0.019404576683041106,0.44263412758072146,2.8092165914425537e-05
59,3.0,3.6,30.0,0.014104372355430184,0.14104372355430186,10.8,263.99999999999994,8.799999999999999,0.018880128664580536,0.461514256245302,2.280784832438938e-05
53,3.0,3.4,33.0,0.014104372355430184,0.15514809590973205,10.2,274.19999999999993,8.309090909090907,0.017831232627659392,0.4793454888729614,1.3889487488720375e-05
15,3.0,3.4,36.0,0.014104372355430184,0.16925246826516224,10.2,284.3999999999999,7.899999999999998,0.017831232627659392,0.4971767215006208,1.3889487488720375e-05
12,2.9000000000000057,3.4,38.900000000000006,0.013634226610249205,0.18288669487541145,9.860000000000019,294.25999999999993,7.564524421593828,0.017236858206737447,0.5144135797073582,1.2978954420015422e-05
5,3.0,3.4,41.900000000000006,0.014104372355430184,0.19699106723084164,10.2,304.4599999999999,7.266348448687348,0.017831232627659392,0.5322448123350176,1.3889487488720375e-05
20,3.0,3.2,44.900000000000006,0.014104372355430184,0.21109543958627183,9.600000000000001,314.05999999999995,6.994654788418706,0.016782336590738255,0.5490271489257559,7.171492445589135e-06
69,3.0,2.9,47.900000000000006,0.014104372355430184,0.22519981194170202,8.7,322.75999999999993,6.738204592901877,0.01520899253535654,0.5642361414611125,1.2201857419005375e-06
37,3.0,2.9,50.900000000000006,0.014104372355430184,0.2393041842971322,8.7,331.4599999999999,6.51198428290766,0.01520899253535654,0.579445133996469,1.2201857419005375e-06
14,3.0,2.8,53.900000000000006,0.014104372355430184,0.2534085566525624,8.399999999999999,339.8599999999999,6.30538033395176,0.014684544516895968,0.594129678513365,3.3659973693988235e-07
50,3.0,2.7,56.900000000000006,0.014104372355430184,0.26751292900799256,8.100000000000001,347.9599999999999,6.115289982425305,0.014160096498435403,0.6082897750118004,3.105180113665958e-09
16,3.0,2.6,59.900000000000006,0.014104372355430184,0.2816173013634227,7.800000000000001,355.75999999999993,5.939232053422369,0.013635648479974831,0.6219254234917752,2.197020714218854e-07
25,3.0,2.4,62.900000000000006,0.014104372355430184,0.2957216737188529,7.199999999999999,362.9599999999999,5.7704292527821925,0.012586752443053687,0.6345121759348289,2.30317019844164e-06
68,3.0,2.4,65.9,0.014104372355430184,0.30982604607428305,7.199999999999999,370.1599999999999,5.61699544764795,0.012586752443053687,0.6470989283778826,2.30317019844164e-06
39,3.0,2.4,68.9,0.014104372355430184,0.3239304184297132,7.199999999999999,377.3599999999999,5.476923076923075,0.012586752443053687,0.6596856808209364,2.30317019844164e-06
19,3.0,2.3,71.9,0.014104372355430184,0.33803479078514337,6.8999999999999995,384.2599999999999,5.344367176634212,0.012062304424593117,0.6717479852455295,4.170041434153175e-06
40,3.0,2.3,74.9,0.014104372355430184,0.35213916314057353,6.8999999999999995,391.15999999999985,5.222429906542054,0.012062304424593117,0.6838102896701226,4.170041434153175e-06
36,3.0,2.1,77.9,0.014104372355430184,0.3662435354960037,6.300000000000001,397.45999999999987,5.102182284980742,0.011013408387671978,0.6948236980577945,9.554058249979546e-06
18,3.0,2.1,80.9,0.014104372355430184,0.38034790785143385,6.300000000000001,403.7599999999999,4.990852904820764,0.011013408387671978,0.7058371064454665,9.554058249979546e-06
31,3.0,2.0,83.9,0.014104372355430184,0.394452280206864,6.0,409.7599999999999,4.8839094159713925,0.010488960369211408,0.7163260668146779,1.3071203830094395e-05
43,3.0,2.0,86.9,0.014104372355430184,0.4085566525622942,6.0,415.7599999999999,4.784349827387801,0.010488960369211408,0.7268150271838894,1.3071203830094395e-05
54,3.0,2.0,89.9,0.014104372355430184,0.42266102491772434,6.0,421.7599999999999,4.69143492769744,0.010488960369211408,0.7373039875531008,1.3071203830094395e-05
17,3.0,2.0,92.9,0.014104372355430184,0.4367653972731545,6.0,427.7599999999999,4.604520990312162,0.010488960369211408,0.7477929479223122,1.3071203830094395e-05
21,3.0,1.9,95.9,0.014104372355430184,0.45086976962858466,5.699999999999999,433.45999999999987,4.519916579770593,0.009964512350750836,0.757757460273063,1.713844085834368e-05
48,3.0,1.9,98.9,0.014104372355430184,0.4649741419840148,5.699999999999999,439.15999999999985,4.440444893832152,0.009964512350750836,0.7677219726238138,1.713844085834368e-05
42,3.0,1.9,101.9,0.014104372355430184,0.479078514339445,5.699999999999999,444.85999999999984,4.3656526005888106,0.009964512350750836,0.7776864849745646,1.713844085834368e-05
35,3.0,1.9,104.9,0.014104372355430184,0.49318288669487514,5.699999999999999,450.55999999999983,4.295138226882743,0.009964512350750836,0.7876509973253154,1.713844085834368e-05
23,3.0,1.8,107.9,0.014104372355430184,0.5072872590503054,5.4,455.9599999999998,4.225764596848932,0.009440064332290268,0.7970910616576057,2.1755769334727398e-05
51,3.0,1.8,110.9,0.014104372355430184,0.5213916314057355,5.4,461.3599999999998,4.160144274120827,0.009440064332290268,0.806531125989896,2.1755769334727398e-05
27,3.0,1.7,113.9,0.014104372355430184,0.5354960037611657,5.1,466.4599999999998,4.0953467954345895,0.008915616313829696,0.8154467423037256,2.692318925924556e-05
41,3.0,1.7,116.9,0.014104372355430184,0.5496003761165958,5.1,471.55999999999983,4.033875106928997,0.008915616313829696,0.8243623586175552,2.692318925924556e-05
38,3.0,1.7,119.9,0.014104372355430184,0.563704748472026,5.1,476.65999999999985,3.975479566305253,0.008915616313829696,0.8332779749313849,2.692318925924556e-05
24,3.0,1.6,122.9,0.014104372355430184,0.5778091208274562,4.800000000000001,481.45999999999987,3.9174938974776228,0.008391168295369128,0.841669143226754,3.2640700631898146e-05
3,3.0,1.6,125.9,0.014104372355430184,0.5919134931828863,4.800000000000001,486.2599999999999,3.8622716441620324,0.008391168295369128,0.8500603115221231,3.2640700631898146e-05
55,3.0,1.5,128.9,0.014104372355430184,0.6060178655383165,4.5,490.7599999999999,3.8072924747866552,0.007866720276908556,0.8579270317990317,3.890830345268519e-05
44,3.0,1.5,131.9,0.014104372355430184,0.6201222378937467,4.5,495.2599999999999,3.7548142532221367,0.007866720276908556,0.8657937520759403,3.890830345268519e-05
28,3.0,1.5,134.9,0.014104372355430184,0.6342266102491768,4.5,499.7599999999999,3.7046701260192725,0.007866720276908556,0.8736604723528489,3.890830345268519e-05
34,3.0,1.4,137.9,0.014104372355430184,0.648330982604607,4.199999999999999,503.95999999999987,3.6545322697606952,0.007342272258447984,0.8810027446112969,4.572599772160667e-05
33,3.0,1.4,140.9,0.014104372355430184,0.6624353549600371,4.199999999999999,508.15999999999985,3.6065294535131285,0.007342272258447984,0.8883450168697449,4.572599772160667e-05
13,3.0999999999999943,1.4,144.0,0.014574518100611163,0.6770098730606483,4.339999999999992,512.4999999999999,3.559027777777777,0.007587014667062904,0.8959320315368078,4.882520423384871e-05
47,3.0,1.4,147.0,0.014104372355430184,0.6911142454160785,4.199999999999999,516.6999999999999,3.5149659863945573,0.007342272258447984,0.9032743037952558,4.572599772160667e-05
26,3.0,1.3,150.0,0.014104372355430184,0.7052186177715086,3.9000000000000004,520.5999999999999,3.470666666666666,0.0068178242399874155,0.9100921280352432,5.3093783438662564e-05
45,3.0,1.3,153.0,0.014104372355430184,0.7193229901269388,3.9000000000000004,524.4999999999999,3.428104575163398,0.0068178242399874155,0.9169099522752306,5.3093783438662564e-05
22,3.0,1.3,156.0,0.014104372355430184,0.733427362482369,3.9000000000000004,528.3999999999999,3.3871794871794862,0.0068178242399874155,0.9237277765152181,5.3093783438662564e-05
30,3.0,1.3,159.0,0.014104372355430184,0.7475317348377991,3.9000000000000004,532.2999999999998,3.3477987421383637,0.0068178242399874155,0.9305456007552055,5.3093783438662564e-05
32,3.0,1.3,162.0,0.014104372355430184,0.7616361071932293,3.9000000000000004,536.1999999999998,3.3098765432098753,0.0068178242399874155,0.937363424995193,5.3093783438662564e-05
56,3.0,1.2,165.0,0.014104372355430184,0.7757404795486594,3.5999999999999996,539.7999999999998,3.2715151515151506,0.006293376221526844,0.9436568012167198,6.1011660603852906e-05
70,3.0,1.2,168.0,0.014104372355430184,0.7898448519040896,3.5999999999999996,543.3999999999999,3.2345238095238087,0.006293376221526844,0.9499501774382466,6.1011660603852906e-05
29,3.0,1.1,171.0,0.014104372355430184,0.8039492242595198,3.3000000000000003,546.6999999999998,3.1970760233918116,0.005768928203066274,0.9557191056413129,6.947962921717769e-05
46,3.0,1.0,174.0,0.014104372355430184,0.8180535966149499,3.0,549.6999999999998,3.1591954022988493,0.005244480184605704,0.9609635858259186,7.849768927863691e-05
52,3.0,1.0,177.0,0.014104372355430184,0.8321579689703801,3.0,552.6999999999998,3.122598870056496,0.005244480184605704,0.9662080660105242,7.849768927863691e-05
1,3.0,1.0,180.0,0.014104372355430184,0.8462623413258102,3.0,555.6999999999998,3.087222222222221,0.005244480184605704,0.9714525461951299,7.849768927863691e-05
60,3.0,0.8,183.0,0.014104372355430184,0.8603667136812404,2.4000000000000004,558.0999999999998,3.049726775956283,0.004195584147684564,0.9756481303428145,9.818408374595866e-05
2,3.0,0.8,186.0,0.014104372355430184,0.8744710860366706,2.4000000000000004,560.4999999999998,3.0134408602150526,0.004195584147684564,0.9798437144904991,9.818408374595866e-05
57,3.0,0.7,189.0,0.014104372355430184,0.8885754583921007,2.0999999999999996,562.5999999999998,2.9767195767195758,0.003671136129223992,0.9835148506197231,0.00010885241815182123
58,2.0,0.7,191.0,0.009402914903620123,0.8979783732957208,1.4,563.9999999999998,2.9528795811518314,0.0024474240861493282,0.9859622747058724,4.837885251192054e-05
65,3.0,0.6,194.0,0.014104372355430184,0.912082745651151,1.7999999999999998,565.7999999999997,2.9164948453608233,0.003146688110763422,0.9891089628166359,0.00012007084400581818
0,2.5,0.5,196.5,0.011753643629525154,0.9238363892806761,1.25,567.0499999999997,2.885750636132314,0.002185200076919043,0.9912941628935549,9.155511201940944e-05
66,3.0,0.4,199.5,0.014104372355430184,0.9379407616361063,1.2000000000000002,568.2499999999998,2.8483709273182947,0.002097792073842282,0.9933919549673972,0.00014415797005821543
63,3.0,0.4,202.5,0.014104372355430184,0.9520451339915365,1.2000000000000002,569.4499999999998,2.812098765432098,0.002097792073842282,0.9954897470412395,0.00014415797005821543
71,1.1999999999999886,0.4,203.7,0.00564174894217202,0.9576868829337085,0.4799999999999955,569.9299999999998,2.797889052528227,0.0008391168295369048,0.9963288638707763,2.3065275209314034e-05
62,3.0,0.3,206.7,0.014104372355430184,0.9717912552891387,0.8999999999999999,570.8299999999998,2.761635220125785,0.001573344055381711,0.997902207926158,0.00015702667025661575
64,3.0,0.2,209.7,0.014104372355430184,0.9858956276445688,0.6000000000000001,571.4299999999998,2.7249880782069615,0.001048896036921141,0.9989511039630792,0.0001704454619031504
61,3.0,0.2,212.7,0.014104372355430184,0.999999999999999,0.6000000000000001,572.0299999999999,2.6893747061589086,0.001048896036921141,1.0000000000000002,0.0001704454619031504
