,weight,grade,cml_weight,weight_pct,cml_weight_pct,yield,cml_yield,cml_grade,recovery,cml_recovery,distributional_heterogeneity
142,3.0,22.0,3.0,0.006746120980436249,0.006746120980436249,66.0,66.0,22.0,0.08085460871269654,0.08085460871269654,0.0054920679539625745
141,3.0,17.8,6.0,0.006746120980436249,0.013492241960872498,53.400000000000006,119.4,19.900000000000002,0.06541872886754539,0.1462733375802419,0.0034424749162744604
139,3.0,13.5,9.0,0.006746120980436249,0.02023836294130875,40.5,159.9,17.766666666666666,0.04961532807370015,0.19588866565394206,0.0018377689168051472
93,3.0,11.8,12.0,0.006746120980436249,0.026984483921744996,35.400000000000006,195.3,16.275000000000002,0.043367471945900876,0.23925613759984293,0.0013411233465357366
5,3.0,10.6,15.0,0.006746120980436249,0.033730604902181244,31.799999999999997,227.10000000000002,15.140000000000002,0.03895722056157196,0.2782133581614149,0.0010375549362258414
75,3.0,9.6,18.0,0.006746120980436249,0.04047672588261749,28.799999999999997,255.90000000000003,14.216666666666669,0.03528201107463121,0.3134953692360461,0.0008142970234679743
88,3.0,9.0,21.0,0.006746120980436249,0.04722284686305374,27.0,282.90000000000003,13.471428571428573,0.03307688538246677,0.3465722546185129,0.0006933091539952373
111,3.0,7.0,24.0,0.006746120980436249,0.053968967843489986,21.0,303.90000000000003,12.662500000000001,0.025726466408585263,0.37229872102709816,0.000360253512571857
76,3.0,6.4,27.0,0.006746120980436249,0.06071508882392623,19.200000000000003,323.1,11.966666666666667,0.023521340716420813,0.39582006174351897,0.0002814079971905659
94,3.0,6.2,30.0,0.006746120980436249,0.06746120980436249,18.6,341.70000000000005,11.390000000000002,0.02278629881903266,0.4186063605625516,0.0002572873050937995
105,3.0,6.2,33.0,0.006746120980436249,0.07420733078479874,18.6,360.30000000000007,10.91818181818182,0.02278629881903266,0.4413926593815843,0.0002572873050937995
95,3.0,5.6,36.0,0.006746120980436249,0.080953451765235,16.799999999999997,377.1000000000001,10.475000000000001,0.020581173126868205,0.4619738325084525,0.00019140866789449154
77,3.0,5.6,39.0,0.006746120980436249,0.08769957274567125,16.799999999999997,393.9000000000001,10.100000000000003,0.020581173126868205,0.48255500563532067,0.00019140866789449154
140,4.0,5.4,43.0,0.008994827973915,0.09669440071958625,21.6,415.5000000000001,9.66279069767442,0.026461508305973415,0.5090165139412941,0.0003050849218223162
114,3.0,4.8,46.0,0.006746120980436249,0.1034405217000225,14.399999999999999,429.9000000000001,9.345652173913045,0.017641005537315606,0.5266575194786097,0.00011869850950772832
92,3.0,4.8,49.0,0.006746120980436249,0.11018664268045876,14.399999999999999,444.30000000000007,9.067346938775511,0.017641005537315606,0.5442985250159253,0.00011869850950772832
68,3.0,3.6,52.0,0.006746120980436249,0.11693276366089501,10.8,455.1000000000001,8.75192307692308,0.013230754152986707,0.557529279168912,4.205046738254179e-05
74,3.0,3.6,55.0,0.006746120980436249,0.12367888464133127,10.8,465.9000000000001,8.470909090909092,0.013230754152986707,0.5707600333218987,4.205046738254179e-05
4,3.0,3.4,58.0,0.006746120980436249,0.1304250056217675,10.2,476.1000000000001,8.208620689655174,0.012495712255598555,0.5832557455774973,3.305779983142251e-05
112,3.0,3.2,61.0,0.006746120980436249,0.13717112660220376,9.600000000000001,485.7000000000001,7.9622950819672145,0.011760670358210407,0.5950164159357076,2.5145705462135178e-05
96,3.0,3.0,64.0,0.006746120980436249,0.14391724758264002,9.0,494.7000000000001,7.729687500000002,0.011025628460822254,0.6060420443965299,1.8314184274679776e-05
8,3.0,3.0,67.0,0.006746120980436249,0.15066336856307627,9.0,503.7000000000001,7.517910447761196,0.011025628460822254,0.6170676728573521,1.8314184274679776e-05
110,3.0,2.8,70.0,0.006746120980436249,0.15740948954351253,8.399999999999999,512.1000000000001,7.315714285714288,0.010290586563434102,0.6273582594207862,1.2563236269056321e-05
108,3.0,2.6,73.0,0.006746120980436249,0.16415561052394878,7.800000000000001,519.9000000000001,7.121917808219179,0.009555544666045955,0.6369138040868321,7.892861445264819e-06
107,3.0,2.4,76.0,0.006746120980436249,0.17090173150438503,7.199999999999999,527.1000000000001,6.935526315789476,0.008820502768657803,0.6457343068554898,4.303059803305252e-06
106,3.0,2.4,79.0,0.006746120980436249,0.1776478524848213,7.199999999999999,534.3000000000002,6.763291139240509,0.008820502768657803,0.6545548096241476,4.303059803305252e-06
3,3.0,2.4,82.0,0.006746120980436249,0.18439397346525754,7.199999999999999,541.5000000000002,6.603658536585368,0.008820502768657803,0.6633753123928053,4.303059803305252e-06
89,3.0,2.2,85.0,0.006746120980436249,0.1911400944456938,6.6000000000000005,548.1000000000003,6.44823529411765,0.008085460871269655,0.6714607732640749,1.7938313431776365e-06
29,3.0,2.2,88.0,0.006746120980436249,0.19788621542613005,6.6000000000000005,554.7000000000003,6.303409090909094,0.008085460871269655,0.6795462341353445,1.7938313431776365e-06
30,3.0,2.2,91.0,0.006746120980436249,0.2046323364065663,6.6000000000000005,561.3000000000003,6.168131868131871,0.008085460871269655,0.6876316950066141,1.7938313431776365e-06
100,3.0,2.0,94.0,0.006746120980436249,0.21137845738700256,6.0,567.3000000000003,6.035106382978727,0.007350418973881503,0.6949821139804957,3.6517606488196004e-07
119,3.0,2.0,97.0,0.006746120980436249,0.21812457836743882,6.0,573.3000000000003,5.9103092783505184,0.007350418973881503,0.7023325329543773,3.6517606488196004e-07
99,3.0,2.0,100.0,0.006746120980436249,0.22487069934787507,6.0,579.3000000000003,5.793000000000003,0.007350418973881503,0.7096829519282588,3.6517606488196004e-07
70,3.0,2.0,103.0,0.006746120980436249,0.23161682032831132,6.0,585.3000000000003,5.682524271844663,0.007350418973881503,0.7170333709021404,3.6517606488196004e-07
101,3.0,2.0,106.0,0.006746120980436249,0.23836294130874758,6.0,591.3000000000003,5.578301886792455,0.007350418973881503,0.7243837898760219,3.6517606488196004e-07
79,2.8000000000000114,1.8,108.80000000000001,0.006296379581740525,0.2446593208904881,5.0400000000000205,596.3400000000004,5.481066176470591,0.006174351938060488,0.7305581418140824,1.4890745822102093e-08
113,3.0,1.8,111.80000000000001,0.006746120980436249,0.25140544187092434,5.4,601.7400000000004,5.382289803220038,0.006615377076493354,0.7371735188905758,1.7093968418229304e-08
78,3.0,1.8,114.80000000000001,0.006746120980436249,0.2581515628513606,5.4,607.1400000000003,5.288675958188156,0.006615377076493354,0.7437888959670692,1.7093968418229304e-08
80,3.1999999999999886,1.8,118.0,0.007195862379131974,0.2653474252304926,5.759999999999979,612.9000000000003,5.194067796610172,0.007056402214926218,0.7508452981819954,1.9449137400296318e-08
72,3.0,1.6,121.0,0.006746120980436249,0.27209354621092885,4.800000000000001,617.7000000000003,5.104958677685953,0.005880335179105203,0.7567256333611007,7.495850537864423e-07
71,3.0,1.6,124.0,0.006746120980436249,0.2788396671913651,4.800000000000001,622.5000000000002,5.020161290322583,0.005880335179105203,0.7626059685402059,7.495850537864423e-07
120,3.0,1.6,127.0,0.006746120980436249,0.28558578817180136,4.800000000000001,627.3000000000002,4.939370078740159,0.005880335179105203,0.7684863037193111,7.495850537864423e-07
7,3.0,1.6,130.0,0.006746120980436249,0.2923319091522376,4.800000000000001,632.1000000000001,4.862307692307693,0.005880335179105203,0.7743666388984164,7.495850537864423e-07
69,3.0,1.6,133.0,0.006746120980436249,0.29907803013267387,4.800000000000001,636.9000000000001,4.788721804511279,0.005880335179105203,0.7802469740775216,7.495850537864423e-07
63,3.0,1.6,136.0,0.006746120980436249,0.3058241511131101,4.800000000000001,641.7,4.718382352941177,0.005880335179105203,0.7861273092566269,7.495850537864423e-07
143,3.0,1.6,139.0,0.006746120980436249,0.3125702720935464,4.800000000000001,646.5,4.651079136690647,0.005880335179105203,0.7920076444357321,7.495850537864423e-07
144,3.0,1.4,142.0,0.006746120980436249,0.31931639307398263,4.199999999999999,650.7,4.5823943661971835,0.005145293281717051,0.7971529377174492,2.5626493209866015e-06
9,3.0,1.4,145.0,0.006746120980436249,0.3260625140544189,4.199999999999999,654.9000000000001,4.516551724137932,0.005145293281717051,0.8022982309991663,2.5626493209866015e-06
23,3.0,1.4,148.0,0.006746120980436249,0.33280863503485514,4.199999999999999,659.1000000000001,4.453378378378379,0.005145293281717051,0.8074435242808834,2.5626493209866015e-06
115,3.0,1.2,151.0,0.006746120980436249,0.3395547560152914,3.5999999999999996,662.7000000000002,4.388741721854306,0.004410251384328902,0.8118537756652123,5.456286770018703e-06
31,3.0,1.2,154.0,0.006746120980436249,0.34630087699572765,3.5999999999999996,666.3000000000002,4.3266233766233775,0.004410251384328902,0.8162640270495413,5.456286770018703e-06
28,3.0,1.0,157.0,0.006746120980436249,0.3530469979761639,3.0,669.3000000000002,4.263057324840766,0.0036752094869407516,0.819939236536482,9.430497400882748e-06
73,3.0,1.0,160.0,0.006746120980436249,0.35979311895660016,3.0,672.3000000000002,4.201875000000001,0.0036752094869407516,0.8236144460234228,9.430497400882748e-06
98,3.0,1.0,163.0,0.006746120980436249,0.3665392399370364,3.0,675.3000000000002,4.142944785276074,0.0036752094869407516,0.8272896555103636,9.430497400882748e-06
24,3.0,1.0,166.0,0.006746120980436249,0.37328536091747266,3.0,678.3000000000002,4.086144578313254,0.0036752094869407516,0.8309648649973044,9.430497400882748e-06
146,3.0,1.0,169.0,0.006746120980436249,0.3800314818979089,3.0,681.3000000000002,4.031360946745563,0.0036752094869407516,0.8346400744842452,9.430497400882748e-06
12,3.0,1.0,172.0,0.006746120980436249,0.3867776028783452,3.0,684.3000000000002,3.9784883720930244,0.0036752094869407516,0.8383152839711859,9.430497400882748e-06
67,3.0,1.0,175.0,0.006746120980436249,0.3935237238587814,3.0,687.3000000000002,3.9274285714285724,0.0036752094869407516,0.8419904934581267,9.430497400882748e-06
1,3.0,1.0,178.0,0.006746120980436249,0.4002698448392177,3.0,690.3000000000002,3.8780898876404506,0.0036752094869407516,0.8456657029450675,9.430497400882748e-06
109,3.0,1.0,181.0,0.006746120980436249,0.40701596581965394,3.0,693.3000000000002,3.830386740331493,0.0036752094869407516,0.8493409124320083,9.430497400882748e-06
11,3.0,1.0,184.0,0.006746120980436249,0.4137620868000902,3.0,696.3000000000002,3.7842391304347838,0.0036752094869407516,0.853016121918949,9.430497400882748e-06
10,3.0,1.0,187.0,0.006746120980436249,0.42050820778052644,3.0,699.3000000000002,3.73957219251337,0.0036752094869407516,0.8566913314058898,9.430497400882748e-06
52,3.0,1.0,190.0,0.006746120980436249,0.4272543287609627,3.0,702.3000000000002,3.6963157894736853,0.0036752094869407516,0.8603665408928306,9.430497400882748e-06
90,3.0,1.0,193.0,0.006746120980436249,0.43400044974139895,3.0,705.3000000000002,3.654404145077721,0.0036752094869407516,0.8640417503797714,9.430497400882748e-06
97,3.0,0.9,196.0,0.006746120980436249,0.4407465707218352,2.7,708.0000000000002,3.612244897959185,0.003307688538246677,0.8673494389180181,1.182281765950175e-05
82,3.0,0.8,199.0,0.006746120980436249,0.44749269170227146,2.4000000000000004,710.4000000000002,3.569849246231157,0.0029401675895526017,0.8702896065075707,1.4485281213578737e-05
51,3.0,0.8,202.0,0.006746120980436249,0.4542388126827077,2.4000000000000004,712.8000000000002,3.5287128712871296,0.0029401675895526017,0.8732297740971233,1.4485281213578737e-05
65,3.0,0.8,205.0,0.006746120980436249,0.46098493366314397,2.4000000000000004,715.2000000000002,3.488780487804879,0.0029401675895526017,0.876169941686676,1.4485281213578737e-05
56,3.0,0.8,208.0,0.006746120980436249,0.4677310546435802,2.4000000000000004,717.6000000000001,3.4500000000000006,0.0029401675895526017,0.8791101092762286,1.4485281213578737e-05
13,3.0,0.8,211.0,0.006746120980436249,0.4744771756240165,2.4000000000000004,720.0000000000001,3.412322274881517,0.0029401675895526017,0.8820502768657812,1.4485281213578737e-05
15,3.0,0.8,214.0,0.006746120980436249,0.48122329660445273,2.4000000000000004,722.4000000000001,3.3757009345794398,0.0029401675895526017,0.8849904444553338,1.4485281213578737e-05
64,3.0,0.8,217.0,0.006746120980436249,0.487969417584889,2.4000000000000004,724.8000000000001,3.340092165898618,0.0029401675895526017,0.8879306120448864,1.4485281213578737e-05
45,3.0,0.8,220.0,0.006746120980436249,0.49471553856532524,2.4000000000000004,727.2,3.3054545454545456,0.0029401675895526017,0.8908707796344391,1.4485281213578737e-05
46,3.0,0.8,223.0,0.006746120980436249,0.5014616595457615,2.4000000000000004,729.6,3.2717488789237668,0.0029401675895526017,0.8938109472239917,1.4485281213578737e-05
102,3.0,0.8,226.0,0.006746120980436249,0.5082077805261977,2.4000000000000004,732.0,3.2389380530973453,0.0029401675895526017,0.8967511148135443,1.4485281213578737e-05
62,3.0,0.8,229.0,0.006746120980436249,0.514953901506634,2.4000000000000004,734.4,3.2069868995633186,0.0029401675895526017,0.8996912824030969,1.4485281213578737e-05
61,3.0,0.8,232.0,0.006746120980436249,0.5217000224870703,2.4000000000000004,736.8,3.1758620689655173,0.0029401675895526017,0.9026314499926495,1.4485281213578737e-05
57,3.0,0.6,235.0,0.006746120980436249,0.5284461434675065,1.7999999999999998,738.5999999999999,3.142978723404255,0.002205125692164451,0.904836575684814,2.0620638208106672e-05
25,3.0,0.6,238.0,0.006746120980436249,0.5351922644479428,1.7999999999999998,740.3999999999999,3.1109243697478988,0.002205125692164451,0.9070417013769785,2.0620638208106672e-05
48,3.0,0.6,241.0,0.006746120980436249,0.541938385428379,1.7999999999999998,742.1999999999998,3.0796680497925304,0.002205125692164451,0.909246827069143,2.0620638208106672e-05
47,3.0,0.6,244.0,0.006746120980436249,0.5486845064088153,1.7999999999999998,743.9999999999998,3.0491803278688514,0.002205125692164451,0.9114519527613074,2.0620638208106672e-05
58,3.0,0.6,247.0,0.006746120980436249,0.5554306273892515,1.7999999999999998,745.7999999999997,3.0194331983805656,0.002205125692164451,0.9136570784534719,2.0620638208106672e-05
59,3.0,0.6,250.0,0.006746120980436249,0.5621767483696878,1.7999999999999998,747.5999999999997,2.990399999999999,0.002205125692164451,0.9158622041456363,2.0620638208106672e-05
2,3.0,0.6,253.0,0.006746120980436249,0.568922869350124,1.7999999999999998,749.3999999999996,2.962055335968378,0.002205125692164451,0.9180673298378008,2.0620638208106672e-05
6,3.0,0.6,256.0,0.006746120980436249,0.5756689903305603,1.7999999999999998,751.1999999999996,2.9343749999999984,0.002205125692164451,0.9202724555299653,2.0620638208106672e-05
41,3.0,0.6,259.0,0.006746120980436249,0.5824151113109965,1.7999999999999998,752.9999999999995,2.9073359073359057,0.002205125692164451,0.9224775812221297,2.0620638208106672e-05
60,3.0,0.6,262.0,0.006746120980436249,0.5891612322914328,1.7999999999999998,754.7999999999995,2.8809160305343493,0.002205125692164451,0.9246827069142942,2.0620638208106672e-05
87,3.0,0.6,265.0,0.006746120980436249,0.5959073532718691,1.7999999999999998,756.5999999999995,2.8550943396226396,0.002205125692164451,0.9268878326064587,2.0620638208106672e-05
38,3.0,0.6,268.0,0.006746120980436249,0.6026534742523053,1.7999999999999998,758.3999999999994,2.8298507462686544,0.002205125692164451,0.9290929582986232,2.0620638208106672e-05
54,3.0,0.6,271.0,0.006746120980436249,0.6093995952327416,1.7999999999999998,760.1999999999994,2.8051660516605144,0.002205125692164451,0.9312980839907876,2.0620638208106672e-05
16,3.0,0.6,274.0,0.006746120980436249,0.6161457162131778,1.7999999999999998,761.9999999999993,2.7810218978102164,0.002205125692164451,0.9335032096829521,2.0620638208106672e-05
121,3.0,0.5,277.0,0.006746120980436249,0.6228918371936141,1.5,763.4999999999993,2.7563176895306833,0.0018376047434703758,0.9353408144264225,2.409353164855762e-05
39,3.0,0.5,280.0,0.006746120980436249,0.6296379581740503,1.5,764.9999999999993,2.7321428571428545,0.0018376047434703758,0.9371784191698929,2.409353164855762e-05
81,3.0,0.5,283.0,0.006746120980436249,0.6363840791544866,1.5,766.4999999999993,2.708480565371022,0.0018376047434703758,0.9390160239133633,2.409353164855762e-05
40,3.0,0.5,286.0,0.006746120980436249,0.6431302001349228,1.5,767.9999999999993,2.6853146853146828,0.0018376047434703758,0.9408536286568336,2.409353164855762e-05
132,3.0,0.4,289.0,0.006746120980436249,0.6498763211153591,1.2000000000000002,769.1999999999994,2.661591695501728,0.0014700837947763008,0.94232371245161,2.7836568384466553e-05
135,3.0,0.4,292.0,0.006746120980436249,0.6566224420957953,1.2000000000000002,770.3999999999994,2.6383561643835596,0.0014700837947763008,0.9437937962463863,2.7836568384466553e-05
137,3.0,0.4,295.0,0.006746120980436249,0.6633685630762316,1.2000000000000002,771.5999999999995,2.6155932203389813,0.0014700837947763008,0.9452638800411626,2.7836568384466553e-05
130,3.0,0.4,298.0,0.006746120980436249,0.6701146840566679,1.2000000000000002,772.7999999999995,2.593288590604025,0.0014700837947763008,0.9467339638359389,2.7836568384466553e-05
145,3.0,0.4,301.0,0.006746120980436249,0.6768608050371041,1.2000000000000002,773.9999999999995,2.57142857142857,0.0014700837947763008,0.9482040476307152,2.7836568384466553e-05
128,3.0,0.4,304.0,0.006746120980436249,0.6836069260175404,1.2000000000000002,775.1999999999996,2.5499999999999985,0.0014700837947763008,0.9496741314254915,2.7836568384466553e-05
118,3.0,0.4,307.0,0.006746120980436249,0.6903530469979766,1.2000000000000002,776.3999999999996,2.5289902280130283,0.0014700837947763008,0.9511442152202678,2.7836568384466553e-05
116,3.0,0.4,310.0,0.006746120980436249,0.6970991679784129,1.2000000000000002,777.5999999999997,2.5083870967741926,0.0014700837947763008,0.9526142990150441,2.7836568384466553e-05
0,2.7,0.4,312.7,0.006071508882392625,0.7031706768608055,1.08,778.6799999999997,2.4901822833386626,0.0013230754152986706,0.9539373744303428,2.254762039141791e-05
147,2.0,0.4,314.7,0.0044974139869575,0.7076680908477629,0.8,779.4799999999997,2.476898633619319,0.0009800558631842004,0.9549174302935269,1.2371808170874024e-05
53,3.0,0.4,317.7,0.006746120980436249,0.7144142118281992,1.2000000000000002,780.6799999999997,2.457286748504878,0.0014700837947763008,0.9563875140883032,2.7836568384466553e-05
35,3.0,0.4,320.7,0.006746120980436249,0.7211603328086355,1.2000000000000002,781.8799999999998,2.438041783598378,0.0014700837947763008,0.9578575978830796,2.7836568384466553e-05
21,3.0,0.4,323.7,0.006746120980436249,0.7279064537890717,1.2000000000000002,783.0799999999998,2.4191535372258257,0.0014700837947763008,0.9593276816778559,2.7836568384466553e-05
34,3.0,0.4,326.7,0.006746120980436249,0.734652574769508,1.2000000000000002,784.2799999999999,2.400612182430364,0.0014700837947763008,0.9607977654726322,2.7836568384466553e-05
42,3.0,0.4,329.7,0.006746120980436249,0.7413986957499442,1.2000000000000002,785.4799999999999,2.382408249924173,0.0014700837947763008,0.9622678492674085,2.7836568384466553e-05
17,3.0,0.4,332.7,0.006746120980436249,0.7481448167303805,1.2000000000000002,786.68,2.364532611962729,0.0014700837947763008,0.9637379330621848,2.7836568384466553e-05
44,3.0,0.4,335.7,0.006746120980436249,0.7548909377108167,1.2000000000000002,787.88,2.3469764670837057,0.0014700837947763008,0.9652080168569611,2.7836568384466553e-05
50,3.0,0.4,338.7,0.006746120980436249,0.761637058691253,1.2000000000000002,789.08,2.329731325656924,0.0014700837947763008,0.9666781006517374,2.7836568384466553e-05
49,3.0,0.4,341.7,0.006746120980436249,0.7683831796716892,1.2000000000000002,790.2800000000001,2.3127889961954935,0.0014700837947763008,0.9681481844465137,2.7836568384466553e-05
55,3.0,0.4,344.7,0.006746120980436249,0.7751293006521255,1.2000000000000002,791.4800000000001,2.2961415723817815,0.0014700837947763008,0.96961826824129,2.7836568384466553e-05
66,3.0,0.4,347.7,0.006746120980436249,0.7818754216325617,1.2000000000000002,792.6800000000002,2.279781420765028,0.0014700837947763008,0.9710883520360664,2.7836568384466553e-05
83,3.0,0.4,350.7,0.006746120980436249,0.788621542612998,1.2000000000000002,793.8800000000002,2.263701169090391,0.0014700837947763008,0.9725584358308427,2.7836568384466553e-05
84,3.0,0.4,353.7,0.006746120980436249,0.7953676635934342,1.2000000000000002,795.0800000000003,2.2478936952219404,0.0014700837947763008,0.974028519625619,2.7836568384466553e-05
85,3.0,0.4,356.7,0.006746120980436249,0.8021137845738705,1.2000000000000002,796.2800000000003,2.2323521166246154,0.0014700837947763008,0.9754986034203953,2.7836568384466553e-05
14,3.0,0.4,359.7,0.006746120980436249,0.8088599055543068,1.2000000000000002,797.4800000000004,2.2170697803725337,0.0014700837947763008,0.9769686872151716,2.7836568384466553e-05
91,3.0,0.4,362.7,0.006746120980436249,0.815606026534743,1.2000000000000002,798.6800000000004,2.2020402536531583,0.0014700837947763008,0.9784387710099479,2.7836568384466553e-05
27,3.0,0.4,365.7,0.006746120980436249,0.8223521475151793,1.2000000000000002,799.8800000000005,2.1872573147388583,0.0014700837947763008,0.9799088548047242,2.7836568384466553e-05
138,3.0,0.3,368.7,0.006746120980436249,0.8290982684956155,0.8999999999999999,800.7800000000004,2.1719012747491195,0.0011025628460822254,0.9810114176508065,3.184974841583347e-05
37,3.0,0.3,371.7,0.006746120980436249,0.8358443894760518,0.8999999999999999,801.6800000000004,2.1567931127253175,0.0011025628460822254,0.9821139804968887,3.184974841583347e-05
32,3.0,0.2,374.7,0.006746120980436249,0.842590510456488,0.6000000000000001,802.2800000000004,2.141126234320791,0.0007350418973881504,0.9828490223942769,3.613307174265838e-05
136,3.0,0.2,377.7,0.006746120980436249,0.8493366314369243,0.6000000000000001,802.8800000000005,2.1257082340481874,0.0007350418973881504,0.983584064291665,3.613307174265838e-05
18,3.0,0.2,380.7,0.006746120980436249,0.8560827524173605,0.6000000000000001,803.4800000000005,2.110533228263726,0.0007350418973881504,0.9843191061890532,3.613307174265838e-05
26,3.0,0.2,383.7,0.006746120980436249,0.8628288733977968,0.6000000000000001,804.0800000000005,2.0955955173312497,0.0007350418973881504,0.9850541480864413,3.613307174265838e-05
22,3.0,0.2,386.7,0.006746120980436249,0.869574994378233,0.6000000000000001,804.6800000000005,2.080889578484615,0.0007350418973881504,0.9857891899838295,3.613307174265838e-05
20,3.0,0.2,389.7,0.006746120980436249,0.8763211153586693,0.6000000000000001,805.2800000000005,2.06641005901976,0.0007350418973881504,0.9865242318812176,3.613307174265838e-05
19,3.0,0.2,392.7,0.006746120980436249,0.8830672363391056,0.6000000000000001,805.8800000000006,2.0521517697988303,0.0007350418973881504,0.9872592737786058,3.613307174265838e-05
133,3.0,0.2,395.7,0.006746120980436249,0.8898133573195418,0.6000000000000001,806.4800000000006,2.0381096790497866,0.0007350418973881504,0.9879943156759939,3.613307174265838e-05
134,3.0,0.2,398.7,0.006746120980436249,0.8965594782999781,0.6000000000000001,807.0800000000006,2.024278906445951,0.0007350418973881504,0.9887293575733821,3.613307174265838e-05
104,3.0,0.2,401.7,0.006746120980436249,0.9033055992804143,0.6000000000000001,807.6800000000006,2.010654717450836,0.0007350418973881504,0.9894643994707703,3.613307174265838e-05
33,3.0,0.2,404.7,0.006746120980436249,0.9100517202608506,0.6000000000000001,808.2800000000007,1.9972325179145063,0.0007350418973881504,0.9901994413681584,3.613307174265838e-05
131,3.0,0.2,407.7,0.006746120980436249,0.9167978412412868,0.6000000000000001,808.8800000000007,1.984007848908513,0.0007350418973881504,0.9909344832655466,3.613307174265838e-05
129,3.0,0.2,410.7,0.006746120980436249,0.9235439622217231,0.6000000000000001,809.4800000000007,1.9709763817871944,0.0007350418973881504,0.9916695251629347,3.613307174265838e-05
127,3.0,0.2,413.7,0.006746120980436249,0.9302900832021593,0.6000000000000001,810.0800000000007,1.9581339134638645,0.0007350418973881504,0.9924045670603229,3.613307174265838e-05
103,3.0,0.2,416.7,0.006746120980436249,0.9370362041825956,0.6000000000000001,810.6800000000007,1.9454763618910507,0.0007350418973881504,0.993139608957711,3.613307174265838e-05
125,4.099999999999966,0.2,420.79999999999995,0.009219698673262798,0.9462559028558584,0.8199999999999932,811.5000000000007,1.9284695817490514,0.0010045572597637972,0.9941441662174748,6.748854844378637e-05
124,3.6000000000000227,0.2,424.4,0.00809534517652355,0.9543512480323819,0.7200000000000046,812.2200000000007,1.913807728557966,0.000882050276865786,0.9950262164943406,5.203162330942872e-05
123,3.0,0.2,427.4,0.006746120980436249,0.9610973690128182,0.6000000000000001,812.8200000000007,1.9017781937295293,0.0007350418973881504,0.9957612583917288,3.613307174265838e-05
122,3.0,0.2,430.4,0.006746120980436249,0.9678434899932544,0.6000000000000001,813.4200000000008,1.8899163568773252,0.0007350418973881504,0.996496300289117,3.613307174265838e-05
36,3.0,0.2,433.4,0.006746120980436249,0.9745896109736907,0.6000000000000001,814.0200000000008,1.8782187355791435,0.0007350418973881504,0.9972313421865051,3.613307174265838e-05
43,3.0,0.2,436.4,0.006746120980436249,0.9813357319541269,0.6000000000000001,814.6200000000008,1.8666819431714043,0.0007350418973881504,0.9979663840838933,3.613307174265838e-05
117,3.0,0.2,439.4,0.006746120980436249,0.9880818529345632,0.6000000000000001,815.2200000000008,1.8553026854802022,0.0007350418973881504,0.9987014259812814,3.613307174265838e-05
86,3.0,0.2,442.4,0.006746120980436249,0.9948279739149994,0.6000000000000001,815.8200000000008,1.8440777576853546,0.0007350418973881504,0.9994364678786696,3.613307174265838e-05
126,2.3000000000000114,0.2,444.7,0.00517202608500115,1.0000000000000007,0.4600000000000023,816.2800000000009,1.835574544636836,0.000563532121330918,1.0000000000000004,2.123821661318497e-05
