,weight,grade,cml_weight,weight_pct,cml_weight_pct,yield,cml_yield,cml_grade,recovery,cml_recovery,distributional_heterogeneity
36,3.0,14.9,3.0,0.01467710371819961,0.01467710371819961,44.7,44.7,14.9,0.08234773958218193,0.08234773958218193,0.0045793149582356914
35,3.0,10.4,6.0,0.01467710371819961,0.02935420743639922,31.200000000000003,75.9,12.65,0.05747761688957666,0.1398253564717586,0.0018318839277332198
50,3.0,8.8,9.0,0.01467710371819961,0.04403131115459883,26.400000000000002,102.30000000000001,11.366666666666667,0.048634906598872554,0.18846026307063113,0.0011531323764826396
51,3.0,5.6,12.0,0.01467710371819961,0.05870841487279844,16.799999999999997,119.10000000000001,9.925,0.030949486017464344,0.21940974908809546,0.00026479042569342435
2,3.0,5.4,15.0,0.01467710371819961,0.07338551859099805,16.200000000000003,135.3,9.020000000000001,0.02984414723112634,0.2492538963192218,0.0002300392089230128
1,3.0,5.2,18.0,0.01467710371819961,0.08806262230919766,15.600000000000001,150.9,8.383333333333333,0.02873880844478833,0.2779927047640101,0.00019773153981776745
49,3.0,5.0,21.0,0.01467710371819961,0.10273972602739727,15.0,165.9,7.9,0.027633469658450312,0.30562617442246043,0.0001678674183776885
13,3.0,4.5,24.0,0.01467710371819961,0.11741682974559688,13.5,179.4,7.4750000000000005,0.02487012269260528,0.33049629711506573,0.00010389763581259405
14,3.0,4.4,27.0,0.01467710371819961,0.1320939334637965,13.200000000000001,192.6,7.133333333333333,0.024317453299436277,0.354813750414502,9.293634004845e-05
33,3.0,3.8,30.0,0.01467710371819961,0.1467710371819961,11.399999999999999,204.0,6.8,0.021001436940422235,0.37581518735492425,3.9997190705708844e-05
55,3.0,3.8,33.0,0.01467710371819961,0.1614481409001957,11.399999999999999,215.4,6.527272727272727,0.021001436940422235,0.3968166242953465,3.9997190705708844e-05
10,3.0,3.6,36.0,0.01467710371819961,0.17612524461839532,10.8,226.20000000000002,6.283333333333334,0.019896098154084225,0.4167127224494307,2.7237902921794583e-05
57,3.0,3.6,39.0,0.01467710371819961,0.19080234833659493,10.8,237.00000000000003,6.0769230769230775,0.019896098154084225,0.4366088206035149,2.7237902921794583e-05
53,3.0,3.4,42.0,0.01467710371819961,0.20547945205479454,10.2,247.20000000000002,5.885714285714286,0.018790759367746213,0.4553995799712611,1.6922162803046684e-05
30,3.0,3.3,45.0,0.01467710371819961,0.22015655577299414,9.899999999999999,257.1,5.713333333333334,0.018238089974577203,0.47363766994583834,1.2680623118110125e-05
52,3.0,3.2,48.0,0.01467710371819961,0.23483365949119375,9.600000000000001,266.70000000000005,5.556250000000001,0.017685420581408203,0.49132309052724654,9.04997034946518e-06
25,3.0,3.0,51.0,0.01467710371819961,0.24951076320939336,9.0,275.70000000000005,5.405882352941178,0.016580081795070187,0.5079031723223167,3.6213255610500442e-06
56,3.0,2.8,54.0,0.01467710371819961,0.264187866927593,8.399999999999999,284.1,5.261111111111112,0.015474743008732172,0.5233779153310489,6.362284378012931e-07
4,3.0,2.7,57.0,0.01467710371819961,0.27886497064579263,8.100000000000001,292.20000000000005,5.126315789473685,0.01492207361556317,0.5382999889466121,6.001025061431332e-08
24,3.0,2.7,60.0,0.01467710371819961,0.29354207436399227,8.100000000000001,300.30000000000007,5.005000000000001,0.01492207361556317,0.5532220625621753,6.001025061431332e-08
5,3.0,2.5,63.0,0.01467710371819961,0.3082191780821919,7.5,307.80000000000007,4.885714285714287,0.013816734829225156,0.5670387973914005,7.402346251151348e-07
47,3.5999999999999943,2.5,66.6,0.017612524461839505,0.32583170254403143,8.999999999999986,316.80000000000007,4.756756756756758,0.016580081795070162,0.5836188791864707,1.0659378601657905e-06
66,3.0,2.4,69.6,0.01467710371819961,0.34050880626223107,7.199999999999999,324.00000000000006,4.655172413793105,0.013264065436056148,0.5968829446225269,1.99667718680294e-06
61,3.0,2.4,72.6,0.01467710371819961,0.3551859099804307,7.199999999999999,331.20000000000005,4.561983471074381,0.013264065436056148,0.6101470100585831,1.99667718680294e-06
48,2.8000000000000007,2.4,75.39999999999999,0.013698630136986306,0.368884540117417,6.7200000000000015,337.9200000000001,4.481697612732097,0.012379794406985743,0.6225268044655689,1.7393276827261176e-06
46,3.0,2.3,78.39999999999999,0.01467710371819961,0.38356164383561664,6.8999999999999995,344.82000000000005,4.398214285714287,0.012711396042887143,0.635238200508456,3.864006664782342e-06
6,3.0,2.3,81.39999999999999,0.01467710371819961,0.3982387475538163,6.8999999999999995,351.72,4.320884520884522,0.012711396042887143,0.6479495965513432,3.864006664782342e-06
39,3.0,2.2,84.39999999999999,0.01467710371819961,0.4129158512720159,6.6000000000000005,358.32000000000005,4.245497630331754,0.012158726649718139,0.6601083232010614,6.342223059053327e-06
60,3.0,2.2,87.39999999999999,0.01467710371819961,0.42759295499021555,6.6000000000000005,364.9200000000001,4.175286041189932,0.012158726649718139,0.6722670498507796,6.342223059053327e-06
8,3.0,2.2,90.39999999999999,0.01467710371819961,0.4422700587084152,6.6000000000000005,371.5200000000001,4.109734513274338,0.012158726649718139,0.6844257765004977,6.342223059053327e-06
34,3.0,2.2,93.39999999999999,0.01467710371819961,0.4569471624266148,6.6000000000000005,378.1200000000001,4.048394004282657,0.012158726649718139,0.6965845031502159,6.342223059053327e-06
37,3.0,2.1,96.39999999999999,0.01467710371819961,0.47162426614481445,6.300000000000001,384.42000000000013,3.987759336099587,0.011606057256549132,0.7081905604067651,9.43132636961592e-06
43,3.0,2.0,99.39999999999999,0.01467710371819961,0.4863013698630141,6.0,390.42000000000013,3.9277665995975872,0.011053387863380126,0.7192439482701453,1.3131316596470106e-05
67,3.0,2.0,102.39999999999999,0.01467710371819961,0.5009784735812137,6.0,396.42000000000013,3.8712890625000016,0.011053387863380126,0.7302973361335254,1.3131316596470106e-05
3,3.0,2.0,105.39999999999999,0.01467710371819961,0.5156555772994134,6.0,402.42000000000013,3.8180265654648973,0.011053387863380126,0.7413507239969056,1.3131316596470106e-05
20,3.0,2.0,108.39999999999999,0.01467710371819961,0.530332681017613,6.0,408.42000000000013,3.7677121771217728,0.011053387863380126,0.7524041118602858,1.3131316596470106e-05
0,3.0,1.8,111.39999999999999,0.01467710371819961,0.5450097847358126,5.4,413.8200000000001,3.7147217235188523,0.009948049077042113,0.7623521609373279,2.236395779905326e-05
28,3.0,1.8,114.39999999999999,0.01467710371819961,0.5596868884540123,5.4,419.2200000000001,3.6645104895104903,0.009948049077042113,0.7723002100143701,2.236395779905326e-05
63,3.0,1.8,117.39999999999999,0.01467710371819961,0.5743639921722119,5.4,424.62000000000006,3.6168654173764914,0.009948049077042113,0.7822482590914123,2.236395779905326e-05
62,3.0,1.8,120.39999999999999,0.01467710371819961,0.5890410958904115,5.4,430.02000000000004,3.5715946843853827,0.009948049077042113,0.7921963081684544,2.236395779905326e-05
9,3.0,1.8,123.39999999999999,0.01467710371819961,0.6037181996086112,5.4,435.42,3.528525121555916,0.009948049077042113,0.8021443572454966,2.236395779905326e-05
12,3.0,1.6,126.39999999999999,0.01467710371819961,0.6183953033268108,4.800000000000001,440.22,3.4827531645569625,0.008842710290704102,0.8109870675362006,3.404014666680279e-05
41,3.0,1.6,129.39999999999998,0.01467710371819961,0.6330724070450104,4.800000000000001,445.02000000000004,3.4391035548686255,0.008842710290704102,0.8198297778269047,3.404014666680279e-05
54,3.0,1.6,132.39999999999998,0.01467710371819961,0.6477495107632101,4.800000000000001,449.82000000000005,3.397432024169185,0.008842710290704102,0.8286724881176087,3.404014666680279e-05
7,3.0,1.5,135.39999999999998,0.01467710371819961,0.6624266144814097,4.5,454.32000000000005,3.355391432791729,0.008290040897535093,0.8369625290151438,4.079457147511496e-05
16,3.0,1.5,138.39999999999998,0.01467710371819961,0.6771037181996094,4.5,458.82000000000005,3.315173410404625,0.008290040897535093,0.8452525699126788,4.079457147511496e-05
58,3.0,1.4,141.39999999999998,0.01467710371819961,0.691780821917809,4.199999999999999,463.02000000000004,3.2745403111739755,0.007737371504366086,0.8529899414170449,4.815988319971872e-05
11,3.0,1.4,144.39999999999998,0.01467710371819961,0.7064579256360086,4.199999999999999,467.22,3.2355955678670365,0.007737371504366086,0.8607273129214109,4.815988319971872e-05
59,3.0,1.4,147.39999999999998,0.01467710371819961,0.7211350293542083,4.199999999999999,471.42,3.1982360922659434,0.007737371504366086,0.868464684425777,4.815988319971872e-05
31,3.0,1.4,150.39999999999998,0.01467710371819961,0.7358121330724079,4.199999999999999,475.62,3.162367021276596,0.007737371504366086,0.876202055930143,4.815988319971872e-05
65,3.0,1.4,153.39999999999998,0.01467710371819961,0.7504892367906075,4.199999999999999,479.82,3.127900912646676,0.007737371504366086,0.883939427434509,4.815988319971872e-05
18,3.0,1.4,156.39999999999998,0.01467710371819961,0.7651663405088072,4.199999999999999,484.02,3.094757033248082,0.007737371504366086,0.8916767989388751,4.815988319971872e-05
19,3.0,1.4,159.39999999999998,0.01467710371819961,0.7798434442270068,4.199999999999999,488.21999999999997,3.062860727728984,0.007737371504366086,0.8994141704432411,4.815988319971872e-05
21,3.0,1.4,162.39999999999998,0.01467710371819961,0.7945205479452064,4.199999999999999,492.41999999999996,3.0321428571428575,0.007737371504366086,0.9071515419476072,4.815988319971872e-05
45,3.0,1.4,165.39999999999998,0.01467710371819961,0.8091976516634061,4.199999999999999,496.61999999999995,3.002539298669891,0.007737371504366086,0.9148889134519732,4.815988319971872e-05
44,3.0,1.4,168.39999999999998,0.01467710371819961,0.8238747553816057,4.199999999999999,500.81999999999994,2.9739904988123516,0.007737371504366086,0.9226262849563392,4.815988319971872e-05
27,3.0,1.4,171.39999999999998,0.01467710371819961,0.8385518590998053,4.199999999999999,505.0199999999999,2.946441073512252,0.007737371504366086,0.9303636564607053,4.815988319971872e-05
38,3.0,1.4,174.39999999999998,0.01467710371819961,0.853228962818005,4.199999999999999,509.2199999999999,2.9198394495412843,0.007737371504366086,0.9381010279650713,4.815988319971872e-05
17,3.0,1.3,177.39999999999998,0.01467710371819961,0.8679060665362046,3.9000000000000004,513.1199999999999,2.892446448703495,0.007184702111197082,0.9452857300762684,5.613608184061406e-05
15,3.0,1.2,180.39999999999998,0.01467710371819961,0.8825831702544042,3.5999999999999996,516.7199999999999,2.86430155210643,0.006632032718028074,0.9519177627942964,6.472316739780101e-05
22,3.0,1.2,183.39999999999998,0.01467710371819961,0.8972602739726039,3.5999999999999996,520.3199999999999,2.8370774263904033,0.006632032718028074,0.9585497955123244,6.472316739780101e-05
40,3.0,1.2,186.39999999999998,0.01467710371819961,0.9119373776908035,3.5999999999999996,523.92,2.8107296137339057,0.006632032718028074,0.9651818282303525,6.472316739780101e-05
29,3.0,1.2,189.39999999999998,0.01467710371819961,0.9266144814090032,3.5999999999999996,527.52,2.785216473072862,0.006632032718028074,0.9718138609483805,6.472316739780101e-05
32,3.0,1.2,192.39999999999998,0.01467710371819961,0.9412915851272028,3.5999999999999996,531.12,2.760498960498961,0.006632032718028074,0.9784458936664086,6.472316739780101e-05
23,3.0,1.0,195.39999999999998,0.01467710371819961,0.9559686888454024,3.0,534.12,2.733469805527124,0.005526693931690063,0.9839725875980986,8.372999926104969e-05
42,3.0,1.0,198.39999999999998,0.01467710371819961,0.9706457925636021,3.0,537.12,2.7072580645161293,0.005526693931690063,0.9894992815297886,8.372999926104969e-05
64,3.0,1.0,201.39999999999998,0.01467710371819961,0.9853228962818017,3.0,540.12,2.6818272095332674,0.005526693931690063,0.9950259754614786,8.372999926104969e-05
26,3.0,0.9,204.39999999999998,0.01467710371819961,1.0000000000000013,2.7,542.82,2.6556751467710376,0.004974024538521056,0.9999999999999997,9.414974556711144e-05
