,weight,grade,cml_weight,weight_pct,cml_weight_pct,yield,cml_yield,cml_grade,recovery,cml_recovery,distributional_heterogeneity
107,3.6999999999999886,4.8,3.6999999999999886,0.011395133969818259,0.011395133969818259,17.759999999999945,17.759999999999945,4.8,0.06954887218045089,0.06954887218045089,0.0033818572678707922
105,3.0,4.5,6.699999999999989,0.009239297813366184,0.020634431783184443,13.5,31.259999999999945,4.665671641791045,0.052866541353383444,0.12241541353383434,0.0019033363788999774
106,3.0,4.4,9.699999999999989,0.009239297813366184,0.029873729596550627,13.200000000000001,44.459999999999944,4.583505154639175,0.05169172932330826,0.1741071428571426,0.0018022089411063227
99,3.0,3.5,12.699999999999989,0.009239297813366184,0.03911302740991681,10.5,54.959999999999944,4.32755905511811,0.04111842105263157,0.21522556390977415,0.0010162784985042702
104,3.0,3.3,15.699999999999989,0.009239297813366184,0.04835232522328299,9.899999999999999,64.85999999999994,4.131210191082802,0.03876879699248119,0.25399436090225536,0.0008719913217693537
103,3.0,3.1,18.69999999999999,0.009239297813366184,0.05759162303664918,9.3,74.15999999999994,3.965775401069518,0.036419172932330816,0.2904135338345862,0.0007387456114825126
102,3.0,2.5,21.69999999999999,0.009239297813366184,0.06683092085001537,7.5,81.65999999999994,3.7631336405529945,0.029370300751879692,0.31978383458646586,0.0004052572793104394
101,3.0,2.5,24.69999999999999,0.009239297813366184,0.07607021866338155,7.5,89.15999999999994,3.6097165991902824,0.029370300751879692,0.34915413533834555,0.0004052572793104394
76,3.0,2.3,27.69999999999999,0.009239297813366184,0.08530951647674774,6.8999999999999995,96.05999999999995,3.4678700361010826,0.027020676691729313,0.37617481203007486,0.00031617743481589835
7,3.0,2.0,30.69999999999999,0.009239297813366184,0.09454881429011393,6.0,102.05999999999995,3.3244299674267097,0.023496240601503755,0.3996710526315786,0.0002032604176642278
79,3.0,1.7,33.69999999999999,0.009239297813366184,0.10378811210348012,5.1,107.15999999999994,3.1798219584569725,0.01997180451127819,0.41964285714285676,0.00011518670002072603
78,3.0,1.6,36.69999999999999,0.009239297813366184,0.1130274099168463,4.800000000000001,111.95999999999994,3.050681198910081,0.018796992481203006,0.4384398496240598,9.134952736359634e-05
80,3.0,1.5,39.69999999999999,0.009239297813366184,0.12226670773021249,4.5,116.45999999999994,2.933501259445843,0.017622180451127813,0.4560620300751876,7.027272131848538e-05
75,3.0,1.4,42.69999999999999,0.009239297813366184,0.13150600554357866,4.199999999999999,120.65999999999994,2.825761124121779,0.016447368421052624,0.4725093984962402,5.195628188539317e-05
8,3.0,1.4,45.69999999999999,0.009239297813366184,0.14074530335694485,4.199999999999999,124.85999999999994,2.732166301969365,0.016447368421052624,0.4889567669172928,5.195628188539317e-05
77,3.0,1.3,48.69999999999999,0.009239297813366184,0.14998460117031104,3.9000000000000004,128.75999999999993,2.6439425051334693,0.015272556390977441,0.5042293233082702,3.640020906431978e-05
63,3.0,1.1,51.69999999999999,0.009239297813366184,0.15922389898367723,3.3000000000000003,132.05999999999995,2.554352030947775,0.012922932330827065,0.5171522556390973,1.356916325822925e-05
95,3.0,1.0,54.69999999999999,0.009239297813366184,0.1684631967970434,3.0,135.05999999999995,2.4691042047531986,0.011748120300751877,0.5289003759398492,6.294190273212127e-06
36,3.0,1.0,57.69999999999999,0.009239297813366184,0.1777024946104096,3.0,138.05999999999995,2.3927209705372614,0.011748120300751877,0.5406484962406011,6.294190273212127e-06
67,3.0,0.9,60.69999999999999,0.009239297813366184,0.1869417924237758,2.7,140.75999999999993,2.3189456342668855,0.01057330827067669,0.5512218045112778,1.77958390021378e-06
96,3.0,0.9,63.69999999999999,0.009239297813366184,0.19618109023714198,2.7,143.45999999999992,2.2521193092621656,0.01057330827067669,0.5617951127819545,1.77958390021378e-06
100,3.0,0.9,66.69999999999999,0.009239297813366184,0.20542038805050816,2.7,146.1599999999999,2.191304347826086,0.01057330827067669,0.5723684210526312,1.77958390021378e-06
9,3.0,0.9,69.69999999999999,0.009239297813366184,0.21465968586387435,2.7,148.8599999999999,2.1357245337159245,0.01057330827067669,0.5829417293233079,1.77958390021378e-06
44,3.0,0.9,72.69999999999999,0.009239297813366184,0.22389898367724054,2.7,151.5599999999999,2.0847317744154044,0.01057330827067669,0.5935150375939846,1.77958390021378e-06
66,3.0,0.9,75.69999999999999,0.009239297813366184,0.23313828149060672,2.7,154.25999999999988,2.037780713342139,0.01057330827067669,0.6040883458646613,1.77958390021378e-06
65,3.0,0.9,78.69999999999999,0.009239297813366184,0.2423775793039729,2.7,156.95999999999987,1.9944091486658182,0.01057330827067669,0.614661654135338,1.77958390021378e-06
64,3.0,0.9,81.69999999999999,0.009239297813366184,0.2516168771173391,2.7,159.65999999999985,1.9542227662178688,0.01057330827067669,0.6252349624060147,1.77958390021378e-06
49,3.0,0.8,84.69999999999999,0.009239297813366184,0.2608561749307053,2.4000000000000004,162.05999999999986,1.9133412042502937,0.009398496240601503,0.6346334586466162,2.5344139234198406e-08
30,3.0,0.8,87.69999999999999,0.009239297813366184,0.2700954727440715,2.4000000000000004,164.45999999999987,1.875256556442416,0.009398496240601503,0.6440319548872178,2.5344139234198406e-08
97,3.0,0.8,90.69999999999999,0.009239297813366184,0.27933477055743766,2.4000000000000004,166.85999999999987,1.8396912899669227,0.009398496240601503,0.6534304511278193,2.5344139234198406e-08
73,3.0,0.8,93.69999999999999,0.009239297813366184,0.28857406837080385,2.4000000000000004,169.25999999999988,1.8064034151547481,0.009398496240601503,0.6628289473684208,2.5344139234198406e-08
48,3.0,0.8,96.69999999999999,0.009239297813366184,0.29781336618417004,2.4000000000000004,171.65999999999988,1.7751809720785925,0.009398496240601503,0.6722274436090223,2.5344139234198406e-08
61,3.0,0.8,99.69999999999999,0.009239297813366184,0.3070526639975362,2.4000000000000004,174.0599999999999,1.745837512537612,0.009398496240601503,0.6816259398496238,2.5344139234198406e-08
58,3.0,0.7,102.69999999999999,0.009239297813366184,0.3162919618109024,2.0999999999999996,176.15999999999988,1.7152872444011675,0.008223684210526312,0.6898496240601502,1.0314709902733854e-06
29,3.0,0.7,105.69999999999999,0.009239297813366184,0.3255312596242686,2.0999999999999996,178.25999999999988,1.6864711447492895,0.008223684210526312,0.6980733082706765,1.0314709902733854e-06
32,3.0,0.7,108.69999999999999,0.009239297813366184,0.3347705574376348,2.0999999999999996,180.35999999999987,1.659245630174792,0.008223684210526312,0.7062969924812028,1.0314709902733854e-06
98,3.0,0.7,111.69999999999999,0.009239297813366184,0.344009855251001,2.0999999999999996,182.45999999999987,1.6334825425246184,0.008223684210526312,0.7145206766917291,1.0314709902733854e-06
43,3.0,0.7,114.69999999999999,0.009239297813366184,0.35324915306436716,2.0999999999999996,184.55999999999986,1.6090671316477758,0.008223684210526312,0.7227443609022555,1.0314709902733854e-06
59,3.0,0.6,117.69999999999999,0.009239297813366184,0.36248845087773335,1.7999999999999998,186.35999999999987,1.5833474936278664,0.007048872180451125,0.7297932330827066,4.797964453331338e-06
57,3.0,0.6,120.69999999999999,0.009239297813366184,0.37172774869109954,1.7999999999999998,188.15999999999988,1.558906379453189,0.007048872180451125,0.7368421052631577,4.797964453331338e-06
52,3.0,0.6,123.69999999999999,0.009239297813366184,0.3809670465044657,1.7999999999999998,189.9599999999999,1.5356507679870648,0.007048872180451125,0.7438909774436089,4.797964453331338e-06
50,3.0,0.6,126.69999999999999,0.009239297813366184,0.3902063443178319,1.7999999999999998,191.7599999999999,1.5134964483030775,0.007048872180451125,0.75093984962406,4.797964453331338e-06
62,3.0,0.6,129.7,0.009239297813366184,0.3994456421311981,1.7999999999999998,193.55999999999992,1.4923670007710095,0.007048872180451125,0.7579887218045112,4.797964453331338e-06
47,3.0,0.6,132.7,0.009239297813366184,0.4086849399445643,1.7999999999999998,195.35999999999993,1.4721929163526748,0.007048872180451125,0.7650375939849623,4.797964453331338e-06
0,3.0,0.6,135.7,0.009239297813366184,0.4179242377579305,1.7999999999999998,197.15999999999994,1.4529108327192333,0.007048872180451125,0.7720864661654134,4.797964453331338e-06
35,3.0,0.6,138.7,0.009239297813366184,0.42716353557129666,1.7999999999999998,198.95999999999995,1.4344628695025232,0.007048872180451125,0.7791353383458646,4.797964453331338e-06
27,3.0,0.6,141.7,0.009239297813366184,0.43640283338466285,1.7999999999999998,200.75999999999996,1.4167960479887083,0.007048872180451125,0.7861842105263157,4.797964453331338e-06
38,3.0,0.6,144.7,0.009239297813366184,0.44564213119802903,1.7999999999999998,202.55999999999997,1.3998617829993087,0.007048872180451125,0.7932330827067668,4.797964453331338e-06
31,3.0,0.6,147.7,0.009239297813366184,0.4548814290113952,1.7999999999999998,204.35999999999999,1.3836154366960054,0.007048872180451125,0.800281954887218,4.797964453331338e-06
33,3.0,0.6,150.7,0.009239297813366184,0.4641207268247614,1.7999999999999998,206.16,1.3680159256801594,0.007048872180451125,0.8073308270676691,4.797964453331338e-06
45,3.0,0.5,153.7,0.009239297813366184,0.4733600246381276,1.5,207.66,1.3510735198438517,0.005874060150375939,0.8132048872180451,1.1324824528408058e-05
10,3.0,0.5,156.7,0.009239297813366184,0.4825993224514938,1.5,209.16,1.3347798340778558,0.005874060150375939,0.819078947368421,1.1324824528408058e-05
81,3.0,0.5,159.7,0.009239297813366184,0.49183862026485997,1.5,210.66,1.3190983093299937,0.005874060150375939,0.824953007518797,1.1324824528408058e-05
71,3.0,0.5,162.7,0.009239297813366184,0.5010779180782261,1.5,212.16,1.3039950829748004,0.005874060150375939,0.8308270676691729,1.1324824528408058e-05
28,3.0,0.5,165.7,0.009239297813366184,0.5103172158915923,1.5,213.66,1.2894387447193725,0.005874060150375939,0.8367011278195489,1.1324824528408058e-05
60,3.0,0.5,168.7,0.009239297813366184,0.5195565137049585,1.5,215.16,1.2754001185536457,0.005874060150375939,0.8425751879699248,1.1324824528408058e-05
34,3.0,0.5,171.7,0.009239297813366184,0.5287958115183247,1.5,216.66,1.2618520675596971,0.005874060150375939,0.8484492481203008,1.1324824528408058e-05
54,3.0,0.5,174.7,0.009239297813366184,0.5380351093316909,1.5,218.16,1.248769318832284,0.005874060150375939,0.8543233082706767,1.1324824528408058e-05
37,3.0,0.5,177.7,0.009239297813366184,0.547274407145057,1.5,219.66,1.2361283061339337,0.005874060150375939,0.8601973684210527,1.1324824528408058e-05
56,3.0,0.5,180.7,0.009239297813366184,0.5565137049584232,1.5,221.16,1.223907028223575,0.005874060150375939,0.8660714285714286,1.1324824528408058e-05
41,3.0,0.5,183.7,0.009239297813366184,0.5657530027717894,1.5,222.66,1.212084921066957,0.005874060150375939,0.8719454887218046,1.1324824528408058e-05
51,3.0,0.5,186.7,0.009239297813366184,0.5749923005851556,1.5,224.16,1.2006427423674344,0.005874060150375939,0.8778195488721805,1.1324824528408058e-05
42,3.0,0.5,189.7,0.009239297813366184,0.5842315983985218,1.5,225.66,1.189562467053242,0.005874060150375939,0.8836936090225564,1.1324824528408058e-05
13,3.0,0.4,192.7,0.009239297813366184,0.593470896211888,1.2000000000000002,226.85999999999999,1.1772703684483654,0.004699248120300752,0.8883928571428572,2.0612051215503537e-05
91,3.0,0.4,195.7,0.009239297813366184,0.6027101940252542,1.2000000000000002,228.05999999999997,1.1653551354113438,0.004699248120300752,0.893092105263158,2.0612051215503537e-05
46,3.0,0.4,198.7,0.009239297813366184,0.6119494918386204,1.2000000000000002,229.25999999999996,1.153799698037242,0.004699248120300752,0.8977913533834587,2.0612051215503537e-05
22,3.0,0.4,201.7,0.009239297813366184,0.6211887896519865,1.2000000000000002,230.45999999999995,1.1425880019831431,0.004699248120300752,0.9024906015037595,2.0612051215503537e-05
74,3.0,0.4,204.7,0.009239297813366184,0.6304280874653527,1.2000000000000002,231.65999999999994,1.1317049340498289,0.004699248120300752,0.9071898496240602,2.0612051215503537e-05
70,3.0,0.4,207.7,0.009239297813366184,0.6396673852787189,1.2000000000000002,232.85999999999993,1.1211362542128067,0.004699248120300752,0.911889097744361,2.0612051215503537e-05
40,3.0,0.4,210.7,0.009239297813366184,0.6489066830920851,1.2000000000000002,234.05999999999992,1.1108685334598953,0.004699248120300752,0.9165883458646618,2.0612051215503537e-05
53,3.0,0.4,213.7,0.009239297813366184,0.6581459809054513,1.2000000000000002,235.2599999999999,1.1008890968647633,0.004699248120300752,0.9212875939849625,2.0612051215503537e-05
12,3.0,0.3,216.7,0.009239297813366184,0.6673852787188175,0.8999999999999999,236.1599999999999,1.0898015689893858,0.0035244360902255624,0.9248120300751881,3.2659644514617796e-05
72,3.0,0.3,219.7,0.009239297813366184,0.6766245765321837,0.8999999999999999,237.05999999999992,1.0790168411470182,0.0035244360902255624,0.9283364661654137,3.2659644514617796e-05
14,3.0,0.3,222.7,0.009239297813366184,0.6858638743455499,0.8999999999999999,237.95999999999992,1.0685226762460707,0.0035244360902255624,0.9318609022556392,3.2659644514617796e-05
11,3.0,0.3,225.7,0.009239297813366184,0.695103172158916,0.8999999999999999,238.85999999999993,1.0583074878156842,0.0035244360902255624,0.9353853383458648,3.2659644514617796e-05
26,3.0,0.3,228.7,0.009239297813366184,0.7043424699722822,0.8999999999999999,239.75999999999993,1.0483602973327502,0.0035244360902255624,0.9389097744360904,3.2659644514617796e-05
39,3.0,0.3,231.7,0.009239297813366184,0.7135817677856484,0.8999999999999999,240.65999999999994,1.038670694864048,0.0035244360902255624,0.9424342105263159,3.2659644514617796e-05
82,3.0,0.3,234.7,0.009239297813366184,0.7228210655990146,0.8999999999999999,241.55999999999995,1.0292288027268852,0.0035244360902255624,0.9459586466165415,3.2659644514617796e-05
55,3.0,0.3,237.7,0.009239297813366184,0.7320603634123808,0.8999999999999999,242.45999999999995,1.0200252419015565,0.0035244360902255624,0.9494830827067671,3.2659644514617796e-05
86,3.0,0.3,240.7,0.009239297813366184,0.741299661225747,0.8999999999999999,243.35999999999996,1.0110511009555463,0.0035244360902255624,0.9530075187969926,3.2659644514617796e-05
85,3.0,0.2,243.7,0.009239297813366184,0.7505389590391132,0.6000000000000001,243.95999999999995,1.0010668855149774,0.002349624060150376,0.955357142857143,4.746760442575083e-05
15,3.0,0.2,246.7,0.009239297813366184,0.7597782568524794,0.6000000000000001,244.55999999999995,0.9913254965545195,0.002349624060150376,0.9577067669172934,4.746760442575083e-05
94,3.0,0.2,249.7,0.009239297813366184,0.7690175546658455,0.6000000000000001,245.15999999999994,0.9818181818181816,0.002349624060150376,0.9600563909774438,4.746760442575083e-05
87,3.0,0.2,252.7,0.009239297813366184,0.7782568524792117,0.6000000000000001,245.75999999999993,0.9725366046695685,0.002349624060150376,0.9624060150375942,4.746760442575083e-05
2,3.0,0.2,255.7,0.009239297813366184,0.7874961502925779,0.6000000000000001,246.35999999999993,0.9634728197105982,0.002349624060150376,0.9647556390977445,4.746760442575083e-05
21,3.0,0.2,258.7,0.009239297813366184,0.7967354481059441,0.6000000000000001,246.95999999999992,0.9546192500966367,0.002349624060150376,0.9671052631578949,4.746760442575083e-05
23,3.0,0.2,261.7,0.009239297813366184,0.8059747459193103,0.6000000000000001,247.55999999999992,0.9459686664119218,0.002349624060150376,0.9694548872180453,4.746760442575083e-05
17,3.0,0.2,264.7,0.009239297813366184,0.8152140437326765,0.6000000000000001,248.1599999999999,0.9375141669814882,0.002349624060150376,0.9718045112781957,4.746760442575083e-05
1,3.0,0.2,267.7,0.009239297813366184,0.8244533415460427,0.6000000000000001,248.7599999999999,0.9292491595069104,0.002349624060150376,0.974154135338346,4.746760442575083e-05
25,3.0,0.2,270.7,0.009239297813366184,0.8336926393594088,0.6000000000000001,249.3599999999999,0.9211673439231618,0.002349624060150376,0.9765037593984964,4.746760442575083e-05
68,3.0,0.2,273.7,0.009239297813366184,0.842931937172775,0.6000000000000001,249.9599999999999,0.9132626963829006,0.002349624060150376,0.9788533834586468,4.746760442575083e-05
69,3.0,0.2,276.7,0.009239297813366184,0.8521712349861412,0.6000000000000001,250.5599999999999,0.9055294542826162,0.002349624060150376,0.9812030075187972,4.746760442575083e-05
3,3.0,0.1,279.7,0.009239297813366184,0.8614105327995074,0.30000000000000004,250.8599999999999,0.8968895244905253,0.001174812030075188,0.9823778195488724,6.50359309489026e-05
4,3.0,0.1,282.7,0.009239297813366184,0.8706498306128736,0.30000000000000004,251.1599999999999,0.8884329678103995,0.001174812030075188,0.9835526315789476,6.50359309489026e-05
5,3.0,0.1,285.7,0.009239297813366184,0.8798891284262398,0.30000000000000004,251.45999999999992,0.8801540077003848,0.001174812030075188,0.9847274436090228,6.50359309489026e-05
6,3.0,0.1,288.7,0.009239297813366184,0.889128426239606,0.30000000000000004,251.75999999999993,0.8720471077242811,0.001174812030075188,0.985902255639098,6.50359309489026e-05
24,3.0,0.1,291.7,0.009239297813366184,0.8983677240529722,0.30000000000000004,252.05999999999995,0.8641069592046622,0.001174812030075188,0.9870770676691731,6.50359309489026e-05
84,3.0,0.1,294.7,0.009239297813366184,0.9076070218663383,0.30000000000000004,252.35999999999996,0.8563284696301322,0.001174812030075188,0.9882518796992483,6.50359309489026e-05
20,3.0,0.1,297.7,0.009239297813366184,0.9168463196797045,0.30000000000000004,252.65999999999997,0.8487067517635203,0.001174812030075188,0.9894266917293235,6.50359309489026e-05
16,3.0,0.1,300.7,0.009239297813366184,0.9260856174930707,0.30000000000000004,252.95999999999998,0.8412371134020619,0.001174812030075188,0.9906015037593987,6.50359309489026e-05
19,3.0,0.1,303.7,0.009239297813366184,0.9353249153064369,0.30000000000000004,253.26,0.8339150477444847,0.001174812030075188,0.9917763157894739,6.50359309489026e-05
93,3.0,0.1,306.7,0.009239297813366184,0.9445642131198031,0.30000000000000004,253.56,0.8267362243234432,0.001174812030075188,0.9929511278195491,6.50359309489026e-05
92,3.0,0.1,309.7,0.009239297813366184,0.9538035109331693,0.30000000000000004,253.86,0.8196964804649661,0.001174812030075188,0.9941259398496243,6.50359309489026e-05
18,3.0,0.1,312.7,0.009239297813366184,0.9630428087465355,0.30000000000000004,254.16000000000003,0.8127918132395268,0.001174812030075188,0.9953007518796995,6.50359309489026e-05
90,3.0,0.1,315.7,0.009239297813366184,0.9722821065599017,0.30000000000000004,254.46000000000004,0.8060183718720305,0.001174812030075188,0.9964755639097747,6.50359309489026e-05
89,3.0,0.1,318.7,0.009239297813366184,0.9815214043732678,0.30000000000000004,254.76000000000005,0.7993724505804833,0.001174812030075188,0.9976503759398498,6.50359309489026e-05
88,3.0,0.1,321.7,0.009239297813366184,0.990760702186634,0.30000000000000004,255.06000000000006,0.7928504818153561,0.001174812030075188,0.998825187969925,6.50359309489026e-05
83,3.0,0.1,324.7,0.009239297813366184,1.0000000000000002,0.30000000000000004,255.36000000000007,0.7864490298737299,0.001174812030075188,1.0000000000000002,6.50359309489026e-05
