,weight,grade,cml_weight,weight_pct,cml_weight_pct,yield,cml_yield,cml_grade,recovery,cml_recovery,distributional_heterogeneity
20,3.0,37.1,3.0,0.007635530669381522,0.007635530669381522,111.30000000000001,111.30000000000001,37.1,0.09723666162864862,0.09723666162864862,0.008028362669179731
44,3.0,29.5,6.0,0.007635530669381522,0.015271061338763044,88.5,199.8,33.300000000000004,0.07731756113329202,0.17455422276194066,0.004855585369573351
59,3.0,26.5,9.0,0.007635530669381522,0.022906592008144565,79.5,279.3,31.033333333333335,0.06945475830617757,0.24400898106811825,0.0038216169056100088
55,3.0,19.6,12.0,0.007635530669381522,0.03054212267752609,58.800000000000004,338.1,28.175,0.051370311803814364,0.2953792928719326,0.0019127310808767421
69,3.0,14.7,15.0,0.007635530669381522,0.03817765334690761,44.099999999999994,382.20000000000005,25.480000000000004,0.03852773385286076,0.33390702672479333,0.0009543282175293652
58,3.0,8.7,18.0,0.007635530669381522,0.04581318401628914,26.099999999999998,408.30000000000007,22.683333333333337,0.022802128198631883,0.3567091549234252,0.00023002568061426313
61,3.0,8.3,21.0,0.007635530669381522,0.05344871468567066,24.900000000000002,433.20000000000005,20.62857142857143,0.02175375448834996,0.3784629094117752,0.00019932424380248776
7,3.0,7.6,24.0,0.007635530669381522,0.061084245355052184,22.799999999999997,456.00000000000006,19.000000000000004,0.019919100495356584,0.3983820099071318,0.00015088608766960511
62,3.0,7.4,27.0,0.007635530669381522,0.0687197760244337,22.200000000000003,478.20000000000005,17.711111111111112,0.019394913640215627,0.4177769235473474,0.00013828308785474312
68,3.0,7.3,30.0,0.007635530669381522,0.07635530669381523,21.9,500.1,16.67,0.019132820212645143,0.43690974375999253,0.00013218766684163898
8,3.0,7.1,33.0,0.007635530669381522,0.08399083736319675,21.299999999999997,521.4,15.799999999999999,0.01860863335750418,0.4555183771174967,0.00012040898260408472
84,3.0,6.5,36.0,0.007635530669381522,0.09162636803257827,19.5,540.9,15.024999999999999,0.017036072792081292,0.472554449909578,8.83701922006527e-05
123,3.0,6.5,39.0,0.007635530669381522,0.0992618987019598,19.5,560.4,14.369230769230768,0.017036072792081292,0.4895905227016593,8.83701922006527e-05
63,3.0,6.3,42.0,0.007635530669381522,0.10689742937134132,18.9,579.3,13.792857142857141,0.016511885936940328,0.5061024086385997,7.878968283591897e-05
2,3.0,5.8,45.0,0.007635530669381522,0.11453296004072284,17.4,596.6999999999999,13.259999999999998,0.015201418799087922,0.5213038274376876,5.7242663191232195e-05
4,3.0,5.0,48.0,0.007635530669381522,0.12216849071010437,15.0,611.6999999999999,12.743749999999999,0.013104671378524071,0.5344084988162117,2.9911500096400257e-05
101,3.0,4.9,51.0,0.007635530669381522,0.12980402137948588,14.700000000000001,626.4,12.28235294117647,0.012842577950953591,0.5472510767671652,2.7113341392527057e-05
18,3.0,4.8,54.0,0.007635530669381522,0.1374395520488674,14.399999999999999,640.8,11.866666666666665,0.012580484523383107,0.5598315612905483,2.445256861820513e-05
115,3.0,4.7,57.0,0.007635530669381522,0.14507508271824893,14.100000000000001,654.9,11.489473684210527,0.012318391095812628,0.572149952386361,2.1929181773434507e-05
9,3.0,4.2,60.0,0.007635530669381522,0.15271061338763045,12.600000000000001,667.5,11.125,0.011007923957960221,0.5831578763443213,1.137303649285064e-05
6,3.0,4.1,63.0,0.007635530669381522,0.16034614405701197,12.299999999999999,679.8,10.79047619047619,0.010745830530389737,0.593903706874711,9.673965225387719e-06
25,3.0,4.0,66.0,0.007635530669381522,0.1679816747263935,12.0,691.8,10.48181818181818,0.010483737102819256,0.6043874439775302,8.112279887476097e-06
24,3.0,4.0,69.0,0.007635530669381522,0.17561720539577502,12.0,703.8,10.2,0.010483737102819256,0.6148711810803494,8.112279887476097e-06
43,3.0,4.0,72.0,0.007635530669381522,0.18325273606515655,12.0,715.8,9.941666666666666,0.010483737102819256,0.6253549181831687,8.112279887476097e-06
40,3.0,4.0,75.0,0.007635530669381522,0.19088826673453807,12.0,727.8,9.703999999999999,0.010483737102819256,0.6358386552859879,8.112279887476097e-06
102,3.0,3.9,78.0,0.007635530669381522,0.1985237974039196,11.7,739.5,9.48076923076923,0.010221643675248774,0.6460602989612367,6.687980479115755e-06
19,3.0,3.7,81.0,0.007635530669381522,0.20615932807330112,11.100000000000001,750.6,9.266666666666667,0.009697456820107813,0.6557577557813445,4.251539451048936e-06
0,5.9,3.6,86.9,0.015016543649783661,0.22117587172308478,21.240000000000002,771.84,8.8819332566168,0.018556214671990087,0.6743139704533346,1.2529270945447867e-05
57,3.0,3.3,89.9,0.007635530669381522,0.2288114023924663,9.899999999999999,781.74,8.695661846496106,0.008649083109825886,0.6829630535631606,1.0272885495307252e-06
47,3.0,3.3,92.9,0.007635530669381522,0.23644693306184783,9.899999999999999,791.64,8.521420882669537,0.008649083109825886,0.6916121366729865,1.0272885495307252e-06
74,3.0,3.2,95.9,0.007635530669381522,0.24408246373122935,9.600000000000001,801.24,8.354953076120958,0.008386989682255406,0.6999991263552419,5.646906480293907e-07
27,3.0,3.0,98.9,0.007635530669381522,0.2517179944006109,9.0,810.24,8.192517694641051,0.007862802827114443,0.7078619291823564,5.1652633680577134e-08
5,3.0,2.9,101.9,0.007635530669381522,0.2593535250699924,8.7,818.94,8.036702649656526,0.007600709399543961,0.7154626385819003,1.2125208331003017e-09
90,3.0,2.8,104.9,0.007635530669381522,0.26698905573937387,8.399999999999999,827.34,7.886939942802669,0.007338615971973479,0.7228012545538738,8.81583375369101e-08
64,3.0,2.7,107.9,0.007635530669381522,0.27462458640875537,8.100000000000001,835.44,7.7427247451343835,0.007076522544402999,0.7298777770982768,3.1249008379200524e-07
11,3.0,2.6,110.9,0.007635530669381522,0.28226011707813686,7.800000000000001,843.24,7.6036068530207395,0.006814429116832518,0.7366922062151093,6.742077595983877e-07
10,3.0,2.4,113.9,0.007635530669381522,0.28989564774751836,7.199999999999999,850.44,7.466549604916594,0.0062902422616915536,0.7429824484768008,1.8098008998650125e-06
46,3.0,2.4,116.9,0.007635530669381522,0.29753117841689986,7.199999999999999,857.6400000000001,7.336526946107785,0.0062902422616915536,0.7492726907384923,1.8098008998650125e-06
3,3.0,2.4,119.9,0.007635530669381522,0.30516670908628135,7.199999999999999,864.8400000000001,7.213010842368641,0.0062902422616915536,0.7555629330001838,1.8098008998650125e-06
122,3.0,2.2,122.9,0.007635530669381522,0.31280223975566285,6.6000000000000005,871.4400000000002,7.090642799023597,0.005766055406550592,0.7613289884067345,3.4949377583367796e-06
128,3.0,2.2,125.9,0.007635530669381522,0.32043777042504434,6.6000000000000005,878.0400000000002,6.974106433677523,0.005766055406550592,0.7670950438132851,3.4949377583367796e-06
21,3.0,2.1,128.9,0.007635530669381522,0.32807330109442584,6.300000000000001,884.3400000000001,6.860667183863461,0.0055039619789801104,0.7725990057922651,4.543585081899595e-06
127,3.0,2.1,131.9,0.007635530669381522,0.33570883176380734,6.300000000000001,890.6400000000001,6.752388172858226,0.0055039619789801104,0.7781029677712452,4.543585081899595e-06
48,3.0,2.1,134.9,0.007635530669381522,0.34334436243318883,6.300000000000001,896.94,6.648925129725723,0.0055039619789801104,0.7836069297502253,4.543585081899595e-06
83,3.0,2.0,137.9,0.007635530669381522,0.35097989310257033,6.0,902.94,6.5477882523567805,0.005241868551409628,0.7888487983016349,5.729618335013697e-06
124,3.0,2.0,140.9,0.007635530669381522,0.3586154237719518,6.0,908.94,6.450958126330731,0.005241868551409628,0.7940906668530445,5.729618335013697e-06
125,3.0,1.9,143.9,0.007635530669381522,0.3662509544413333,5.699999999999999,914.6400000000001,6.3560806115357895,0.004979775123839146,0.7990704419768837,7.0530375176790855e-06
114,3.0,1.9,146.9,0.007635530669381522,0.3738864851107148,5.699999999999999,920.3400000000001,6.265078284547312,0.004979775123839146,0.8040502171007229,7.0530375176790855e-06
116,3.0,1.7,149.9,0.007635530669381522,0.3815220157800963,5.1,925.4400000000002,6.173715810540362,0.004455588268698184,0.8085058053694211,1.0112033671663718e-05
76,3.0,1.7,152.9,0.007635530669381522,0.3891575464494778,5.1,930.5400000000002,6.085938521909746,0.004455588268698184,0.8129613936381193,1.0112033671663718e-05
60,3.0,1.7,155.9,0.007635530669381522,0.3967930771188593,5.1,935.6400000000002,6.001539448364337,0.004455588268698184,0.8174169819068174,1.0112033671663718e-05
28,3.0,1.7,158.9,0.007635530669381522,0.4044286077882408,5.1,940.7400000000002,5.92032724984267,0.004455588268698184,0.8218725701755156,1.0112033671663718e-05
70,3.0,1.7,161.9,0.007635530669381522,0.4120641384576223,5.1,945.8400000000003,5.842124768375542,0.004455588268698184,0.8263281584442138,1.0112033671663718e-05
56,3.0,1.6,164.9,0.007635530669381522,0.4196996691270038,4.800000000000001,950.6400000000002,5.764948453608248,0.004193494841127703,0.8305216532853416,1.184761064298296e-05
126,3.0,1.6,167.9,0.007635530669381522,0.4273351997963853,4.800000000000001,955.4400000000002,5.690530077427041,0.004193494841127703,0.8347151481264693,1.184761064298296e-05
117,3.0,1.5,170.9,0.007635530669381522,0.4349707304657668,4.5,959.9400000000002,5.616968987712113,0.003931401413557222,0.8386465495400265,1.3720573543853497e-05
13,3.0,1.5,173.9,0.007635530669381522,0.4426062611351483,4.5,964.4400000000002,5.545945945945947,0.003931401413557222,0.8425779509535837,1.3720573543853497e-05
72,3.0,1.4,176.9,0.007635530669381522,0.4502417918045298,4.199999999999999,968.6400000000002,5.475635952515547,0.0036693079859867394,0.8462472589395704,1.5730922374275317e-05
107,3.6999999999999886,1.4,180.6,0.009417154492237182,0.45965894629676696,5.179999999999984,973.8200000000002,5.392137320044298,0.004525479849383632,0.8507727387889541,2.3928480811536417e-05
111,3.0,1.4,183.6,0.007635530669381522,0.46729447696614845,4.199999999999999,978.0200000000002,5.32690631808279,0.0036693079859867394,0.8544420467749408,1.5730922374275317e-05
110,3.0,1.3,186.6,0.007635530669381522,0.47493000763552995,3.9000000000000004,981.9200000000002,5.262165058949626,0.003407214558416259,0.8578492613333571,1.787865713424842e-05
99,3.0,1.3,189.6,0.007635530669381522,0.48256553830491145,3.9000000000000004,985.8200000000002,5.199472573839664,0.003407214558416259,0.8612564758917735,1.787865713424842e-05
50,3.0,1.3,192.6,0.007635530669381522,0.49020106897429294,3.9000000000000004,989.7200000000001,5.138733125649014,0.003407214558416259,0.8646636904501898,1.787865713424842e-05
98,3.0,1.3,195.6,0.007635530669381522,0.49783659964367444,3.9000000000000004,993.6200000000001,5.079856850715747,0.003407214558416259,0.8680709050086061,1.787865713424842e-05
103,3.0,1.3,198.6,0.007635530669381522,0.5054721303130559,3.9000000000000004,997.5200000000001,5.022759315206446,0.003407214558416259,0.8714781195670224,1.787865713424842e-05
54,3.0,1.3,201.6,0.007635530669381522,0.5131076609824374,3.9000000000000004,1001.4200000000001,4.967361111111112,0.003407214558416259,0.8748853341254387,1.787865713424842e-05
100,3.0,1.2,204.6,0.007635530669381522,0.5207431916518189,3.5999999999999996,1005.0200000000001,4.912121212121213,0.0031451211308457768,0.8780304552562844,2.0163777823772815e-05
42,3.0,1.2,207.6,0.007635530669381522,0.5283787223212004,3.5999999999999996,1008.6200000000001,4.858477842003854,0.0031451211308457768,0.8811755763871302,2.0163777823772815e-05
88,3.0,1.2,210.6,0.007635530669381522,0.5360142529905819,3.5999999999999996,1012.2200000000001,4.8063627730294405,0.0031451211308457768,0.8843206975179759,2.0163777823772815e-05
121,3.0,1.2,213.6,0.007635530669381522,0.5436497836599634,3.5999999999999996,1015.8200000000002,4.755711610486892,0.0031451211308457768,0.8874658186488217,2.0163777823772815e-05
53,3.0,1.2,216.6,0.007635530669381522,0.5512853143293449,3.5999999999999996,1019.4200000000002,4.706463527239151,0.0031451211308457768,0.8906109397796674,2.0163777823772815e-05
86,3.0,1.1,219.6,0.007635530669381522,0.5589208449987264,3.3000000000000003,1022.7200000000001,4.657194899817852,0.002883027703275296,0.8934939674829427,2.2586284442848487e-05
71,3.0,1.1,222.6,0.007635530669381522,0.5665563756681079,3.3000000000000003,1026.0200000000002,4.609254267744835,0.002883027703275296,0.896376995186218,2.2586284442848487e-05
112,3.0,1.1,225.6,0.007635530669381522,0.5741919063374894,3.3000000000000003,1029.3200000000002,4.562588652482271,0.002883027703275296,0.8992600228894934,2.2586284442848487e-05
118,3.0,1.1,228.6,0.007635530669381522,0.5818274370068709,3.3000000000000003,1032.6200000000001,4.517147856517936,0.002883027703275296,0.9021430505927687,2.2586284442848487e-05
39,3.0,1.1,231.6,0.007635530669381522,0.5894629676762524,3.3000000000000003,1035.92,4.472884283246978,0.002883027703275296,0.905026078296044,2.2586284442848487e-05
109,3.1999999999999886,1.0,234.79999999999998,0.00814456604734026,0.5976075337235927,3.1999999999999886,1039.1200000000001,4.425553662691653,0.0027956632274184585,0.9078217415234624,2.8610761376967426e-05
67,3.0,1.0,237.79999999999998,0.007635530669381522,0.6052430643929742,3.0,1042.1200000000001,4.3823380992430625,0.002620934275704814,0.9104426757991673,2.5146176991475454e-05
113,3.0,1.0,240.79999999999998,0.007635530669381522,0.6128785950623556,3.0,1045.1200000000001,4.340199335548173,0.002620934275704814,0.9130636100748721,2.5146176991475454e-05
91,3.0,1.0,243.79999999999998,0.007635530669381522,0.6205141257317371,3.0,1048.1200000000001,4.299097621000821,0.002620934275704814,0.915684544350577,2.5146176991475454e-05
38,3.0,1.0,246.79999999999998,0.007635530669381522,0.6281496564011186,3.0,1051.1200000000001,4.258995137763372,0.002620934275704814,0.9183054786262819,2.5146176991475454e-05
85,3.0,1.0,249.79999999999998,0.007635530669381522,0.6357851870705001,3.0,1054.1200000000001,4.219855884707767,0.002620934275704814,0.9209264129019867,2.5146176991475454e-05
23,3.0,1.0,252.79999999999998,0.007635530669381522,0.6434207177398816,3.0,1057.1200000000001,4.181645569620254,0.002620934275704814,0.9235473471776916,2.5146176991475454e-05
105,3.0,0.9,255.79999999999998,0.007635530669381522,0.6510562484092631,2.7,1059.8200000000002,4.143158717748242,0.002358840848134333,0.9259061880258259,2.7843455469653707e-05
104,3.0,0.9,258.79999999999995,0.007635530669381522,0.6586917790786446,2.7,1062.5200000000002,4.105564142194747,0.002358840848134333,0.9282650288739602,2.7843455469653707e-05
119,3.0,0.9,261.79999999999995,0.007635530669381522,0.6663273097480261,2.7,1065.2200000000003,4.068831168831171,0.002358840848134333,0.9306238697220945,2.7843455469653707e-05
92,3.0,0.9,264.79999999999995,0.007635530669381522,0.6739628404174076,2.7,1067.9200000000003,4.032930513595168,0.002358840848134333,0.9329827105702289,2.7843455469653707e-05
82,3.0,0.9,267.79999999999995,0.007635530669381522,0.6815983710867891,2.7,1070.6200000000003,3.997834204630323,0.002358840848134333,0.9353415514183632,2.7843455469653707e-05
80,3.0,0.9,270.79999999999995,0.007635530669381522,0.6892339017561706,2.7,1073.3200000000004,3.9635155096011836,0.002358840848134333,0.9377003922664975,2.7843455469653707e-05
16,3.0,0.9,273.79999999999995,0.007635530669381522,0.6968694324255521,2.7,1076.0200000000004,3.929948867786708,0.002358840848134333,0.9400592331146318,2.7843455469653707e-05
17,3.0,0.9,276.79999999999995,0.007635530669381522,0.7045049630949336,2.7,1078.7200000000005,3.8971098265895976,0.002358840848134333,0.9424180739627661,2.7843455469653707e-05
96,3.0,0.8,279.79999999999995,0.007635530669381522,0.7121404937643151,2.4000000000000004,1081.1200000000006,3.8639027877055065,0.0020967474205638515,0.94451482138333,3.0678119877383234e-05
30,3.0,0.8,282.79999999999995,0.007635530669381522,0.7197760244336966,2.4000000000000004,1083.5200000000007,3.8314002828854345,0.0020967474205638515,0.9466115688038939,3.0678119877383234e-05
87,3.0,0.8,285.79999999999995,0.007635530669381522,0.7274115551030781,2.4000000000000004,1085.9200000000008,3.7995801259622146,0.0020967474205638515,0.9487083162244577,3.0678119877383234e-05
14,3.0,0.8,288.79999999999995,0.007635530669381522,0.7350470857724596,2.4000000000000004,1088.3200000000008,3.7684210526315827,0.0020967474205638515,0.9508050636450216,3.0678119877383234e-05
94,3.0,0.7,291.79999999999995,0.007635530669381522,0.7426826164418411,2.0999999999999996,1090.4200000000008,3.7368745716244036,0.0018346539929933697,0.9526397176380149,3.365017021466407e-05
41,3.0,0.7,294.79999999999995,0.007635530669381522,0.7503181471112226,2.0999999999999996,1092.5200000000007,3.705970149253734,0.0018346539929933697,0.9544743716310082,3.365017021466407e-05
93,3.0,0.7,297.79999999999995,0.007635530669381522,0.7579536777806041,2.0999999999999996,1094.6200000000006,3.6756883814640724,0.0018346539929933697,0.9563090256240016,3.365017021466407e-05
97,3.0,0.7,300.79999999999995,0.007635530669381522,0.7655892084499856,2.0999999999999996,1096.7200000000005,3.6460106382978745,0.0018346539929933697,0.9581436796169949,3.365017021466407e-05
81,3.0,0.7,303.79999999999995,0.007635530669381522,0.7732247391193671,2.0999999999999996,1098.8200000000004,3.616919025674788,0.0018346539929933697,0.9599783336099882,3.365017021466407e-05
79,3.0,0.7,306.79999999999995,0.007635530669381522,0.7808602697887486,2.0999999999999996,1100.9200000000003,3.5883963494133,0.0018346539929933697,0.9618129876029815,3.365017021466407e-05
22,3.0,0.7,309.79999999999995,0.007635530669381522,0.7884958004581301,2.0999999999999996,1103.0200000000002,3.560426081342803,0.0018346539929933697,0.9636476415959748,3.365017021466407e-05
12,3.0,0.7,312.79999999999995,0.007635530669381522,0.7961313311275116,2.0999999999999996,1105.1200000000001,3.5329923273657298,0.0018346539929933697,0.9654822955889681,3.365017021466407e-05
26,3.0,0.7,315.79999999999995,0.007635530669381522,0.803766861796893,2.0999999999999996,1107.22,3.5060797973400892,0.0018346539929933697,0.9673169495819615,3.365017021466407e-05
45,3.0,0.7,318.79999999999995,0.007635530669381522,0.8114023924662745,2.0999999999999996,1109.32,3.4796737766624846,0.0018346539929933697,0.9691516035749548,3.365017021466407e-05
51,3.0,0.7,321.79999999999995,0.007635530669381522,0.819037923135656,2.0999999999999996,1111.4199999999998,3.4537600994406463,0.0018346539929933697,0.9709862575679481,3.365017021466407e-05
65,3.0,0.7,324.79999999999995,0.007635530669381522,0.8266734538050375,2.0999999999999996,1113.5199999999998,3.428325123152709,0.0018346539929933697,0.9728209115609414,3.365017021466407e-05
106,3.0,0.7,327.79999999999995,0.007635530669381522,0.834308984474419,2.0999999999999996,1115.6199999999997,3.403355704697986,0.0018346539929933697,0.9746555655539347,3.365017021466407e-05
66,3.0,0.6,330.79999999999995,0.007635530669381522,0.8419445151438005,1.7999999999999998,1117.4199999999996,3.3779322853688023,0.0015725605654228884,0.9762281261193576,3.675960648149617e-05
77,3.0,0.6,333.79999999999995,0.007635530669381522,0.849580045813182,1.7999999999999998,1119.2199999999996,3.352965847813061,0.0015725605654228884,0.9778006866847805,3.675960648149617e-05
49,3.0,0.6,336.79999999999995,0.007635530669381522,0.8572155764825635,1.7999999999999998,1121.0199999999995,3.328444180522564,0.0015725605654228884,0.9793732472502034,3.675960648149617e-05
120,3.0,0.6,339.79999999999995,0.007635530669381522,0.864851107151945,1.7999999999999998,1122.8199999999995,3.3043555032371974,0.0015725605654228884,0.9809458078156262,3.675960648149617e-05
31,3.0,0.6,342.79999999999995,0.007635530669381522,0.8724866378213265,1.7999999999999998,1124.6199999999994,3.280688448074678,0.0015725605654228884,0.9825183683810491,3.675960648149617e-05
32,3.0,0.6,345.79999999999995,0.007635530669381522,0.880122168490708,1.7999999999999998,1126.4199999999994,3.257432041642567,0.0015725605654228884,0.984090928946472,3.675960648149617e-05
37,3.0,0.6,348.79999999999995,0.007635530669381522,0.8877576991600895,1.7999999999999998,1128.2199999999993,3.234575688073393,0.0015725605654228884,0.9856634895118949,3.675960648149617e-05
52,3.0,0.5,351.79999999999995,0.007635530669381522,0.895393229829471,1.5,1129.7199999999993,3.211256395679362,0.001310467137852407,0.9869739566497473,4.0006428677879574e-05
35,3.0,0.5,354.79999999999995,0.007635530669381522,0.9030287604988525,1.5,1131.2199999999993,3.188331454340472,0.001310467137852407,0.9882844237875997,4.0006428677879574e-05
1,3.0,0.5,357.79999999999995,0.007635530669381522,0.910664291168234,1.5,1132.7199999999993,3.1657909446618206,0.001310467137852407,0.9895948909254522,4.0006428677879574e-05
73,3.0,0.5,360.79999999999995,0.007635530669381522,0.9182998218376155,1.5,1134.2199999999993,3.143625277161861,0.001310467137852407,0.9909053580633046,4.0006428677879574e-05
75,3.0,0.5,363.79999999999995,0.007635530669381522,0.925935352506997,1.5,1135.7199999999993,3.121825178669597,0.001310467137852407,0.992215825201157,4.0006428677879574e-05
78,3.0,0.5,366.79999999999995,0.007635530669381522,0.9335708831763785,1.5,1137.2199999999993,3.1003816793893115,0.001310467137852407,0.9935262923390095,4.0006428677879574e-05
95,3.0,0.5,369.79999999999995,0.007635530669381522,0.94120641384576,1.5,1138.7199999999993,3.079286100594915,0.001310467137852407,0.9948367594768619,4.0006428677879574e-05
33,3.0,0.4,372.79999999999995,0.007635530669381522,0.9488419445151415,1.2000000000000002,1139.9199999999994,3.0577253218884106,0.0010483737102819257,0.9958851331871438,4.339063680381426e-05
34,3.0,0.4,375.79999999999995,0.007635530669381522,0.956477475184523,1.2000000000000002,1141.1199999999994,3.03650878126663,0.0010483737102819257,0.9969335068974257,4.339063680381426e-05
29,3.0,0.3,378.79999999999995,0.007635530669381522,0.9641130058539045,0.8999999999999999,1142.0199999999995,3.0148363252375914,0.0007862802827114442,0.9977197871801371,4.691223085930024e-05
89,3.0,0.3,381.79999999999995,0.007635530669381522,0.971748536523286,0.8999999999999999,1142.9199999999996,2.99350445259298,0.0007862802827114442,0.9985060674628485,4.691223085930024e-05
15,3.0,0.2,384.79999999999995,0.007635530669381522,0.9793840671926675,0.6000000000000001,1143.5199999999995,2.971725571725571,0.0005241868551409629,0.9990302543179895,5.0571210844337474e-05
36,3.0,0.2,387.79999999999995,0.007635530669381522,0.987019597862049,0.6000000000000001,1144.1199999999994,2.9502836513666826,0.0005241868551409629,0.9995544411731305,5.0571210844337474e-05
108,5.100000000000023,0.1,392.9,0.012980402137948646,0.9999999999999976,0.5100000000000023,1144.6299999999994,2.9132858233647227,0.0004455588268698205,1.0000000000000004,0.00015712229683329762
