,weight,grade,cml_weight,weight_pct,cml_weight_pct,yield,cml_yield,cml_grade,recovery,cml_recovery,distributional_heterogeneity
52,3.0,11.2,3.0,0.006788866259334691,0.006788866259334691,33.599999999999994,33.599999999999994,11.199999999999998,0.12540588959802917,0.12540588959802917,0.014069998225732397
53,3.0,3.7,6.0,0.006788866259334691,0.013577732518669382,11.100000000000001,44.699999999999996,7.449999999999999,0.04142873138506322,0.1668346209830924,0.0011999202559286636
140,3.0,2.9,9.0,0.006788866259334691,0.020366598778004074,8.7,53.39999999999999,5.933333333333333,0.03247116784234684,0.19930578882543926,0.0006595806146007887
19,3.0,2.3,12.0,0.006788866259334691,0.027155465037338764,6.8999999999999995,60.29999999999999,5.0249999999999995,0.025752995185309567,0.22505878401074883,0.00035963818592099693
141,3.0,1.5,15.0,0.006788866259334691,0.03394433129667346,4.5,64.79999999999998,4.3199999999999985,0.016795431642593197,0.24185421565334203,0.00010013135076942741
11,3.0,1.2,18.0,0.006788866259334691,0.04073319755600815,3.5999999999999996,68.39999999999998,3.799999999999999,0.013436345314074555,0.2552905609674166,4.418897778320521e-05
12,3.0,1.2,21.0,0.006788866259334691,0.04752206381534284,3.5999999999999996,71.99999999999997,3.428571428571427,0.013436345314074555,0.26872690628149115,4.418897778320521e-05
21,3.0,1.2,24.0,0.006788866259334691,0.05431093007467753,3.5999999999999996,75.59999999999997,3.1499999999999986,0.013436345314074555,0.2821632515955657,4.418897778320521e-05
25,3.0,1.1,27.0,0.006788866259334691,0.06109979633401222,3.3000000000000003,78.89999999999996,2.9222222222222207,0.012316649871235012,0.2944799014668007,3.0556391659993754e-05
54,3.0,1.0,30.0,0.006788866259334691,0.06788866259334692,3.0,81.89999999999996,2.7299999999999986,0.011196954428395463,0.30567685589519616,1.9431241306213554e-05
23,3.0,1.0,33.0,0.006788866259334691,0.07467752885268161,3.0,84.89999999999996,2.5727272727272714,0.011196954428395463,0.31687381032359163,1.9431241306213554e-05
67,3.0,1.0,36.0,0.006788866259334691,0.08146639511201631,3.0,87.89999999999996,2.4416666666666655,0.011196954428395463,0.3280707647519871,1.9431241306213554e-05
51,3.0,1.0,39.0,0.006788866259334691,0.08825526137135101,3.0,90.89999999999996,2.33076923076923,0.011196954428395463,0.33926771918038257,1.9431241306213554e-05
70,3.0,1.0,42.0,0.006788866259334691,0.0950441276306857,3.0,93.89999999999996,2.235714285714285,0.011196954428395463,0.35046467360877803,1.9431241306213554e-05
76,3.0,0.9,45.0,0.006788866259334691,0.1018329938900204,2.7,96.59999999999997,2.146666666666666,0.010077258985555919,0.3605419325943339,1.0813526721864671e-05
22,3.0,0.9,48.0,0.006788866259334691,0.1086218601493551,2.7,99.29999999999997,2.068749999999999,0.010077258985555919,0.3706191915798898,1.0813526721864671e-05
28,3.0,0.9,51.0,0.006788866259334691,0.1154107264086898,2.7,101.99999999999997,1.9999999999999993,0.010077258985555919,0.3806964505654457,1.0813526721864671e-05
72,3.0,0.9,54.0,0.006788866259334691,0.12219959266802449,2.7,104.69999999999997,1.9388888888888884,0.010077258985555919,0.3907737095510016,1.0813526721864671e-05
27,3.0,0.9,57.0,0.006788866259334691,0.1289884589273592,2.7,107.39999999999998,1.8842105263157891,0.010077258985555919,0.4008509685365575,1.0813526721864671e-05
30,3.0,0.9,60.0,0.006788866259334691,0.1357773251866939,2.7,110.09999999999998,1.8349999999999997,0.010077258985555919,0.4109282275221134,1.0813526721864671e-05
14,3.0,0.9,63.0,0.006788866259334691,0.14256619144602858,2.7,112.79999999999998,1.79047619047619,0.010077258985555919,0.4210054865076693,1.0813526721864671e-05
91,3.0,0.9,66.0,0.006788866259334691,0.14935505770536328,2.7,115.49999999999999,1.7499999999999998,0.010077258985555919,0.4310827454932252,1.0813526721864671e-05
64,3.0,0.9,69.0,0.006788866259334691,0.15614392396469798,2.7,118.19999999999999,1.7130434782608694,0.010077258985555919,0.44116000447878106,1.0813526721864671e-05
26,3.0,0.8,72.0,0.006788866259334691,0.16293279022403268,2.4000000000000004,120.6,1.6749999999999998,0.008957563542716374,0.45011756802149744,4.703247906947081e-06
31,3.0,0.8,75.0,0.006788866259334691,0.16972165648336737,2.4000000000000004,123.0,1.64,0.008957563542716374,0.4590751315642138,4.703247906947081e-06
138,3.0,0.8,78.0,0.006788866259334691,0.17651052274270207,2.4000000000000004,125.4,1.6076923076923078,0.008957563542716374,0.4680326951069302,4.703247906947081e-06
75,3.0,0.8,81.0,0.006788866259334691,0.18329938900203677,2.4000000000000004,127.80000000000001,1.577777777777778,0.008957563542716374,0.47699025864964656,4.703247906947081e-06
101,3.0,0.8,84.0,0.006788866259334691,0.19008825526137146,2.4000000000000004,130.20000000000002,1.5500000000000003,0.008957563542716374,0.48594782219236293,4.703247906947081e-06
73,3.0,0.8,87.0,0.006788866259334691,0.19687712152070616,2.4000000000000004,132.60000000000002,1.524137931034483,0.008957563542716374,0.4949053857350793,4.703247906947081e-06
102,3.0,0.7,90.0,0.006788866259334691,0.20366598778004086,2.0999999999999996,134.70000000000002,1.4966666666666668,0.007837868099876823,0.5027432538349561,1.1004048614607828e-06
1,3.5,0.7,93.5,0.007920343969223807,0.21158633174926467,2.4499999999999997,137.15,1.4668449197860962,0.009144179449856295,0.5118874332848125,1.497773283654954e-06
143,3.0,0.7,96.5,0.006788866259334691,0.21837519800859936,2.0999999999999996,139.25,1.4430051813471503,0.007837868099876823,0.5197253013846893,1.1004048614607828e-06
77,3.0,0.7,99.5,0.006788866259334691,0.22516406426793406,2.0999999999999996,141.35,1.4206030150753768,0.007837868099876823,0.5275631694845662,1.1004048614607828e-06
80,3.0,0.7,102.5,0.006788866259334691,0.23195293052726876,2.0999999999999996,143.45,1.3995121951219511,0.007837868099876823,0.535401037584443,1.1004048614607828e-06
86,3.0,0.7,105.5,0.006788866259334691,0.23874179678660346,2.0999999999999996,145.54999999999998,1.3796208530805685,0.007837868099876823,0.5432389056843199,1.1004048614607828e-06
68,3.0,0.7,108.5,0.006788866259334691,0.24553066304593815,2.0999999999999996,147.64999999999998,1.3608294930875573,0.007837868099876823,0.5510767737841967,1.1004048614607828e-06
142,3.0,0.7,111.5,0.006788866259334691,0.25231952930527285,2.0999999999999996,149.74999999999997,1.3430493273542599,0.007837868099876823,0.5589146418840736,1.1004048614607828e-06
65,3.0,0.7,114.5,0.006788866259334691,0.2591083955646075,2.0999999999999996,151.84999999999997,1.326200873362445,0.007837868099876823,0.5667525099839504,1.1004048614607828e-06
139,3.0,0.7,117.5,0.006788866259334691,0.2658972618239422,2.0999999999999996,153.94999999999996,1.3102127659574465,0.007837868099876823,0.5745903780838273,1.1004048614607828e-06
56,3.0,0.7,120.5,0.006788866259334691,0.27268612808327686,2.0999999999999996,156.04999999999995,1.2950207468879664,0.007837868099876823,0.5824282461837041,1.1004048614607828e-06
55,3.0,0.7,123.5,0.006788866259334691,0.2794749943426115,2.0999999999999996,158.14999999999995,1.2805668016194327,0.007837868099876823,0.590266114283581,1.1004048614607828e-06
145,3.0,0.7,126.5,0.006788866259334691,0.2862638606019462,2.0999999999999996,160.24999999999994,1.2667984189723316,0.007837868099876823,0.5981039823834579,1.1004048614607828e-06
146,3.5,0.7,130.0,0.007920343969223807,0.29418420457117,2.4499999999999997,162.69999999999993,1.251538461538461,0.009144179449856295,0.6072481618333142,1.497773283654954e-06
20,3.0,0.7,133.0,0.006788866259334691,0.3009730708305047,2.0999999999999996,164.79999999999993,1.2390977443609017,0.007837868099876823,0.6150860299331911,1.1004048614607828e-06
29,3.0,0.7,136.0,0.006788866259334691,0.30776193708983934,2.0999999999999996,166.89999999999992,1.2272058823529406,0.007837868099876823,0.6229238980330679,1.1004048614607828e-06
15,3.0,0.7,139.0,0.006788866259334691,0.314550803349174,2.0999999999999996,168.99999999999991,1.2158273381294957,0.007837868099876823,0.6307617661329448,1.1004048614607828e-06
71,3.0,0.6,142.0,0.006788866259334691,0.3213396696085087,1.7999999999999998,170.79999999999993,1.2028169014084502,0.006718172657037278,0.637479938789982,4.997585405784815e-09
89,3.0,0.6,145.0,0.006788866259334691,0.32812853586784335,1.7999999999999998,172.59999999999994,1.1903448275862065,0.006718172657037278,0.6441981114470192,4.997585405784815e-09
3,2.6999999999999993,0.6,147.7,0.006109979633401221,0.33423851550124456,1.6199999999999994,174.21999999999994,1.179553148273527,0.006046355391333549,0.6502444668383528,4.048044178685698e-09
82,3.0,0.6,150.7,0.006788866259334691,0.34102738176057923,1.7999999999999998,176.01999999999995,1.168015925680159,0.006718172657037278,0.65696263949539,4.997585405784815e-09
42,3.0,0.6,153.7,0.006788866259334691,0.3478162480199139,1.7999999999999998,177.81999999999996,1.156929082628497,0.006718172657037278,0.6636808121524272,4.997585405784815e-09
69,3.0,0.6,156.7,0.006788866259334691,0.35460511427924857,1.7999999999999998,179.61999999999998,1.1462667517549456,0.006718172657037278,0.6703989848094645,4.997585405784815e-09
78,3.0,0.6,159.7,0.006788866259334691,0.36139398053858324,1.7999999999999998,181.42,1.136005009392611,0.006718172657037278,0.6771171574665017,4.997585405784815e-09
74,3.0,0.5,162.7,0.006788866259334691,0.3681828467979179,1.5,182.92,1.1242778119237862,0.005598477214197732,0.6827156346806994,1.417026078782082e-06
100,3.0,0.5,165.7,0.006788866259334691,0.3749717130572526,1.5,184.42,1.1129752564876283,0.005598477214197732,0.6883141118948971,1.417026078782082e-06
66,3.0,0.5,168.7,0.006788866259334691,0.38176057931658725,1.5,185.92,1.1020746887966806,0.005598477214197732,0.6939125891090948,1.417026078782082e-06
129,3.0,0.5,171.7,0.006788866259334691,0.3885494455759219,1.5,187.42,1.091555037856727,0.005598477214197732,0.6995110663232925,1.417026078782082e-06
87,3.0,0.5,174.7,0.006788866259334691,0.3953383118352566,1.5,188.92,1.0813966800228965,0.005598477214197732,0.7051095435374902,1.417026078782082e-06
136,3.0,0.5,177.7,0.006788866259334691,0.40212717809459125,1.5,190.42,1.0715813168261115,0.005598477214197732,0.7107080207516879,1.417026078782082e-06
79,3.0,0.5,180.7,0.006788866259334691,0.4089160443539259,1.5,191.92,1.0620918649695628,0.005598477214197732,0.7163064979658856,1.417026078782082e-06
50,3.0,0.5,183.7,0.006788866259334691,0.4157049106132606,1.5,193.42,1.0529123571039738,0.005598477214197732,0.7219049751800833,1.417026078782082e-06
103,3.0,0.5,186.7,0.006788866259334691,0.42249377687259526,1.5,194.92,1.0440278521692554,0.005598477214197732,0.727503452394281,1.417026078782082e-06
13,3.0,0.5,189.7,0.006788866259334691,0.42928264313192993,1.5,196.42,1.0354243542435424,0.005598477214197732,0.7331019296084788,1.417026078782082e-06
104,3.0,0.5,192.7,0.006788866259334691,0.4360715093912646,1.5,197.92,1.027088738972496,0.005598477214197732,0.7387004068226765,1.417026078782082e-06
39,3.0,0.5,195.7,0.006788866259334691,0.44286037565059927,1.5,199.42,1.0190086867654573,0.005598477214197732,0.7442988840368742,1.417026078782082e-06
93,3.0,0.5,198.7,0.006788866259334691,0.44964924190993394,1.5,200.92,1.0111726220432813,0.005598477214197732,0.7498973612510719,1.417026078782082e-06
144,3.0,0.5,201.7,0.006788866259334691,0.4564381081692686,1.5,202.42,1.0035696579077837,0.005598477214197732,0.7554958384652696,1.417026078782082e-06
57,3.0,0.5,204.7,0.006788866259334691,0.4632269744286033,1.5,203.92,0.9961895456765999,0.005598477214197732,0.7610943156794673,1.417026078782082e-06
105,3.0,0.5,207.7,0.006788866259334691,0.47001584068793795,1.5,205.42,0.9890226287915262,0.005598477214197732,0.766692792893665,1.417026078782082e-06
81,3.0,0.4,210.7,0.006788866259334691,0.4768047069472726,1.2000000000000002,206.61999999999998,0.9806359753203606,0.004478781771358187,0.7711715746650232,5.336490341589674e-06
90,3.0,0.4,213.7,0.006788866259334691,0.4835935732066073,1.2000000000000002,207.81999999999996,0.9724847917641553,0.004478781771358187,0.7756503564363814,5.336490341589674e-06
106,3.0,0.4,216.7,0.006788866259334691,0.49038243946594195,1.2000000000000002,209.01999999999995,0.9645592985694507,0.004478781771358187,0.7801291382077395,5.336490341589674e-06
84,3.0,0.4,219.7,0.006788866259334691,0.4971713057252766,1.2000000000000002,210.21999999999994,0.9568502503413744,0.004478781771358187,0.7846079199790977,5.336490341589674e-06
85,3.0,0.4,222.7,0.006788866259334691,0.5039601719846113,1.2000000000000002,211.41999999999993,0.9493488998652894,0.004478781771358187,0.7890867017504559,5.336490341589674e-06
92,3.0,0.4,225.7,0.006788866259334691,0.510749038243946,1.2000000000000002,212.61999999999992,0.9420469649977844,0.004478781771358187,0.7935654835218141,5.336490341589674e-06
88,3.0,0.4,228.7,0.006788866259334691,0.5175379045032807,1.2000000000000002,213.8199999999999,0.9349365981635327,0.004478781771358187,0.7980442652931723,5.336490341589674e-06
83,3.0,0.4,231.7,0.006788866259334691,0.5243267707626155,1.2000000000000002,215.0199999999999,0.9280103582218382,0.004478781771358187,0.8025230470645305,5.336490341589674e-06
0,3.4000000000000004,0.4,235.1,0.0076940484272459845,0.5320208191898614,1.3600000000000003,216.3799999999999,0.9203743088047636,0.005075952674205945,0.8075989997387364,6.8544253720862924e-06
112,3.0,0.4,238.1,0.006788866259334691,0.5388096854491962,1.2000000000000002,217.5799999999999,0.9138177236455267,0.004478781771358187,0.8120777815100946,5.336490341589674e-06
41,3.0,0.4,241.1,0.006788866259334691,0.5455985517085309,1.2000000000000002,218.7799999999999,0.9074243052675234,0.004478781771358187,0.8165565632814528,5.336490341589674e-06
2,3.4499999999999993,0.4,244.54999999999998,0.0078071961982348935,0.5534057479067658,1.38,220.15999999999988,0.9002657943160903,0.005150599037061913,0.8217071623185147,7.057508476752339e-06
24,3.0,0.4,247.54999999999998,0.006788866259334691,0.5601946141661005,1.2000000000000002,221.35999999999987,0.8942031912744896,0.004478781771358187,0.8261859440898729,5.336490341589674e-06
114,3.0,0.4,250.54999999999998,0.006788866259334691,0.5669834804254352,1.2000000000000002,222.55999999999986,0.8882857713031326,0.004478781771358187,0.8306647258612311,5.336490341589674e-06
46,3.0,0.4,253.54999999999998,0.006788866259334691,0.57377234668477,1.2000000000000002,223.75999999999985,0.8825083809899422,0.004478781771358187,0.8351435076325893,5.336490341589674e-06
34,3.0,0.4,256.54999999999995,0.006788866259334691,0.5805612129441047,1.2000000000000002,224.95999999999984,0.8768661079711553,0.004478781771358187,0.8396222894039475,5.336490341589674e-06
118,3.0,0.4,259.54999999999995,0.006788866259334691,0.5873500792034394,1.2000000000000002,226.15999999999983,0.8713542670005774,0.004478781771358187,0.8441010711753056,5.336490341589674e-06
130,3.0,0.4,262.54999999999995,0.006788866259334691,0.5941389454627741,1.2000000000000002,227.35999999999981,0.8659683869739092,0.004478781771358187,0.8485798529466638,5.336490341589674e-06
62,3.0,0.4,265.54999999999995,0.006788866259334691,0.6009278117221089,1.2000000000000002,228.5599999999998,0.860704198832611,0.004478781771358187,0.853058634718022,5.336490341589674e-06
131,2.8000000000000114,0.4,268.34999999999997,0.006336275175379071,0.6072640868974879,1.1200000000000045,229.6799999999998,0.8558971492453878,0.0041801963199343236,0.8572388310379563,4.648676030895931e-06
8,3.0,0.4,271.34999999999997,0.006788866259334691,0.6140529531568226,1.2000000000000002,230.8799999999998,0.8508568269762293,0.004478781771358187,0.8617176128093145,5.336490341589674e-06
5,3.25,0.4,274.59999999999997,0.007354605114279249,0.6214075582711018,1.3,232.1799999999998,0.8455207574654037,0.004852013585638035,0.8665696263949525,6.262964359226769e-06
38,3.0,0.4,277.59999999999997,0.006788866259334691,0.6281964245304366,1.2000000000000002,233.3799999999998,0.8407060518731982,0.004478781771358187,0.8710484081663107,5.336490341589674e-06
40,3.0,0.4,280.59999999999997,0.006788866259334691,0.6349852907897713,1.2000000000000002,234.57999999999979,0.8359942979330001,0.004478781771358187,0.8755271899376689,5.336490341589674e-06
4,2.1000000000000014,0.3,282.7,0.004752206381534287,0.6397374971713056,0.6300000000000004,235.20999999999978,0.832012734347364,0.0023513604299630494,0.877878550367632,5.764061283176005e-06
137,3.0,0.3,285.7,0.006788866259334691,0.6465263634306403,0.8999999999999999,236.1099999999998,0.8264263213160651,0.003359086328518639,0.8812376366961506,1.1763390373828565e-05
107,3.0,0.3,288.7,0.006788866259334691,0.653315229689975,0.8999999999999999,237.0099999999998,0.8209560096986485,0.003359086328518639,0.8845967230246693,1.1763390373828565e-05
113,3.0,0.3,291.7,0.006788866259334691,0.6601040959493097,0.8999999999999999,237.9099999999998,0.8155982173465883,0.003359086328518639,0.887955809353188,1.1763390373828565e-05
115,3.0,0.3,294.7,0.006788866259334691,0.6668929622086445,0.8999999999999999,238.8099999999998,0.8103495079742105,0.003359086328518639,0.8913148956817066,1.1763390373828565e-05
110,3.0,0.3,297.7,0.006788866259334691,0.6736818284679792,0.8999999999999999,239.7099999999998,0.8052065838092033,0.003359086328518639,0.8946739820102253,1.1763390373828565e-05
10,3.0,0.3,300.7,0.006788866259334691,0.6804706947273139,0.8999999999999999,240.60999999999981,0.8001662786830722,0.003359086328518639,0.898033068338744,1.1763390373828565e-05
95,3.0,0.3,303.7,0.006788866259334691,0.6872595609866486,0.8999999999999999,241.50999999999982,0.7952255515311156,0.003359086328518639,0.9013921546672626,1.1763390373828565e-05
99,3.0,0.3,306.7,0.006788866259334691,0.6940484272459834,0.8999999999999999,242.40999999999983,0.7903814802738828,0.003359086328518639,0.9047512409957813,1.1763390373828565e-05
60,3.0,0.3,309.7,0.006788866259334691,0.7008372935053181,0.8999999999999999,243.30999999999983,0.7856312560542456,0.003359086328518639,0.9081103273243,1.1763390373828565e-05
58,3.0,0.3,312.7,0.006788866259334691,0.7076261597646528,0.8999999999999999,244.20999999999984,0.7809721778062035,0.003359086328518639,0.9114694136528186,1.1763390373828565e-05
49,3.0,0.3,315.7,0.006788866259334691,0.7144150260239875,0.8999999999999999,245.10999999999984,0.776401647133354,0.003359086328518639,0.9148284999813373,1.1763390373828565e-05
59,3.0,0.3,318.7,0.006788866259334691,0.7212038922833223,0.8999999999999999,246.00999999999985,0.7719171634766233,0.003359086328518639,0.918187586309856,1.1763390373828565e-05
33,3.0,0.3,321.7,0.006788866259334691,0.727992758542657,0.8999999999999999,246.90999999999985,0.7675163195523775,0.003359086328518639,0.9215466726383746,1.1763390373828565e-05
32,3.0,0.3,324.7,0.006788866259334691,0.7347816248019917,0.8999999999999999,247.80999999999986,0.7631967970434242,0.003359086328518639,0.9249057589668933,1.1763390373828565e-05
17,3.0,0.3,327.7,0.006788866259334691,0.7415704910613264,0.8999999999999999,248.70999999999987,0.7589563625267008,0.003359086328518639,0.928264845295412,1.1763390373828565e-05
37,3.0,0.3,330.7,0.006788866259334691,0.7483593573206612,0.8999999999999999,249.60999999999987,0.7547928636226183,0.003359086328518639,0.9316239316239306,1.1763390373828565e-05
94,3.0,0.3,333.7,0.006788866259334691,0.7551482235799959,0.8999999999999999,250.50999999999988,0.7507042253521123,0.003359086328518639,0.9349830179524493,1.1763390373828565e-05
47,3.0,0.3,336.7,0.006788866259334691,0.7619370898393306,0.8999999999999999,251.40999999999988,0.7466884466884464,0.003359086328518639,0.938342104280968,1.1763390373828565e-05
45,3.0,0.3,339.7,0.006788866259334691,0.7687259560986653,0.8999999999999999,252.3099999999999,0.7427435972917277,0.003359086328518639,0.9417011906094866,1.1763390373828565e-05
98,3.0,0.3,342.7,0.006788866259334691,0.7755148223580001,0.8999999999999999,253.2099999999999,0.7388678144149399,0.003359086328518639,0.9450602769380053,1.1763390373828565e-05
7,3.0,0.2,345.7,0.006788866259334691,0.7823036886173348,0.6000000000000001,253.8099999999999,0.7341914955163433,0.0022393908856790934,0.9472996678236845,2.0697726175498746e-05
133,3.0,0.2,348.7,0.006788866259334691,0.7890925548766695,0.6000000000000001,254.40999999999988,0.7295956409521075,0.0022393908856790934,0.9495390587093635,2.0697726175498746e-05
36,3.0,0.2,351.7,0.006788866259334691,0.7958814211360042,0.6000000000000001,255.00999999999988,0.7250781916406025,0.0022393908856790934,0.9517784495950425,2.0697726175498746e-05
9,3.0,0.2,354.7,0.006788866259334691,0.802670287395339,0.6000000000000001,255.60999999999987,0.7206371581618266,0.0022393908856790934,0.9540178404807216,2.0697726175498746e-05
63,3.0,0.2,357.7,0.006788866259334691,0.8094591536546737,0.6000000000000001,256.20999999999987,0.7162706178361752,0.0022393908856790934,0.9562572313664006,2.0697726175498746e-05
135,3.0,0.2,360.7,0.006788866259334691,0.8162480199140084,0.6000000000000001,256.8099999999999,0.7119767119489878,0.0022393908856790934,0.9584966222520797,2.0697726175498746e-05
116,3.0,0.2,363.7,0.006788866259334691,0.8230368861733431,0.6000000000000001,257.4099999999999,0.7077536431124551,0.0022393908856790934,0.9607360131377587,2.0697726175498746e-05
6,3.0,0.2,366.7,0.006788866259334691,0.8298257524326779,0.6000000000000001,258.00999999999993,0.703599672757022,0.0022393908856790934,0.9629754040234377,2.0697726175498746e-05
35,3.0,0.2,369.7,0.006788866259334691,0.8366146186920126,0.6000000000000001,258.60999999999996,0.6995131187449283,0.0022393908856790934,0.9652147949091168,2.0697726175498746e-05
18,3.0,0.2,372.7,0.006788866259334691,0.8434034849513473,0.6000000000000001,259.21,0.6954923530990073,0.0022393908856790934,0.9674541857947958,2.0697726175498746e-05
111,3.0,0.2,375.7,0.006788866259334691,0.850192351210682,0.6000000000000001,259.81,0.6915357998402981,0.0022393908856790934,0.9696935766804748,2.0697726175498746e-05
48,3.0,0.2,378.7,0.006788866259334691,0.8569812174700168,0.6000000000000001,260.41,0.6876419329284394,0.0022393908856790934,0.9719329675661539,2.0697726175498746e-05
109,3.0,0.2,381.7,0.006788866259334691,0.8637700837293515,0.6000000000000001,261.01000000000005,0.683809274299188,0.0022393908856790934,0.9741723584518329,2.0697726175498746e-05
108,3.0,0.2,384.7,0.006788866259334691,0.8705589499886862,0.6000000000000001,261.61000000000007,0.6800363919937615,0.0022393908856790934,0.976411749337512,2.0697726175498746e-05
96,3.0,0.2,387.7,0.006788866259334691,0.8773478162480209,0.6000000000000001,262.2100000000001,0.6763218983750325,0.0022393908856790934,0.978651140223191,2.0697726175498746e-05
61,3.0,0.2,390.7,0.006788866259334691,0.8841366825073557,0.6000000000000001,262.8100000000001,0.6726644484259026,0.0022393908856790934,0.98089053110887,2.0697726175498746e-05
132,3.1999999999999886,0.1,393.9,0.007241457343290312,0.891378139850646,0.3199999999999989,263.1300000000001,0.6680121858339684,0.001194341805695512,0.9820848729145656,3.656760632502045e-05
134,3.0,0.1,396.9,0.006788866259334691,0.8981670061099807,0.30000000000000004,263.4300000000001,0.6637188208616783,0.0011196954428395467,0.9832045683574051,3.213949774660023e-05
124,3.0,0.1,399.9,0.006788866259334691,0.9049558723693154,0.30000000000000004,263.73000000000013,0.6594898724681174,0.0011196954428395467,0.9843242638002446,3.213949774660023e-05
128,3.0,0.1,402.9,0.006788866259334691,0.9117447386286501,0.30000000000000004,264.03000000000014,0.6553239017125841,0.0011196954428395467,0.9854439592430841,3.213949774660023e-05
127,3.0,0.1,405.9,0.006788866259334691,0.9185336048879849,0.30000000000000004,264.33000000000015,0.6512195121951224,0.0011196954428395467,0.9865636546859237,3.213949774660023e-05
126,3.0,0.1,408.9,0.006788866259334691,0.9253224711473196,0.30000000000000004,264.63000000000017,0.6471753484959653,0.0011196954428395467,0.9876833501287632,3.213949774660023e-05
125,3.0,0.1,411.9,0.006788866259334691,0.9321113374066543,0.30000000000000004,264.9300000000002,0.643190094683176,0.0011196954428395467,0.9888030455716027,3.213949774660023e-05
123,3.0,0.1,414.9,0.006788866259334691,0.938900203665989,0.30000000000000004,265.2300000000002,0.639262472885033,0.0011196954428395467,0.9899227410144422,3.213949774660023e-05
122,3.0,0.1,417.9,0.006788866259334691,0.9456890699253238,0.30000000000000004,265.5300000000002,0.6353912419239057,0.0011196954428395467,0.9910424364572817,3.213949774660023e-05
121,3.0,0.1,420.9,0.006788866259334691,0.9524779361846585,0.30000000000000004,265.8300000000002,0.6315751960085536,0.0011196954428395467,0.9921621319001213,3.213949774660023e-05
120,3.0,0.1,423.9,0.006788866259334691,0.9592668024439932,0.30000000000000004,266.1300000000002,0.6278131634819538,0.0011196954428395467,0.9932818273429608,3.213949774660023e-05
119,3.0,0.1,426.9,0.006788866259334691,0.9660556687033279,0.30000000000000004,266.43000000000023,0.6241040056219261,0.0011196954428395467,0.9944015227858003,3.213949774660023e-05
117,3.0,0.1,429.9,0.006788866259334691,0.9728445349626627,0.30000000000000004,266.73000000000025,0.6204466154919754,0.0011196954428395467,0.9955212182286398,3.213949774660023e-05
16,3.0,0.1,432.9,0.006788866259334691,0.9796334012219974,0.30000000000000004,267.03000000000026,0.6168399168399175,0.0011196954428395467,0.9966409136714793,3.213949774660023e-05
44,3.0,0.1,435.9,0.006788866259334691,0.9864222674813321,0.30000000000000004,267.33000000000027,0.6132828630419828,0.0011196954428395467,0.9977606091143189,3.213949774660023e-05
97,3.0,0.1,438.9,0.006788866259334691,0.9932111337406668,0.30000000000000004,267.6300000000003,0.6097744360902262,0.0011196954428395467,0.9988803045571584,3.213949774660023e-05
43,3.0,0.1,441.9,0.006788866259334691,1.0000000000000016,0.30000000000000004,267.9300000000003,0.606313645621182,0.0011196954428395467,0.9999999999999979,3.213949774660023e-05
