,weight,grade,cml_weight,weight_pct,cml_weight_pct,yield,cml_yield,cml_grade,recovery,cml_recovery,distributional_heterogeneity
4,3.0,6.9,3.0,0.06342494714587739,0.06342494714587739,20.700000000000003,20.700000000000003,6.900000000000001,0.27718264595607933,0.27718264595607933,0.04569235380063301
5,3.0,4.0,6.0,0.06342494714587739,0.12684989429175478,12.0,32.7,5.45,0.16068559185859668,0.437868237814676,0.009459633009933816
3,3.0,3.2,9.0,0.06342494714587739,0.19027484143763218,9.600000000000001,42.300000000000004,4.7,0.12854847348687737,0.5664167113015534,0.004241073683086919
0,3.3000000000000007,1.6,12.3,0.06976744186046513,0.2600422832980973,5.280000000000001,47.580000000000005,3.8682926829268296,0.07070166041778256,0.6371183717193359,8.727643128362668e-07
1,3.0,1.4,15.3,0.06342494714587739,0.3234672304439747,4.199999999999999,51.78,3.384313725490196,0.056239957150508835,0.6933583288698448,5.1624081233546005e-05
6,3.0,1.3,18.3,0.06342494714587739,0.38689217758985206,3.9000000000000004,55.68,3.042622950819672,0.05222281735404393,0.7455811462238887,0.00012548771187308256
14,3.0,0.9,21.3,0.06342494714587739,0.45031712473572943,2.7,58.38,2.740845070422535,0.03615425816818426,0.781735404392073,0.0007436904773180733
9,3.0,0.8,24.3,0.06342494714587739,0.5137420718816068,2.4000000000000004,60.78,2.5012345679012347,0.03213711837171934,0.8138725227637924,0.0009789282294010318
10,3.0,0.7,27.3,0.06342494714587739,0.5771670190274842,2.0999999999999996,62.88,2.3032967032967036,0.028119978575254417,0.8419925013390468,0.0012464408057726753
11,3.0,0.7,30.3,0.06342494714587739,0.6405919661733617,2.0999999999999996,64.98,2.1445544554455447,0.028119978575254417,0.8701124799143012,0.0012464408057726753
12,3.0,0.7,33.3,0.06342494714587739,0.7040169133192391,2.0999999999999996,67.08,2.0144144144144147,0.028119978575254417,0.8982324584895556,0.0012464408057726753
2,3.0,0.6,36.3,0.06342494714587739,0.7674418604651165,1.7999999999999998,68.88,1.8975206611570248,0.024102838778789503,0.9223352972683451,0.0015462282064330026
7,3.0,0.6,39.3,0.06342494714587739,0.830866807610994,1.7999999999999998,70.67999999999999,1.798473282442748,0.024102838778789503,0.9464381360471346,0.0015462282064330026
8,3.0,0.6,42.3,0.06342494714587739,0.8942917547568714,1.7999999999999998,72.47999999999999,1.7134751773049643,0.024102838778789503,0.970540974825924,0.0015462282064330026
15,2.0,0.5,44.3,0.042283298097251586,0.936575052854123,1.0,73.47999999999999,1.658690744920993,0.013390465988216391,0.9839314408141404,0.0008347957472808953
13,3.0,0.4,47.3,0.06342494714587739,1.0000000000000004,1.2000000000000002,74.67999999999999,1.578858350951374,0.01606855918585967,1.0,0.0022426274806197108
