,weight,grade,cml_weight,weight_pct,cml_weight_pct,yield,cml_yield,cml_grade,recovery,cml_recovery,distributional_heterogeneity
8,3.1000000000000014,9.3,3.1000000000000014,0.11524163568773241,0.11524163568773241,28.830000000000016,28.830000000000016,9.3,0.4262838047640875,0.4262838047640875,0.09674723094372387
7,3.0,4.3,6.100000000000001,0.11152416356877325,0.22676579925650564,12.899999999999999,41.73000000000002,6.840983606557378,0.1907409324126509,0.6170247371767383,0.0062752964660643465
6,3.099999999999998,4.2,9.2,0.11524163568773227,0.3420074349442379,13.019999999999992,54.750000000000014,5.951086956521741,0.1925152666676522,0.8095400038443905,0.00597121404482084
5,3.0,1.9,12.2,0.11152416356877325,0.45353159851301117,5.699999999999999,60.45000000000002,4.954918032786887,0.08428087711256668,0.8938208809569572,0.0007421966569349279
2,3.0,0.9,15.2,0.11152416356877325,0.5650557620817844,2.7,63.15000000000002,4.1546052631578965,0.039922520737531594,0.9337434016944888,0.005126795256132699
3,3.0,0.8,18.2,0.11152416356877325,0.6765799256505577,2.4000000000000004,65.55000000000003,3.601648351648353,0.03548668510002809,0.9692300867945168,0.005781698131884883
4,3.1000000000000014,0.5,21.3,0.11524163568773241,0.7918215613382901,1.5500000000000007,67.10000000000002,3.1502347417840384,0.022918484127101478,0.9921485709216183,0.008523564314087228
1,2.5,0.2,23.8,0.0929368029739777,0.8847583643122677,0.5,67.60000000000002,2.8403361344537825,0.007393059395839183,0.9995416303174576,0.007317732065362313
0,3.0999999999999996,0.01,26.9,0.11524163568773234,1.0,0.030999999999999996,67.63100000000003,2.5141635687732355,0.00045836968254202927,0.9999999999999996,0.013175198154818277
