,weight,grade,cml_weight,weight_pct,cml_weight_pct,yield,cml_yield,cml_grade,recovery,cml_recovery,distributional_heterogeneity
18,2.5,13.4,2.5,0.017337031900138695,0.017337031900138695,33.5,33.5,13.4,0.07775508309349179,0.07775508309349179,0.0036503409100026355
16,3.0,12.6,5.5,0.020804438280166433,0.03814147018030513,37.8,71.3,12.963636363636363,0.087735586296537,0.16549066939002877,0.004479778574789306
43,3.0,9.0,8.5,0.020804438280166433,0.05894590846047156,27.0,98.3,11.564705882352941,0.06266827592609786,0.22815894531612663,0.0017525809024449056
17,2.5,8.0,11.0,0.017337031900138695,0.07628294036061026,20.0,118.3,10.754545454545454,0.046420945130442856,0.2745798904465695,0.0008458740087878618
0,3.0,7.8,14.0,0.020804438280166433,0.09708737864077668,23.4,141.7,10.12142857142857,0.05431250580261814,0.32889239624918765,0.0011227905890891828
25,3.0,6.8,17.0,0.020804438280166433,0.11789181692094311,20.4,162.1,9.535294117647059,0.04734936403305171,0.3762417602822394,0.0007046330832261921
26,3.0,4.0,20.0,0.020804438280166433,0.13869625520110954,12.0,174.1,8.705,0.027852567078265715,0.4040943273605051,4.9676119554596444e-05
1,3.0,4.0,23.0,0.020804438280166433,0.15950069348127596,12.0,186.1,8.091304347826087,0.027852567078265715,0.4319468944387708,4.9676119554596444e-05
28,3.0,3.9,26.0,0.020804438280166433,0.1803051317614424,11.7,197.79999999999998,7.607692307692307,0.02715625290130907,0.4591031473400799,4.034554898136141e-05
46,3.0,3.8,29.0,0.020804438280166433,0.20110957004160882,11.399999999999999,209.2,7.213793103448276,0.026459938724352428,0.4855630860644323,3.198468527418799e-05
27,3.0,3.8,32.0,0.020804438280166433,0.22191400832177524,11.399999999999999,220.6,6.89375,0.026459938724352428,0.5120230247887847,3.198468527418799e-05
44,3.0,3.5,35.0,0.020804438280166433,0.24271844660194167,10.5,231.1,6.602857142857142,0.0243709961934825,0.5363940209822672,1.2720335349037468e-05
2,3.0,3.5,38.0,0.020804438280166433,0.2635228848821081,10.5,241.6,6.3578947368421055,0.0243709961934825,0.5607650171757497,1.2720335349037468e-05
45,3.0,3.4,41.0,0.020804438280166433,0.28432732316227455,10.2,251.79999999999998,6.141463414634146,0.023674682016525856,0.5844396991922756,8.238299106110512e-06
7,3.0,3.4,44.0,0.020804438280166433,0.305131761442441,10.2,262.0,5.954545454545454,0.023674682016525856,0.6081143812088015,8.238299106110512e-06
42,3.0,3.4,47.0,0.020804438280166433,0.3259361997226074,10.2,272.2,5.791489361702127,0.023674682016525856,0.6317890632253274,8.238299106110512e-06
3,3.0000000000000018,3.3,50.0,0.020804438280166447,0.3467406380027738,9.900000000000006,282.1,5.642,0.02297836783956923,0.6547674310648965,4.725969729245177e-06
5,3.0,3.2,53.0,0.020804438280166433,0.36754507628294025,9.600000000000001,291.70000000000005,5.5037735849056615,0.022282053662612576,0.6770494847275091,2.1833472184414552e-06
29,3.0,3.0,56.0,0.020804438280166433,0.3883495145631067,9.0,300.70000000000005,5.369642857142858,0.020889425308699288,0.6979389100362084,7.2227950188441235e-09
6,3.0,2.8,59.0,0.020804438280166433,0.4091539528432731,8.399999999999999,309.1,5.238983050847458,0.019496796954785997,0.7174357069909945,1.7099258358426957e-06
19,2.999999999999993,2.6,61.99999999999999,0.020804438280166385,0.4299583911234395,7.799999999999982,316.9,5.111290322580645,0.018104168600872675,0.7355398755918672,7.2914563409129575e-06
9,3.0,2.5,65.0,0.020804438280166433,0.4507628294036059,7.5,324.4,4.990769230769231,0.017407854423916073,0.7529477300157833,1.1536781892540567e-05
10,3.0,2.5,68.0,0.020804438280166433,0.47156726768377233,7.5,331.9,4.8808823529411764,0.017407854423916073,0.7703555844396994,1.1536781892540567e-05
8,3.0,2.5,71.0,0.020804438280166433,0.49237170596393875,7.5,339.4,4.7802816901408445,0.017407854423916073,0.7877634388636156,1.1536781892540567e-05
41,3.0,2.4,74.0,0.020804438280166433,0.5131761442441052,7.199999999999999,346.59999999999997,4.683783783783784,0.01671154024695943,0.804474979110575,1.675181431022976e-05
48,1.200000000000017,2.2,75.20000000000002,0.008321775312066692,0.5214979195561719,2.640000000000038,349.24,4.644148936170212,0.006127564757218545,0.8106025438677935,4.814559959007011e-06
37,3.0,2.0,78.20000000000002,0.020804438280166433,0.5423023578363383,6.0,355.24,4.542710997442454,0.013926283539132858,0.8245288274069263,4.7309012641602646e-05
47,3.0,2.0,81.20000000000002,0.020804438280166433,0.5631067961165047,6.0,361.24,4.448768472906403,0.013926283539132858,0.8384551109460592,4.7309012641602646e-05
20,3.0,2.0,84.20000000000002,0.020804438280166433,0.5839112343966711,6.0,367.24,4.361520190023752,0.013926283539132858,0.852381394485192,4.7309012641602646e-05
4,3.0,2.0,87.20000000000002,0.020804438280166433,0.6047156726768376,6.0,373.24,4.280275229357797,0.013926283539132858,0.8663076780243248,4.7309012641602646e-05
30,3.0,1.8,90.20000000000002,0.020804438280166433,0.625520110957004,5.4,378.64,4.197782705099777,0.012533655185219572,0.8788413332095444,6.840585300365876e-05
38,3.0,1.4,93.20000000000002,0.020804438280166433,0.6463245492371704,4.199999999999999,382.84,4.107725321888411,0.009748398477392999,0.8885897316869373,0.0001222360161205104
11,3.0,1.4,96.20000000000002,0.020804438280166433,0.6671289875173368,4.199999999999999,387.03999999999996,4.023284823284822,0.009748398477392999,0.8983381301643303,0.0001222360161205104
15,3.0,1.4,99.20000000000002,0.020804438280166433,0.6879334257975033,4.199999999999999,391.23999999999995,3.943951612903225,0.009748398477392999,0.9080865286417232,0.0001222360161205104
24,3.0,1.4,102.20000000000002,0.020804438280166433,0.7087378640776697,4.199999999999999,395.43999999999994,3.869275929549901,0.009748398477392999,0.9178349271191162,0.0001222360161205104
33,3.0,1.4,105.20000000000002,0.020804438280166433,0.7295423023578361,4.199999999999999,399.63999999999993,3.798859315589352,0.009748398477392999,0.9275833255965091,0.0001222360161205104
21,3.0,1.4,108.20000000000002,0.020804438280166433,0.7503467406380026,4.199999999999999,403.8399999999999,3.7323475046210706,0.009748398477392999,0.9373317240739021,0.0001222360161205104
36,3.0,1.2,111.20000000000002,0.020804438280166433,0.771151178918169,3.5999999999999996,407.43999999999994,3.6640287769784163,0.008355770123479715,0.9456874941973819,0.00015496933887530588
31,3.0,1.2,114.20000000000002,0.020804438280166433,0.7919556171983354,3.5999999999999996,411.03999999999996,3.5992994746059535,0.008355770123479715,0.9540432643208616,0.00015496933887530588
22,3.0,1.0,117.20000000000002,0.020804438280166433,0.8127600554785018,3.0,414.03999999999996,3.532764505119453,0.006963141769566429,0.9610064060904281,0.00019158148909434783
23,3.0,1.0,120.20000000000002,0.020804438280166433,0.8335644937586683,3.0,417.03999999999996,3.469550748752079,0.006963141769566429,0.9679695478599946,0.00019158148909434783
34,3.0,0.9,123.20000000000002,0.020804438280166433,0.8543689320388347,2.7,419.73999999999995,3.4069805194805185,0.006266827592609786,0.9742363754526043,0.00021134212450296124
39,3.0,0.8,126.20000000000002,0.020804438280166433,0.8751733703190011,2.4000000000000004,422.13999999999993,3.3450079239302686,0.005570513415653144,0.9798068888682575,0.00023207246677763618
35,3.0,0.6,129.20000000000002,0.020804438280166433,0.8959778085991675,1.7999999999999998,423.93999999999994,3.2812693498452004,0.004177885061739857,0.9839847739299974,0.0002764422719251711
12,3.0,0.6,132.20000000000002,0.020804438280166433,0.916782246879334,1.7999999999999998,425.73999999999995,3.2204236006051428,0.004177885061739857,0.9881626589917373,0.0002764422719251711
32,3.0,0.6,135.20000000000002,0.020804438280166433,0.9375866851595004,1.7999999999999998,427.53999999999996,3.162278106508875,0.004177885061739857,0.9923405440534772,0.0002764422719251711
14,3.0,0.5,138.20000000000002,0.020804438280166433,0.9583911234396668,1.5,429.03999999999996,3.104486251808972,0.0034815708847832144,0.9958221149382603,0.00030008173479803096
40,3.0,0.4,141.20000000000002,0.020804438280166433,0.9791955617198332,1.2000000000000002,430.23999999999995,3.0470254957507077,0.002785256707826572,0.9986073716460869,0.00032469090453695243
13,3.0,0.2,144.20000000000002,0.020804438280166433,0.9999999999999997,0.6000000000000001,430.84,2.9877947295423017,0.001392628353913286,1.0000000000000002,0.0003768183646129801
