,weight,grade,cml_weight,weight_pct,cml_weight_pct,yield,cml_yield,cml_grade,recovery,cml_recovery,distributional_heterogeneity
19,3.0,12.0,3.0,0.017251293847038527,0.017251293847038527,36.0,36.0,12.0,0.07077419101167773,0.07077419101167773,0.002864700520896543
33,3.0,7.4,6.0,0.017251293847038527,0.034502587694077054,22.200000000000003,58.2,9.700000000000001,0.04364408445720127,0.114418275468879,0.0006965793961918944
37,3.0,7.0,9.0,0.017251293847038527,0.051753881541115584,21.0,79.2,8.8,0.041284944756812006,0.155703220225691,0.0005776163760528557
24,3.0,6.8,12.0,0.017251293847038527,0.06900517538815411,20.4,99.6,8.299999999999999,0.04010537490661738,0.19580859513230836,0.0005223090210778007
6,3.0,6.0,15.0,0.017251293847038527,0.08625646923519263,18.0,117.6,7.84,0.035387095505838864,0.2311956906381472,0.000328907301807345
0,3.0,5.6,18.0,0.017251293847038527,0.10350776308223116,16.799999999999997,134.39999999999998,7.466666666666665,0.0330279558054496,0.2642236464435968,0.0002489030625499752
21,3.0,5.0,21.0,0.017251293847038527,0.12075905692926968,15.0,149.39999999999998,7.114285714285713,0.029489246254865722,0.2937128926984625,0.00014976747913624335
36,3.0,4.8,24.0,0.017251293847038527,0.13801035077630822,14.399999999999999,163.79999999999998,6.824999999999999,0.02830967640467109,0.3220225691031336,0.0001222878247909521
41,3.0,4.6,27.0,0.017251293847038527,0.15526164462334674,13.799999999999999,177.6,6.5777777777777775,0.027130106554476462,0.34915267565761005,9.759094050863715e-05
3,3.0,4.6,30.0,0.017251293847038527,0.17251293847038526,13.799999999999999,191.4,6.38,0.027130106554476462,0.3762827822120865,9.759094050863715e-05
7,3.0,4.6,33.0,0.017251293847038527,0.1897642323174238,13.799999999999999,205.20000000000002,6.218181818181819,0.027130106554476462,0.40341288876656295,9.759094050863715e-05
30,3.0,4.6,36.0,0.017251293847038527,0.2070155261644623,13.799999999999999,219.00000000000003,6.083333333333334,0.027130106554476462,0.4305429953210394,9.759094050863715e-05
11,3.0,4.3,39.0,0.017251293847038527,0.22426682001150083,12.899999999999999,231.90000000000003,5.946153846153847,0.025360751779184516,0.4559037471002239,6.576330795324552e-05
27,3.0,4.0,42.0,0.017251293847038527,0.24151811385853936,12.0,243.90000000000003,5.807142857142858,0.023591397003892577,0.4794951441041165,4.019690803955067e-05
28,3.0,3.8,45.0,0.017251293847038527,0.2587694077055779,11.399999999999999,255.30000000000004,5.673333333333334,0.022411827153697945,0.5019069712578145,2.663110400914119e-05
25,3.0,3.8,48.0,0.017251293847038527,0.27602070155261643,11.399999999999999,266.70000000000005,5.556250000000001,0.022411827153697945,0.5243187984115124,2.663110400914119e-05
42,3.0,3.6,51.0,0.017251293847038527,0.293271995399655,10.8,277.50000000000006,5.441176470588236,0.02123225730350332,0.5455510557150157,1.58480700417081e-05
9,3.0,3.6,54.0,0.017251293847038527,0.31052328924669353,10.8,288.30000000000007,5.33888888888889,0.02123225730350332,0.566783313018519,1.58480700417081e-05
2,3.0000000000000036,3.6,57.0,0.017251293847038548,0.3277745830937321,10.800000000000013,299.1000000000001,5.247368421052633,0.021232257303503345,0.5880155703220223,1.5848070041708136e-05
38,3.0,3.5,60.0,0.017251293847038527,0.34502587694077064,10.5,309.6000000000001,5.160000000000001,0.020642472378406003,0.6086580427004283,1.1500091831607673e-05
48,3.0,3.4,63.0,0.017251293847038527,0.3622771707878092,10.2,319.80000000000007,5.076190476190478,0.02005268745330869,0.628710730153737,7.847806137251341e-06
49,3.0,3.4,66.0,0.017251293847038527,0.37952846463484774,10.2,330.00000000000006,5.000000000000001,0.02005268745330869,0.6487634176070457,7.847806137251341e-06
5,3.0,3.2,69.0,0.017251293847038527,0.3967797584818863,9.600000000000001,339.6000000000001,4.9217391304347835,0.018873117603114064,0.6676365352101598,2.6303122957709536e-06
39,3.0,3.0,72.0,0.017251293847038527,0.41403105232892484,9.0,348.6000000000001,4.841666666666668,0.017693547752919432,0.6853300829630792,1.9558851726691592e-07
4,3.0,3.0,75.0,0.017251293847038527,0.4312823461759634,9.0,357.6000000000001,4.768000000000001,0.017693547752919432,0.7030236307159986,1.9558851726691592e-07
1,3.0,3.0,78.0,0.017251293847038527,0.44853364002300194,9.0,366.6000000000001,4.700000000000001,0.017693547752919432,0.720717178468918,1.9558851726691592e-07
13,3.0,2.8,81.0,0.017251293847038527,0.4657849338700405,8.399999999999999,375.00000000000006,4.629629629629631,0.0165139779027248,0.7372311563716428,5.436348017392404e-07
45,3.0,2.6,84.0,0.017251293847038527,0.48303622771707905,7.800000000000001,382.80000000000007,4.557142857142858,0.015334408052530175,0.752565564424173,3.674451149187917e-06
22,3.0,2.6,87.0,0.017251293847038527,0.5002875215641176,7.800000000000001,390.6000000000001,4.489655172413794,0.015334408052530175,0.7678999724767032,3.674451149187917e-06
46,4.0,2.4,91.0,0.0230017251293847,0.5232892466935023,9.6,400.2000000000001,4.397802197802199,0.01887311760311406,0.7867730900798172,1.70454001059786e-05
29,3.0,2.4,94.0,0.017251293847038527,0.5405405405405408,7.199999999999999,407.4000000000001,4.33404255319149,0.014154838202335545,0.8009279282821528,9.588037559612962e-06
12,3.0,2.4,97.0,0.017251293847038527,0.5577918343875793,7.199999999999999,414.6000000000001,4.274226804123712,0.014154838202335545,0.8150827664844883,9.588037559612962e-06
20,3.0,2.4,100.0,0.017251293847038527,0.5750431282346178,7.199999999999999,421.80000000000007,4.218000000000001,0.014154838202335545,0.8292376046868238,9.588037559612962e-06
18,3.0,2.4,103.0,0.017251293847038527,0.5922944220816563,7.199999999999999,429.00000000000006,4.165048543689321,0.014154838202335545,0.8433924428891594,9.588037559612962e-06
26,3.0,2.2,106.0,0.017251293847038527,0.6095457159286948,6.6000000000000005,435.6000000000001,4.109433962264152,0.012975268352140919,0.8563677112413003,1.8284394033014343e-05
40,3.0,2.2,109.0,0.017251293847038527,0.6267970097757333,6.6000000000000005,442.2000000000001,4.056880733944955,0.012975268352140919,0.8693429795934412,1.8284394033014343e-05
17,3.0,1.9,112.0,0.017251293847038527,0.6440483036227718,5.699999999999999,447.9000000000001,3.999107142857144,0.011205913576848973,0.8805488931702902,3.654662261119712e-05
44,3.0,1.8,115.0,0.017251293847038527,0.6612995974698103,5.4,453.30000000000007,3.941739130434783,0.01061612865175166,0.8911650218220418,4.4025417168746216e-05
10,3.0,1.6,118.0,0.017251293847038527,0.6785508913168488,4.800000000000001,458.1000000000001,3.8822033898305093,0.009436558801557032,0.9006015806235989,6.107008383107668e-05
53,3.0,1.6,121.0,0.017251293847038527,0.6958021851638873,4.800000000000001,462.9000000000001,3.8256198347107446,0.009436558801557032,0.9100381394251559,6.107008383107668e-05
32,3.0,1.6,124.0,0.017251293847038527,0.7130534790109258,4.800000000000001,467.7000000000001,3.7717741935483877,0.009436558801557032,0.9194746982267129,6.107008383107668e-05
43,3.0,1.4,127.0,0.017251293847038527,0.7303047728579642,4.199999999999999,471.9000000000001,3.7157480314960636,0.0082569889513624,0.9277316871780753,8.089752055638353e-05
50,3.0,1.2,130.0,0.017251293847038527,0.7475560667050027,3.5999999999999996,475.5000000000001,3.6576923076923085,0.007077419101167773,0.9348091062792431,0.0001035077273446667
35,3.0,1.2,133.0,0.017251293847038527,0.7648073605520412,3.5999999999999996,479.10000000000014,3.6022556390977454,0.007077419101167773,0.9418865253804108,0.0001035077273446667
8,3.0,1.0,136.0,0.017251293847038527,0.7820586543990797,3.0,482.10000000000014,3.5448529411764715,0.005897849250973144,0.947784374631384,0.00012890070419592625
54,3.0,1.0,139.0,0.017251293847038527,0.7993099482461182,3.0,485.10000000000014,3.489928057553958,0.005897849250973144,0.9536822238823571,0.00012890070419592625
34,2.999999999999986,1.0,142.0,0.017251293847038447,0.8165612420931567,2.999999999999986,488.10000000000014,3.4373239436619727,0.005897849250973117,0.9595800731333303,0.00012890070419592503
52,3.0,1.0,145.0,0.017251293847038527,0.8338125359401952,3.0,491.10000000000014,3.386896551724139,0.005897849250973144,0.9654779223843034,0.00012890070419592625
14,3.0,0.8,148.0,0.017251293847038527,0.8510638297872337,2.4000000000000004,493.5000000000001,3.33445945945946,0.004718279400778516,0.9701962017850819,0.0001570764511101621
47,3.0,0.8,151.0,0.017251293847038527,0.8683151236342722,2.4000000000000004,495.9000000000001,3.284105960264901,0.004718279400778516,0.9749144811858604,0.0001570764511101621
23,3.0,0.8,154.0,0.017251293847038527,0.8855664174813107,2.4000000000000004,498.30000000000007,3.235714285714286,0.004718279400778516,0.979632760586639,0.0001570764511101621
51,3.0,0.8,157.0,0.017251293847038527,0.9028177113283492,2.4000000000000004,500.70000000000005,3.189171974522293,0.004718279400778516,0.9843510399874175,0.0001570764511101621
55,3.0,0.6,160.0,0.017251293847038527,0.9200690051753877,1.7999999999999998,502.50000000000006,3.1406250000000004,0.0035387095505838863,0.9878897495380013,0.00018803496808737435
31,3.0,0.6,163.0,0.017251293847038527,0.9373202990224262,1.7999999999999998,504.30000000000007,3.093865030674847,0.0035387095505838863,0.9914284590885852,0.00018803496808737435
15,3.0,0.5,166.0,0.017251293847038527,0.9545715928694647,1.5,505.80000000000007,3.046987951807229,0.002948924625486572,0.9943773837140718,0.00020455776534959665
16,3.0,0.5,169.0,0.017251293847038527,0.9718228867165032,1.5,507.30000000000007,3.0017751479289947,0.002948924625486572,0.9973263083395584,0.00020455776534959665
57,1.9000000000000057,0.4,170.9,0.010925819436457767,0.982748706152961,0.7600000000000023,508.06000000000006,2.9728496196606207,0.0014941218102465345,0.9988204301498049,8.895692011227858e-05
56,3.0,0.2,173.9,0.017251293847038527,0.9999999999999994,0.6000000000000001,508.6600000000001,2.9250143760782064,0.001179569850194629,0.9999999999999996,0.00025830031223072797
