,weight,grade,cml_weight,weight_pct,cml_weight_pct,yield,cml_yield,cml_grade,recovery,cml_recovery,distributional_heterogeneity
22,3.0,12.6,3.0,0.020604395604395604,0.020604395604395604,37.8,37.8,12.6,0.09048690573083737,0.09048690573083737,0.004883565221572237
33,3.0,6.6,6.0,0.020604395604395604,0.04120879120879121,19.799999999999997,57.599999999999994,9.6,0.04739790300186719,0.13788480873270456,0.0007178920386583648
21,3.0,4.9,9.0,0.020604395604395604,0.061813186813186816,14.700000000000001,72.3,8.033333333333333,0.03518935222865898,0.17307416096136355,0.00021272095973164413
5,3.0,4.8,12.0,0.020604395604395604,0.08241758241758242,14.399999999999999,86.69999999999999,7.224999999999999,0.03447120218317614,0.2075453631445397,0.00019228832469331118
42,3.0,4.2,15.0,0.020604395604395604,0.10302197802197802,12.600000000000001,99.29999999999998,6.619999999999999,0.03016230191027913,0.23770766505481883,9.135357295204798e-05
1,3.0,4.2,18.0,0.020604395604395604,0.12362637362637362,12.600000000000001,111.89999999999998,6.216666666666665,0.03016230191027913,0.26786996696509796,9.135357295204798e-05
36,3.0,4.0,21.0,0.020604395604395604,0.14423076923076922,12.0,123.89999999999998,5.899999999999999,0.02872600181931345,0.2965959687844114,6.59604875101922e-05
9,3.0,3.8,24.0,0.020604395604395604,0.16483516483516483,11.399999999999999,135.29999999999998,5.637499999999999,0.027289701728347777,0.3238856705127592,4.4693317970952425e-05
3,3.0,3.8,27.0,0.020604395604395604,0.18543956043956045,11.399999999999999,146.7,5.433333333333333,0.027289701728347777,0.35117537224110695,4.4693317970952425e-05
7,3.0,3.8,30.0,0.020604395604395604,0.20604395604395606,11.399999999999999,158.1,5.27,0.027289701728347777,0.3784650739694547,4.4693317970952425e-05
38,3.0,3.8,33.0,0.020604395604395604,0.22664835164835168,11.399999999999999,169.5,5.136363636363637,0.027289701728347777,0.4057547756978025,4.4693317970952425e-05
20,3.0,3.6,36.0,0.020604395604395604,0.2472527472527473,10.8,180.3,5.008333333333334,0.025853401637382107,0.4316081773351846,2.7552064334328693e-05
40,3.0,3.6,39.0,0.020604395604395604,0.2678571428571429,10.8,191.10000000000002,4.9,0.025853401637382107,0.4574615789725667,2.7552064334328693e-05
18,3.0,3.4,42.0,0.020604395604395604,0.2884615384615385,10.2,201.3,4.792857142857143,0.024417101546416433,0.4818786805189831,1.4536726600320932e-05
8,3.0,3.4,45.0,0.020604395604395604,0.3090659340659341,10.2,211.5,4.7,0.024417101546416433,0.5062957820653995,1.4536726600320932e-05
2,3.0,3.4,48.0,0.020604395604395604,0.32967032967032966,10.2,221.7,4.6187499999999995,0.024417101546416433,0.5307128836118159,1.4536726600320932e-05
0,3.0,3.2,51.0,0.020604395604395604,0.35027472527472525,9.600000000000001,231.29999999999998,4.535294117647059,0.022980801455450766,0.5536936850672667,5.647304768929188e-06
19,3.0,3.0,54.0,0.020604395604395604,0.37087912087912084,9.0,240.29999999999998,4.449999999999999,0.02154450136448509,0.5752381864317517,8.837988401534259e-07
41,3.0,3.0,57.0,0.020604395604395604,0.3914835164835164,9.0,249.29999999999998,4.373684210526315,0.02154450136448509,0.5967826877962368,8.837988401534259e-07
24,3.0,3.0,60.0,0.020604395604395604,0.412087912087912,9.0,258.29999999999995,4.304999999999999,0.02154450136448509,0.6183271891607218,8.837988401534259e-07
10,3.0,3.0,63.0,0.020604395604395604,0.4326923076923076,9.0,267.29999999999995,4.242857142857142,0.02154450136448509,0.6398716905252069,8.837988401534259e-07
17,3.0,2.9,66.0,0.020604395604395604,0.4532967032967032,8.7,275.99999999999994,4.181818181818181,0.02082635131900225,0.6606980418442091,4.926433924654718e-08
16,3.0,2.8,69.0,0.020604395604395604,0.47390109890109877,8.399999999999999,284.3999999999999,4.121739130434781,0.020108201273519415,0.6808062431177285,2.462088139936703e-07
13,3.000000000000007,2.7,72.0,0.020604395604395653,0.4945054945054944,8.10000000000002,292.49999999999994,4.062499999999999,0.019390051228036626,0.7001962943457651,1.4746322643947942e-06
46,3.0,2.6,75.0,0.020604395604395604,0.5151098901098901,7.800000000000001,300.29999999999995,4.004,0.018671901182553744,0.7188681955283189,3.7345346904499086e-06
14,3.0,2.6,78.0,0.020604395604395604,0.5357142857142857,7.800000000000001,308.09999999999997,3.9499999999999997,0.018671901182553744,0.7375400967108727,3.7345346904499086e-06
4,3.0,2.6,81.0,0.020604395604395604,0.5563186813186813,7.800000000000001,315.9,3.9,0.018671901182553744,0.7562119978934265,3.7345346904499086e-06
39,3.0,2.6,84.0,0.020604395604395604,0.576923076923077,7.800000000000001,323.7,3.8535714285714286,0.018671901182553744,0.7748838990759803,3.7345346904499086e-06
47,3.0,2.4,87.0,0.020604395604395604,0.5975274725274726,7.199999999999999,330.9,3.8034482758620687,0.01723560109158807,0.7921195001675684,1.1348776469522158e-05
6,3.0,2.4,90.0,0.020604395604395604,0.6181318681318683,7.199999999999999,338.09999999999997,3.7566666666666664,0.01723560109158807,0.8093551012591564,1.1348776469522158e-05
45,3.0,2.0,93.0,0.020604395604395604,0.6387362637362639,6.0,344.09999999999997,3.6999999999999997,0.014363000909656726,0.8237181021688131,3.895500773551464e-05
37,3.0,2.0,96.0,0.020604395604395604,0.6593406593406596,6.0,350.09999999999997,3.6468749999999996,0.014363000909656726,0.8380811030784698,3.895500773551464e-05
34,3.0,2.0,99.0,0.020604395604395604,0.6799450549450552,6.0,356.09999999999997,3.5969696969696967,0.014363000909656726,0.8524441039881265,3.895500773551464e-05
29,3.0,2.0,102.0,0.020604395604395604,0.7005494505494508,6.0,362.09999999999997,3.55,0.014363000909656726,0.8668071048977832,3.895500773551464e-05
11,3.0,1.8,105.0,0.020604395604395604,0.7211538461538465,5.4,367.49999999999994,3.4999999999999996,0.012926700818691053,0.8797338057164743,5.8946997222434865e-05
15,3.0,1.8,108.0,0.020604395604395604,0.7417582417582421,5.4,372.8999999999999,3.452777777777777,0.012926700818691053,0.8926605065351654,5.8946997222434865e-05
26,3.0,1.6,111.0,0.020604395604395604,0.7623626373626378,4.800000000000001,377.69999999999993,3.402702702702702,0.011490400727725383,0.9041509072628907,8.30649026119711e-05
35,3.0,1.4,114.0,0.020604395604395604,0.7829670329670334,4.199999999999999,381.8999999999999,3.349999999999999,0.010054100636759707,0.9142050078996504,0.00011130872390412337
23,3.0,1.4,117.0,0.020604395604395604,0.803571428571429,4.199999999999999,386.0999999999999,3.2999999999999994,0.010054100636759707,0.9242591085364101,0.00011130872390412337
48,1.5999999999999943,1.4,118.6,0.01098901098901095,0.81456043956044,2.2399999999999918,388.3399999999999,3.274367622259696,0.005362187006271824,0.9296212955426819,3.1661148132728205e-05
27,3.0,1.3,121.6,0.020604395604395604,0.8351648351648356,3.9000000000000004,392.2399999999999,3.2256578947368415,0.009335950591276872,0.9389572461339588,0.00012697785301368046
31,3.0,1.2,124.6,0.020604395604395604,0.8557692307692313,3.5999999999999996,395.8399999999999,3.176886035313001,0.008617800545794035,0.9475750466797529,0.0001436784610988916
28,3.0,1.2,127.6,0.020604395604395604,0.8763736263736269,3.5999999999999996,399.43999999999994,3.1304075235109714,0.008617800545794035,0.956192847225547,0.0001436784610988916
43,3.0,1.2,130.6,0.020604395604395604,0.8969780219780226,3.5999999999999996,403.03999999999996,3.086064318529862,0.008617800545794035,0.9648106477713411,0.0001436784610988916
44,3.0,1.2,133.6,0.020604395604395604,0.9175824175824182,3.5999999999999996,406.64,3.0437125748502996,0.008617800545794035,0.9734284483171352,0.0001436784610988916
30,3.0,1.0,136.6,0.020604395604395604,0.9381868131868139,3.0,409.64,2.9988286969253295,0.007181500454828363,0.9806099487719635,0.00018017411419627582
25,3.0,1.0,139.6,0.020604395604395604,0.9587912087912095,3.0,412.64,2.955873925501433,0.007181500454828363,0.9877914492267919,0.00018017411419627582
12,3.0,0.9,142.6,0.020604395604395604,0.9793956043956051,2.7,415.34,2.9126227208976156,0.006463350409345527,0.9942547996361374,0.00019996915920844895
32,3.0,0.8,145.6,0.020604395604395604,1.0000000000000007,2.4000000000000004,417.73999999999995,2.8690934065934064,0.0057452003638626915,1.0,0.0002207956831962761
