,weight,grade,cml_weight,weight_pct,cml_weight_pct,yield,cml_yield,cml_grade,recovery,cml_recovery,distributional_heterogeneity
45,3.0,999.0,3.0,0.012396694214876033,0.012396694214876033,2997.0,2997.0,999.0,0.8177576468662172,0.8177576468662172,0.648606264055476
46,3.0,17.2,6.0,0.012396694214876033,0.024793388429752067,51.599999999999994,3048.6,508.09999999999997,0.014079511037136071,0.8318371579033533,2.831872457281378e-06
32,3.0,13.0,9.0,0.012396694214876033,0.0371900826446281,39.0,3087.6,343.06666666666666,0.010641490900160986,0.8424786488035143,3.08073867598669e-06
7,3.0,10.0,12.0,0.012396694214876033,0.049586776859504134,30.0,3117.6,259.8,0.008185762230893066,0.8506644110344074,1.773194817373073e-05
47,3.0,9.0,15.0,0.012396694214876033,0.06198347107438017,27.0,3144.6,209.64,0.007367186007803759,0.8580315970422111,2.529595280500736e-05
57,3.0,6.8,18.0,0.012396694214876033,0.0743801652892562,20.4,3165.0,175.83333333333334,0.005566318317007284,0.8635979153592184,4.6654034906186324e-05
56,3.0,6.2,21.0,0.012396694214876033,0.08677685950413223,18.6,3183.6,151.6,0.005075172583153701,0.8686730879423721,5.360467900377803e-05
6,3.0,6.0,24.0,0.012396694214876033,0.09917355371900827,18.0,3201.6,133.4,0.004911457338535839,0.8735845452809079,5.6028771094923095e-05
9,3.0,5.8,27.0,0.012396694214876033,0.1115702479338843,17.4,3219.0,119.22222222222223,0.004747742093917978,0.8783322873748258,5.850646854870874e-05
41,3.0,5.0,30.0,0.012396694214876033,0.12396694214876033,15.0,3234.0,107.8,0.004092881115446533,0.8824251684902723,6.895331199025697e-05
55,3.0,4.8,33.0,0.012396694214876033,0.13636363636363635,14.399999999999999,3248.4,98.43636363636364,0.003929165870828671,0.886354334361101,7.169903625724546e-05
48,3.0,4.6,36.0,0.012396694214876033,0.1487603305785124,13.799999999999999,3262.2000000000003,90.61666666666667,0.00376545062621081,0.8901197849873118,7.449836588687453e-05
69,3.0,4.0,39.0,0.012396694214876033,0.16115702479338845,12.0,3274.2000000000003,83.95384615384616,0.0032743048923572263,0.8933940898796691,8.321798695160514e-05
10,3.0,4.0,42.0,0.012396694214876033,0.1735537190082645,12.0,3286.2000000000003,78.24285714285715,0.0032743048923572263,0.8966683947720263,8.321798695160514e-05
33,3.0,4.0,45.0,0.012396694214876033,0.18595041322314054,12.0,3298.2000000000003,73.29333333333334,0.0032743048923572263,0.8999426996643836,8.321798695160514e-05
39,3.0,4.0,48.0,0.012396694214876033,0.1983471074380166,12.0,3310.2000000000003,68.9625,0.0032743048923572263,0.9032170045567408,8.321798695160514e-05
54,3.0,3.8,51.0,0.012396694214876033,0.21074380165289264,11.399999999999999,3321.6000000000004,65.12941176470589,0.0031105896477393643,0.9063275942044802,8.62317380317965e-05
62,3.0,3.8,54.0,0.012396694214876033,0.22314049586776868,11.399999999999999,3333.0000000000005,61.72222222222223,0.0031105896477393643,0.9094381838522195,8.62317380317965e-05
8,3.0,3.6,57.0,0.012396694214876033,0.23553719008264473,10.8,3343.8000000000006,58.663157894736855,0.0029468744031215036,0.912385058255341,8.929909447462841e-05
30,3.0,3.6,60.0,0.012396694214876033,0.24793388429752078,10.8,3354.600000000001,55.91000000000001,0.0029468744031215036,0.9153319326584625,8.929909447462841e-05
19,3.0,3.6,63.0,0.012396694214876033,0.2603305785123968,10.8,3365.400000000001,53.41904761904763,0.0029468744031215036,0.9182788070615839,8.929909447462841e-05
5,3.0,3.6,66.0,0.012396694214876033,0.2727272727272729,10.8,3376.200000000001,51.15454545454547,0.0029468744031215036,0.9212256814647054,8.929909447462841e-05
76,3.0,3.6,69.0,0.012396694214876033,0.2851239669421489,10.8,3387.0000000000014,49.08695652173915,0.0029468744031215036,0.9241725558678269,8.929909447462841e-05
49,3.0,3.6,72.0,0.012396694214876033,0.29752066115702497,10.8,3397.8000000000015,47.19166666666669,0.0029468744031215036,0.9271194302709483,8.929909447462841e-05
31,3.0,3.4,75.0,0.012396694214876033,0.309917355371901,10.2,3408.0000000000014,45.44000000000002,0.002783159158503642,0.929902589429452,9.242005628010091e-05
43,3.0,3.4,78.0,0.012396694214876033,0.32231404958677706,10.2,3418.200000000001,43.82307692307694,0.002783159158503642,0.9326857485879557,9.242005628010091e-05
68,3.0,3.4,81.0,0.012396694214876033,0.3347107438016531,10.2,3428.400000000001,42.32592592592594,0.002783159158503642,0.9354689077464594,9.242005628010091e-05
21,3.0,3.4,84.0,0.012396694214876033,0.34710743801652916,10.2,3438.600000000001,40.9357142857143,0.002783159158503642,0.9382520669049631,9.242005628010091e-05
20,3.0,3.4,87.0,0.012396694214876033,0.3595041322314052,10.2,3448.8000000000006,39.64137931034484,0.002783159158503642,0.9410352260634668,9.242005628010091e-05
53,3.0,3.0,90.0,0.012396694214876033,0.37190082644628125,9.0,3457.8000000000006,38.42000000000001,0.0024557286692679196,0.9434909547327347,9.882279597896763e-05
51,3.0,3.0,93.0,0.012396694214876033,0.3842975206611573,9.0,3466.8000000000006,37.27741935483871,0.0024557286692679196,0.9459466834020026,9.882279597896763e-05
16,3.0,2.9,96.0,0.012396694214876033,0.39669421487603335,8.7,3475.5000000000005,36.20312500000001,0.002373871046958989,0.9483205544489616,0.00010045698425533465
11,3.0,2.8,99.0,0.012396694214876033,0.4090909090909094,8.399999999999999,3483.9000000000005,35.190909090909095,0.002292013424650058,0.9506125678736116,0.00010210457387236185
50,3.0,2.6,102.0,0.012396694214876033,0.42148760330578544,7.800000000000001,3491.7000000000007,34.23235294117648,0.0021282981800321973,0.9527408660536438,0.00010543995712839662
52,3.0,2.4,105.0,0.012396694214876033,0.4338842975206615,7.199999999999999,3498.9000000000005,33.322857142857146,0.0019645829354143357,0.9547054489890582,0.00010882894574707197
4,3.0,2.3,108.0,0.012396694214876033,0.44628099173553754,6.8999999999999995,3505.8000000000006,32.461111111111116,0.001882725313105405,0.9565881743021636,0.00011054354206739991
38,3.0,2.2,111.0,0.012396694214876033,0.4586776859504136,6.6000000000000005,3512.4000000000005,31.643243243243248,0.0018008676907964745,0.95838904199296,0.0001122715397283879
34,3.0,2.1,114.0,0.012396694214876033,0.47107438016528963,6.300000000000001,3518.7000000000007,30.865789473684217,0.001719010068487544,0.9601080520614476,0.0001140129387300361
15,3.0,2.0,117.0,0.012396694214876033,0.4834710743801657,6.0,3524.7000000000007,30.12564102564103,0.0016371524461786132,0.9617452045076261,0.0001157677390723444
14,3.0,2.0,120.0,0.012396694214876033,0.4958677685950417,6.0,3530.7000000000007,29.422500000000007,0.0016371524461786132,0.9633823569538047,0.0001157677390723444
58,3.0,2.0,123.0,0.012396694214876033,0.5082644628099178,6.0,3536.7000000000007,28.753658536585373,0.0016371524461786132,0.9650195093999833,0.0001157677390723444
37,3.0,1.9,126.0,0.012396694214876033,0.5206611570247938,5.699999999999999,3542.4000000000005,28.114285714285717,0.0015552948238696821,0.966574804223853,0.00011753594075531288
42,3.0,1.8,129.0,0.012396694214876033,0.5330578512396698,5.4,3547.8000000000006,27.502325581395354,0.0014734372015607518,0.9680482414254138,0.00011931754377894147
26,3.0,1.8,132.0,0.012396694214876033,0.5454545454545457,5.4,3553.2000000000007,26.918181818181825,0.0014734372015607518,0.9695216786269746,0.00011931754377894147
60,3.0,1.8,135.0,0.012396694214876033,0.5578512396694217,5.4,3558.600000000001,26.360000000000007,0.0014734372015607518,0.9709951158285354,0.00011931754377894147
59,3.0,1.8,138.0,0.012396694214876033,0.5702479338842977,5.4,3564.000000000001,25.826086956521745,0.0014734372015607518,0.9724685530300962,0.00011931754377894147
12,3.0,1.8,141.0,0.012396694214876033,0.5826446280991737,5.4,3569.400000000001,25.314893617021283,0.0014734372015607518,0.973941990231657,0.00011931754377894147
40,3.0,1.8,144.0,0.012396694214876033,0.5950413223140497,5.4,3574.800000000001,24.825000000000006,0.0014734372015607518,0.9754154274332177,0.00011931754377894147
25,3.0,1.6,147.0,0.012396694214876033,0.6074380165289257,4.800000000000001,3579.6000000000013,24.351020408163276,0.0013097219569428906,0.9767251493901606,0.00012292095384817915
63,3.0,1.6,150.0,0.012396694214876033,0.6198347107438017,4.800000000000001,3584.4000000000015,23.89600000000001,0.0013097219569428906,0.9780348713471035,0.00012292095384817915
36,3.0,1.6,153.0,0.012396694214876033,0.6322314049586777,4.800000000000001,3589.2000000000016,23.458823529411774,0.0013097219569428906,0.9793445933040464,0.00012292095384817915
61,3.0,1.6,156.0,0.012396694214876033,0.6446280991735537,4.800000000000001,3594.000000000002,23.03846153846155,0.0013097219569428906,0.9806543152609893,0.00012292095384817915
67,3.0,1.5,159.0,0.012396694214876033,0.6570247933884297,4.5,3598.500000000002,22.632075471698126,0.0012278643346339598,0.9818821795956233,0.00012474276089378817
17,3.0,1.5,162.0,0.012396694214876033,0.6694214876033057,4.5,3603.000000000002,22.24074074074075,0.0012278643346339598,0.9831100439302572,0.00012474276089378817
35,3.0,1.5,165.0,0.012396694214876033,0.6818181818181817,4.5,3607.500000000002,21.863636363636374,0.0012278643346339598,0.9843379082648912,0.00012474276089378817
3,3.0,1.2,168.0,0.012396694214876033,0.6942148760330576,3.5999999999999996,3611.1000000000017,21.494642857142868,0.0009822914677071679,0.9853201997325983,0.00013028859007457614
44,3.0,1.2,171.0,0.012396694214876033,0.7066115702479336,3.5999999999999996,3614.7000000000016,21.13859649122808,0.0009822914677071679,0.9863024912003054,0.00013028859007457614
77,3.0,1.2,174.0,0.012396694214876033,0.7190082644628096,3.5999999999999996,3618.3000000000015,20.794827586206907,0.0009822914677071679,0.9872847826680126,0.00013028859007457614
27,3.0,1.2,177.0,0.012396694214876033,0.7314049586776856,3.5999999999999996,3621.9000000000015,20.46271186440679,0.0009822914677071679,0.9882670741357197,0.00013028859007457614
28,3.0,1.0,180.0,0.012396694214876033,0.7438016528925616,3.0,3624.9000000000015,20.138333333333343,0.0008185762230893066,0.989085650358809,0.0001340528162317355
18,2.999999999999993,1.0,183.0,0.012396694214876004,0.7561983471074376,2.999999999999993,3627.9000000000015,19.824590163934435,0.0008185762230893046,0.9899042265818984,0.00013405281623173488
64,3.0,1.0,186.0,0.012396694214876033,0.7685950413223136,3.0,3630.9000000000015,19.520967741935493,0.0008185762230893066,0.9907228028049877,0.0001340528162317355
65,3.0,1.0,189.0,0.012396694214876033,0.7809917355371896,3.0,3633.9000000000015,19.226984126984135,0.0008185762230893066,0.991541379028077,0.0001340528162317355
66,3.0,1.0,192.0,0.012396694214876033,0.7933884297520656,3.0,3636.9000000000015,18.942187500000006,0.0008185762230893066,0.9923599552511664,0.0001340528162317355
23,3.0,1.0,195.0,0.012396694214876033,0.8057851239669416,3.0,3639.9000000000015,18.666153846153854,0.0008185762230893066,0.9931785314742557,0.0001340528162317355
24,3.0,0.9,198.0,0.012396694214876033,0.8181818181818176,2.7,3642.6000000000013,18.396969696969702,0.0007367186007803759,0.9939152500750361,0.0001359550313213054
29,3.0,0.9,201.0,0.012396694214876033,0.8305785123966936,2.7,3645.300000000001,18.135820895522393,0.0007367186007803759,0.9946519686758165,0.0001359550313213054
79,3.0,0.8,204.0,0.012396694214876033,0.8429752066115695,2.4000000000000004,3647.700000000001,17.880882352941182,0.0006548609784714453,0.995306829654288,0.00013787064775153544
70,3.0,0.8,207.0,0.012396694214876033,0.8553719008264455,2.4000000000000004,3650.1000000000013,17.63333333333334,0.0006548609784714453,0.9959616906327594,0.00013787064775153544
80,2.0,0.8,209.0,0.008264462809917356,0.8636363636363629,1.6,3651.700000000001,17.472248803827757,0.0004365739856476302,0.9963982646184071,6.127584344512686e-05
22,3.0,0.6,212.0,0.012396694214876033,0.8760330578512389,1.7999999999999998,3653.5000000000014,17.23349056603774,0.0004911457338535839,0.9968894103522606,0.00014174208463397597
13,3.0,0.6,215.0,0.012396694214876033,0.8884297520661149,1.7999999999999998,3655.3000000000015,17.001395348837217,0.0004911457338535839,0.9973805560861142,0.00014174208463397597
78,3.0,0.6,218.0,0.012396694214876033,0.9008264462809908,1.7999999999999998,3657.1000000000017,16.7756880733945,0.0004911457338535839,0.9978717018199678,0.00014174208463397597
71,3.0,0.4,221.0,0.012396694214876033,0.9132231404958668,1.2000000000000002,3658.3000000000015,16.553393665158378,0.00032743048923572265,0.9981991323092034,0.00014566712687905702
72,3.0,0.4,224.0,0.012396694214876033,0.9256198347107428,1.2000000000000002,3659.5000000000014,16.337053571428577,0.00032743048923572265,0.9985265627984391,0.00014566712687905702
73,3.0,0.4,227.0,0.012396694214876033,0.9380165289256188,1.2000000000000002,3660.700000000001,16.126431718061678,0.00032743048923572265,0.9988539932876748,0.00014566712687905702
74,3.0,0.4,230.0,0.012396694214876033,0.9504132231404948,1.2000000000000002,3661.900000000001,15.92130434782609,0.00032743048923572265,0.9991814237769104,0.00014566712687905702
75,3.0,0.4,233.0,0.012396694214876033,0.9628099173553708,1.2000000000000002,3663.100000000001,15.721459227467815,0.00032743048923572265,0.9995088542661461,0.00014566712687905702
1,3.0,0.2,236.0,0.012396694214876033,0.9752066115702468,0.6000000000000001,3663.7000000000007,15.524152542372885,0.00016371524461786133,0.999672569510764,0.0001496457744867787
2,3.0000000000000018,0.2,239.0,0.01239669421487604,0.9876033057851228,0.6000000000000004,3664.3000000000006,15.33179916317992,0.00016371524461786144,0.9998362847553819,0.00014964577448677886
0,3.0,0.2,242.0,0.012396694214876033,0.9999999999999988,0.6000000000000001,3664.9000000000005,15.14421487603306,0.00016371524461786133,0.9999999999999998,0.0001496457744867787
