,weight,grade,cml_weight,weight_pct,cml_weight_pct,yield,cml_yield,cml_grade,recovery,cml_recovery,distributional_heterogeneity
153,0.6999999999999886,182.5,0.6999999999999886,0.0014376668720476249,0.0014376668720476249,127.74999999999793,127.74999999999793,182.5,0.11990801576872369,0.11990801576872369,0.014035223567700157
154,1.0,140.0,1.6999999999999886,0.002053809817210926,0.0034914766892585507,140.0,267.74999999999795,157.49999999999986,0.1314060446780555,0.2513140604467792,0.016732000663495096
152,1.3000000000000114,113.2,3.0,0.002669952762374227,0.006161429451632778,147.1600000000013,414.9099999999993,138.3033333333331,0.1381265252487344,0.38944058569551354,0.018348483029752546
150,1.5,41.2,4.5,0.003080714725816389,0.009242144177449167,61.800000000000004,476.7099999999993,105.9355555555554,0.05800638257931307,0.4474469682748266,0.0030168289891526383
62,2.299999999999983,30.0,6.799999999999983,0.004723762579585095,0.013965906757034262,68.99999999999949,545.7099999999988,80.25147058823532,0.06476440773418402,0.5122113760090106,0.003604879070580463
63,0.5,18.4,7.299999999999983,0.001026904908605463,0.014992811665639726,9.2,554.9099999999988,76.01506849315071,0.008635254364557931,0.5208466303735685,5.788698144389223e-05
113,1.3999999999999773,16.8,8.69999999999996,0.0028753337440952497,0.017868145409734977,23.51999999999962,578.4299999999985,66.48620689655185,0.022076215505912964,0.5429228458794815,0.0003686738604313042
48,0.5,14.0,9.19999999999996,0.001026904908605463,0.01889505031834044,7.0,585.4299999999985,63.63369565217402,0.006570302233902774,0.5494931481133842,3.072925390611339e-05
53,0.4000000000000057,14.0,9.599999999999966,0.0008215239268843821,0.019716574245224824,5.60000000000008,591.0299999999986,61.565625000000075,0.0052562417871222945,0.5547493899005065,1.966672249991313e-05
151,1.1000000000000227,10.0,10.699999999999989,0.0022591907989320654,0.021975765044156888,11.000000000000227,602.0299999999988,56.26448598130836,0.010324760653276002,0.5650741505537825,6.505341707530168e-05
117,3.0,6.0,13.699999999999989,0.006161429451632778,0.028137194495789664,18.0,620.0299999999988,45.2576642335766,0.016895062887178562,0.5819692134409611,0.00011521088672866642
168,0.6000000000000227,5.8,14.300000000000011,0.0012322858903266022,0.029369480386116267,3.480000000000132,623.509999999999,43.602097902097796,0.003266378824854646,0.5852355922658158,4.137534066296908e-06
16,3.0,5.2,17.30000000000001,0.006161429451632778,0.03553090983774904,15.600000000000001,639.109999999999,36.94277456647391,0.014642387835554755,0.5998779801013705,7.19266551098165e-05
19,0.29999999999999716,4.2,17.60000000000001,0.0006161429451632719,0.03614705278291232,1.259999999999988,640.369999999999,36.38465909090902,0.0011826544021024882,0.601060634503473,3.209352308433936e-07
17,3.0,4.0,20.60000000000001,0.006161429451632778,0.04230848223454509,12.0,652.369999999999,31.668446601941685,0.011263375258119043,0.6123240097615921,2.6029851012322783e-05
149,1.5,4.0,22.10000000000001,0.003080714725816389,0.045389196960361484,6.0,658.369999999999,29.790497737556503,0.005631687629059521,0.6179556973906516,6.507462753080696e-06
72,3.0,3.8,25.10000000000001,0.006161429451632778,0.05155062641199426,11.399999999999999,669.769999999999,26.68406374501987,0.010700206495213088,0.6286559038858647,2.060049705133164e-05
134,3.0,3.4,28.10000000000001,0.006161429451632778,0.057712055863627036,10.2,679.969999999999,24.198220640569353,0.009573868969401185,0.6382297728552658,1.1644743462427486e-05
136,3.0,3.0,31.10000000000001,0.006161429451632778,0.06387348531525981,9.0,688.969999999999,22.153376205787744,0.008447531443589281,0.6466773042988551,5.226262317627496e-06
23,1.8000000000000043,2.8,32.90000000000001,0.0036968576709796755,0.06757034298623948,5.040000000000012,694.009999999999,21.0945288753799,0.0047306176084100085,0.651407921907265,1.068659608235967e-06
71,3.0,2.6,35.90000000000001,0.006161429451632778,0.07373177243787227,7.800000000000001,701.8099999999989,19.549025069637846,0.007321193917777378,0.6587291158250425,1.3450536169316699e-06
70,3.0,2.6,38.90000000000001,0.006161429451632778,0.07989320188950505,7.800000000000001,709.6099999999989,18.241902313624642,0.007321193917777378,0.6660503097428199,1.3450536169316699e-06
22,0.8999999999999986,2.6,39.80000000000001,0.0018484288354898304,0.08174163072499488,2.3399999999999963,711.9499999999989,17.888190954773837,0.0021963581753332096,0.6682466679181531,1.210548255238499e-07
34,0.29999999999999716,2.4,40.10000000000001,0.0006161429451632719,0.08235777367015815,0.7199999999999932,712.6699999999989,17.772319201994982,0.0006758025154871361,0.6689224704336403,3.5592643312280994e-09
7,3.0,2.4,43.10000000000001,0.006161429451632778,0.08851920312179093,7.199999999999999,719.869999999999,16.702320185614823,0.006758025154871425,0.6756804955885117,3.5592643312281667e-07
135,3.0,2.2,46.10000000000001,0.006161429451632778,0.09468063257342371,6.6000000000000005,726.469999999999,15.75856832971798,0.006194856391965473,0.6818753519804772,1.1173603400056466e-09
182,3.0,2.2,49.10000000000001,0.006161429451632778,0.1008420620250565,6.6000000000000005,733.069999999999,14.930142566191424,0.006194856391965473,0.6880702083724427,1.1173603400056466e-09
79,1.5,2.2,50.60000000000001,0.003080714725816389,0.10392277675087289,3.3000000000000003,736.369999999999,14.55276679841895,0.0030974281959827367,0.6911676365684254,2.7934008500141164e-10
55,0.5,2.2,51.10000000000001,0.001026904908605463,0.10494968165947835,1.1,737.469999999999,14.431898238747532,0.001032476065327579,0.6922001126337529,3.1037787222379073e-11
69,3.0,2.0,54.10000000000001,0.006161429451632778,0.11111111111111113,6.0,743.469999999999,13.742513863216246,0.005631687629059521,0.6978318002628124,2.8062639858323523e-07
73,3.0,2.0,57.10000000000001,0.006161429451632778,0.11727254056274392,6.0,749.469999999999,13.125569176882642,0.005631687629059521,0.703463487891872,2.8062639858323523e-07
190,3.0,1.8,60.10000000000001,0.006161429451632778,0.1234339700143767,5.4,754.869999999999,12.560232945091496,0.005068518866153569,0.7085320067580255,1.1944535478525055e-06
54,1.0999999999999943,1.8,61.2,0.002259190798932007,0.1256931608133087,1.9799999999999898,756.849999999999,12.36683006535946,0.0018584569175896324,0.7103904636756152,1.605876436557241e-07
191,3.0,1.8,64.2,0.006161429451632778,0.13185459026494148,5.4,762.249999999999,11.87305295950154,0.005068518866153569,0.7154589825417688,1.1944535478525055e-06
65,3.0,1.8,67.2,0.006161429451632778,0.13801601971657426,5.4,767.649999999999,11.423363095238079,0.005068518866153569,0.7205275014079223,1.1944535478525055e-06
14,3.0,1.8,70.2,0.006161429451632778,0.14417744916820704,5.4,773.0499999999989,11.012108262108246,0.005068518866153569,0.7255960202740759,1.1944535478525055e-06
1,1.5,1.8,71.7,0.003080714725816389,0.14725816389402344,2.7,775.749999999999,10.819386331938619,0.0025342594330767846,0.7281302797071527,2.986133869631264e-07
51,0.5,1.8,72.2,0.001026904908605463,0.1482850688026289,0.9,776.649999999999,10.756925207756218,0.0008447531443589282,0.7289750328515117,3.3179265218125156e-08
155,0.6999999999999886,1.6,72.89999999999999,0.0014376668720476249,0.14972273567467653,1.119999999999982,777.769999999999,10.668998628257874,0.001051248357424427,0.7300262812089361,1.493192684435985e-07
64,3.0,1.6,75.89999999999999,0.006161429451632778,0.15588416512630932,4.800000000000001,782.5699999999989,10.310540184453215,0.004505350103247617,0.7345316313121837,2.7425988081478167e-06
169,1.5,1.6,77.39999999999999,0.003080714725816389,0.1589648798521257,2.4000000000000004,784.9699999999989,10.141731266149858,0.0022526750516238085,0.7367843063638075,6.856497020369542e-07
165,1.0,1.6,78.39999999999999,0.002053809817210926,0.16101868966933663,1.6,786.5699999999989,10.032780612244885,0.0015017833677492057,0.7382860897315567,3.0473320090531296e-07
18,3.0,1.6,81.39999999999999,0.006161429451632778,0.16718011912096942,4.800000000000001,791.3699999999989,9.721990171990159,0.004505350103247617,0.7427914398348043,2.7425988081478167e-06
183,3.0,1.4,84.39999999999999,0.006161429451632778,0.1733415485726022,4.199999999999999,795.5699999999989,9.42618483412321,0.003942181340341664,0.746733621175146,4.9250621794691705e-06
66,3.0,1.4,87.39999999999999,0.006161429451632778,0.17950297802423498,4.199999999999999,799.769999999999,9.150686498855825,0.003942181340341664,0.7506758025154876,4.9250621794691705e-06
146,3.0,1.4,90.39999999999999,0.006161429451632778,0.18566440747586777,4.199999999999999,803.969999999999,8.893473451327424,0.003942181340341664,0.7546179838558292,4.9250621794691705e-06
187,3.0,1.4,93.39999999999999,0.006161429451632778,0.19182583692750055,4.199999999999999,808.169999999999,8.652783725910055,0.003942181340341664,0.7585601651961709,4.9250621794691705e-06
61,0.5,1.4,93.89999999999999,0.001026904908605463,0.192852741836106,0.7,808.8699999999991,8.614164004259843,0.0006570302233902774,0.7592171954195611,1.3680728276303254e-07
0,1.5,1.4,95.39999999999999,0.003080714725816389,0.1959334565619224,2.0999999999999996,810.9699999999991,8.500733752620537,0.001971090670170832,0.761188286089732,1.2312655448672926e-06
193,2.1999999999999886,1.4,97.59999999999998,0.004518381597864014,0.20045183815978643,3.079999999999984,814.049999999999,8.340676229508189,0.0028909329829172057,0.7640792190726492,2.6485889942922827e-06
10,3.0,1.4,100.59999999999998,0.006161429451632778,0.2066132676114192,4.199999999999999,818.2499999999991,8.133697813121264,0.003942181340341664,0.7680214004129908,4.9250621794691705e-06
67,3.0,1.2,103.59999999999998,0.006161429451632778,0.212774697063052,3.5999999999999996,821.8499999999991,7.932915057915051,0.0033790125774357123,0.7714004129904265,7.741843661816564e-06
137,3.0,1.2,106.59999999999998,0.006161429451632778,0.21893612651468478,3.5999999999999996,825.4499999999991,7.7434333958724135,0.0033790125774357123,0.7747794255678622,7.741843661816564e-06
118,3.0,1.2,109.59999999999998,0.006161429451632778,0.22509755596631756,3.5999999999999996,829.0499999999992,7.564324817518242,0.0033790125774357123,0.7781584381452978,7.741843661816564e-06
112,1.5,1.2,111.09999999999998,0.003080714725816389,0.22817827069213395,1.7999999999999998,830.8499999999991,7.478397839783971,0.0016895062887178562,0.7798479444340157,1.935460915454141e-06
86,0.39999999999997726,1.2,111.49999999999996,0.0008215239268843236,0.22899979461901826,0.47999999999997267,831.3299999999991,7.455874439461878,0.00045053501032473603,0.7802984794443405,1.3763277621005663e-07
9,3.0,1.2,114.49999999999996,0.006161429451632778,0.23516122407065104,3.5999999999999996,834.9299999999992,7.291965065502179,0.0033790125774357123,0.7836774920217762,7.741843661816564e-06
68,3.0,1.2,117.49999999999996,0.006161429451632778,0.24132265352228383,3.5999999999999996,838.5299999999992,7.136425531914889,0.0033790125774357123,0.7870565045992118,7.741843661816564e-06
50,2.6999999999999886,1.2,120.19999999999995,0.0055452865064694766,0.2468679400287533,3.2399999999999864,841.7699999999992,7.003078202995004,0.0030411113196921287,0.7900976159189039,6.2708933660713645e-06
158,3.0,1.0,123.19999999999995,0.006161429451632778,0.25302936948038607,3.0,844.7699999999992,6.856899350649347,0.0028158438145297606,0.7929134597334336,1.1192943255189997e-05
178,3.0,1.0,126.19999999999995,0.006161429451632778,0.25919079893201885,3.0,847.7699999999992,6.717670364500789,0.0028158438145297606,0.7957293035479633,1.1192943255189997e-05
159,3.0,1.0,129.19999999999993,0.006161429451632778,0.26535222838365163,3.0,850.7699999999992,6.584907120743031,0.0028158438145297606,0.798545147362493,1.1192943255189997e-05
95,3.0,1.0,132.19999999999993,0.006161429451632778,0.2715136578352844,3.0,853.7699999999992,6.458169440242055,0.0028158438145297606,0.8013609911770228,1.1192943255189997e-05
11,3.0,1.0,135.19999999999993,0.006161429451632778,0.2776750872869172,3.0,856.7699999999992,6.337056213017749,0.0028158438145297606,0.8041768349915525,1.1192943255189997e-05
167,0.39999999999997726,1.0,135.5999999999999,0.0008215239268843236,0.27849661121380154,0.39999999999997726,857.1699999999992,6.32131268436578,0.00037544584193728006,0.8045522808334897,1.9898565787002182e-07
170,3.0,1.0,138.5999999999999,0.006161429451632778,0.2846580406654343,3.0,860.1699999999992,6.206132756132754,0.0028158438145297606,0.8073681246480194,1.1192943255189997e-05
148,3.0,1.0,141.5999999999999,0.006161429451632778,0.2908194701170671,3.0,863.1699999999992,6.095833333333331,0.0028158438145297606,0.8101839684625491,1.1192943255189997e-05
172,3.0,1.0,144.5999999999999,0.006161429451632778,0.2969808995686999,3.0,866.1699999999992,5.9901106500691546,0.0028158438145297606,0.8129998122770788,1.1192943255189997e-05
173,3.0,1.0,147.5999999999999,0.006161429451632778,0.30314232902033267,3.0,869.1699999999992,5.8886856368563665,0.0028158438145297606,0.8158156560916086,1.1192943255189997e-05
77,3.0,1.0,150.5999999999999,0.006161429451632778,0.30930375847196545,3.0,872.1699999999992,5.791301460823371,0.0028158438145297606,0.8186314999061383,1.1192943255189997e-05
142,3.0,1.0,153.5999999999999,0.006161429451632778,0.31546518792359823,3.0,875.1699999999992,5.6977213541666645,0.0028158438145297606,0.821447343720668,1.1192943255189997e-05
156,3.0,1.0,156.5999999999999,0.006161429451632778,0.321626617375231,3.0,878.1699999999992,5.607726692209448,0.0028158438145297606,0.8242631875351977,1.1192943255189997e-05
192,3.0,1.0,159.5999999999999,0.006161429451632778,0.3277880468268638,3.0,881.1699999999992,5.52111528822055,0.0028158438145297606,0.8270790313497274,1.1192943255189997e-05
133,3.0,1.0,162.5999999999999,0.006161429451632778,0.3339494762784966,3.0,884.1699999999992,5.437699876998768,0.0028158438145297606,0.8298948751642571,1.1192943255189997e-05
115,3.0,1.0,165.5999999999999,0.006161429451632778,0.34011090573012936,3.0,887.1699999999992,5.357306763285022,0.0028158438145297606,0.8327107189787868,1.1192943255189997e-05
185,3.0,1.0,168.5999999999999,0.006161429451632778,0.34627233518176215,3.0,890.1699999999992,5.279774614472121,0.0028158438145297606,0.8355265627933165,1.1192943255189997e-05
57,3.0,1.0,171.5999999999999,0.006161429451632778,0.35243376463339493,3.0,893.1699999999992,5.204953379953378,0.0028158438145297606,0.8383424066078462,1.1192943255189997e-05
52,0.30000000000001137,1.0,171.89999999999992,0.0006161429451633011,0.35304990757855825,0.30000000000001137,893.4699999999991,5.1976148923792875,0.0002815843814529867,0.8386239909892992,1.1192943255190847e-07
138,3.0,1.0,174.89999999999992,0.006161429451632778,0.35921133703019104,3.0,896.4699999999991,5.1256146369353885,0.0028158438145297606,0.8414398348038289,1.1192943255189997e-05
2,3.0,0.9,177.89999999999992,0.006161429451632778,0.3653727664818238,2.7,899.1699999999992,5.054356379988755,0.0025342594330767846,0.8439740942369057,1.3156362343511484e-05
20,3.0,0.8,180.89999999999992,0.006161429451632778,0.3715341959334566,2.4000000000000004,901.5699999999991,4.983803206191263,0.0022526750516238085,0.8462267692885296,1.5278360959589474e-05
132,3.0,0.8,183.89999999999992,0.006161429451632778,0.3776956253850894,2.4000000000000004,903.9699999999991,4.915551930396952,0.0022526750516238085,0.8484794443401534,1.5278360959589474e-05
96,3.0,0.8,186.89999999999992,0.006161429451632778,0.38385705483672217,2.4000000000000004,906.3699999999991,4.8494917067950745,0.0022526750516238085,0.8507321193917773,1.5278360959589474e-05
15,3.0,0.8,189.89999999999992,0.006161429451632778,0.39001848428835495,2.4000000000000004,908.7699999999991,4.785518694049497,0.0022526750516238085,0.8529847944434011,1.5278360959589474e-05
111,3.0,0.8,192.89999999999992,0.006161429451632778,0.39617991373998773,2.4000000000000004,911.169999999999,4.723535510627265,0.0022526750516238085,0.855237469495025,1.5278360959589474e-05
24,3.0,0.8,195.89999999999992,0.006161429451632778,0.4023413431916205,2.4000000000000004,913.569999999999,4.6634507401735545,0.0022526750516238085,0.8574901445466488,1.5278360959589474e-05
147,3.0,0.8,198.89999999999992,0.006161429451632778,0.4085027726432533,2.4000000000000004,915.969999999999,4.605178481649067,0.0022526750516238085,0.8597428195982727,1.5278360959589474e-05
116,3.0,0.8,201.89999999999992,0.006161429451632778,0.4146642020948861,2.4000000000000004,918.369999999999,4.548637939574044,0.0022526750516238085,0.8619954946498966,1.5278360959589474e-05
144,3.0,0.8,204.89999999999992,0.006161429451632778,0.42082563154651886,2.4000000000000004,920.769999999999,4.49375305026842,0.0022526750516238085,0.8642481697015204,1.5278360959589474e-05
157,3.0,0.8,207.89999999999992,0.006161429451632778,0.42698706099815165,2.4000000000000004,923.1699999999989,4.440452140452137,0.0022526750516238085,0.8665008447531443,1.5278360959589474e-05
114,3.0,0.8,210.89999999999992,0.006161429451632778,0.43314849044978443,2.4000000000000004,925.5699999999989,4.388667614983401,0.0022526750516238085,0.8687535198047681,1.5278360959589474e-05
110,3.0,0.8,213.89999999999992,0.006161429451632778,0.4393099199014172,2.4000000000000004,927.9699999999989,4.338335670874237,0.0022526750516238085,0.871006194856392,1.5278360959589474e-05
143,3.0,0.8,216.89999999999992,0.006161429451632778,0.44547134935305,2.4000000000000004,930.3699999999989,4.289396035039185,0.0022526750516238085,0.8732588699080158,1.5278360959589474e-05
59,3.0,0.8,219.89999999999992,0.006161429451632778,0.4516327788046828,2.4000000000000004,932.7699999999988,4.241791723510683,0.0022526750516238085,0.8755115449596397,1.5278360959589474e-05
60,1.3000000000000114,0.8,221.19999999999993,0.002669952762374227,0.454302731567057,1.0400000000000091,933.8099999999988,4.2215641952983685,0.0009761591890369922,0.8764877041486767,2.8689366690785175e-06
78,1.5,0.8,222.69999999999993,0.003080714725816389,0.4573834462928734,1.2000000000000002,935.0099999999989,4.19851818590031,0.0011263375258119043,0.8776140416744886,3.819590239897368e-06
188,3.0,0.8,225.69999999999993,0.006161429451632778,0.4635448757445062,2.4000000000000004,937.4099999999988,4.153345148427111,0.0022526750516238085,0.8798667167261125,1.5278360959589474e-05
186,3.0,0.8,228.69999999999993,0.006161429451632778,0.469706305196139,2.4000000000000004,939.8099999999988,4.109357236554434,0.0022526750516238085,0.8821193917777364,1.5278360959589474e-05
184,3.0,0.8,231.69999999999993,0.006161429451632778,0.47586773464777177,2.4000000000000004,942.2099999999988,4.06650841605524,0.0022526750516238085,0.8843720668293602,1.5278360959589474e-05
6,3.0,0.8,234.69999999999993,0.006161429451632778,0.48202916409940455,2.4000000000000004,944.6099999999988,4.024755006391134,0.0022526750516238085,0.8866247418809841,1.5278360959589474e-05
181,3.0,0.8,237.69999999999993,0.006161429451632778,0.48819059355103733,2.4000000000000004,947.0099999999987,3.98405553218342,0.0022526750516238085,0.8888774169326079,1.5278360959589474e-05
180,3.0,0.8,240.69999999999993,0.006161429451632778,0.4943520230026701,2.4000000000000004,949.4099999999987,3.9443705857914373,0.0022526750516238085,0.8911300919842318,1.5278360959589474e-05
179,3.0,0.8,243.69999999999993,0.006161429451632778,0.5005134524543029,2.4000000000000004,951.8099999999987,3.90566270004103,0.0022526750516238085,0.8933827670358556,1.5278360959589474e-05
35,3.0,0.8,246.69999999999993,0.006161429451632778,0.5066748819059357,2.4000000000000004,954.2099999999987,3.8678962302391526,0.0022526750516238085,0.8956354420874795,1.5278360959589474e-05
74,3.0,0.8,249.69999999999993,0.006161429451632778,0.5128363113575685,2.4000000000000004,956.6099999999986,3.831037244693628,0.0022526750516238085,0.8978881171391033,1.5278360959589474e-05
3,3.0,0.8,252.69999999999993,0.006161429451632778,0.5189977408092012,2.4000000000000004,959.0099999999986,3.795053423031258,0.0022526750516238085,0.9001407921907272,1.5278360959589474e-05
171,3.0,0.8,255.69999999999993,0.006161429451632778,0.525159170260834,2.4000000000000004,961.4099999999986,3.759913961673832,0.0022526750516238085,0.902393467242351,1.5278360959589474e-05
164,3.0,0.8,258.69999999999993,0.006161429451632778,0.5313205997124668,2.4000000000000004,963.8099999999986,3.725589485890989,0.0022526750516238085,0.9046461422939749,1.5278360959589474e-05
126,3.0,0.8,261.69999999999993,0.006161429451632778,0.5374820291640996,2.4000000000000004,966.2099999999986,3.6920519679021737,0.0022526750516238085,0.9068988173455987,1.5278360959589474e-05
82,3.0,0.8,264.69999999999993,0.006161429451632778,0.5436434586157324,2.4000000000000004,968.6099999999985,3.6592746505477853,0.0022526750516238085,0.9091514923972226,1.5278360959589474e-05
56,1.0,0.8,265.69999999999993,0.002053809817210926,0.5456972684329433,0.8,969.4099999999985,3.6485133609333786,0.0007508916838746028,0.9099023840810972,1.697595662176608e-06
140,3.0,0.6,268.69999999999993,0.006161429451632778,0.5518586978845761,1.7999999999999998,971.2099999999984,3.614477112020836,0.0016895062887178562,0.9115918903698151,1.9998096775014987e-05
26,3.0,0.6,271.69999999999993,0.006161429451632778,0.5580201273362089,1.7999999999999998,973.0099999999984,3.5811924917188027,0.0016895062887178562,0.913281396658533,1.9998096775014987e-05
12,3.0,0.6,274.69999999999993,0.006161429451632778,0.5641815567878417,1.7999999999999998,974.8099999999984,3.5486348744084406,0.0016895062887178562,0.9149709029472509,1.9998096775014987e-05
5,3.0000000000000018,0.6,277.69999999999993,0.006161429451632781,0.5703429862394744,1.800000000000001,976.6099999999983,3.5167806985956016,0.0016895062887178573,0.9166604092359688,1.9998096775015014e-05
139,3.0,0.6,280.69999999999993,0.006161429451632778,0.5765044156911072,1.7999999999999998,978.4099999999983,3.4856074100463075,0.0016895062887178562,0.9183499155246867,1.9998096775014987e-05
13,3.0,0.6,283.69999999999993,0.006161429451632778,0.58266584514274,1.7999999999999998,980.2099999999982,3.455093408530132,0.0016895062887178562,0.9200394218134046,1.9998096775014987e-05
25,3.0,0.6,286.69999999999993,0.006161429451632778,0.5888272745943728,1.7999999999999998,982.0099999999982,3.4252179979072146,0.0016895062887178562,0.9217289281021225,1.9998096775014987e-05
189,3.0,0.6,289.69999999999993,0.006161429451632778,0.5949887040460056,1.7999999999999998,983.8099999999981,3.395961339316529,0.0016895062887178562,0.9234184343908404,1.9998096775014987e-05
145,3.0,0.6,292.69999999999993,0.006161429451632778,0.6011501334976384,1.7999999999999998,985.6099999999981,3.367304407242905,0.0016895062887178562,0.9251079406795583,1.9998096775014987e-05
141,3.0,0.6,295.69999999999993,0.006161429451632778,0.6073115629492711,1.7999999999999998,987.409999999998,3.339228948258364,0.0016895062887178562,0.9267974469682762,1.9998096775014987e-05
8,3.0,0.6,298.69999999999993,0.006161429451632778,0.6134729924009039,1.7999999999999998,989.209999999998,3.311717442249743,0.0016895062887178562,0.928486953256994,1.9998096775014987e-05
160,3.0,0.6,301.69999999999993,0.006161429451632778,0.6196344218525367,1.7999999999999998,991.009999999998,3.2847530659595563,0.0016895062887178562,0.9301764595457119,1.9998096775014987e-05
177,3.0,0.6,304.69999999999993,0.006161429451632778,0.6257958513041695,1.7999999999999998,992.8099999999979,3.2583196586806635,0.0016895062887178562,0.9318659658344298,1.9998096775014987e-05
174,3.0,0.6,307.69999999999993,0.006161429451632778,0.6319572807558023,1.7999999999999998,994.6099999999979,3.232401689957745,0.0016895062887178562,0.9335554721231477,1.9998096775014987e-05
128,3.0,0.6,310.69999999999993,0.006161429451632778,0.638118710207435,1.7999999999999998,996.4099999999978,3.206984229159955,0.0016895062887178562,0.9352449784118656,1.9998096775014987e-05
97,3.0,0.6,313.69999999999993,0.006161429451632778,0.6442801396590678,1.7999999999999998,998.2099999999978,3.1820529167994835,0.0016895062887178562,0.9369344847005835,1.9998096775014987e-05
90,3.0,0.6,316.69999999999993,0.006161429451632778,0.6504415691107006,1.7999999999999998,1000.0099999999977,3.1575939374802586,0.0016895062887178562,0.9386239909893014,1.9998096775014987e-05
76,3.0,0.6,319.69999999999993,0.006161429451632778,0.6566029985623334,1.7999999999999998,1001.8099999999977,3.133593994369715,0.0016895062887178562,0.9403134972780193,1.9998096775014987e-05
94,3.0,0.6,322.69999999999993,0.006161429451632778,0.6627644280139662,1.7999999999999998,1003.6099999999976,3.110040285094508,0.0016895062887178562,0.9420030035667372,1.9998096775014987e-05
125,3.0,0.6,325.69999999999993,0.006161429451632778,0.668925857465599,1.7999999999999998,1005.4099999999976,3.086920478968369,0.0016895062887178562,0.943692509855455,1.9998096775014987e-05
98,2.1999999999999886,0.6,327.8999999999999,0.004518381597864014,0.673444239063463,1.3199999999999932,1006.7299999999975,3.0702348276913627,0.0012389712783930883,0.9449314811338482,1.0754532043452393e-05
100,3.0,0.6,330.8999999999999,0.006161429451632778,0.6796056685150957,1.7999999999999998,1008.5299999999975,3.0478392263523655,0.0016895062887178562,0.9466209874225661,1.9998096775014987e-05
101,2.0999999999999943,0.6,332.9999999999999,0.004313000616142933,0.6839186691312387,1.2599999999999965,1009.7899999999975,3.0324024024023957,0.001182654402102496,0.9478036418246686,9.799067419757291e-06
102,1.3000000000000114,0.6,334.2999999999999,0.002669952762374227,0.6865886218936129,0.7800000000000068,1010.5699999999974,3.022943463954525,0.0007321193917777441,0.9485357612164463,3.7551981721973246e-06
87,3.0,0.6,337.2999999999999,0.006161429451632778,0.6927500513452457,1.7999999999999998,1012.3699999999974,3.0013934183219617,0.0016895062887178562,0.9502252675051642,1.9998096775014987e-05
85,0.700000000000017,0.6,337.9999999999999,0.0014376668720476832,0.6941877182172934,0.4200000000000102,1012.7899999999973,2.996420118343188,0.000394218134034176,0.9506194856391984,1.08878526886198e-06
32,3.0,0.6,340.9999999999999,0.006161429451632778,0.7003491476689262,1.7999999999999998,1014.5899999999973,2.9753372434017527,0.0016895062887178562,0.9523089919279163,1.9998096775014987e-05
83,1.0,0.6,341.9999999999999,0.002053809817210926,0.7024029574861371,0.6,1015.1899999999973,2.96839181286549,0.000563168762905952,0.9528721606908223,2.2220107527794432e-06
45,0.5,0.6,342.4999999999999,0.001026904908605463,0.7034298623947426,0.3,1015.4899999999973,2.964934306569336,0.000281584381452976,0.9531537450722752,5.555026881948608e-07
58,3.0,0.6,345.4999999999999,0.006161429451632778,0.7095912918463754,1.7999999999999998,1017.2899999999972,2.9443994211287916,0.0016895062887178562,0.9548432513609931,1.9998096775014987e-05
44,0.7999999999999972,0.6,346.2999999999999,0.0016430478537687349,0.7112343397001442,0.47999999999999826,1017.7699999999973,2.9389835402829845,0.00045053501032476004,0.9552937863713179,1.4220868817788335e-06
49,3.0,0.6,349.2999999999999,0.006161429451632778,0.7173957691517769,1.7999999999999998,1019.5699999999972,2.918894932722581,0.0016895062887178562,0.9569832926600358,1.9998096775014987e-05
123,3.0,0.6,352.2999999999999,0.006161429451632778,0.7235571986034097,1.7999999999999998,1021.3699999999972,2.8991484530229847,0.0016895062887178562,0.9586727989487537,1.9998096775014987e-05
75,3.0,0.6,355.2999999999999,0.006161429451632778,0.7297186280550425,1.7999999999999998,1023.1699999999971,2.879735434843787,0.0016895062887178562,0.9603623052374716,1.9998096775014987e-05
175,3.0,0.4,358.2999999999999,0.006161429451632778,0.7358800575066753,1.2000000000000002,1024.3699999999972,2.858972927714199,0.0011263375258119043,0.9614886427632835,2.535215070146655e-05
162,3.0,0.4,361.2999999999999,0.006161429451632778,0.7420414869583081,1.2000000000000002,1025.5699999999972,2.838555217270959,0.0011263375258119043,0.9626149802890954,2.535215070146655e-05
161,3.0,0.4,364.2999999999999,0.006161429451632778,0.7482029164099409,1.2000000000000002,1026.7699999999973,2.8184737853417445,0.0011263375258119043,0.9637413178149074,2.535215070146655e-05
4,3.0,0.4,367.2999999999999,0.006161429451632778,0.7543643458615736,1.2000000000000002,1027.9699999999973,2.7987203920500887,0.0011263375258119043,0.9648676553407193,2.535215070146655e-05
163,3.0,0.4,370.2999999999999,0.006161429451632778,0.7605257753132064,1.2000000000000002,1029.1699999999973,2.7792870645422565,0.0011263375258119043,0.9659939928665312,2.535215070146655e-05
40,3.0,0.4,373.2999999999999,0.006161429451632778,0.7666872047648392,1.2000000000000002,1030.3699999999974,2.7601660862576956,0.0011263375258119043,0.9671203303923431,2.535215070146655e-05
89,3.0,0.4,376.2999999999999,0.006161429451632778,0.772848634216472,1.2000000000000002,1031.5699999999974,2.741349986712723,0.0011263375258119043,0.9682466679181551,2.535215070146655e-05
88,3.0,0.4,379.2999999999999,0.006161429451632778,0.7790100636681048,1.2000000000000002,1032.7699999999975,2.7228315317690424,0.0011263375258119043,0.969373005443967,2.535215070146655e-05
39,3.0,0.4,382.2999999999999,0.006161429451632778,0.7851714931197376,1.2000000000000002,1033.9699999999975,2.7046037143604442,0.0011263375258119043,0.9704993429697789,2.535215070146655e-05
84,0.5,0.4,382.7999999999999,0.001026904908605463,0.786198398028343,0.2,1034.1699999999976,2.701593521421102,0.0001877229209686507,0.9706870658907476,7.042264083740709e-07
92,2.9000000000000057,0.4,385.69999999999993,0.005956048469911697,0.7921544464982547,1.1600000000000024,1035.3299999999977,2.684288306974327,0.0010887929416181763,0.9717758588323657,2.3690176377703833e-05
33,3.0999999999999943,0.4,388.79999999999995,0.0063668104333538585,0.7985212569316086,1.2399999999999978,1036.5699999999977,2.6660751028806526,0.0011638821100056322,0.9729397409423713,2.707046313789918e-05
91,3.0,0.4,391.79999999999995,0.006161429451632778,0.8046826863832414,1.2000000000000002,1037.7699999999977,2.6487238386932055,0.0011263375258119043,0.9740660784681833,2.535215070146655e-05
127,3.0,0.4,394.79999999999995,0.006161429451632778,0.8108441158348741,1.2000000000000002,1038.9699999999978,2.6316362715298833,0.0011263375258119043,0.9751924159939952,2.535215070146655e-05
122,3.0,0.4,397.79999999999995,0.006161429451632778,0.8170055452865069,1.2000000000000002,1040.1699999999978,2.6148064353946654,0.0011263375258119043,0.9763187535198071,2.535215070146655e-05
119,3.0,0.4,400.79999999999995,0.006161429451632778,0.8231669747381397,1.2000000000000002,1041.3699999999978,2.5982285429141667,0.0011263375258119043,0.977445091045619,2.535215070146655e-05
99,1.0999999999999943,0.4,401.9,0.002259190798932007,0.8254261655370717,0.4399999999999977,1041.809999999998,2.5922119930330876,0.0004129904261310294,0.9778580814717501,3.408455816530468e-06
21,1.1000000000000014,0.4,403.0,0.0022591907989320216,0.8276853563360037,0.4400000000000006,1042.249999999998,2.586228287841186,0.0004129904261310321,0.9782710718978812,3.408455816530512e-06
103,3.0,0.4,406.0,0.006161429451632778,0.8338467857876365,1.2000000000000002,1043.449999999998,2.570073891625611,0.0011263375258119043,0.9793974094236931,2.535215070146655e-05
104,3.0,0.4,409.0,0.006161429451632778,0.8400082152392693,1.2000000000000002,1044.649999999998,2.5541564792175993,0.0011263375258119043,0.9805237469495051,2.535215070146655e-05
105,3.0,0.4,412.0,0.006161429451632778,0.8461696446909021,1.2000000000000002,1045.849999999998,2.538470873786403,0.0011263375258119043,0.981650084475317,2.535215070146655e-05
129,3.0,0.4,415.0,0.006161429451632778,0.8523310741425348,1.2000000000000002,1047.0499999999981,2.5230120481927667,0.0011263375258119043,0.9827764220011289,2.535215070146655e-05
130,3.0,0.4,418.0,0.006161429451632778,0.8584925035941676,1.2000000000000002,1048.2499999999982,2.5077751196172207,0.0011263375258119043,0.9839027595269408,2.535215070146655e-05
131,3.0,0.4,421.0,0.006161429451632778,0.8646539330458004,1.2000000000000002,1049.4499999999982,2.492755344418048,0.0011263375258119043,0.9850290970527528,2.535215070146655e-05
124,3.0,0.4,424.0,0.006161429451632778,0.8708153624974332,1.2000000000000002,1050.6499999999983,2.477948113207543,0.0011263375258119043,0.9861554345785647,2.535215070146655e-05
27,3.0,0.4,427.0,0.006161429451632778,0.876976791949066,1.2000000000000002,1051.8499999999983,2.4633489461358273,0.0011263375258119043,0.9872817721043766,2.535215070146655e-05
120,3.0,0.4,430.0,0.006161429451632778,0.8831382214006988,1.2000000000000002,1053.0499999999984,2.4489534883720894,0.0011263375258119043,0.9884081096301885,2.535215070146655e-05
121,3.0,0.3,433.0,0.006161429451632778,0.8892996508523315,0.8999999999999999,1053.9499999999985,2.4340646651270172,0.0008447531443589281,0.9892528627745475,2.8267046956327094e-05
93,0.700000000000017,0.3,433.70000000000005,0.0014376668720476832,0.8907373177243793,0.2100000000000051,1054.1599999999985,2.4306202444085736,0.000197109067017088,0.9894499718415646,1.5389836676223275e-06
80,3.0,0.3,436.70000000000005,0.006161429451632778,0.896898747176012,0.8999999999999999,1055.0599999999986,2.41598351270895,0.0008447531443589281,0.9902947249859235,2.8267046956327094e-05
81,3.0,0.3,439.70000000000005,0.006161429451632778,0.9030601766276448,0.8999999999999999,1055.9599999999987,2.4015465089833947,0.0008447531443589281,0.9911394781302825,2.8267046956327094e-05
29,3.0,0.2,442.70000000000005,0.006161429451632778,0.9092216060792776,0.6000000000000001,1056.5599999999986,2.3866275129884764,0.0005631687629059521,0.9917026468931884,3.1340522738944146e-05
42,2.200000000000003,0.2,444.90000000000003,0.004518381597864043,0.9137399876771416,0.4400000000000006,1056.9999999999986,2.3758147898404105,0.0004129904261310321,0.9921156373193195,1.685423667294334e-05
47,1.0,0.2,445.90000000000003,0.002053809817210926,0.9157937974943525,0.2,1057.1999999999987,2.370935187261715,0.0001877229209686507,0.9923033602402882,3.4822803043271273e-06
46,0.29999999999999716,0.2,446.20000000000005,0.0006161429451632719,0.9164099404395158,0.059999999999999436,1057.2599999999986,2.369475571492601,5.631687629059468e-05,0.9923596771165788,3.134052273894355e-07
166,2.6000000000000227,0.2,448.80000000000007,0.005339905524748454,0.9217498459642643,0.5200000000000046,1057.7799999999986,2.356907308377893,0.0004880795945184961,0.9928477567110973,2.3540214857251794e-05
106,3.0,0.2,451.80000000000007,0.006161429451632778,0.9279112754158971,0.6000000000000001,1058.3799999999985,2.342585214696765,0.0005631687629059521,0.9934109254740032,3.1340522738944146e-05
107,3.0,0.2,454.80000000000007,0.006161429451632778,0.9340727048675299,0.6000000000000001,1058.9799999999984,2.3284520668425643,0.0005631687629059521,0.9939740942369092,3.1340522738944146e-05
108,3.0,0.2,457.80000000000007,0.006161429451632778,0.9402341343191627,0.6000000000000001,1059.5799999999983,2.314504150283963,0.0005631687629059521,0.9945372629998152,3.1340522738944146e-05
43,2.1000000000000085,0.2,459.9000000000001,0.004313000616142962,0.9445471349353056,0.4200000000000017,1059.9999999999984,2.304848880191342,0.00039421813403416804,0.9949314811338493,1.535685614208276e-05
41,3.0,0.2,462.9000000000001,0.006161429451632778,0.9507085643869384,0.6000000000000001,1060.5999999999983,2.2912076042341716,0.0005631687629059521,0.9954946498967553,3.1340522738944146e-05
30,3.0,0.2,465.9000000000001,0.006161429451632778,0.9568699938385712,0.6000000000000001,1061.1999999999982,2.277742004722039,0.0005631687629059521,0.9960578186596613,3.1340522738944146e-05
28,3.0,0.2,468.9000000000001,0.006161429451632778,0.963031423290204,0.6000000000000001,1061.7999999999981,2.26444870974621,0.0005631687629059521,0.9966209874225672,3.1340522738944146e-05
109,3.0,0.2,471.9000000000001,0.006161429451632778,0.9691928527418368,0.6000000000000001,1062.399999999998,2.2513244331426105,0.0005631687629059521,0.9971841561854732,3.1340522738944146e-05
38,3.0,0.2,474.9000000000001,0.006161429451632778,0.9753542821934695,0.6000000000000001,1062.999999999998,2.2383659717835287,0.0005631687629059521,0.9977473249483791,3.1340522738944146e-05
37,3.0,0.2,477.9000000000001,0.006161429451632778,0.9815157116451023,0.6000000000000001,1063.5999999999979,2.225570202971328,0.0005631687629059521,0.9983104937112851,3.1340522738944146e-05
36,3.0,0.2,480.9000000000001,0.006161429451632778,0.9876771410967351,0.6000000000000001,1064.1999999999978,2.21293408192971,0.0005631687629059521,0.9988736624741911,3.1340522738944146e-05
31,3.0,0.2,483.9000000000001,0.006161429451632778,0.9938385705483679,0.6000000000000001,1064.7999999999977,2.200454639388298,0.0005631687629059521,0.999436831237097,3.1340522738944146e-05
176,3.0,0.2,486.9000000000001,0.006161429451632778,1.0000000000000007,0.6000000000000001,1065.3999999999976,2.1881289792565153,0.0005631687629059521,1.0000000000000029,3.1340522738944146e-05
