,weight,grade,cml_weight,weight_pct,cml_weight_pct,yield,cml_yield,cml_grade,recovery,cml_recovery,distributional_heterogeneity
8,3.0,29.0,3.0,0.02553191489361702,0.02553191489361702,87.0,87.0,29.0,0.171148663269923,0.171148663269923,0.02120423740768841
33,2.4000000000000057,16.9,5.400000000000006,0.020425531914893665,0.04595744680851069,40.560000000000095,127.56000000000009,23.622222222222213,0.07979068715204705,0.2509393504219701,0.00352422165633132
7,3.0,10.2,8.400000000000006,0.02553191489361702,0.0714893617021277,30.599999999999998,158.16000000000008,18.828571428571426,0.06019711604666257,0.31113646646863263,0.0012016761709811106
31,1.0,9.6,9.400000000000006,0.00851063829787234,0.08000000000000004,9.6,167.76000000000008,17.846808510638294,0.018885369740129436,0.3300218362087621,0.00010763505249895798
27,3.0,9.1,12.400000000000006,0.02553191489361702,0.10553191489361706,27.299999999999997,195.06000000000006,15.73064516129032,0.053705270198493076,0.38372710640725516,0.000793737949134788
12,3.0,8.6,15.400000000000006,0.02553191489361702,0.13106382978723408,25.799999999999997,220.86000000000007,14.34155844155844,0.05075443117659785,0.434481537583853,0.0006361753276452334
35,3.0,8.1,18.400000000000006,0.02553191489361702,0.1565957446808511,24.299999999999997,245.16000000000008,13.323913043478262,0.04780359215470263,0.48228512973855564,0.0004960276080219579
26,3.0,6.8,21.400000000000006,0.02553191489361702,0.18212765957446814,20.4,265.56000000000006,12.409345794392523,0.040131410697775045,0.5224165404363307,0.00021314527773562788
0,3.0,6.6,24.400000000000006,0.02553191489361702,0.20765957446808517,19.799999999999997,285.36000000000007,11.695081967213115,0.038951075089016955,0.5613676155253476,0.00018007386034980612
37,3.0,6.4,27.400000000000006,0.02553191489361702,0.2331914893617022,19.200000000000003,304.56000000000006,11.115328467153285,0.03777073948025888,0.5991383550056065,0.00014978882726258912
23,3.0,5.2,30.400000000000006,0.02553191489361702,0.2587234042553192,15.600000000000001,320.1600000000001,10.531578947368422,0.030688725827710334,0.6298270808333168,2.659269900998435e-05
11,1.5,5.0,31.900000000000006,0.01276595744680851,0.27148936170212773,7.5,327.6600000000001,10.271473354231976,0.014754195109476122,0.644581275942793,3.9530890032499665e-06
6,3.0,4.8,34.900000000000006,0.02553191489361702,0.29702127659574473,14.399999999999999,342.06000000000006,9.801146131805158,0.02832805461019415,0.6729093305529872,7.818397314620042e-06
21,3.0,4.2,37.900000000000006,0.02553191489361702,0.32255319148936173,12.600000000000001,354.6600000000001,9.357783641160951,0.024787047783919887,0.6976963783369071,5.548270111085645e-07
22,3.0,3.7,40.900000000000006,0.02553191489361702,0.34808510638297874,11.100000000000001,365.7600000000001,8.94278728606357,0.02183620876202466,0.7195325870989318,1.3658243811089367e-05
24,3.0,3.7,43.900000000000006,0.02553191489361702,0.37361702127659574,11.100000000000001,376.8600000000001,8.584510250569478,0.02183620876202466,0.7413687958609564,1.3658243811089367e-05
38,3.0,2.8,46.900000000000006,0.02553191489361702,0.39914893617021274,8.399999999999999,385.2600000000001,8.21449893390192,0.016524698522613252,0.7578934943835697,8.112994675407825e-05
10,3.0,2.8,49.900000000000006,0.02553191489361702,0.42468085106382975,8.399999999999999,393.6600000000001,7.888977955911824,0.016524698522613252,0.774418192906183,8.112994675407825e-05
18,3.0,2.7,52.900000000000006,0.02553191489361702,0.45021276595744675,8.100000000000001,401.7600000000001,7.594706994328924,0.015934530718234214,0.7903527236244172,9.210978300988835e-05
41,2.0,2.6,54.900000000000006,0.01702127659574468,0.46723404255319145,5.2,406.9600000000001,7.412750455373407,0.010229575275903445,0.8005822989003206,4.612720681793319e-05
15,3.0,2.5,57.900000000000006,0.02553191489361702,0.49276595744680846,7.5,414.4600000000001,7.1582037996545775,0.014754195109476122,0.8153364940097968,0.00011615924374546215
28,3.0,2.5,60.900000000000006,0.02553191489361702,0.5182978723404255,7.5,421.9600000000001,6.928735632183909,0.014754195109476122,0.830090689119273,0.00011615924374546215
20,3.0,2.5,63.900000000000006,0.02553191489361702,0.5438297872340425,7.5,429.4600000000001,6.720813771517998,0.014754195109476122,0.8448448842287491,0.00011615924374546215
29,1.2000000000000028,2.0,65.10000000000001,0.010212765957446832,0.5540425531914893,2.4000000000000057,431.8600000000001,6.633794162826422,0.00472134243503237,0.8495662266637816,3.0155732302526864e-05
16,3.0,2.0,68.10000000000001,0.02553191489361702,0.5795744680851064,6.0,437.8600000000001,6.429662261380324,0.011803356087580897,0.8613695827513624,0.000188473326890792
34,3.0,1.9,71.10000000000001,0.02553191489361702,0.6051063829787234,5.699999999999999,443.5600000000001,6.238537271448664,0.011213188283201852,0.8725827710345643,0.00020502593174381148
40,3.0,1.9,74.10000000000001,0.02553191489361702,0.6306382978723405,5.699999999999999,449.2600000000001,6.062887989203779,0.011213188283201852,0.8837959593177661,0.00020502593174381148
39,3.0,1.9,77.10000000000001,0.02553191489361702,0.6561702127659576,5.699999999999999,454.9600000000001,5.900907911802854,0.011213188283201852,0.895009147600968,0.00020502593174381148
17,3.0,1.9,80.10000000000001,0.02553191489361702,0.6817021276595746,5.699999999999999,460.6600000000001,5.751061173533084,0.011213188283201852,0.9062223358841698,0.00020502593174381148
36,3.0,1.9,83.10000000000001,0.02553191489361702,0.7072340425531917,5.699999999999999,466.36000000000007,5.612033694344164,0.011213188283201852,0.9174355241673716,0.00020502593174381148
19,3.0,1.8,86.10000000000001,0.02553191489361702,0.7327659574468087,5.4,471.76000000000005,5.479210220673635,0.010623020478822808,0.9280585446461944,0.0002222751326714821
5,3.0,1.7,89.10000000000001,0.02553191489361702,0.7582978723404258,5.1,476.86000000000007,5.351964085297419,0.010032852674443761,0.9380913973206382,0.00024022092967380384
13,3.0,1.7,92.10000000000001,0.02553191489361702,0.7838297872340428,5.1,481.9600000000001,5.233007600434311,0.010032852674443761,0.9481242499950819,0.00024022092967380384
1,3.0,1.6,95.10000000000001,0.02553191489361702,0.8093617021276599,4.800000000000001,486.7600000000001,5.118401682439538,0.00944268487006472,0.9575669348651467,0.00025886332275077686
14,3.0,1.6,98.10000000000001,0.02553191489361702,0.834893617021277,4.800000000000001,491.5600000000001,5.0108053007135585,0.00944268487006472,0.9670096197352114,0.00025886332275077686
2,3.0,1.5,101.10000000000001,0.02553191489361702,0.860425531914894,4.5,496.0600000000001,4.906627101879328,0.008852517065685673,0.9758621368008971,0.000278202311902401
9,3.0,1.2,104.10000000000001,0.02553191489361702,0.8859574468085111,3.5999999999999996,499.66000000000014,4.7998078770413075,0.007082013652548538,0.9829441504534456,0.0003403988558051803
25,3.0,1.0,107.10000000000001,0.02553191489361702,0.9114893617021281,3.0,502.66000000000014,4.693370681605977,0.005901678043790448,0.9888458284972361,0.0003853461987802891
3,3.0,0.7,110.10000000000001,0.02553191489361702,0.9370212765957452,2.0999999999999996,504.76000000000016,4.584559491371482,0.004131174630653313,0.9929770031278894,0.0004579916838028359
4,3.0,0.7,113.10000000000001,0.02553191489361702,0.9625531914893622,2.0999999999999996,506.8600000000002,4.481520778072504,0.004131174630653313,0.9971081777585427,0.0004579916838028359
30,1.5,0.4,114.60000000000001,0.01276595744680851,0.9753191489361708,0.6000000000000001,507.4600000000002,4.428097731239094,0.00118033560875809,0.9982885133673007,0.00013422663337431083
32,2.8999999999999915,0.3,117.5,0.024680851063829716,1.0000000000000004,0.8699999999999974,508.3300000000002,4.3262127659574485,0.0017114866326992252,1.0,0.0005275917023700824
