,weight,grade,cml_weight,weight_pct,cml_weight_pct,yield,cml_yield,cml_grade,recovery,cml_recovery,distributional_heterogeneity
9,0.5,13.0,0.5,0.003679175864606328,0.003679175864606328,6.5,6.5,13.0,0.01688794200940529,0.01688794200940529,0.00017447150306798713
20,3.0,8.0,3.5,0.022075055187637967,0.025754231052244295,24.0,30.5,8.714285714285714,0.06235547818857337,0.07924342019797866,0.0016225124771342859
24,3.0,7.3,6.5,0.022075055187637967,0.047829286239882265,21.9,52.4,8.061538461538461,0.0568993738470732,0.13614279404505186,0.0012127331700938888
46,1.5,5.7,8.0,0.011037527593818984,0.05886681383370125,8.55,60.95,7.61875,0.022214139104679266,0.15835693314973112,0.0001249166448646945
21,2.999999999999993,5.2,10.999999999999993,0.022075055187637915,0.08094186902133917,15.599999999999964,76.54999999999997,6.959090909090911,0.040531060822572594,0.19888799397230372,0.0003406241439967406
28,3.0,5.1,13.999999999999993,0.022075055187637967,0.10301692420897714,15.299999999999999,91.84999999999997,6.560714285714287,0.03975161734521552,0.23863961131751923,0.00031246084971070276
22,3.0,4.8,16.999999999999993,0.022075055187637967,0.1250919793966151,14.399999999999999,106.24999999999997,6.250000000000001,0.037413286913144016,0.27605289823066326,0.00023526135246532037
18,3.0,4.6,19.999999999999993,0.022075055187637967,0.14716703458425306,13.799999999999999,120.04999999999997,6.0025,0.035854399958429685,0.31190729818909296,0.000189870342312345
6,3.0,4.2,22.999999999999993,0.022075055187637967,0.16924208977189104,12.600000000000001,132.64999999999998,5.767391304347827,0.03273662604900102,0.344643924238094,0.00011366909323186568
35,3.0,3.8,25.999999999999993,0.022075055187637967,0.191317144959529,11.399999999999999,144.04999999999998,5.540384615384617,0.029618852139572348,0.3742627763776663,5.6908872452014446e-05
25,3.0,3.8,28.999999999999993,0.022075055187637967,0.21339220014716698,11.399999999999999,155.45,5.360344827586208,0.029618852139572348,0.40388162851723863,5.6908872452014446e-05
27,3.0,3.6,31.999999999999993,0.022075055187637967,0.23546725533480495,10.8,166.25,5.195312500000001,0.028059965184858017,0.43194159370209667,3.581914767482448e-05
26,3.0,3.6,34.99999999999999,0.022075055187637967,0.2575423105224429,10.8,177.05,5.05857142857143,0.028059965184858017,0.4600015588869547,3.581914767482448e-05
15,3.0,3.6,37.99999999999999,0.022075055187637967,0.2796173657100809,10.8,187.85000000000002,4.943421052631581,0.028059965184858017,0.48806152407181275,3.581914767482448e-05
31,3.0,3.5,40.99999999999999,0.022075055187637967,0.30169242089771886,10.5,198.35000000000002,4.8378048780487815,0.027280521707500848,0.5153420457793136,2.7096881689413366e-05
40,3.0,3.4,43.99999999999999,0.022075055187637967,0.32376747608535683,10.2,208.55,4.739772727272729,0.02650107823014368,0.5418431240094573,1.9589679972791528e-05
29,3.0,3.3,46.99999999999999,0.022075055187637967,0.3458425312729948,9.899999999999999,218.45000000000002,4.647872340425533,0.02572163475278651,0.5675647587622439,1.3297542524958951e-05
14,3.0,3.1,49.99999999999999,0.022075055187637967,0.3679175864606328,9.3,227.75000000000003,4.5550000000000015,0.024162747798072183,0.591727506560316,4.358460435661616e-06
19,3.0,3.0,52.99999999999999,0.022075055187637967,0.38999264164827074,9.0,236.75000000000003,4.466981132075473,0.023383304320715014,0.615110810881031,1.7115157941968392e-06
10,3.0,2.7,55.99999999999999,0.022075055187637967,0.4120676968359087,8.100000000000001,244.85000000000002,4.372321428571429,0.021044973888643514,0.6361557847696746,1.061067482538104e-06
23,3.0,2.5,58.99999999999999,0.022075055187637967,0.4341427520235467,7.5,252.35000000000002,4.277118644067797,0.019486086933929177,0.6556418717036038,6.702756618711944e-06
13,3.0,2.5,61.99999999999999,0.022075055187637967,0.45621780721118466,7.5,259.85,4.191129032258066,0.019486086933929177,0.6751279586375329,6.702756618711944e-06
12,3.0,2.5,65.0,0.022075055187637967,0.4782928623988226,7.5,267.35,4.113076923076924,0.019486086933929177,0.6946140455714621,6.702756618711944e-06
1,2.999999999999999,2.4,68.0,0.02207505518763796,0.5003679175864606,7.1999999999999975,274.55,4.0375000000000005,0.018706643456572004,0.7133206890280341,1.1346197589982761e-05
42,3.0,2.4,71.0,0.022075055187637967,0.5224429727740986,7.199999999999999,281.75,3.9683098591549295,0.018706643456572008,0.7320273324846062,1.1346197589982766e-05
34,3.0,2.3,74.0,0.022075055187637967,0.5445180279617365,6.8999999999999995,288.65,3.9006756756756755,0.017927199979214842,0.749954532463821,1.7204702830042856e-05
11,3.0,2.3,77.0,0.022075055187637967,0.5665930831493745,6.8999999999999995,295.54999999999995,3.8383116883116877,0.017927199979214842,0.7678817324430359,1.7204702830042856e-05
33,4.0,2.1,81.0,0.029433406916850625,0.5960264900662251,8.4,303.94999999999993,3.7524691358024684,0.02182441736600068,0.7897061498090366,5.789672198494365e-05
43,3.0,1.9,84.0,0.022075055187637967,0.6181015452538631,5.699999999999999,309.6499999999999,3.686309523809523,0.014809426069786174,0.8045155758788228,5.278936647817584e-05
30,3.0,1.8,87.0,0.022075055187637967,0.640176600441501,5.4,315.0499999999999,3.621264367816091,0.014029982592429008,0.8185455584712519,6.472319306218223e-05
17,3.0,1.8,90.0,0.022075055187637967,0.662251655629139,5.4,320.4499999999999,3.5605555555555544,0.014029982592429008,0.8325755410636809,6.472319306218223e-05
4,3.0,1.7,93.0,0.022075055187637967,0.684326710816777,5.1,325.5499999999999,3.500537634408601,0.01325053911507184,0.8458260801787527,7.787208391497793e-05
32,3.0,1.7,96.0,0.022075055187637967,0.706401766004415,5.1,330.6499999999999,3.4442708333333325,0.01325053911507184,0.8590766192938245,7.787208391497793e-05
5,3.0,1.7,99.0,0.022075055187637967,0.7284768211920529,5.1,335.74999999999994,3.391414141414141,0.01325053911507184,0.8723271584088963,7.787208391497793e-05
2,3.0,1.7,102.0,0.022075055187637967,0.7505518763796909,5.1,340.84999999999997,3.3416666666666663,0.01325053911507184,0.8855776975239681,7.787208391497793e-05
7,3.0,1.7,105.0,0.022075055187637967,0.7726269315673289,5.1,345.95,3.294761904761905,0.01325053911507184,0.8988282366390399,7.787208391497793e-05
37,3.0,1.6,108.0,0.022075055187637967,0.7947019867549668,4.800000000000001,350.75,3.247685185185185,0.012471095637714676,0.9112993322767545,9.223603903656283e-05
8,0.9000000000000021,1.6,108.9,0.006622516556291406,0.8013245033112583,1.4400000000000035,352.19,3.23406795224977,0.0037413286913144115,0.9150406609680689,8.301243513290694e-06
16,3.0,1.5,111.9,0.022075055187637967,0.8233995584988962,4.5,356.69,3.1875781948168007,0.011691652160357507,0.9267323131284264,0.00010781505842693706
38,3.0,1.4,114.9,0.022075055187637967,0.8454746136865342,4.199999999999999,360.89,3.1409051348999126,0.010912208683000338,0.9376445218114268,0.00012460914208610056
45,3.0,1.4,117.9,0.022075055187637967,0.8675496688741722,4.199999999999999,365.09,3.096607294317218,0.010912208683000338,0.9485567304944271,0.00012460914208610056
3,3.0,1.3,120.9,0.022075055187637967,0.8896247240618101,3.9000000000000004,368.98999999999995,3.0520264681555,0.010132765205643173,0.9586894957000703,0.00014261829001405325
39,3.0,1.3,123.9,0.022075055187637967,0.9116997792494481,3.9000000000000004,372.88999999999993,3.0096045197740104,0.010132765205643173,0.9688222609057136,0.00014261829001405325
0,3.0,1.3,126.9,0.022075055187637967,0.9337748344370861,3.9000000000000004,376.7899999999999,2.969188337273443,0.010132765205643173,0.9789550261113568,0.00014261829001405325
36,3.0,1.1,129.9,0.022075055187637967,0.9558498896247241,3.3000000000000003,380.0899999999999,2.926020015396458,0.008573878250928839,0.9875289043622856,0.00018228177867632653
41,3.0,1.1,132.9,0.022075055187637967,0.977924944812362,3.3000000000000003,383.38999999999993,2.8848006019563575,0.008573878250928839,0.9961027826132144,0.00018228177867632653
44,3.0,0.5,135.9,0.022075055187637967,1.0,1.5,384.88999999999993,2.8321559970566588,0.0038972173867858357,1.0000000000000002,0.0003304337871140887
