,weight,grade,cml_weight,weight_pct,cml_weight_pct,yield,cml_yield,cml_grade,recovery,cml_recovery,distributional_heterogeneity
1,3.0,5.7,3.0,0.12396694214876033,0.12396694214876033,17.1,17.1,5.7,0.2041547277936963,0.2041547277936963,0.006430080966638198
6,3.0,4.5,6.0,0.12396694214876033,0.24793388429752067,13.5,30.6,5.1000000000000005,0.16117478510028654,0.36532951289398286,0.0013844235771054386
5,3.0,3.6,9.0,0.12396694214876033,0.371900826446281,10.8,41.400000000000006,4.6000000000000005,0.12893982808022925,0.4942693409742121,2.472959448740136e-05
4,3.0,3.5,12.0,0.12396694214876033,0.49586776859504134,10.5,51.900000000000006,4.325,0.12535816618911177,0.6196275071633239,1.935504330451738e-06
7,3.0,3.1,15.0,0.12396694214876033,0.6198347107438017,9.3,61.2,4.08,0.11103151862464185,0.7306590257879658,0.00016732518174831796
2,3.0,2.8,18.0,0.12396694214876033,0.7438016528925621,8.399999999999999,69.6,3.8666666666666663,0.10028653295128939,0.8309455587392552,0.000560761779759666
3,3.0,2.7,21.0,0.12396694214876033,0.8677685950413224,8.100000000000001,77.69999999999999,3.6999999999999993,0.09670487106017195,0.9276504297994272,0.0007432205200392475
8,3.0,1.9,24.0,0.12396694214876033,0.9917355371900828,5.699999999999999,83.39999999999999,3.4749999999999996,0.0680515759312321,0.9957020057306594,0.0031265281792402983
0,0.20000000000000018,1.8,24.2,0.008264462809917363,1.0000000000000002,0.3600000000000003,83.75999999999999,3.4611570247933883,0.004297994269340979,1.0000000000000004,1.5732872683382153e-05
