,weight,grade,cml_weight,weight_pct,cml_weight_pct,yield,cml_yield,cml_grade,recovery,cml_recovery,distributional_heterogeneity
11,3.0999999999999943,12.0,3.0999999999999943,0.0709382151029747,0.0709382151029747,37.19999999999993,37.19999999999993,12.0,0.22450211225105574,0.22450211225105574,0.023581870507306413
10,3.0,7.4,6.099999999999994,0.06864988558352403,0.13958810068649874,22.200000000000003,59.399999999999935,9.737704918032785,0.1339770669885335,0.3584791792395893,0.004267640630323017
9,3.0000000000000036,6.0,9.099999999999998,0.0686498855835241,0.20823798627002282,18.00000000000002,77.39999999999995,8.505494505494502,0.1086300543150273,0.4671092335546166,0.0015984138917994654
4,3.0999999999999996,5.0,12.199999999999998,0.07093821510297482,0.27917620137299765,15.499999999999998,92.89999999999995,7.614754098360653,0.09354254677127338,0.5606517803258899,0.0005109558101704454
8,3.1999999999999993,4.0,15.399999999999997,0.0732265446224256,0.35240274599542326,12.799999999999997,105.69999999999995,6.8636363636363615,0.0772480386240193,0.6378998189499092,1.6172414004854047e-05
1,3.000000000000001,3.0,18.4,0.06864988558352404,0.4210526315789473,9.000000000000004,114.69999999999995,6.23369565217391,0.0543150271575136,0.6922148461074228,0.0002054881660937626
2,3.0999999999999996,2.8,21.5,0.07093821510297482,0.4919908466819221,8.679999999999998,123.37999999999994,5.738604651162788,0.052383826191913084,0.7445986722993359,0.00034426534786293026
7,3.0,2.6,24.5,0.06864988558352403,0.5606407322654461,7.800000000000001,131.17999999999995,5.354285714285712,0.04707302353651178,0.7916716958358476,0.0004655609757957976
6,3.0,2.3,27.5,0.06864988558352403,0.6292906178489701,6.8999999999999995,138.07999999999996,5.0210909090909075,0.04164152082076041,0.8333132166566081,0.000729451767158491
5,3.0,2.0,30.5,0.06864988558352403,0.6979405034324941,6.0,144.07999999999996,4.723934426229507,0.036210018105009054,0.8695232347616171,0.001052345002023613
3,3.0,1.8,33.5,0.06864988558352403,0.7665903890160182,5.4,149.47999999999996,4.462089552238805,0.03258901629450815,0.9021122510561252,0.001300386293879488
12,2.6000000000000014,1.8,36.1,0.059496567505720854,0.826086956521739,4.680000000000002,154.15999999999997,4.270360110803323,0.028243814121907077,0.9303560651780324,0.0009767345940694832
0,1.5,1.6,37.6,0.034324942791762014,0.860411899313501,2.4000000000000004,156.55999999999997,4.163829787234041,0.014484007242003624,0.944840072420036,0.0003936627234896662
14,3.0,1.6,40.6,0.06864988558352403,0.9290617848970251,4.800000000000001,161.35999999999999,3.9743842364532016,0.028968014484007248,0.9738080869040432,0.0015746508939586648
13,3.1000000000000014,1.4,43.7,0.07093821510297485,0.9999999999999999,4.340000000000002,165.7,3.7917620137299766,0.02619191309595656,0.9999999999999998,0.0020022315433032892
