,weight,grade,cml_weight,weight_pct,cml_weight_pct,yield,cml_yield,cml_grade,recovery,cml_recovery,distributional_heterogeneity
35,3.0999999999999943,5.8,3.0999999999999943,0.025811823480432927,0.025811823480432927,17.979999999999965,17.979999999999965,5.799999999999999,0.08781011916389908,0.08781011916389908,0.0038437886676544984
11,3.0,5.8,6.099999999999994,0.024979184013322234,0.05079100749375516,17.4,35.37999999999997,5.8,0.0849775346747412,0.17278765383864028,0.0035998020820905948
12,3.0,5.6,9.099999999999994,0.024979184013322234,0.0757701915070774,16.799999999999997,52.179999999999964,5.734065934065934,0.08204727485837081,0.2548349286970111,0.0032567669926987183
34,3.0,5.2,12.099999999999994,0.024979184013322234,0.10074937552039963,15.600000000000001,67.77999999999997,5.601652892561984,0.07618675522563007,0.33102168392264114,0.002622215349463577
10,3.0999999999999943,3.4,15.199999999999989,0.025811823480432927,0.12656119900083257,10.53999999999998,78.31999999999995,5.152631578947369,0.05147489744090636,0.38249658136354747,0.0006585933651007296
24,3.0999999999999943,3.0,18.299999999999983,0.025811823480432927,0.1523730224812655,9.299999999999983,87.61999999999993,4.787978142076503,0.04541902715374091,0.4279156085172884,0.00038444243588658196
17,3.0,2.6,21.299999999999983,0.024979184013322234,0.17735220649458772,7.800000000000001,95.41999999999993,4.47981220657277,0.03809337761281503,0.46600898613010344,0.00017198207376497774
13,3.1000000000000014,2.4,24.399999999999984,0.025811823480432986,0.2031640299750207,7.440000000000003,102.85999999999993,4.215573770491803,0.036335221722992805,0.5023442078530962,0.00011074191057151115
14,3.1000000000000014,2.4,27.499999999999986,0.025811823480432986,0.22897585345545368,7.440000000000003,110.29999999999993,4.01090909090909,0.036335221722992805,0.538679429576089,0.00011074191057151115
30,3.0,2.2,30.499999999999986,0.024979184013322234,0.2539550374687759,6.6000000000000005,116.89999999999992,3.8327868852459006,0.032232857980074255,0.5709122875561633,5.261578601593601e-05
16,3.1000000000000014,2.0,33.59999999999999,0.025811823480432986,0.2797668609492089,6.200000000000003,123.09999999999992,3.6636904761904754,0.030279351435827342,0.6011916389919907,1.9958806032230074e-05
18,3.0,1.8,36.59999999999999,0.024979184013322234,0.3047460449625311,5.4,128.49999999999991,3.5109289617486326,0.02637233834733348,0.6275639773393241,1.940878998374322e-06
33,3.1000000000000085,1.7,39.699999999999996,0.025811823480433045,0.33055786844296414,5.270000000000015,133.76999999999992,3.3695214105793436,0.0257374487204533,0.6533014260597774,5.531604922044788e-09
31,3.0999999999999943,1.6,42.79999999999999,0.025811823480432927,0.35636969192339707,4.959999999999991,138.7299999999999,3.2413551401869145,0.02422348114866182,0.6775249072084392,2.522831362896077e-06
37,3.0999999999999943,1.6,45.899999999999984,0.025811823480432927,0.38218151540383,4.959999999999991,143.68999999999988,3.1305010893246172,0.02422348114866182,0.701748388357101,2.522831362896077e-06
9,3.0000000000000036,1.3,48.89999999999999,0.02497918401332226,0.40716069941715227,3.900000000000005,147.5899999999999,3.0182004089979535,0.019046688806407537,0.7207950771635085,3.519449938006619e-05
5,3.0,1.2,51.89999999999999,0.024979184013322234,0.4321398834304745,3.5999999999999996,151.18999999999988,2.913102119460499,0.017581558898222317,0.7383766360617309,5.472485734355701e-05
23,3.1000000000000085,1.2,55.0,0.025811823480433045,0.45795170691090753,3.72000000000001,154.90999999999988,2.8165454545454525,0.018167610861496444,0.7565442469232273,5.843398656350952e-05
36,3.0,1.2,58.0,0.024979184013322234,0.48293089092422975,3.5999999999999996,158.50999999999988,2.7329310344827564,0.017581558898222317,0.7741258058214496,5.472485734355701e-05
29,3.1000000000000085,1.2,61.10000000000001,0.025811823480433045,0.5087427144046628,3.72000000000001,162.22999999999988,2.6551554828150548,0.018167610861496444,0.7922934166829461,5.843398656350952e-05
15,3.0,1.1,64.10000000000001,0.024979184013322234,0.533721898417985,3.3000000000000003,165.5299999999999,2.582371294851792,0.016116428990037127,0.8084098456729832,7.854842660276535e-05
1,3.000000000000001,1.0,67.10000000000001,0.02497918401332224,0.5587010824313072,3.000000000000001,168.5299999999999,2.511624441132636,0.014651299081851938,0.8230611447548352,0.00010666520715769132
8,3.099999999999998,1.0,70.2,0.025811823480432955,0.5845129059117402,3.099999999999998,171.62999999999988,2.4448717948717933,0.015139675717913654,0.8382008204727488,0.00011389473786504575
6,3.1000000000000014,1.0,73.30000000000001,0.025811823480432986,0.6103247293921732,3.1000000000000014,174.72999999999988,2.3837653478854004,0.015139675717913671,0.8533404961906624,0.000113894737865046
4,3.0999999999999996,1.0,76.4,0.025811823480432972,0.6361365528726062,3.0999999999999996,177.82999999999987,2.3276178010471185,0.015139675717913663,0.8684801719085761,0.00011389473786504587
26,3.0,1.0,79.4,0.024979184013322234,0.6611157368859284,3.0,180.82999999999987,2.277455919395464,0.014651299081851933,0.883131470990428,0.00010666520715769125
27,3.0999999999999943,1.0,82.5,0.025811823480432927,0.6869275603663614,3.0999999999999943,183.92999999999986,2.229454545454544,0.015139675717913637,0.8982711467083416,0.00011389473786504548
0,4.3,0.9,86.8,0.035803497085761866,0.7227310574521233,3.87,187.79999999999987,2.1635944700460814,0.018900175815588994,0.9171713225239306,0.0002857222699626786
32,3.0,0.8,89.8,0.024979184013322234,0.7477102414654455,2.4000000000000004,190.19999999999987,2.1180400890868585,0.011721039265481547,0.9288923617894121,0.00017577840215469553
3,3.0,0.8,92.8,0.024979184013322234,0.7726894254787677,2.4000000000000004,192.59999999999988,2.0754310344827576,0.011721039265481547,0.9406134010548937,0.00017577840215469553
19,3.1000000000000014,0.6,95.9,0.025811823480432986,0.7985012489592007,1.8600000000000008,194.4599999999999,2.027737226277371,0.009083805430748201,0.9496972064856418,0.0002798265878705799
25,3.0,0.6,98.9,0.024979184013322234,0.8234804329725229,1.7999999999999998,196.2599999999999,1.9844287158746197,0.008790779449111158,0.9584879859347529,0.00026206444233456996
2,3.0999999999999996,0.6,102.0,0.025811823480432972,0.8492922564529559,1.8599999999999997,198.11999999999992,1.9423529411764697,0.009083805430748196,0.9675717913655011,0.0002798265878705796
22,3.0,0.4,105.0,0.024979184013322234,0.8742714404662781,1.2000000000000002,199.3199999999999,1.8982857142857135,0.005860519632740774,0.9734323109982419,0.00036552332769731414
21,3.0999999999999943,0.4,108.1,0.025811823480432927,0.9000832639467111,1.2399999999999978,200.55999999999992,1.8553191489361696,0.006055870287165455,0.9794881812854074,0.00039029768657457503
20,3.0,0.4,111.1,0.024979184013322234,0.9250624479600333,1.2000000000000002,201.7599999999999,1.8160216021602154,0.005860519632740774,0.9853487009181482,0.00036552332769731414
7,3.0,0.4,114.1,0.024979184013322234,0.9500416319733556,1.2000000000000002,202.9599999999999,1.7787905346187547,0.005860519632740774,0.991209220550889,0.00036552332769731414
38,3.0,0.4,117.1,0.024979184013322234,0.9750208159866778,1.2000000000000002,204.15999999999988,1.743467122117847,0.005860519632740774,0.9970697401836298,0.00036552332769731414
28,3.0,0.2,120.1,0.024979184013322234,1.0,0.6000000000000001,204.75999999999988,1.7049125728559524,0.002930259816370387,1.0000000000000002,0.0004861550582429286
