,weight,grade,cml_weight,weight_pct,cml_weight_pct,yield,cml_yield,cml_grade,recovery,cml_recovery,distributional_heterogeneity
6,3.8999999999999986,7.4,3.8999999999999986,0.031993437243642314,0.031993437243642314,28.859999999999992,28.859999999999992,7.4,0.09057243283956815,0.09057243283956815,0.0034314987250274975
11,3.0,6.2,6.899999999999999,0.024610336341263327,0.05660377358490564,18.6,47.459999999999994,6.878260869565218,0.058373085613858906,0.14894551845342704,0.0011399232384441537
33,4.1000000000000085,5.4,11.000000000000007,0.03363412633305995,0.09023789991796559,22.140000000000047,69.60000000000004,6.327272727272726,0.06948280190810961,0.21842832036153664,0.0012851275404851632
22,2.6000000000000085,5.4,13.600000000000016,0.021328958162428285,0.11156685808039388,14.040000000000047,83.64000000000009,6.1499999999999995,0.044062264624654936,0.2624905849861916,0.000516803222705516
19,3.3999999999999986,4.6,17.000000000000014,0.027891714520098424,0.1394585726004923,15.639999999999992,99.28000000000007,5.839999999999999,0.04908360532262111,0.3115741903088127,0.0004490962357860461
34,3.3999999999999915,4.4,20.400000000000006,0.027891714520098365,0.16735028712059066,14.959999999999964,114.24000000000004,5.6000000000000005,0.046949535525985325,0.3585237258347981,0.0003632005414924264
21,3.0999999999999943,4.4,23.5,0.025430680885972057,0.19278096800656272,13.639999999999976,127.88000000000001,5.441702127659575,0.04280692945016312,0.4013306552849612,0.0003019340141645521
35,5.700000000000003,3.9,29.200000000000003,0.046759639048400345,0.23954060705496305,22.23000000000001,150.11,5.140753424657534,0.06976525232237012,0.47109590760733133,0.0005292582421114542
24,3.0999999999999943,3.8,32.3,0.025430680885972057,0.2649712879409351,11.779999999999978,161.89,5.012074303405573,0.036969620888777234,0.5080655284961085,0.00013314713638833765
0,3.0,3.8,35.3,0.024610336341263327,0.2895816242821984,11.399999999999999,173.29,4.909065155807365,0.035777052473010294,0.5438425809691189,0.000124695549167018
5,3.0,3.8,38.3,0.024610336341263327,0.3141919606234617,11.399999999999999,184.69,4.822193211488251,0.035777052473010294,0.5796196334421292,0.000124695549167018
1,4.5,3.2,42.8,0.036915504511894986,0.35110746513535673,14.4,199.09,4.651635514018692,0.04519206628169722,0.6248116997238264,6.850147472935186e-05
7,3.0,3.2,45.8,0.024610336341263327,0.37571780147662004,9.600000000000001,208.69,4.556550218340612,0.030128044187798148,0.6549397439116246,3.0445099879711934e-05
18,2.0,2.5,47.8,0.01640689089417555,0.3921246923707956,5.0,213.69,4.470502092050209,0.015691689681144868,0.6706314335927694,5.11512775120561e-07
20,3.0,2.4,50.8,0.024610336341263327,0.4167350287120589,7.199999999999999,220.89,4.348228346456693,0.022596033140848605,0.693227466733618,4.057417383200977e-06
17,3.3000000000000043,2.4,54.1,0.027071369975389694,0.4438063986874486,7.92000000000001,228.81,4.229390018484288,0.024855636454933498,0.7180831031885515,4.909475033673194e-06
25,2.299999999999997,2.3,56.4,0.018867924528301862,0.46267432321575047,5.289999999999993,234.1,4.150709219858156,0.016601807682651248,0.7346849108712028,5.135285558141481e-06
26,3.0,2.2,59.4,0.024610336341263327,0.4872846595570138,6.6000000000000005,240.7,4.052188552188552,0.020713030379111225,0.755397941250314,1.5188993762626304e-05
32,5.0,2.0,64.4,0.04101722723543888,0.5283018867924527,10.0,250.7,3.8928571428571423,0.031383379362289736,0.7867813206126038,9.281102484298026e-05
10,3.0,2.0,67.4,0.024610336341263327,0.552912223133716,6.0,256.7,3.8086053412462904,0.01883002761737384,0.8056113482299776,3.341196894347289e-05
8,2.700000000000003,1.9,70.10000000000001,0.022149302707137018,0.575061525840853,5.130000000000005,261.83,3.735092724679029,0.01609967361285465,0.8217110218428323,3.65980121783877e-05
2,3.0,1.8,73.10000000000001,0.024610336341263327,0.5996718621821163,5.4,267.22999999999996,3.6556771545827624,0.016947024855636456,0.8386580466984688,5.872634292574069e-05
9,3.0,1.6,76.10000000000001,0.024610336341263327,0.6242821985233796,4.800000000000001,272.03,3.5746386333771345,0.015064022093899074,0.8537220687923679,9.113211570942973e-05
23,3.5,1.5,79.60000000000001,0.028712059064807213,0.6529942575881869,5.25,277.28,3.483417085427135,0.016476274165202108,0.87019834295757,0.00014971443210940429
30,4.5,1.5,84.10000000000001,0.036915504511894986,0.6899097621000818,6.75,284.03,3.377288941736028,0.02118378106954557,0.8913821240271156,0.00024748712246656625
16,2.1999999999999957,1.4,86.30000000000001,0.018047579983593073,0.7079573420836749,3.079999999999994,287.10999999999996,3.326882966396291,0.009666080843585218,0.9010482048707008,7.024952783395237e-05
27,3.0,1.4,89.30000000000001,0.024610336341263327,0.7325676784249382,4.199999999999999,291.30999999999995,3.2621500559910404,0.013181019332161686,0.9142292242028625,0.00013062928729454004
36,3.1000000000000085,1.2,92.40000000000002,0.025430680885972175,0.7579983593109104,3.72000000000001,295.03,3.192965367965367,0.011674617122771812,0.9259038413256343,0.0001892292902572341
4,3.0,1.2,95.40000000000002,0.024610336341263327,0.7826086956521737,3.5999999999999996,298.63,3.130293501048217,0.011298016570424303,0.9372018578960586,0.00017721785768107153
15,3.0,1.0,98.40000000000002,0.024610336341263327,0.807219031993437,3.0,301.63,3.0653455284552837,0.00941501380868692,0.9466168717047455,0.0002308978268690243
14,3.0,1.0,101.40000000000002,0.024610336341263327,0.8318293683347003,3.0,304.63,3.0042406311637073,0.00941501380868692,0.9560318855134324,0.0002308978268690243
12,3.0,1.0,104.40000000000002,0.024610336341263327,0.8564397046759636,3.0,307.63,2.9466475095785434,0.00941501380868692,0.9654468993221194,0.0002308978268690243
3,3.0,0.9,107.40000000000002,0.024610336341263327,0.881050041017227,2.7,310.33,2.889478584729981,0.008473512427818228,0.9739204117499376,0.00026039708601353364
13,3.0,0.8,110.40000000000002,0.024610336341263327,0.9056603773584903,2.4000000000000004,312.72999999999996,2.832699275362318,0.007532011046949537,0.9814524227968872,0.00029166919485839823
28,3.8000000000000114,0.6,114.20000000000003,0.03117309269893364,0.9368334700574239,2.280000000000007,315.01,2.7584063047285454,0.007155410494602081,0.9886078332914893,0.0005768490584682649
37,3.0,0.5,117.20000000000003,0.024610336341263327,0.9614438063986872,1.5,316.51,2.7005972696245726,0.00470750690434346,0.9933153401958327,0.000396122619595124
31,2.5,0.5,119.70000000000003,0.02050861361771944,0.9819524200164067,1.25,317.76,2.654636591478696,0.003922922420286217,0.9972382626161189,0.0002750851524966139
29,2.1999999999999886,0.4,121.90000000000002,0.018047579983593014,0.9999999999999997,0.8799999999999955,318.64,2.6139458572600485,0.0027617373838814824,1.0000000000000004,0.0002336569839831558
