,weight,grade,cml_weight,weight_pct,cml_weight_pct,yield,cml_yield,cml_grade,recovery,cml_recovery,distributional_heterogeneity
0,1.9,10.8,1.9,0.019407558733401428,0.019407558733401428,20.52,20.52,10.8,0.1284024779425568,0.1284024779425568,0.011879892413410312
1,2.5,5.6,4.4,0.025536261491317668,0.0449438202247191,14.0,34.519999999999996,7.845454545454544,0.08760402978537014,0.21600650772792696,0.0038524078610041846
9,7.0,4.8,11.4,0.07150153217568947,0.11644535240040857,33.6,68.12,5.975438596491228,0.21024967148488835,0.42625617921281533,0.019251046161764852
7,3.0,3.8,14.4,0.030643513789581203,0.1470888661899898,11.399999999999999,79.52000000000001,5.522222222222223,0.0713347099680871,0.49759088918090244,0.001655773446437654
3,3.0,2.9,17.4,0.030643513789581203,0.17773237997957098,8.7,88.22000000000001,5.070114942528737,0.054439647080908586,0.552030536261811,0.0005662559596186195
8,4.0,1.9,21.4,0.04085801838610827,0.21859039836567926,7.6,95.82000000000001,4.4775700934579445,0.047556473312058076,0.599587009573869,4.4869298394981216e-05
4,4.0,1.6,25.4,0.04085801838610827,0.25944841675178754,6.4,102.22000000000001,4.024409448818898,0.04004755647331207,0.639634566047181,6.568485120932787e-07
5,3.0,1.6,28.4,0.030643513789581203,0.2900919305413687,4.800000000000001,107.02000000000001,3.76830985915493,0.030035667354984055,0.6696702334021651,3.6947728805246925e-07
20,3.0,1.6,31.4,0.030643513789581203,0.3207354443309499,4.800000000000001,111.82000000000001,3.561146496815287,0.030035667354984055,0.6997059007571492,3.6947728805246925e-07
25,3.0,1.4,34.4,0.030643513789581203,0.3513789581205311,4.199999999999999,116.02000000000001,3.372674418604652,0.026281208935611037,0.7259871096927603,1.902970363897163e-05
13,3.0,1.3,37.4,0.030643513789581203,0.3820224719101123,3.9000000000000004,119.92000000000002,3.206417112299466,0.024403979725924542,0.7503910894186848,3.893178533153181e-05
26,3.0,1.3,40.4,0.030643513789581203,0.4126659856996935,3.9000000000000004,123.82000000000002,3.0648514851485156,0.024403979725924542,0.7747950691446094,3.893178533153181e-05
24,3.0,1.2,43.4,0.030643513789581203,0.44330949948927467,3.5999999999999996,127.42000000000002,2.93594470046083,0.022526750516238033,0.7973218196608474,6.588184603549248e-05
22,3.5,1.1,46.9,0.035750766087844735,0.4790602655771194,3.8500000000000005,131.27,2.7989339019189767,0.024091108190976793,0.8214129278518242,0.00013594762227199503
23,3.0,0.9,49.9,0.030643513789581203,0.5097037793667006,2.7,133.97,2.6847695390781565,0.016895062887178527,0.8383079907390028,0.0001890199022157769
6,5.5,0.8,55.4,0.056179775280898875,0.5658835546475995,4.4,138.37,2.497653429602888,0.027532695075402045,0.8658406858144048,0.0008206552043001679
12,5.0,0.8,60.4,0.051072522982635336,0.6169560776302349,4.0,142.37,2.357119205298013,0.02502972279582004,0.8908704086102248,0.0006782274415703867
17,3.0999999999999943,0.8,63.49999999999999,0.03166496424923385,0.6486210418794687,2.4799999999999955,144.85,2.2811023622047246,0.015518428133408398,0.9063888367436332,0.0002607106285396557
27,3.0,0.7,66.5,0.030643513789581203,0.6792645556690499,2.0999999999999996,146.95,2.2097744360902256,0.013140604467805518,0.9195294412114388,0.00030635183472630203
18,3.0,0.6,69.5,0.030643513789581203,0.709908069458631,1.7999999999999998,148.75,2.1402877697841727,0.011263375258119017,0.9307928164695578,0.00037558976949866516
2,6.0,0.6,75.5,0.061287027579162406,0.7711950970377934,3.5999999999999996,152.35,2.017880794701987,0.022526750516238033,0.9533195669857958,0.0015023590779946606
14,3.0,0.6,78.5,0.030643513789581203,0.8018386108273746,1.7999999999999998,154.15,1.9636942675159237,0.011263375258119017,0.9645829422439148,0.00037558976949866516
19,3.0,0.5,81.5,0.030643513789581203,0.8324821246169558,1.5,155.65,1.9098159509202455,0.009386146048432515,0.9739690882923473,0.0004518756832824288
16,4.400000000000006,0.4,85.9,0.044943820224719155,0.877425944841675,1.7600000000000025,157.41,1.8324796274738067,0.011013078030160833,0.9849821663225081,0.0011512952658735804
21,3.0,0.2,88.9,0.030643513789581203,0.9080694586312562,0.6000000000000001,158.01,1.7773903262092237,0.003754458419373007,0.9887366247418812,0.0007230212987021223
15,3.0,0.2,91.9,0.030643513789581203,0.9387129724208374,0.6000000000000001,158.60999999999999,1.7258977149075079,0.003754458419373007,0.9924910831612542,0.0007230212987021223
11,3.0,0.2,94.9,0.030643513789581203,0.9693564862104186,0.6000000000000001,159.20999999999998,1.6776606954689144,0.003754458419373007,0.9962455415806273,0.0007230212987021223
10,3.0,0.2,97.9,0.030643513789581203,0.9999999999999998,0.6000000000000001,159.80999999999997,1.6323799795709903,0.003754458419373007,1.0000000000000002,0.0007230212987021223
