,weight,grade,cml_weight,weight_pct,cml_weight_pct,yield,cml_yield,cml_grade,recovery,cml_recovery,distributional_heterogeneity
20,1.6999999999999886,15.2,1.6999999999999886,0.019230769230769103,0.019230769230769103,25.839999999999826,25.839999999999826,15.2,0.1939648701396176,0.1939648701396176,0.03053200602042365
9,2.0,8.6,3.6999999999999886,0.022624434389140274,0.04185520361990938,17.2,43.03999999999982,11.63243243243242,0.12910974328178967,0.3230746134214073,0.011339121009962958
6,3.0,6.5,6.699999999999989,0.03393665158371041,0.07579185520361979,19.5,62.53999999999982,9.334328358208944,0.1463744182555174,0.4694490316769247,0.012642251374143704
13,2.0,4.9,8.699999999999989,0.022624434389140274,0.09841628959276007,9.8,72.33999999999982,8.314942528735623,0.07356252814892669,0.5430115598258514,0.0025946893958807915
7,4.0,2.9,12.699999999999989,0.04524886877828055,0.1436651583710406,11.6,83.93999999999981,6.609448818897629,0.08707401291097444,0.6300855727368257,0.001749342681720618
19,3.9000000000000057,2.3,16.599999999999994,0.044117647058823595,0.1877828054298642,8.970000000000013,92.90999999999983,5.59698795180722,0.06733223239753809,0.6974178051343638,0.0005389169724484577
8,3.0,1.8,19.599999999999994,0.03393665158371041,0.2217194570135746,5.4,98.30999999999983,5.015816326530605,0.04053445428614327,0.737952259420507,4.353100050023041e-05
3,3.0,1.6,22.599999999999994,0.03393665158371041,0.255656108597285,4.800000000000001,103.10999999999983,4.562389380530967,0.03603062603212736,0.7739828854526344,4.384728990623054e-06
10,4.5,1.2,27.099999999999994,0.05090497737556562,0.3065610859728506,5.3999999999999995,108.50999999999983,4.004059040590401,0.04053445428614327,0.8145173397387777,0.00010754774914824193
5,3.0,1.0,30.099999999999994,0.03393665158371041,0.340497737556561,3.0,111.50999999999983,3.704651162790693,0.022519141270079597,0.8370364810088573,0.000130359541761866
4,4.5,0.8,34.599999999999994,0.05090497737556562,0.3914027149321266,3.6,115.10999999999983,3.3268786127167584,0.027022969524095518,0.8640594505329529,0.0005703502990176794
2,6.0,0.6,40.599999999999994,0.06787330316742082,0.45927601809954743,3.5999999999999996,118.70999999999982,2.9238916256157594,0.027022969524095514,0.8910824200570484,0.0016687497587709952
14,5.0,0.6,45.599999999999994,0.056561085972850686,0.5158371040723981,3.0,121.70999999999982,2.6690789473684173,0.022519141270079597,0.913601561327128,0.0011588539991465245
15,3.5,0.6,49.099999999999994,0.03959276018099548,0.5554298642533936,2.1,123.80999999999982,2.521588594704681,0.01576339888905572,0.9293649602161838,0.000567838459581797
1,3.0,0.4,52.099999999999994,0.03393665158371041,0.589366515837104,1.2000000000000002,125.00999999999982,2.3994241842610333,0.00900765650803184,0.9383726167242156,0.0006214547954832066
11,5.0,0.3,57.099999999999994,0.056561085972850686,0.6459276018099547,1.5,126.50999999999982,2.2155866900175103,0.011259570635039799,0.9496321873592554,0.0020522272919019147
16,4.5,0.3,61.599999999999994,0.05090497737556562,0.6968325791855203,1.3499999999999999,127.85999999999981,2.0756493506493476,0.010133613571535818,0.9597658009307912,0.001662304106440551
22,4.5,0.2,66.1,0.05090497737556562,0.747737556561086,0.9,128.75999999999982,1.9479576399394831,0.0067557423810238795,0.9665215433118151,0.0019491549506032684
21,3.9000000000000057,0.2,70.0,0.044117647058823595,0.7918552036199096,0.7800000000000011,129.53999999999982,1.850571428571426,0.005854976730220704,0.9723765200420358,0.0014640319406753481
0,3.3,0.2,73.3,0.03733031674208145,0.829185520361991,0.66,130.19999999999982,1.7762619372441995,0.004954211079417512,0.9773307311214533,0.0010482122178799799
12,3.5,0.2,76.8,0.03959276018099548,0.8687782805429864,0.7000000000000001,130.8999999999998,1.7044270833333308,0.005254466296351907,0.9825851974178053,0.0011791184269081502
18,4.5,0.2,81.3,0.05090497737556562,0.9196832579185521,0.9,131.7999999999998,1.6211562115621134,0.0067557423810238795,0.9893409397988291,0.0019491549506032684
17,4.5,0.2,85.8,0.05090497737556562,0.9705882352941178,0.9,132.69999999999982,1.5466200466200446,0.0067557423810238795,0.9960966821798529,0.0019491549506032684
23,2.5999999999999943,0.2,88.39999999999999,0.02941176470588229,1.0,0.5199999999999989,133.21999999999983,1.5070135746606317,0.003903317820147122,1.0,0.0006506808625223723
