,weight,grade,cml_weight,weight_pct,cml_weight_pct,yield,cml_yield,cml_grade,recovery,cml_recovery,distributional_heterogeneity
4,2.0,3.6,2.0,0.023529411764705882,0.023529411764705882,7.2,7.2,3.6,0.17282765242438788,0.17282765242438788,0.022289964664076328
16,3.5,1.4,5.5,0.041176470588235294,0.06470588235294117,4.8999999999999995,12.1,2.1999999999999997,0.11761881901104175,0.2904464714354296,0.005843432632393741
6,1.5,1.0,7.0,0.01764705882352941,0.08235294117647057,1.5,13.6,1.9428571428571428,0.036005760921747475,0.3264522323571771,0.0003370419427311164
13,4.0,0.9,11.0,0.047058823529411764,0.12941176470588234,3.6,17.2,1.5636363636363635,0.08641382621219394,0.41286605856937103,0.0015488162361617932
0,4.4,0.6,15.4,0.05176470588235295,0.18117647058823527,2.64,19.84,1.2883116883116883,0.06337013922227556,0.4762361977916466,0.00013468608300738747
5,2.5,0.6,17.9,0.029411764705882353,0.21058823529411763,1.5,21.34,1.1921787709497207,0.036005760921747475,0.5122419587133941,4.3480786094843574e-05
17,6.5,0.6,24.4,0.07647058823529412,0.28705882352941176,3.9,25.24,1.0344262295081967,0.09361497839654344,0.6058569371099375,0.00029393011400114254
14,4.0,0.6,28.4,0.047058823529411764,0.3341176470588235,2.4,27.639999999999997,0.9732394366197182,0.05760921747479596,0.6634661545847335,0.00011131081240279955
2,5.0,0.5,33.4,0.058823529411764705,0.39294117647058824,2.5,30.139999999999997,0.9023952095808383,0.060009601536245794,0.7234757561209793,1.4067670844710895e-06
8,4.5,0.3,37.9,0.052941176470588235,0.44588235294117645,1.3499999999999999,31.49,0.8308707124010554,0.03240518482957273,0.755880940950552,0.0004217269526798587
10,3.0,0.3,40.9,0.03529411764705882,0.48117647058823526,0.8999999999999999,32.39,0.7919315403422983,0.021603456553048482,0.7774843975036005,0.00018743420119104833
1,4.5,0.3,45.4,0.052941176470588235,0.5341176470588235,1.3499999999999999,33.74,0.743171806167401,0.03240518482957273,0.8098895823331733,0.0004217269526798587
20,4.0,0.2,49.4,0.047058823529411764,0.5811764705882352,0.8,34.54,0.6991902834008097,0.019203072491598656,0.829092654824772,0.000775942865880626
19,3.0,0.2,52.4,0.03529411764705882,0.616470588235294,0.6000000000000001,35.14,0.6706106870229008,0.014402304368698993,0.8434949591934711,0.00043646786205785214
18,6.0,0.2,58.4,0.07058823529411765,0.6870588235294116,1.2000000000000002,36.34,0.6222602739726029,0.028804608737397985,0.872299567930869,0.0017458714482314086
11,3.0,0.2,61.4,0.03529411764705882,0.7223529411764704,0.6000000000000001,36.940000000000005,0.6016286644951141,0.014402304368698993,0.8867018722995681,0.00043646786205785214
15,6.0,0.2,67.4,0.07058823529411765,0.792941176470588,1.2000000000000002,38.14000000000001,0.5658753709198814,0.028804608737397985,0.9155064810369661,0.0017458714482314086
12,1.5,0.2,68.9,0.01764705882352941,0.8105882352941175,0.30000000000000004,38.440000000000005,0.5579100145137881,0.007201152184349496,0.9227076332213155,0.00010911696551446303
9,4.5,0.2,73.4,0.052941176470588235,0.8635294117647058,0.9,39.34,0.535967302452316,0.021603456553048486,0.9443110897743641,0.0009820526896301674
7,4.5,0.2,77.9,0.052941176470588235,0.916470588235294,0.9,40.24,0.5165596919127086,0.021603456553048486,0.9659145463274126,0.0009820526896301674
3,3.0,0.2,80.9,0.03529411764705882,0.9517647058823528,0.6000000000000001,40.84,0.5048207663782448,0.014402304368698993,0.9803168506961115,0.00043646786205785214
21,4.099999999999994,0.2,85.0,0.048235294117646994,0.9999999999999999,0.819999999999999,41.660000000000004,0.49011764705882355,0.019683149303888595,1.0000000000000002,0.0008152249734658303
