,weight,grade,cml_weight,weight_pct,cml_weight_pct,yield,cml_yield,cml_grade,recovery,cml_recovery,distributional_heterogeneity
4,1.6999999999999993,1.5,1.6999999999999993,0.013776337115072928,0.013776337115072928,2.549999999999999,2.549999999999999,1.5,0.060627674750356596,0.060627674750356596,0.002195047838215348
6,3.8000000000000007,1.0,5.5,0.03079416531604539,0.04457050243111832,3.8000000000000007,6.35,1.1545454545454545,0.0903471231573942,0.15097479790775079,0.0035465547876534693
1,3.8000000000000007,0.9,9.3,0.03079416531604539,0.07536466774716372,3.420000000000001,9.77,1.050537634408602,0.08131241084165478,0.23228720874940556,0.002552093130985753
0,4.8,0.7,14.100000000000001,0.03889789303079417,0.11426256077795788,3.36,13.129999999999999,0.9312056737588651,0.07988587731811696,0.31217308606752253,0.0016800148559378198
12,3.0,0.6,17.1,0.024311183144246355,0.13857374392220423,1.7999999999999998,14.93,0.8730994152046783,0.04279600570613408,0.3549690917736566,0.0003416886651444737
20,6.0,0.6,23.1,0.04862236628849271,0.18719611021069693,3.5999999999999996,18.53,0.8021645021645022,0.08559201141226816,0.4405611031859248,0.0013667546605778949
5,4.0,0.5,27.1,0.03241491085899514,0.21961102106969208,2.0,20.53,0.7575645756457564,0.047551117451260096,0.4881122206371849,0.00022910475000372513
8,6.0,0.4,33.1,0.04862236628849271,0.2682333873581848,2.4000000000000004,22.93,0.6927492447129909,0.05706134094151212,0.545173561578697,7.121629319430407e-05
7,4.5,0.3,37.6,0.036466774716369534,0.30470016207455436,1.3499999999999999,24.28,0.6457446808510638,0.03209700427960056,0.5772705658582976,1.9094893670060056e-05
2,6.199999999999999,0.3,43.8,0.050243111831442464,0.35494327390599684,1.8599999999999997,26.14,0.5968036529680366,0.04422253922967188,0.6214931050879695,3.6247294453190536e-05
18,6.0,0.2,49.8,0.04862236628849271,0.40356564019448954,1.2000000000000002,27.34,0.548995983935743,0.02853067047075606,0.6500237755587256,0.00040367624083245636
24,4.5,0.2,54.3,0.036466774716369534,0.4400324149108591,0.9,28.24,0.520073664825046,0.021398002853067043,0.6714217784117926,0.0002270678854682567
23,6.0,0.2,60.3,0.04862236628849271,0.4886547811993518,1.2000000000000002,29.439999999999998,0.4882255389718076,0.02853067047075606,0.6999524488825487,0.00040367624083245636
22,6.0,0.2,66.3,0.04862236628849271,0.5372771474878445,1.2000000000000002,30.639999999999997,0.4621417797888386,0.02853067047075606,0.7284831193533048,0.00040367624083245636
25,5.0,0.2,71.3,0.04051863857374392,0.5777957860615884,1.0,31.639999999999997,0.4437587657784011,0.023775558725630048,0.7522586780789349,0.0002803307228003169
21,6.0,0.2,77.3,0.04862236628849271,0.6264181523500811,1.2000000000000002,32.839999999999996,0.42483829236739973,0.02853067047075606,0.780789348549691,0.00040367624083245636
19,6.0,0.2,83.3,0.04862236628849271,0.6750405186385738,1.2000000000000002,34.04,0.4086434573829532,0.02853067047075606,0.809320019020447,0.00040367624083245636
13,4.0,0.2,87.3,0.03241491085899514,0.707455429497569,0.8,34.839999999999996,0.3990836197021764,0.01902044698050404,0.8283404660009511,0.00017941166259220285
17,6.0,0.2,93.3,0.04862236628849271,0.7560777957860617,1.2000000000000002,36.04,0.3862808145766345,0.02853067047075606,0.8568711364717072,0.00040367624083245636
16,6.0,0.2,99.3,0.04862236628849271,0.8047001620745544,1.2000000000000002,37.24,0.37502517623363546,0.02853067047075606,0.8854018069424633,0.00040367624083245636
15,3.0,0.2,102.3,0.024311183144246355,0.8290113452188008,0.6000000000000001,37.84,0.3698924731182796,0.01426533523537803,0.8996671421778413,0.00010091906020811409
14,3.0,0.2,105.3,0.024311183144246355,0.8533225283630472,0.6000000000000001,38.440000000000005,0.36505223171889845,0.01426533523537803,0.9139324774132193,0.00010091906020811409
11,3.5,0.2,108.8,0.028363047001620748,0.881685575364668,0.7000000000000001,39.14000000000001,0.3597426470588236,0.016642891107941035,0.9305753685211603,0.0001373620541721553
10,6.0,0.2,114.8,0.04862236628849271,0.9303079416531607,1.2000000000000002,40.34000000000001,0.35139372822299664,0.02853067047075606,0.9591060389919164,0.00040367624083245636
9,3.0,0.2,117.8,0.024311183144246355,0.9546191247974071,0.6000000000000001,40.94000000000001,0.3475382003395587,0.01426533523537803,0.9733713742272944,0.00010091906020811409
3,3.0,0.2,120.8,0.024311183144246355,0.9789303079416535,0.6000000000000001,41.54000000000001,0.3438741721854306,0.01426533523537803,0.9876367094626723,0.00010091906020811409
26,2.5999999999999943,0.2,123.39999999999999,0.021069692058346794,1.0000000000000002,0.5199999999999989,42.06000000000001,0.34084278768233395,0.012363290537327598,1.0,7.580142744520537e-05
