,weight,grade,cml_weight,weight_pct,cml_weight_pct,yield,cml_yield,cml_grade,recovery,cml_recovery,distributional_heterogeneity
8,4.5,1.8,4.5,0.034588777863182166,0.034588777863182166,8.1,8.1,1.7999999999999998,0.07780979827089335,0.07780979827089335,0.0018680566050837868
24,6.0,1.6,10.5,0.046118370484242895,0.08070714834742507,9.600000000000001,17.700000000000003,1.685714285714286,0.09221902017291066,0.17002881844380402,0.0021252699017172624
3,4.9,1.3,15.4,0.037663335895465035,0.1183704842428901,6.370000000000001,24.070000000000004,1.5629870129870131,0.06119116234390009,0.23121998078770412,0.0005535586173876803
18,4.5,1.2,19.9,0.034588777863182166,0.15295926210607225,5.3999999999999995,29.470000000000002,1.4809045226130655,0.05187319884726223,0.28309317963496633,0.00029875120875490734
4,4.199999999999999,1.2,24.099999999999998,0.032282859338970016,0.18524212144504226,5.039999999999999,34.510000000000005,1.43195020746888,0.04841498559077808,0.3315081652257444,0.00026024549740427476
1,3.6000000000000005,1.2,27.7,0.02767102229054574,0.212913143735588,4.32,38.830000000000005,1.4018050541516247,0.04149855907780979,0.3730067243035542,0.00019120077360314076
5,4.5,1.0,32.2,0.034588777863182166,0.24750192159877016,4.5,43.330000000000005,1.3456521739130436,0.04322766570605186,0.41623439000960605,7.463038316168182e-05
26,2.9000000000000057,1.0,35.10000000000001,0.022290545734050773,0.2697924673328209,2.9000000000000057,46.23000000000001,1.317094017094017,0.027857829010566812,0.4440922190201729,3.099464308097514e-05
16,4.5,1.0,39.60000000000001,0.034588777863182166,0.30438124519600307,4.5,50.73000000000001,1.281060606060606,0.04322766570605186,0.48731988472622473,7.463038316168182e-05
19,4.5,0.9,44.10000000000001,0.034588777863182166,0.3389700230591852,4.05,54.78000000000001,1.2421768707482992,0.038904899135446674,0.5262247838616714,1.8628902836894216e-05
17,4.5,0.9,48.60000000000001,0.034588777863182166,0.3735588009223674,4.05,58.830000000000005,1.2104938271604937,0.038904899135446674,0.5651296829971181,1.8628902836894216e-05
13,4.5,0.8,53.10000000000001,0.034588777863182166,0.4081475787855495,3.6,62.43000000000001,1.1757062146892654,0.034582132564841495,0.5997118155619596,4.415999003657442e-11
14,4.5,0.8,57.60000000000001,0.034588777863182166,0.4427363566487317,3.6,66.03,1.1463541666666666,0.034582132564841495,0.6342939481268011,4.415999003657442e-11
0,2.6,0.8,60.20000000000001,0.01998462720983859,0.46272098385857025,2.08,68.11,1.131395348837209,0.01998078770413064,0.6542747358309317,1.474180408134534e-11
12,4.5,0.8,64.70000000000002,0.034588777863182166,0.4973097617217524,3.6,71.71,1.1083462132921171,0.034582132564841495,0.6888568683957732,4.415999003657442e-11
27,4.0,0.8,68.70000000000002,0.030745580322828595,0.528055342044581,3.2,74.91,1.0903930131004365,0.030739673390970217,0.7195965417867434,3.489184397951559e-11
23,4.5,0.8,73.20000000000002,0.034588777863182166,0.5626441199077632,3.6,78.50999999999999,1.072540983606557,0.034582132564841495,0.7541786743515848,4.415999003657442e-11
22,4.5,0.6,77.70000000000002,0.034588777863182166,0.5972328977709453,2.6999999999999997,81.21,1.0451737451737448,0.025936599423631114,0.780115273775216,7.486019174983205e-05
21,4.5,0.6,82.20000000000002,0.034588777863182166,0.6318216756341275,2.6999999999999997,83.91,1.0208029197080288,0.025936599423631114,0.8060518731988471,7.486019174983205e-05
28,3.0,0.6,85.20000000000002,0.023059185242121447,0.654880860876249,1.7999999999999998,85.71,1.0059859154929576,0.017291066282420744,0.8233429394812678,3.3271196333258686e-05
15,4.5,0.6,89.70000000000002,0.034588777863182166,0.6894696387394311,2.6999999999999997,88.41,0.9856187290969898,0.025936599423631114,0.8492795389048989,7.486019174983205e-05
20,4.5,0.6,94.20000000000002,0.034588777863182166,0.7240584166026133,2.6999999999999997,91.11,0.9671974522292992,0.025936599423631114,0.8752161383285301,7.486019174983205e-05
11,4.5,0.6,98.70000000000002,0.034588777863182166,0.7586471944657954,2.6999999999999997,93.81,0.9504559270516716,0.025936599423631114,0.9011527377521612,7.486019174983205e-05
9,4.5,0.6,103.20000000000002,0.034588777863182166,0.7932359723289776,2.6999999999999997,96.51,0.935174418604651,0.025936599423631114,0.9270893371757923,7.486019174983205e-05
7,4.5,0.6,107.70000000000002,0.034588777863182166,0.8278247501921597,2.6999999999999997,99.21000000000001,0.9211699164345403,0.025936599423631114,0.9530259365994235,7.486019174983205e-05
2,4.1,0.3,111.80000000000001,0.031514219830899304,0.859338970023059,1.2299999999999998,100.44000000000001,0.8983899821109124,0.011815561959654174,0.9648414985590776,0.00038803712192836794
10,4.5,0.2,116.30000000000001,0.034588777863182166,0.8939277478862412,0.9,101.34000000000002,0.8713671539122958,0.008645533141210374,0.973487031700288,0.0006730519467041173
25,2.0999999999999943,0.2,118.4,0.01614142966948497,0.9100691775557261,0.4199999999999989,101.76000000000002,0.8594594594594596,0.00403458213256483,0.9775216138328529,0.0001465757572822292
6,4.5,0.2,122.9,0.034588777863182166,0.9446579554189083,0.9,102.66000000000003,0.8353132628152972,0.008645533141210374,0.9861671469740633,0.0006730519467041173
29,7.199999999999989,0.2,130.1,0.05534204458109138,0.9999999999999997,1.4399999999999977,104.10000000000002,0.8001537279016143,0.013832853025936575,0.9999999999999999,0.0017230129835625347
