,weight,grade,cml_weight,weight_pct,cml_weight_pct,yield,cml_yield,cml_grade,recovery,cml_recovery,distributional_heterogeneity
2,5.0,11.8,5.0,0.04448398576512455,0.04448398576512455,59.0,59.0,11.8,0.2645858558679761,0.2645858558679761,0.048444833222772564
3,5.0,8.0,10.0,0.04448398576512455,0.0889679715302491,40.0,99.0,9.9,0.1793802412664245,0.4439660971344006,0.01819699974827199
19,4.0,7.6,14.0,0.03558718861209964,0.12455516014234874,30.4,129.4,9.242857142857144,0.13632898336248261,0.5802950804968832,0.010148909209528288
12,4.299999999999997,2.4,18.299999999999997,0.03825622775800709,0.16281138790035582,10.319999999999993,139.72,7.63497267759563,0.04628010224673749,0.6265751827436207,6.438256181089852e-05
0,5.9,2.3,24.199999999999996,0.05249110320284697,0.2153024911032028,13.57,153.29,6.334297520661158,0.06085474684963451,0.6874299295932552,6.995053505044951e-05
11,4.700000000000003,2.0,28.9,0.04181494661921711,0.2571174377224199,9.400000000000006,162.69,5.629411764705883,0.04215435669760978,0.729584286290865,1.1519920131452443e-07
10,3.5,1.6,32.4,0.031138790035587186,0.2882562277580071,5.6000000000000005,168.29,5.194135802469136,0.025113233777299432,0.7546975200681645,3.6307328221790726e-05
6,5.0,1.4,37.4,0.04448398576512455,0.33274021352313166,7.0,175.29,4.686898395721925,0.03139154222162429,0.7860890622897888,0.0001714120779397418
24,3.5,1.4,40.9,0.031138790035587186,0.3638790035587188,4.8999999999999995,180.19,4.405623471882641,0.021974079555137,0.8080631418449258,8.39919181904735e-05
17,4.0,1.2,44.9,0.03558718861209964,0.39946619217081847,4.8,184.99,4.120044543429844,0.021525628951970938,0.8295887707968967,0.00019772746007535883
15,4.5,1.0,49.4,0.040035587188612096,0.4395017793594306,4.5,189.49,3.8358299595141703,0.020180277142472756,0.8497690479393695,0.0003942333370283218
4,5.0,1.0,54.4,0.04448398576512455,0.48398576512455516,5.0,194.49,3.575183823529412,0.02242253015830306,0.8721915780976726,0.00048670782349175527
1,4.0,1.0,58.4,0.03558718861209964,0.5195729537366548,4.0,198.49,3.3988013698630137,0.01793802412664245,0.890129602224315,0.00031149300703472337
16,4.0,0.8,62.4,0.03558718861209964,0.5551601423487544,3.2,201.69,3.2322115384615384,0.014350419301313961,0.904480021525629,0.00045100037075952845
9,3.5,0.8,65.9,0.031138790035587186,0.5862989323843416,2.8000000000000003,204.49,3.1030349013657057,0.012556616888649716,0.9170366384142787,0.000345297158862764
5,4.5,0.8,70.4,0.040035587188612096,0.6263345195729537,3.6,208.09,2.9558238636363634,0.016144221713978207,0.933180860128257,0.0005707973442425282
20,4.0,0.6,74.4,0.03558718861209964,0.6619217081850534,2.4,210.49,2.8291666666666666,0.010762814475985469,0.9439436746042424,0.0006162495512497744
21,4.0,0.4,78.4,0.03558718861209964,0.697508896797153,1.6,212.09,2.7052295918367344,0.007175209650656981,0.9511188842548994,0.0008072405485054603
23,4.0,0.4,82.4,0.03558718861209964,0.7330960854092526,1.6,213.69,2.5933252427184463,0.007175209650656981,0.9582940939055564,0.0008072405485054603
13,4.5,0.4,86.9,0.040035587188612096,0.7731316725978647,1.8,215.49,2.479746835443038,0.008072110856989103,0.9663662047625455,0.0010216638192022231
14,5.0,0.4,91.9,0.04448398576512455,0.8176156583629893,2.0,217.49,2.3665941240478783,0.008969012063321225,0.9753352168258668,0.0012613133570397819
7,4.0,0.4,95.9,0.03558718861209964,0.853202846975089,1.6,219.09,2.2845672575599583,0.007175209650656981,0.9825104264765238,0.0008072405485054603
25,3.0,0.4,98.9,0.02669039145907473,0.8798932384341637,1.2000000000000002,220.29,2.227401415571284,0.005381407237992735,0.9878918337145165,0.0004540728085343214
18,4.5,0.2,103.4,0.040035587188612096,0.9199288256227758,0.9,221.19,2.1391682785299806,0.004036055428494552,0.991927889143011,0.0012959662869477119
22,4.5,0.2,107.9,0.040035587188612096,0.9599644128113879,0.9,222.09,2.058294717330862,0.004036055428494552,0.9959639445715055,0.0012959662869477119
8,4.5,0.2,112.4,0.040035587188612096,1.0,0.9,222.99,1.9838967971530248,0.004036055428494552,1.0,0.0012959662869477119
