,weight,grade,cml_weight,weight_pct,cml_weight_pct,yield,cml_yield,cml_grade,recovery,cml_recovery,distributional_heterogeneity
24,3.0,31.0,3.0,0.029041626331074537,0.029041626331074537,93.0,93.0,31.0,0.32481139983235546,0.32481139983235546,0.08747975891699904
15,2.5,12.0,5.5,0.024201355275895446,0.05324298160696998,30.0,123.0,22.363636363636363,0.10477787091366306,0.4295892707460185,0.006492574872323408
4,4.0,6.0,9.5,0.03872216844143272,0.0919651500484027,24.0,147.0,15.473684210526315,0.08382229673093045,0.5134115674769489,0.0020340215717291536
22,2.5,4.0,12.0,0.024201355275895446,0.11616650532429815,10.0,157.0,13.083333333333334,0.03492595697122102,0.54833752444817,0.00011501708152338013
23,2.5,3.8,14.5,0.024201355275895446,0.1403678606001936,9.5,166.5,11.482758620689655,0.033179659122659966,0.5815171835708299,8.060993996482657e-05
17,4.200000000000003,3.8,18.700000000000003,0.04065827686350438,0.18102613746369797,15.96000000000001,182.46,9.757219251336897,0.055741827326068784,0.6372590108968987,0.00022751349455672683
19,1.5,3.6,20.200000000000003,0.014520813165537268,0.19554695062923524,5.4,187.86,9.299999999999999,0.01886001676445935,0.6561190276613581,1.8828687872898355e-05
3,4.0,3.4,24.200000000000003,0.03872216844143272,0.23426911907066797,13.6,201.46,8.324793388429752,0.04749930148086059,0.7036183291422187,7.703806439181632e-05
7,4.5,2.2,28.700000000000003,0.04356243949661181,0.27783155856727976,9.9,211.36,7.364459930313589,0.03457669740150881,0.7381950265437275,8.074356099970591e-05
1,4.0,2.2,32.7,0.03872216844143272,0.3165537270087125,8.8,220.16000000000003,6.732721712538226,0.0307348421346745,0.768929868678402,6.379738153063183e-05
2,4.0,2.0,36.7,0.03872216844143272,0.3552758954501452,8.0,228.16000000000003,6.216893732970028,0.027940765576976816,0.7968706342553787,0.00011623864772569786
5,4.0,1.8,40.7,0.03872216844143272,0.39399806389157793,7.2,235.36,5.782800982800983,0.025146689019279134,0.8220173232746579,0.00018429364154131528
6,4.0,1.4,44.7,0.03872216844143272,0.43272023233301066,5.6,240.96,5.390604026845637,0.01955853590388377,0.8415758591785417,0.0003672448120342046
25,4.0,1.2,48.7,0.03872216844143272,0.4714424007744434,4.8,245.76000000000002,5.0464065708418895,0.01676445934618609,0.8583403185247278,0.0004821409887114764
21,3.5,1.2,52.2,0.03388189738625363,0.505324298160697,4.2,249.96,4.788505747126437,0.014668901927912828,0.8730092204526406,0.00036913919448222415
20,5.0,1.2,57.2,0.04840271055179089,0.5537270087124879,6.0,255.96,4.474825174825175,0.02095557418273261,0.8939647946353733,0.0007533452948616818
16,4.5,1.2,61.7,0.04356243949661181,0.5972894482090997,5.3999999999999995,261.36,4.235980551053484,0.018860016764459347,0.9128248113998326,0.0006102096888379623
0,4.9,1.0,66.60000000000001,0.04743465634075508,0.6447241045498547,4.9,266.26,3.9978978978978974,0.0171137189158983,0.9299385303157309,0.0009193592463220805
26,2.4000000000000057,0.8,69.00000000000001,0.023233301064859685,0.6679574056147144,1.9200000000000046,268.18,3.886666666666666,0.006705783738474452,0.9366443140542053,0.00027315882897396403
18,5.299999999999997,0.8,74.30000000000001,0.05130687318489832,0.7192642787996127,4.2399999999999975,272.42,3.666487213997308,0.014808605755797703,0.951452919810003,0.001332123525326147
14,3.0,0.8,77.30000000000001,0.029041626331074537,0.7483059051306873,2.4000000000000004,274.82,3.5552393272962477,0.008382229673093046,0.9598351494830961,0.00042681067027181674
10,4.5,0.6,81.80000000000001,0.04356243949661181,0.791868344627299,2.6999999999999997,277.52,3.392665036674816,0.009430008382229673,0.9692651578653257,0.001165022853778041
9,4.5,0.6,86.30000000000001,0.04356243949661181,0.8354307841239108,2.6999999999999997,280.21999999999997,3.2470451911935103,0.009430008382229673,0.9786951662475554,0.001165022853778041
8,4.5,0.6,90.80000000000001,0.04356243949661181,0.8789932236205226,2.6999999999999997,282.91999999999996,3.1158590308370036,0.009430008382229673,0.988125174629785,0.001165022853778041
11,4.5,0.4,95.30000000000001,0.04356243949661181,0.9225556631171343,1.8,284.71999999999997,2.9876180482686245,0.006286672254819783,0.9944118468846048,0.0013894828234642552
12,4.5,0.2,99.80000000000001,0.04356243949661181,0.9661181026137461,0.9,285.61999999999995,2.86192384769539,0.0031433361274098917,0.9975551830120147,0.001633703917170229
13,3.5,0.2,103.30000000000001,0.03388189738625363,0.9999999999999997,0.7000000000000001,286.31999999999994,2.771732817037753,0.0024448169879854715,1.0000000000000002,0.0009882900239671756
