,weight,grade,cml_weight,weight_pct,cml_weight_pct,yield,cml_yield,cml_grade,recovery,cml_recovery,distributional_heterogeneity
14,1.0,34.29,1.0,0.01788908765652952,0.01788908765652952,34.29,34.29,34.29,0.1654411764705883,0.1654411764705883,0.021771618913391896
36,1.3999999999999773,13.71,2.3999999999999773,0.025044722719140922,0.04293381037567044,19.19399999999969,53.48399999999969,22.285000000000082,0.09260653080129545,0.25804770727188375,0.00456459791132988
16,1.0,11.66,3.3999999999999773,0.01788908765652952,0.060822898032199965,11.66,65.14399999999969,19.16000000000004,0.05625675467037212,0.31430446194225586,0.0014720778720851049
11,1.5,10.63,4.899999999999977,0.02683363148479428,0.08765652951699425,15.945,81.08899999999969,16.548775510204095,0.0769308707735063,0.39123533271576216,0.0025097333843504704
17,1.2000000000000028,10.29,6.09999999999998,0.021466905187835474,0.10912343470482973,12.348000000000027,93.43699999999971,15.31754098360656,0.05957619268179729,0.4508115253975595,0.0014523177932974345
6,0.9000000000000057,9.6,6.999999999999986,0.01610017889087667,0.12522361359570638,8.640000000000054,102.07699999999977,14.582428571428569,0.04168596572487291,0.4924974911224324,0.0006546324879146951
5,1.8999999999999986,7.89,8.899999999999984,0.03398926654740606,0.15921288014311244,14.990999999999989,117.06799999999976,13.153707865168535,0.07232804539138489,0.5648255365138173,0.001469861963247518
4,1.5,6.17,10.399999999999984,0.02683363148479428,0.18604651162790672,9.254999999999999,126.32299999999975,12.146442307692302,0.04465319592403892,0.6094787324378562,0.0003175368768043924
20,1.7000000000000028,5.49,12.099999999999987,0.030411449016100236,0.21645796064400696,9.333000000000016,135.65599999999978,11.21123966942148,0.04502952755905522,0.6545082599969114,0.0002136882202880008
34,1.700000000000017,5.49,13.800000000000004,0.03041144901610049,0.24686940966010745,9.333000000000094,144.98899999999986,10.506449275362305,0.04502952755905559,0.699537787555967,0.0002136882202880044
3,1.1999999999999993,5.14,15.000000000000004,0.021466905187835412,0.26833631484794285,6.167999999999996,151.15699999999987,10.077133333333322,0.029759147753589617,0.7292969353095565,6.876128676930593e-05
30,1.8000000000000114,4.11,16.800000000000015,0.03220035778175334,0.3005366726296962,7.398000000000048,158.55499999999992,9.437797619047606,0.035693608151922435,0.764990543461479,1.22027981486865e-05
33,1.5999999999999943,3.43,18.40000000000001,0.02862254025044713,0.3291592128801433,5.487999999999981,164.0429999999999,8.915380434782598,0.02647830785857642,0.7914688513200554,4.597732550347583e-06
29,1.4000000000000057,3.43,19.800000000000015,0.02504472271914143,0.35420393559928476,4.80200000000002,168.8449999999999,8.527525252525242,0.023168519376254547,0.8146373706963099,3.520138983859922e-06
24,1.5,2.4,21.300000000000015,0.02683363148479428,0.38103756708407904,3.5999999999999996,172.4449999999999,8.096009389671352,0.0173691523853636,0.8320065230816736,8.957636462356014e-05
22,1.6000000000000085,2.4,22.900000000000023,0.028622540250447383,0.4096601073345264,3.8400000000000203,176.28499999999994,7.698034934497806,0.018527095877721275,0.8505336189593948,0.00010191799708280729
32,1.5999999999999943,2.06,24.500000000000018,0.02862254025044713,0.43828264758497354,3.2959999999999883,179.58099999999993,7.3298367346938695,0.01590242396171062,0.8664360429211054,0.00016180135839897992
18,1.0,2.06,25.500000000000018,0.01788908765652952,0.45617173524150306,2.06,181.64099999999993,7.123176470588228,0.009939014976069173,0.8763750578971746,6.320365562460198e-05
21,1.2999999999999972,2.06,26.800000000000015,0.023255813953488323,0.47942754919499136,2.677999999999994,184.31899999999993,6.877574626865665,0.012920719468889896,0.8892957773660646,0.00010681417800557688
28,1.7999999999999972,1.71,28.600000000000012,0.032200357781753085,0.5116279069767444,3.077999999999995,187.39699999999993,6.552342657342653,0.014850625289485856,0.9041464026555505,0.00030101321755323317
10,1.9000000000000057,1.71,30.500000000000018,0.03398926654740619,0.5456171735241506,3.2490000000000094,190.64599999999996,6.250688524590159,0.015675660027790698,0.9198220626833412,0.00033538818375530307
8,0.7999999999999972,1.71,31.300000000000015,0.014311270125223565,0.5599284436493742,1.3679999999999952,192.01399999999995,6.134632587859421,0.006600277906438146,0.9264223405897793,5.9459400998169296e-05
37,1.0,1.71,32.30000000000001,0.01788908765652952,0.5778175313059037,1.71,193.72399999999996,5.997647058823526,0.008250347383047711,0.9346726879728271,9.290531405964018e-05
23,1.5,1.71,33.80000000000001,0.02683363148479428,0.604651162790698,2.565,196.28899999999996,5.807366863905322,0.012375521074571566,0.9470482090473986,0.00020903695663419038
31,1.299999999999983,1.37,35.099999999999994,0.02325581395348807,0.627906976744186,1.7809999999999768,198.06999999999994,5.643019943019942,0.008592905666203382,0.955641114713602,0.00021500087944132203
12,2.0,1.37,37.099999999999994,0.03577817531305904,0.6636851520572451,2.74,200.80999999999995,5.412668463611859,0.0132198548710823,0.9688609695846844,0.0005088778211629057
7,1.0,1.37,38.099999999999994,0.01788908765652952,0.6815742397137746,1.37,202.17999999999995,5.3065616797900255,0.00660992743554115,0.9754708970202255,0.00012721945529072643
26,1.6999999999999886,1.03,39.79999999999998,0.03041144901609998,0.7119856887298746,1.7509999999999883,203.93099999999993,5.123894472361809,0.00844816272965874,0.9839190597498843,0.000482385944500178
13,1.5999999999999943,1.03,41.39999999999998,0.02862254025044713,0.7406082289803216,1.6479999999999941,205.57899999999992,4.965676328502417,0.00795121198085531,0.9918702717307396,0.000427303812429226
25,1.5,0.69,42.89999999999998,0.02683363148479428,0.7674418604651159,1.035,206.61399999999992,4.816177156177157,0.0049936313107920354,0.9968639030415316,0.00047698560760041814
35,1.5,0.05,44.39999999999998,0.02683363148479428,0.7942754919499101,0.07500000000000001,206.6889999999999,4.655157657657658,0.00036185734136174176,0.9972257603828933,0.0007007548263009036
0,1.5,0.05,45.89999999999998,0.02683363148479428,0.8211091234347043,0.07500000000000001,206.7639999999999,4.504662309368192,0.00036185734136174176,0.9975876177242551,0.0007007548263009036
19,2.0,0.05,47.89999999999998,0.03577817531305904,0.8568872987477634,0.1,206.8639999999999,4.31866388308977,0.000482476455148989,0.9980700941794041,0.001245786357868273
27,1.7000000000000028,0.05,49.59999999999998,0.030411449016100236,0.8872987477638636,0.08500000000000014,206.9489999999999,4.1723588709677415,0.00041010498687664134,0.9984801991662807,0.0009000806435598303
1,1.0000000000000018,0.05,50.59999999999998,0.01788908765652955,0.9051878354203932,0.05000000000000009,206.9989999999999,4.090889328063241,0.00024123822757449493,0.9987214373938552,0.0003114465894670694
15,1.0,0.05,51.59999999999998,0.01788908765652952,0.9230769230769227,0.05,207.04899999999992,4.012577519379845,0.0002412382275744945,0.9989626756214297,0.00031144658946706826
9,1.5,0.05,53.09999999999998,0.02683363148479428,0.9499105545617169,0.07500000000000001,207.1239999999999,3.9006403013182673,0.00036185734136174176,0.9993245329627914,0.0007007548263009036
2,1.5,0.05,54.59999999999998,0.02683363148479428,0.9767441860465111,0.07500000000000001,207.1989999999999,3.7948534798534794,0.00036185734136174176,0.9996863903041532,0.0007007548263009036
38,1.3000000000000114,0.05,55.89999999999999,0.02325581395348858,0.9999999999999998,0.06500000000000057,207.2639999999999,3.7077638640429327,0.0003136096958468456,1.0,0.0005263447361993545
