,weight,grade,cml_weight,weight_pct,cml_weight_pct,yield,cml_yield,cml_grade,recovery,cml_recovery,distributional_heterogeneity
16,1.0999999999999943,77.14,1.0999999999999943,0.017133956386292747,0.017133956386292747,84.85399999999956,84.85399999999956,77.14,0.19282107683847313,0.19282107683847313,0.03086596429277894
5,0.5,72.0,1.5999999999999943,0.00778816199376947,0.024922118380062218,36.0,120.85399999999956,75.53375,0.08180591093154205,0.27462698777001515,0.005478627157815133
53,1.200000000000017,64.8,2.8000000000000114,0.018691588785046995,0.04361370716510921,77.7600000000011,198.61400000000066,70.93357142857137,0.17670076761213332,0.4513277553821485,0.024966900593610147
37,0.799999999999983,50.74,3.5999999999999943,0.012461059190030887,0.056074766355140096,40.59199999999914,239.2059999999998,66.44611111111115,0.09224070934814123,0.5435684647302897,0.006364792579350473
9,1.0,17.49,4.599999999999994,0.01557632398753894,0.07165109034267904,17.49,256.6959999999998,55.80347826086959,0.039744038394240844,0.5833125031245305,0.0005840784196439065
14,0.8000000000000114,15.77,5.400000000000006,0.01246105919003133,0.08411214953271037,12.616000000000179,269.31199999999995,49.87259259259253,0.028668427008676365,0.6119809301332069,0.0002626787716088507
47,1.0,13.37,6.400000000000006,0.01557632398753894,0.09968847352024932,13.37,282.68199999999996,44.16906249999995,0.030381806365408808,0.6423627364986156,0.0002192023084414152
6,0.7999999999999972,10.97,7.200000000000003,0.012461059190031107,0.11214953271028043,8.77599999999997,291.4579999999999,40.48027777777775,0.01994246317597807,0.6623051996745937,5.597140560094308e-05
55,0.9000000000000057,10.63,8.100000000000009,0.014018691588785135,0.12616822429906557,9.56700000000006,301.025,37.16358024691354,0.02173992083005744,0.6840451205046512,5.961738099627846e-05
27,1.0999999999999943,10.29,9.200000000000003,0.017133956386292747,0.14330218068535833,11.31899999999994,312.34399999999994,33.95043478260868,0.025721141828725542,0.7097662623333767,7.373975382272976e-05
26,1.200000000000017,10.29,10.40000000000002,0.018691588785046995,0.16199376947040534,12.348000000000175,324.6920000000001,31.220384615384567,0.02805942744951932,0.737825689782896,8.775640124358262e-05
8,1.2000000000000028,8.57,11.600000000000023,0.018691588785046773,0.18068535825545212,10.284000000000026,334.97600000000017,28.877241379310302,0.023369221889443903,0.7611949116723399,2.1880251459351914e-05
24,0.5999999999999943,7.2,12.200000000000017,0.009345794392523275,0.1900311526479754,4.319999999999959,339.2960000000001,27.811147540983576,0.009816709311784954,0.7710116209841248,2.21760861183232e-07
35,1.1000000000000227,6.17,13.30000000000004,0.017133956386293187,0.2071651090342686,6.78700000000014,346.08300000000025,26.021278195488662,0.01542268659701076,0.7864343075811355,2.928444291710728e-06
12,1.0,5.83,14.30000000000004,0.01557632398753894,0.22274143302180754,5.83,351.91300000000024,24.609300699300647,0.013248012798080282,0.7996823203792158,5.4210329949583935e-06
13,1.0,5.49,15.30000000000004,0.01557632398753894,0.2383177570093465,5.49,357.40300000000025,23.359673202614335,0.012475401417060163,0.812157721796276,9.615720788104709e-06
32,1.5999999999999943,5.14,16.900000000000034,0.024922118380062214,0.2632398753894087,8.22399999999997,365.62700000000024,21.63473372781062,0.01868810587502776,0.8308458276713038,3.8862911912925965e-05
23,1.2999999999999972,4.8,18.20000000000003,0.020249221183800577,0.28348909657320925,6.239999999999986,371.86700000000025,20.432252747252726,0.014179691228133923,0.8450255188994377,3.683919388273486e-05
28,1.0999999999999943,4.8,19.300000000000026,0.017133956386292747,0.300623052959502,5.279999999999973,377.1470000000002,19.54129533678755,0.011998200269959439,0.8570237191693971,2.637599088645498e-05
33,1.5,3.77,20.800000000000026,0.02336448598130841,0.3239875389408104,5.655,382.8020000000002,18.403942307692294,0.012850345175496398,0.8698740643448936,0.0001105471568844413
3,1.1000000000000014,3.43,21.900000000000027,0.017133956386292858,0.34112149532710323,3.773000000000005,386.5750000000002,17.651826484018255,0.00857371394290857,0.8784477782878022,7.327775068951775e-05
29,1.1999999999999886,3.43,23.100000000000016,0.01869158878504655,0.3598130841121498,4.1159999999999615,390.6910000000002,16.9130303030303,0.009353142483172887,0.887800920770975,8.720657933297792e-05
58,1.3000000000000114,3.09,24.400000000000027,0.0202492211838008,0.3800623052959506,4.017000000000035,394.70800000000025,16.17655737704917,0.009128176228111313,0.8969290969990864,0.00012367764090646656
19,1.4000000000000057,3.09,25.800000000000033,0.021806853582554606,0.4018691588785052,4.326000000000017,399.0340000000003,15.466434108527123,0.009830343630273675,0.9067594406293601,0.00014343679063708416
57,1.0,3.09,26.800000000000033,0.01557632398753894,0.41744548286604416,3.09,402.12400000000025,15.004626865671632,0.007021674021624026,0.9137811146509841,7.318203603932805e-05
56,1.3999999999999773,2.4,28.20000000000001,0.021806853582554162,0.43925233644859835,3.3599999999999453,405.4840000000002,14.378865248226953,0.0076352183536104665,0.9214163330045946,0.00020083524506223796
52,1.299999999999983,2.4,29.499999999999993,0.020249221183800358,0.4595015576323987,3.119999999999959,408.60400000000016,13.850983050847466,0.007089845614066884,0.9285061786186615,0.0001731691653852981
38,1.0,2.06,30.499999999999993,0.01557632398753894,0.47507788161993764,2.06,410.66400000000016,13.46439344262296,0.004681116014416018,0.9331872946330775,0.00011870555677760129
30,1.3000000000000114,2.06,31.800000000000004,0.0202492211838008,0.49532710280373843,2.6780000000000235,413.34200000000016,12.998176100628934,0.0060854508187408755,0.9392727454518184,0.00020061239095414967
54,1.0,1.71,32.800000000000004,0.01557632398753894,0.5109034267912773,1.71,415.05200000000013,12.654024390243904,0.0038857807692482473,0.9431585262210667,0.0001366688007387225
31,0.5999999999999943,1.71,33.4,0.009345794392523275,0.5202492211838006,1.0259999999999903,416.07800000000015,12.457425149700605,0.0023314684615489264,0.9454899946826156,4.9200768265939164e-05
48,0.9000000000000057,1.71,34.300000000000004,0.014018691588785135,0.5342679127725857,1.5390000000000097,417.61700000000013,12.175422740524784,0.0034972026923234447,0.9489871973749391,0.00011070172859836663
4,0.7000000000000028,1.71,35.00000000000001,0.010903426791277303,0.545171339563863,1.1970000000000047,418.81400000000014,11.966114285714287,0.002720046538473784,0.9517072439134129,6.696771236197457e-05
20,0.8999999999999915,1.71,35.9,0.014018691588784913,0.5591900311526479,1.5389999999999855,420.3530000000001,11.708997214484684,0.0034972026923233896,0.9552044466057362,0.00011070172859836313
18,1.5,1.37,37.4,0.02336448598130841,0.5825545171339562,2.055,422.40800000000013,11.294331550802143,0.004669754082342192,0.9598742006880784,0.000349493000774225
44,1.0999999999999943,1.37,38.49999999999999,0.017133956386292747,0.599688473520249,1.5069999999999923,423.91500000000013,11.010779220779225,0.0034244863270509233,0.9632986870151293,0.00018794956930524796
17,1.3000000000000114,1.37,39.800000000000004,0.0202492211838008,0.6199376947040498,1.7810000000000157,425.69600000000014,10.695879396984926,0.004047120204696602,0.9673458072198259,0.00026250807613708915
1,1.3000000000000007,1.37,41.10000000000001,0.020249221183800632,0.6401869158878505,1.781000000000001,427.47700000000015,10.400900243309003,0.004047120204696569,0.9713929274245224,0.00026250807613708487
21,1.1999999999999886,1.37,42.3,0.01869158878504655,0.658878504672897,1.6439999999999846,429.12100000000015,10.144704491725772,0.0037358032658737187,0.9751287306903962,0.00022367552049549976
22,1.0999999999999943,1.37,43.39999999999999,0.017133956386292747,0.6760124610591898,1.5069999999999923,430.62800000000016,9.922304147465443,0.0034244863270509233,0.9785532170174471,0.00018794956930524796
15,0.5999999999999943,1.37,43.999999999999986,0.009345794392523275,0.685358255451713,0.8219999999999923,431.45000000000016,9.805681818181824,0.0018679016329368593,0.980421118650384,5.591888012387494e-05
39,0.700000000000017,1.03,44.7,0.010903426791277523,0.6962616822429906,0.7210000000000176,432.17100000000016,9.66825503355705,0.0016383906050456462,0.9820595092554296,8.584089553218612e-05
25,0.9000000000000057,1.03,45.60000000000001,0.014018691588785135,0.7102803738317757,0.9270000000000059,433.0980000000002,9.49776315789474,0.002106502206487221,0.9841660114619168,0.00014190025587973112
41,1.299999999999983,1.03,46.89999999999999,0.020249221183800358,0.730529595015576,1.3389999999999824,434.4370000000002,9.263049040511733,0.0030427254093703714,0.9872087368712872,0.0002960634968354769
42,0.8000000000000114,1.03,47.7,0.01246105919003133,0.7429906542056074,0.8240000000000117,435.2610000000002,9.124968553459123,0.0018724464057664335,0.9890811832770536,0.00011211872069509799
10,0.7999999999999972,1.03,48.5,0.012461059190031107,0.7554517133956385,0.8239999999999971,436.0850000000002,8.991443298969076,0.0018724464057664003,0.9909536296828201,0.00011211872069509399
7,0.5,1.03,49.0,0.00778816199376947,0.763239875389408,0.515,436.6000000000002,8.910204081632656,0.0011702790036040044,0.9921239086864241,4.3796375271521396e-05
50,1.0,1.03,50.0,0.01557632398753894,0.7788161993769469,1.03,437.63000000000017,8.752600000000003,0.002340558007208009,0.9944644666936321,0.00017518550108608559
59,1.5,1.03,51.5,0.02336448598130841,0.8021806853582553,1.545,439.1750000000002,8.527669902912624,0.003510837010812013,0.9979753037044441,0.00039416737744369263
0,0.40000000000000036,0.69,51.9,0.006230529595015581,0.8084112149532708,0.27600000000000025,439.4510000000002,8.467263969171487,0.0006271786504751563,0.9986024823549192,3.139754180768208e-05
49,0.5999999999999943,0.05,52.49999999999999,0.009345794392523275,0.8177570093457941,0.029999999999999718,439.48100000000017,8.371066666666671,6.817159244295107e-05,0.9986706539473622,8.607428482057028e-05
51,0.799999999999983,0.05,53.299999999999976,0.012461059190030887,0.830218068535825,0.03999999999999915,439.5210000000002,8.246172607879933,9.089545659060033e-05,0.9987615494039528,0.0001530209507921213
46,0.9000000000000057,0.05,54.19999999999998,0.014018691588785135,0.8442367601246101,0.04500000000000029,439.5660000000002,8.110073800738014,0.00010225738866442822,0.9988638067926172,0.00019366714084628924
45,1.1000000000000227,0.05,55.300000000000004,0.017133956386293187,0.8613707165109034,0.05500000000000114,439.6210000000002,7.949746835443041,0.0001249812528120807,0.9989887880454293,0.0002893052350913786
43,1.4000000000000057,0.05,56.70000000000001,0.021806853582554606,0.883177570093458,0.07000000000000028,439.6910000000002,7.754691358024694,0.00015906704903355463,0.9991478550944629,0.00046862666180089526
40,0.5,0.05,57.20000000000001,0.00778816199376947,0.8909657320872274,0.025,439.7160000000002,7.6873426573426595,5.6809660369126425e-05,0.999204664754832,5.977380890317493e-05
36,1.5999999999999943,0.05,58.800000000000004,0.024922118380062214,0.9158878504672896,0.07999999999999972,439.79600000000016,7.479523809523812,0.00018179091318120392,0.9993864556680132,0.000612083803168507
34,1.0999999999999943,0.05,59.9,0.017133956386292747,0.9330218068535824,0.054999999999999716,439.85100000000017,7.343088480801338,0.00012498125281207748,0.9995114369208253,0.0002893052350913637
11,0.6999999999999886,0.05,60.59999999999999,0.010903426791277081,0.9439252336448595,0.034999999999999434,439.8860000000002,7.258844884488454,7.95335245167757e-05,0.9995909704453421,0.00011715666545021906
2,0.8000000000000043,0.05,61.39999999999999,0.012461059190031218,0.9563862928348907,0.040000000000000216,439.9260000000002,7.164918566775249,9.089545659060277e-05,0.9996818659019326,0.00015302095079212946
60,1.3000000000000114,0.05,62.7,0.0202492211838008,0.9766355140186915,0.06500000000000057,439.9910000000002,7.017400318979269,0.00014770511695973,0.9998295710188924,0.0004040709481854696
61,1.5,0.05,64.2,0.02336448598130841,0.9999999999999999,0.07500000000000001,440.0660000000002,6.854610591900315,0.0001704289811073793,0.9999999999999998,0.0005379642801285744
