,weight,grade,cml_weight,weight_pct,cml_weight_pct,yield,cml_yield,cml_grade,recovery,cml_recovery,distributional_heterogeneity
44,1.0,51.43,1.0,0.011074197120708748,0.011074197120708748,51.43,51.43,51.43,0.12200300322383974,0.12200300322383974,0.012305200023466028
47,1.0,42.17,2.0,0.011074197120708748,0.022148394241417495,42.17,93.6,46.8,0.10003629488526777,0.2220392981091075,0.007914254838670958
48,1.1999999999999886,36.34,3.1999999999999886,0.01328903654485037,0.03543743078626786,43.60799999999959,137.20799999999957,42.87750000000002,0.1034475396574986,0.3254868377666061,0.0081285556835134
43,1.0,27.09,4.199999999999989,0.011074197120708748,0.04651162790697661,27.09,164.29799999999958,39.118571428571435,0.06426329685657824,0.3897501346231843,0.0028290803307122717
45,1.0,17.49,5.199999999999989,0.011074197120708748,0.05758582502768536,17.49,181.78799999999958,34.959230769230764,0.04149003551205438,0.4312401701352387,0.0009251232250484549
73,1.3000000000000114,16.8,6.5,0.014396456256921498,0.07198228128460686,21.84000000000019,203.6279999999998,31.32738461538458,0.05180916955879221,0.4830493396940309,0.0013997111166079734
46,1.0,15.43,7.5,0.011074197120708748,0.0830564784053156,15.43,219.0579999999998,29.207733333333305,0.036603273181875305,0.5196526128759063,0.0006517337245368276
21,0.5,13.03,8.0,0.005537098560354374,0.08859357696566998,6.515,225.57299999999978,28.196624999999973,0.015454978922872172,0.5351075917987784,9.836435088521618e-05
74,1.400000000000034,10.97,9.400000000000034,0.015503875968992624,0.1040974529346626,15.358000000000375,240.93100000000015,25.630957446808434,0.03643247372179227,0.5715400655205707,0.00043800620389849033
42,1.1000000000000227,9.94,10.500000000000057,0.012181616832779874,0.11627906976744248,10.934000000000225,251.86500000000038,23.987142857142764,0.02593779578552384,0.5974778613060945,0.0001892324593799161
23,1.0,9.26,11.500000000000057,0.011074197120708748,0.12735326688815124,9.26,261.1250000000004,22.706521739130356,0.02196670833857196,0.6194445696446664,0.00011864680063127595
1,1.5,9.26,13.000000000000057,0.01661129568106312,0.14396456256921436,13.89,275.0150000000004,21.154999999999937,0.032950062507857945,0.6523946321525244,0.00026695530142037085
24,2.0,8.23,15.000000000000057,0.022148394241417495,0.16611295681063185,16.46,291.47500000000036,19.43166666666662,0.039046654346964846,0.6914412864994892,0.0002855511945947332
7,0.5,7.89,15.500000000000057,0.005537098560354374,0.1716500553709862,3.945,295.42000000000036,19.05935483870963,0.009358387083765268,0.7007996735832545,1.4602245979151812e-05
15,1.3000000000000114,7.54,16.800000000000068,0.014396456256921498,0.1860465116279077,9.802000000000087,305.22200000000043,18.167976190476143,0.02325244871864841,0.7240521223019029,7.842860248216382e-05
71,1.3000000000000114,6.17,18.10000000000008,0.014396456256921498,0.20044296788482918,8.02100000000007,313.2430000000005,17.306243093922603,0.01902753429629452,0.7430796565981974,2.1446883806763056e-05
20,1.1999999999999886,5.14,19.300000000000068,0.01328903654485037,0.21373200442967955,6.1679999999999415,319.41100000000046,16.549792746113955,0.014631820413856434,0.7577114770120539,1.803068518862887e-06
17,1.3000000000000114,4.8,20.60000000000008,0.014396456256921498,0.22812846068660103,6.240000000000054,325.6510000000005,15.80830097087375,0.01480261987394063,0.7725140968859945,1.6496888379006416e-07
72,1.599999999999966,4.8,22.200000000000045,0.01771871539313362,0.24584717607973466,7.679999999999836,333.33100000000036,15.014909909909896,0.01821860907561869,0.7907327059616132,2.498936937884845e-07
3,0.8999999999999986,4.46,23.100000000000044,0.009966777408637858,0.25581395348837255,4.013999999999994,337.34500000000037,14.603679653679642,0.00952206989967902,0.8002547758612921,1.9776476852437536e-07
75,1.599999999999966,4.46,24.70000000000001,0.01771871539313362,0.2735326688815062,7.135999999999848,344.4810000000002,13.946599190283404,0.0169281242660957,0.8171829001273878,6.250343301510876e-07
53,1.1000000000000227,4.46,25.800000000000033,0.012181616832779874,0.28571428571428603,4.906000000000101,349.38700000000034,13.542131782945733,0.011638085432941281,0.8288209855603291,2.954263826104998e-07
18,0.5999999999999943,4.46,26.400000000000027,0.006644518272425185,0.2923588039867112,2.675999999999975,352.06300000000033,13.335719696969695,0.006348046599785963,0.8351690321601151,8.789545267749878e-08
37,0.5,4.11,26.900000000000027,0.005537098560354374,0.2978959025470656,2.055,354.11800000000034,13.164237918215612,0.004874901256562136,0.8400439334166772,4.3850526914970864e-07
14,1.1000000000000227,4.11,28.00000000000005,0.012181616832779874,0.31007751937984546,4.521000000000094,358.6390000000004,12.808535714285705,0.010724782764436922,0.850768716181114,2.1223655026846773e-06
29,1.4000000000000057,3.43,29.400000000000055,0.015503875968992309,0.3255813953488378,4.80200000000002,363.44100000000043,12.361938775510195,0.011391375101708748,0.8621600912828228,1.6912663383408058e-05
80,1.5,3.43,30.900000000000055,0.01661129568106312,0.3421926910299009,5.1450000000000005,368.5860000000004,11.928349514563099,0.01220504475183075,0.8743651360346535,1.941504725136113e-05
34,1.5,3.43,32.400000000000055,0.01661129568106312,0.35880398671096403,5.1450000000000005,373.7310000000004,11.534907407407399,0.01220504475183075,0.8865701807864842,1.941504725136113e-05
10,0.39999999999997726,3.43,32.80000000000003,0.004429678848283247,0.3632336655592473,1.3719999999999222,375.1030000000003,11.43606707317073,0.003254678600488015,0.8898248593869722,1.380625582318857e-06
8,1.1999999999999886,3.09,34.00000000000002,0.01328903654485037,0.37652270210409766,3.7079999999999647,378.81100000000026,11.1415,0.008796172194322252,0.8986210315812945,2.0185830072246453e-05
13,1.5,3.09,35.50000000000002,0.01661129568106312,0.3931339977851608,4.635,383.44600000000025,10.801295774647889,0.01099521524290292,0.9096162468241974,3.154035948788568e-05
39,0.6000000000000227,2.74,36.100000000000044,0.0066445182724255,0.3997785160575863,1.6440000000000625,385.0900000000003,10.667313019390578,0.003899921005249857,0.9135161678294472,7.532814158988009e-06
9,0.5999999999999943,2.4,36.70000000000004,0.006644518272425185,0.4064230343300115,1.4399999999999864,386.5300000000003,10.532152588555856,0.003415989201678545,0.9169321570311257,1.0423399960656167e-05
38,0.6999999999999886,2.4,37.40000000000003,0.007751937984495997,0.41417497231450745,1.6799999999999726,388.21000000000026,10.37994652406417,0.0039853207352916085,0.9209174777664173,1.4187405502004037e-05
16,1.299999999999983,2.4,38.70000000000001,0.014396456256921182,0.42857142857142866,3.119999999999959,391.3300000000002,10.111886304909564,0.0074013099369701525,0.9283187877033875,4.8932072037524436e-05
2,1.1999999999999957,2.06,39.900000000000006,0.01328903654485045,0.44186046511627913,2.471999999999991,393.8020000000002,9.869724310776945,0.005864114796214869,0.9341829024996023,5.5129462973361634e-05
26,2.0,2.06,41.900000000000006,0.022148394241417495,0.46400885935769665,4.12,397.9220000000002,9.496945107398572,0.00977352466035815,0.9439564271599605,0.00015313739714822785
49,1.0,2.06,42.900000000000006,0.011074197120708748,0.4750830564784054,2.06,399.9820000000002,9.323589743589746,0.004886762330179075,0.9488431894901396,3.828434928705696e-05
12,0.8999999999999773,2.06,43.79999999999998,0.00996677740863762,0.485049833887043,1.8539999999999532,401.8360000000001,9.174337899543385,0.004398086097161057,0.9532412755873007,3.101032292251458e-05
11,0.799999999999983,1.71,44.599999999999966,0.00885935769656681,0.4939091915836098,1.3679999999999708,403.2040000000001,9.040448430493283,0.003245189741594579,0.9564864653288953,3.1518881826637074e-05
79,1.5,1.71,46.099999999999966,0.01661129568106312,0.5105204872646729,2.565,405.7690000000001,8.801930585683307,0.006084730765489966,0.9625711960943852,0.0001108085689217757
19,1.5,1.71,47.599999999999966,0.01661129568106312,0.527131782945736,2.565,408.3340000000001,8.578445378151269,0.006084730765489966,0.9686559268598752,0.0001108085689217757
31,1.8000000000000114,1.37,49.39999999999998,0.01993355481727587,0.5470653377630119,2.4660000000000157,410.8000000000001,8.315789473684218,0.0058498815078746,0.9745058083677498,0.00019834985388594175
64,1.5,1.37,50.89999999999998,0.01661129568106312,0.563676633444075,2.055,412.85500000000013,8.11110019646366,0.004874901256562136,0.9793807096243119,0.0001377429540874578
36,1.1000000000000227,1.37,52.0,0.012181616832779874,0.5758582502768549,1.5070000000000312,414.36200000000014,7.968500000000002,0.0035749275881456406,0.9829556372124575,7.407509975370258e-05
4,0.8000000000000043,1.37,52.800000000000004,0.008859357696567045,0.584717607973422,1.0960000000000059,415.45800000000014,7.86852272727273,0.002599947336833153,0.9855555845492906,3.9180218051543965e-05
27,1.200000000000017,1.03,54.00000000000002,0.013289036544850686,0.5980066445182727,1.2360000000000175,416.69400000000013,7.716555555555555,0.0029320573981074867,0.9884876419473981,0.00010726701704607346
6,0.5,1.03,54.50000000000002,0.005537098560354374,0.603543743078627,0.515,417.2090000000001,7.6552110091743115,0.0012216905825447688,0.9897093325299429,1.862274601494278e-05
52,1.0,1.03,55.50000000000002,0.011074197120708748,0.6146179401993358,1.03,418.2390000000001,7.535837837837836,0.0024433811650895376,0.9921527136950324,7.449098405977112e-05
33,1.1000000000000227,1.03,56.600000000000044,0.012181616832779874,0.6267995570321157,1.1330000000000235,419.3720000000001,7.409399293286215,0.0026877192815985473,0.9948404329766309,9.013409071232676e-05
59,0.5,1.03,57.100000000000044,0.005537098560354374,0.63233665559247,0.515,419.8870000000001,7.353537653239926,0.0012216905825447688,0.9960621235591757,1.862274601494278e-05
63,0.8999999999999773,0.05,58.00000000000002,0.00996677740863762,0.6423034330011076,0.04499999999999887,419.93200000000013,7.240206896551724,0.00010674966255245285,0.9961688732217281,9.722014715356937e-05
76,1.5,0.05,59.50000000000002,0.01661129568106312,0.6589147286821707,0.07500000000000001,420.0070000000001,7.058941176470587,0.00017791610425409258,0.9963467893259822,0.00027005596431548413
77,1.6000000000000227,0.05,61.100000000000044,0.017718715393134247,0.676633444075305,0.08000000000000114,420.0870000000001,6.875400981996723,0.00018977717787103476,0.9965365665038532,0.00030726367495451513
78,1.5,0.05,62.600000000000044,0.01661129568106312,0.6932447397563681,0.07500000000000001,420.1620000000001,6.711853035143767,0.00017791610425409258,0.9967144826081074,0.00027005596431548413
70,0.5,0.05,63.100000000000044,0.005537098560354374,0.6987818383167225,0.025,420.18700000000007,6.659064976228206,5.9305368084697524e-05,0.9967737879761921,3.0006218257276012e-05
69,0.6999999999999886,0.05,63.80000000000003,0.007751937984495997,0.7065337763012185,0.034999999999999434,420.2220000000001,6.586551724137929,8.302751531857518e-05,0.9968568154915106,5.881218778425907e-05
68,0.6999999999999886,0.05,64.50000000000003,0.007751937984495997,0.7142857142857145,0.034999999999999434,420.2570000000001,6.515612403100774,8.302751531857518e-05,0.9969398430068291,5.881218778425907e-05
67,1.2000000000000455,0.05,65.70000000000007,0.013289036544851,0.7275747508305656,0.060000000000002274,420.3170000000001,6.397519025875185,0.00014233288340327943,0.9970821758902324,0.00017283581716192293
66,1.1999999999999886,0.05,66.90000000000006,0.01328903654485037,0.7408637873754159,0.059999999999999436,420.3770000000001,6.28366218236173,0.0001423328834032727,0.9972245087736357,0.00017283581716190656
65,0.8000000000000114,0.05,67.70000000000007,0.008859357696567123,0.749723145071983,0.04000000000000057,420.41700000000014,6.2099999999999955,9.488858893551738e-05,0.9973193973625711,7.681591873862878e-05
0,1.5,0.05,69.20000000000007,0.01661129568106312,0.7663344407530461,0.07500000000000001,420.49200000000013,6.076473988439302,0.00017791610425409258,0.9974973134668252,0.00027005596431548413
41,1.0,0.05,70.20000000000007,0.011074197120708748,0.7774086378737549,0.05,420.54200000000014,5.990626780626776,0.00011861073616939505,0.9976159242029946,0.00012002487302910405
62,0.5,0.05,70.70000000000007,0.005537098560354374,0.7829457364341093,0.025,420.5670000000001,5.948613861386134,5.9305368084697524e-05,0.9976752295710793,3.0006218257276012e-05
40,1.0,0.05,71.70000000000007,0.011074197120708748,0.794019933554818,0.05,420.61700000000013,5.866345885634584,0.00011861073616939505,0.9977938403072487,0.00012002487302910405
5,1.3000000000000114,0.05,73.00000000000009,0.014396456256921498,0.8084163898117396,0.06500000000000057,420.68200000000013,5.7627671232876665,0.0001541939570202149,0.9979480342642689,0.0002028420354191894
22,0.799999999999983,0.05,73.80000000000007,0.00885935769656681,0.8172757475083063,0.03999999999999915,420.72200000000015,5.7008401084010805,9.488858893551401e-05,0.9980429228532044,7.681591873862332e-05
25,0.799999999999983,0.05,74.60000000000005,0.00885935769656681,0.8261351052048731,0.03999999999999915,420.76200000000017,5.64024128686327,9.488858893551401e-05,0.9981378114421399,7.681591873862332e-05
28,1.0999999999999943,0.05,75.70000000000005,0.012181616832779558,0.8383167220376526,0.054999999999999716,420.8170000000002,5.55900924702774,0.00013047180978633386,0.9982682832519262,0.0001452300963652144
30,1.0,0.05,76.70000000000005,0.011074197120708748,0.8493909191583614,0.05,420.8670000000002,5.487183833116036,0.00011861073616939505,0.9983868939880955,0.00012002487302910405
32,0.6999999999999886,0.05,77.40000000000003,0.007751937984495997,0.8571428571428574,0.034999999999999434,420.9020000000002,5.438010335917313,8.302751531857518e-05,0.9984699215034141,5.881218778425907e-05
35,1.5,0.05,78.90000000000003,0.01661129568106312,0.8737541528239205,0.07500000000000001,420.9770000000002,5.335576679340938,0.00017791610425409258,0.9986478376076682,0.00027005596431548413
50,1.0,0.05,79.90000000000003,0.011074197120708748,0.8848283499446293,0.05,421.0270000000002,5.269424280350439,0.00011861073616939505,0.9987664483438375,0.00012002487302910405
61,1.0,0.05,80.90000000000003,0.011074197120708748,0.8959025470653381,0.05,421.0770000000002,5.204907292954265,0.00011861073616939505,0.9988850590800069,0.00012002487302910405
51,1.3000000000000114,0.05,82.20000000000005,0.014396456256921498,0.9102990033222597,0.06500000000000057,421.1420000000002,5.12338199513382,0.0001541939570202149,0.9990392530370271,0.0002028420354191894
54,1.0,0.05,83.20000000000005,0.011074197120708748,0.9213732004429684,0.05,421.19200000000023,5.062403846153846,0.00011861073616939505,0.9991578637731965,0.00012002487302910405
55,1.3000000000000114,0.05,84.50000000000006,0.014396456256921498,0.93576965669989,0.06500000000000057,421.25700000000023,4.985289940828402,0.0001541939570202149,0.9993120577302167,0.0002028420354191894
56,0.9000000000000341,0.05,85.40000000000009,0.00996677740863825,0.9457364341085283,0.045000000000001705,421.30200000000025,4.933278688524588,0.00010674966255245958,0.9994188073927691,9.722014715358165e-05
57,0.8999999999999773,0.05,86.30000000000007,0.00996677740863762,0.9557032115171659,0.04499999999999887,421.34700000000026,4.882352259559675,0.00010674966255245285,0.9995255570553215,9.722014715356937e-05
58,1.3999999999999773,0.05,87.70000000000005,0.015503875968991995,0.9712070874861578,0.06999999999999887,421.41700000000026,4.80521094640821,0.00016605503063715036,0.9996916120859587,0.00023524875113703627
60,1.0,0.05,88.70000000000005,0.011074197120708748,0.9822812846068666,0.05,421.46700000000027,4.751600901916573,0.00011861073616939505,0.9998102228221281,0.00012002487302910405
81,1.599999999999966,0.05,90.30000000000001,0.01771871539313362,1.0000000000000002,0.0799999999999983,421.54700000000025,4.668294573643413,0.00018977717787102802,0.9999999999999991,0.0003072636749544933
