,weight,grade,cml_weight,weight_pct,cml_weight_pct,yield,cml_yield,cml_grade,recovery,cml_recovery,distributional_heterogeneity
13,1.0,31.9,1.0,0.022421524663677132,0.022421524663677132,31.9,31.9,31.9,0.18685567010309279,0.18685567010309279,0.027038588186390895
17,3.0,14.8,4.0,0.0672645739910314,0.08968609865470853,44.400000000000006,76.30000000000001,19.075000000000003,0.260074976569822,0.44693064667291477,0.037175851342595274
3,3.0,9.4,7.0,0.0672645739910314,0.15695067264573992,28.200000000000003,104.50000000000001,14.92857142857143,0.16518275538894098,0.6121134020618557,0.009587970248273922
2,3.0,6.3,10.0,0.0672645739910314,0.22421524663677134,18.9,123.4,12.34,0.11070759137769447,0.7228209934395502,0.001887295759657909
1,2.5,4.3,12.5,0.056053811659192834,0.28026905829596416,10.75,134.15,10.732000000000001,0.06296860356138707,0.7857895970009373,4.7814347050650885e-05
7,3.0,2.4,15.5,0.0672645739910314,0.3475336322869956,7.199999999999999,141.35,9.119354838709677,0.04217432052483598,0.8279639175257733,0.0006295208189979311
0,0.3000000000000007,2.1,15.8,0.006726457399103156,0.35426008968609873,0.6300000000000016,141.98,8.986075949367088,0.003690253045923158,0.8316541705716964,9.21853687426917e-06
12,1.2000000000000028,2.1,17.000000000000004,0.026905829596412623,0.38116591928251137,2.5200000000000062,144.5,8.499999999999998,0.014761012183692633,0.8464151827553891,0.00014749658998830672
18,0.7999999999999972,2.1,17.8,0.01793721973094164,0.399103139013453,1.6799999999999942,146.18,8.212359550561798,0.009840674789128364,0.8562558575445174,6.55540399948022e-05
15,3.0,1.4,20.8,0.0672645739910314,0.46636771300448443,4.199999999999999,150.38,7.229807692307692,0.024601686972820988,0.8808575445173383,0.001820121928728586
9,3.0,1.4,23.8,0.0672645739910314,0.5336322869955158,4.199999999999999,154.57999999999998,6.494957983193276,0.024601686972820988,0.9054592314901593,0.001820121928728586
14,2.799999999999997,1.3,26.599999999999998,0.06278026905829591,0.5964125560538117,3.6399999999999966,158.21999999999997,5.948120300751879,0.021321462043111507,0.9267806935332707,0.001718832679122303
4,3.0,1.0,29.599999999999998,0.0672645739910314,0.6636771300448431,3.0,161.21999999999997,5.446621621621621,0.017572633552014997,0.9443533270852857,0.0024692889445947536
11,2.0,0.9,31.599999999999998,0.044843049327354265,0.7085201793721974,1.8,163.01999999999998,5.15886075949367,0.010543580131208997,0.9548969072164948,0.0011764535871373182
8,3.0,0.8,34.599999999999994,0.0672645739910314,0.7757847533632287,2.4000000000000004,165.42,4.78092485549133,0.014058106841611998,0.9689550140581068,0.0028309281465222456
10,1.0,0.8,35.599999999999994,0.022421524663677132,0.7982062780269058,0.8,166.22,4.669101123595507,0.004686035613870666,0.9736410496719775,0.00031454757183580504
6,3.0,0.8,38.599999999999994,0.0672645739910314,0.8654708520179372,2.4000000000000004,168.62,4.3683937823834205,0.014058106841611998,0.9876991565135895,0.0028309281465222456
5,3.0,0.4,41.599999999999994,0.0672645739910314,0.9327354260089685,1.2000000000000002,169.82,4.0822115384615385,0.007029053420805999,0.9947282099343955,0.0036283179383660475
16,3.0,0.3,44.599999999999994,0.0672645739910314,0.9999999999999999,0.8999999999999999,170.72,3.8278026905829603,0.005271790065604498,1.0,0.003843105258824668
