,weight,grade,cml_weight,weight_pct,cml_weight_pct,yield,cml_yield,cml_grade,recovery,cml_recovery,distributional_heterogeneity
13,3.1000000000000014,6.2,3.1000000000000014,0.039092055485498135,0.039092055485498135,19.22000000000001,19.22000000000001,6.2,0.17865774307492108,0.17865774307492108,0.0194785811523084
1,3.0,4.9,6.100000000000001,0.03783102143757882,0.07692307692307696,14.700000000000001,33.92000000000001,5.560655737704918,0.1366424986056888,0.3153002416806099,0.009763708020143917
0,3.099999999999998,4.3,9.2,0.03909205548549809,0.11601513240857504,13.32999999999999,47.25,5.135869565217392,0.12390778955196123,0.43920803123257113,0.007193708745232996
20,3.0,3.9,12.2,0.03783102143757882,0.15384615384615385,11.7,58.95,4.831967213114755,0.10875627440044618,0.5479643056330173,0.005030391507846725
17,3.0999999999999943,3.6,15.299999999999994,0.039092055485498045,0.1929382093316519,11.15999999999998,70.10999999999999,4.582352941176471,0.10373675404350233,0.6517010596765197,0.004178937051655241
16,3.0,1.5,18.299999999999994,0.03783102143757882,0.23076923076923073,4.5,74.60999999999999,4.07704918032787,0.04182933630786392,0.6935303959843836,1.5986521801942884e-05
3,3.0,1.4,21.299999999999994,0.03783102143757882,0.26860025220680955,4.199999999999999,78.80999999999999,3.7000000000000006,0.03904071388733965,0.7325711098717232,1.4633558230083528e-06
2,3.1000000000000014,1.3,24.399999999999995,0.039092055485498135,0.3076923076923077,4.030000000000002,82.83999999999999,3.395081967213115,0.03746049451570926,0.7700316043874325,2.661991198138423e-06
21,3.0999999999999943,1.0,27.49999999999999,0.039092055485498045,0.34678436317780575,3.0999999999999943,85.93999999999998,3.12509090909091,0.02881576501208398,0.7988473693995164,0.00010560214589398073
19,3.1000000000000085,0.7,30.599999999999998,0.039092055485498226,0.38587641866330397,2.1700000000000057,88.10999999999999,2.879411764705882,0.020171035508458876,0.8190184049079753,0.00035800499697152214
18,3.0,0.7,33.599999999999994,0.03783102143757882,0.4237074401008828,2.0999999999999996,90.20999999999998,2.6848214285714285,0.019520356943669825,0.8385387618516451,0.00033528043420849964
4,3.1000000000000014,0.6,36.699999999999996,0.039092055485498135,0.46279949558638095,1.8600000000000008,92.06999999999998,2.508719346049046,0.017289459007250426,0.8558282208588955,0.00047535321319329936
14,2.999999999999993,0.6,39.69999999999999,0.03783102143757874,0.5006305170239597,1.7999999999999956,93.86999999999998,2.3644836272040304,0.016731734523145525,0.8725599553820411,0.0004451799082975724
12,3.0,0.6,42.69999999999999,0.03783102143757882,0.5384615384615384,1.7999999999999998,95.66999999999997,2.2405152224824354,0.016731734523145563,0.8892916899051867,0.00044517990829757444
9,3.0,0.5,45.69999999999999,0.03783102143757882,0.5762925598991172,1.5,97.16999999999997,2.126258205689278,0.013943112102621306,0.903234802007808,0.0005706322123951506
6,3.0999999999999943,0.5,48.79999999999998,0.039092055485498045,0.6153846153846152,1.5499999999999972,98.71999999999997,2.0229508196721313,0.01440788250604199,0.91764268451385,0.0006093083956797084
25,3.1000000000000085,0.5,51.89999999999999,0.039092055485498226,0.6544766708701134,1.5500000000000043,100.26999999999998,1.9319845857418112,0.014407882506042056,0.9320505670198921,0.0006093083956797141
10,3.0,0.4,54.89999999999999,0.03783102143757882,0.6923076923076922,1.2000000000000002,101.46999999999998,1.8482695810564662,0.011154489682097046,0.9432050567019892,0.0007116373465012278
23,3.0999999999999943,0.4,57.999999999999986,0.039092055485498045,0.7313997477931902,1.2399999999999978,102.70999999999998,1.7708620689655172,0.011526306004833592,0.9547313627068228,0.0007598705444307525
15,3.1000000000000085,0.3,61.099999999999994,0.039092055485498226,0.7704918032786884,0.9300000000000025,103.63999999999999,1.6962356792144027,0.008644729503625232,0.9633760922104481,0.000927039659446438
22,3.0,0.3,64.1,0.03783102143757882,0.8083228247162672,0.8999999999999999,104.53999999999999,1.630889235569423,0.008365867261572782,0.9717419594720208,0.0008681953106158062
24,3.0,0.3,67.1,0.03783102143757882,0.8461538461538459,0.8999999999999999,105.44,1.5713859910581223,0.008365867261572782,0.9801078267335935,0.0008681953106158062
11,3.1000000000000014,0.2,70.19999999999999,0.039092055485498135,0.885245901639344,0.6200000000000003,106.06,1.5108262108262112,0.005763153002416809,0.9858709797360103,0.0011108157407267447
8,3.1000000000000014,0.2,73.29999999999998,0.039092055485498135,0.9243379571248421,0.6200000000000003,106.68,1.4553888130968626,0.005763153002416809,0.9916341327384272,0.0011108157407267447
7,3.0,0.2,76.29999999999998,0.03783102143757882,0.9621689785624209,0.6000000000000001,107.28,1.4060288335517697,0.005577244841048523,0.9972113775794756,0.001040306104738886
5,3.0,0.1,79.29999999999998,0.03783102143757882,0.9999999999999997,0.30000000000000004,107.58,1.3566204287515766,0.0027886224205242614,0.9999999999999999,0.0012279697288704663
