,weight,grade,cml_weight,weight_pct,cml_weight_pct,yield,cml_yield,cml_grade,recovery,cml_recovery,distributional_heterogeneity
25,1.1000000000000085,5.3,1.1000000000000085,0.0036974789915966673,0.0036974789915966673,5.830000000000045,5.830000000000045,5.3,0.023426826328056122,0.023426826328056122,0.0003892471463226598
101,3.0,3.1,4.1000000000000085,0.010084033613445379,0.013781512605042047,9.3,15.130000000000045,3.6902439024390277,0.03737040906533795,0.06079723539339407,0.0007445462853016455
102,3.1000000000000227,3.0,7.200000000000031,0.010420168067226968,0.024201680672269014,9.300000000000068,24.430000000000113,3.3930555555555566,0.03737040906533822,0.0981676444587323,0.0007263154898562771
88,3.0999999999999943,2.8,10.300000000000026,0.010420168067226872,0.034621848739495885,8.679999999999984,33.1100000000001,3.2145631067961182,0.03487904846098202,0.13304669291971433,0.0005982368301160199
31,1.4000000000000057,2.8,11.700000000000031,0.004705882352941196,0.039327731092437083,3.9200000000000155,37.030000000000115,3.164957264957266,0.015751828337217777,0.1487985212569321,0.000122012922687556
61,3.0,2.7,14.700000000000031,0.010084033613445379,0.04941176470588246,8.100000000000001,45.130000000000116,3.0700680272108856,0.03254842079884274,0.18134694205577484,0.0005046486916154448
42,3.0,2.3,17.70000000000003,0.010084033613445379,0.05949579831932784,6.8999999999999995,52.030000000000115,2.9395480225988715,0.02772643253234751,0.20907337458812236,0.00031125423961367906
80,3.0,2.2,20.70000000000003,0.010084033613445379,0.06957983193277321,6.6000000000000005,58.630000000000116,2.8323671497584555,0.02652093546572371,0.23559431005384607,0.00027017174250143077
62,3.0999999999999943,2.1,23.800000000000026,0.010420168067226872,0.08000000000000008,6.509999999999988,65.1400000000001,2.7369747899159678,0.026159286345736516,0.26175359639958257,0.00024771984418491645
87,3.0999999999999943,1.7,26.90000000000002,0.010420168067226872,0.09042016806722696,5.26999999999999,70.4100000000001,2.6174721189591095,0.021176565137024796,0.2829301615366074,0.00011570007792315742
85,3.1000000000000227,1.6,30.000000000000043,0.010420168067226968,0.10084033613445392,4.960000000000036,75.37000000000013,2.512333333333334,0.019930884834847052,0.30286104637145445,9.045373343388987e-05
24,1.7000000000000028,1.5,31.700000000000045,0.005714285714285724,0.10655462184873965,2.5500000000000043,77.92000000000013,2.4580441640378554,0.010246725066302358,0.3131077714377568,2.0543006479708967e-05
94,3.0,1.4,34.700000000000045,0.010084033613445379,0.11663865546218503,4.199999999999999,82.12000000000013,2.3665706051873205,0.016876958932733263,0.3299847303704901,4.614383439342246e-05
54,3.1000000000000227,1.4,37.80000000000007,0.010420168067226968,0.127058823529412,4.340000000000032,86.46000000000016,2.2873015873015876,0.01743952423049117,0.34742425460098125,4.927136094675515e-05
81,3.0999999999999943,1.3,40.90000000000006,0.010420168067226872,0.13747899159663887,4.029999999999993,90.49000000000015,2.2124694376528122,0.016193843928313082,0.36361809852929433,3.3335332948889594e-05
95,3.0,1.3,43.90000000000006,0.010084033613445379,0.14756302521008424,3.9000000000000004,94.39000000000016,2.1501138952164016,0.015671461866109463,0.3792895603954038,3.121935447866884e-05
72,3.0,1.3,46.90000000000006,0.010084033613445379,0.1576470588235296,3.9000000000000004,98.29000000000016,2.095735607675907,0.015671461866109463,0.39496102226151325,3.121935447866884e-05
59,3.0,1.2,49.90000000000006,0.010084033613445379,0.16773109243697498,3.5999999999999996,101.89000000000016,2.0418837675350705,0.014465964799485656,0.4094269870609989,1.920132091919237e-05
37,1.2000000000000028,1.2,51.100000000000065,0.004033613445378161,0.17176470588235315,1.4400000000000033,103.33000000000015,2.0221135029354214,0.005786385919794276,0.4152133729807932,3.072211347070793e-06
30,0.3999999999999915,1.2,51.50000000000006,0.0013445378151260218,0.17310924369747918,0.47999999999998977,103.81000000000014,2.0157281553398065,0.0019287953065980465,0.41714216828739126,3.4135681634118304e-07
97,3.0,1.2,54.50000000000006,0.010084033613445379,0.18319327731092455,3.5999999999999996,107.41000000000014,1.970825688073395,0.014465964799485656,0.4316081330868769,1.920132091919237e-05
68,3.0999999999999943,1.2,57.60000000000005,0.010420168067226872,0.19361344537815142,3.719999999999993,111.13000000000014,1.9293402777777784,0.014948163626135151,0.44655629671301206,2.0502743781493106e-05
35,0.5999999999999943,1.1,58.200000000000045,0.0020168067226890565,0.19563025210084048,0.6599999999999938,111.79000000000013,1.9207903780068736,0.0026520935465723454,0.4492083902595844,4.0358934859971727e-07
100,3.1000000000000227,1.1,61.30000000000007,0.010420168067226968,0.20605042016806746,3.4100000000000255,115.20000000000016,1.8792822185970641,0.01370248332395735,0.46291087358354177,1.077359344456504e-05
67,3.0,1.0,64.30000000000007,0.010084033613445379,0.21613445378151283,3.0,118.20000000000016,1.8382581648522556,0.012054970666238047,0.47496584424977983,3.884592866071056e-06
12,3.0,1.0,67.30000000000007,0.010084033613445379,0.2262184873949582,3.0,121.20000000000016,1.8008915304606246,0.012054970666238047,0.4870208149160179,3.884592866071056e-06
44,3.0,1.0,70.30000000000007,0.010084033613445379,0.23630252100840357,3.0,124.20000000000016,1.7667140825035568,0.012054970666238047,0.49907578558225596,3.884592866071056e-06
9,3.0,1.0,73.30000000000007,0.010084033613445379,0.24638655462184894,3.0,127.20000000000016,1.7353342428376541,0.012054970666238047,0.511130756248494,3.884592866071056e-06
2,3.0999999999999996,1.0,76.40000000000006,0.01042016806722689,0.25680672268907584,3.0999999999999996,130.30000000000015,1.7054973821989534,0.012456803021779315,0.5235875592702733,4.147881938104761e-06
99,3.0,1.0,79.40000000000006,0.010084033613445379,0.26689075630252124,3.0,133.30000000000015,1.6788413098236783,0.012054970666238047,0.5356425299365114,3.884592866071056e-06
29,0.6000000000000085,1.0,80.00000000000007,0.002016806722689104,0.26890756302521035,0.6000000000000085,133.90000000000015,1.6737500000000003,0.002410994133247644,0.538053524069759,1.553837146428467e-07
63,3.0,1.0,83.00000000000007,0.010084033613445379,0.27899159663865575,3.0,136.90000000000015,1.6493975903614462,0.012054970666238047,0.5501084947359971,3.884592866071056e-06
104,3.099999999999966,1.0,86.10000000000004,0.010420168067226777,0.28941176470588253,3.099999999999966,140.0000000000001,1.6260162601626023,0.012456803021779178,0.5625652977577763,4.1478819381046704e-06
23,3.0,1.0,89.10000000000004,0.010084033613445379,0.29949579831932793,3.0,143.0000000000001,1.604938271604939,0.012054970666238047,0.5746202684240144,3.884592866071056e-06
86,3.0,1.0,92.10000000000004,0.010084033613445379,0.30957983193277333,3.0,146.0000000000001,1.585233441910967,0.012054970666238047,0.5866752390902524,3.884592866071056e-06
52,3.0999999999999943,1.0,95.20000000000003,0.010420168067226872,0.32000000000000023,3.0999999999999943,149.1000000000001,1.566176470588236,0.012456803021779293,0.5991320421120317,4.147881938104746e-06
73,3.0999999999999943,1.0,98.30000000000003,0.010420168067226872,0.3304201680672271,3.0999999999999943,152.2000000000001,1.5483214649033576,0.012456803021779293,0.6115888451338111,4.147881938104746e-06
89,3.0,1.0,101.30000000000003,0.010084033613445379,0.3405042016806725,3.0,155.2000000000001,1.532082922013821,0.012054970666238047,0.6236438158000491,3.884592866071056e-06
92,3.0,1.0,104.30000000000003,0.010084033613445379,0.3505882352941179,3.0,158.2000000000001,1.5167785234899336,0.012054970666238047,0.6356987864662872,3.884592866071056e-06
103,3.0,1.0,107.30000000000003,0.010084033613445379,0.3606722689075633,3.0,161.2000000000001,1.5023299161230201,0.012054970666238047,0.6477537571325253,3.884592866071056e-06
7,3.0,1.0,110.30000000000003,0.010084033613445379,0.3707563025210087,3.0,164.2000000000001,1.4886672710788764,0.012054970666238047,0.6598087277987633,3.884592866071056e-06
53,3.0,0.9,113.30000000000003,0.010084033613445379,0.3808403361344541,2.7,166.9000000000001,1.4730803177405123,0.010849473599614244,0.6706582013983775,5.85898372426193e-07
40,3.0,0.8,116.30000000000003,0.010084033613445379,0.3909243697478995,2.4000000000000004,169.3000000000001,1.4557179707652628,0.00964397653299044,0.6803021779313679,1.9365023405852467e-07
38,3.0,0.8,119.30000000000003,0.010084033613445379,0.4010084033613449,2.4000000000000004,171.7000000000001,1.439228834870076,0.00964397653299044,0.6899461544643584,1.9365023405852467e-07
34,0.5,0.8,119.80000000000003,0.0016806722689075631,0.40268907563025247,0.4,172.1000000000001,1.4365609348914865,0.001607329422165073,0.6915534838865235,5.379173168292352e-09
33,3.0,0.8,122.80000000000003,0.010084033613445379,0.41277310924369787,2.4000000000000004,174.5000000000001,1.4210097719869712,0.00964397653299044,0.7011974604195139,1.9365023405852467e-07
83,3.0999999999999943,0.8,125.90000000000002,0.010420168067226872,0.42319327731092476,2.4799999999999955,176.9800000000001,1.4057188244638608,0.009965442417423434,0.7111629028369374,2.0677541658915723e-07
26,3.299999999999997,0.8,129.20000000000002,0.011092436974789906,0.43428571428571466,2.639999999999998,179.6200000000001,1.3902476780185764,0.010608374186289474,0.7217712770232269,2.3431678321081443e-07
96,3.1000000000000227,0.8,132.30000000000004,0.010420168067226968,0.4447058823529416,2.480000000000018,182.1000000000001,1.376417233560091,0.009965442417423526,0.7317367194406503,2.0677541658916107e-07
58,3.0999999999999943,0.8,135.40000000000003,0.010420168067226872,0.4551260504201685,2.4799999999999955,184.5800000000001,1.3632200886262928,0.009965442417423434,0.7417021618580738,2.0677541658915723e-07
98,3.099999999999966,0.8,138.5,0.010420168067226777,0.4655462184873953,2.479999999999973,187.06000000000006,1.3506137184115528,0.009965442417423344,0.7516676042754972,2.0677541658915345e-07
55,3.0,0.8,141.5,0.010084033613445379,0.4756302521008407,2.4000000000000004,189.46000000000006,1.3389399293286224,0.00964397653299044,0.7613115808084876,1.9365023405852467e-07
84,3.0,0.7,144.5,0.010084033613445379,0.4857142857142861,2.0999999999999996,191.56000000000006,1.3256747404844296,0.008438479466366632,0.7697500602748543,2.7078484509680552e-06
93,3.099999999999966,0.7,147.59999999999997,0.010420168067226777,0.4961344537815129,2.169999999999976,193.73000000000005,1.312533875338754,0.008719762115245425,0.7784698223900997,2.8913804015336044e-06
105,2.8000000000000114,0.7,150.39999999999998,0.009411764705882392,0.5055462184873952,1.9600000000000077,195.69000000000005,1.3011303191489367,0.007875914168608888,0.7863457365587085,2.358836872843303e-06
1,1.4,0.7,151.79999999999998,0.004705882352941176,0.5102521008403365,0.9799999999999999,196.67000000000004,1.2955862977602113,0.003937957084304429,0.790283693643013,5.897092182108209e-07
36,0.7999999999999972,0.7,152.59999999999997,0.0026890756302520914,0.5129411764705886,0.5599999999999979,197.23000000000005,1.292463958060289,0.002250261191031094,0.7925339548340441,1.9255811206883813e-07
20,3.1000000000000014,0.7,155.69999999999996,0.010420168067226895,0.5233613445378155,2.170000000000001,199.40000000000003,1.2806679511881829,0.008719762115245524,0.8012537169492896,2.891380401533671e-06
27,3.0999999999999943,0.7,158.79999999999995,0.010420168067226872,0.5337815126050424,2.169999999999996,201.57000000000002,1.2693324937027712,0.008719762115245505,0.8099734790645351,2.8913804015336574e-06
32,2.4000000000000057,0.7,161.19999999999996,0.008067226890756321,0.5418487394957987,1.680000000000004,203.25000000000003,1.260856079404467,0.006750783573093323,0.8167242626376284,1.7330230086195637e-06
39,3.0999999999999943,0.7,164.29999999999995,0.010420168067226872,0.5522689075630256,2.169999999999996,205.42000000000002,1.2502738892270242,0.008719762115245505,0.8254440247528739,2.8913804015336574e-06
14,3.1000000000000014,0.6,167.39999999999995,0.010420168067226895,0.5626890756302525,1.8600000000000008,207.28000000000003,1.2382317801672647,0.007474081813067593,0.8329181065659416,8.67942421694639e-06
71,3.0999999999999943,0.6,170.49999999999994,0.010420168067226872,0.5731092436974794,1.8599999999999965,209.14000000000001,1.226627565982405,0.0074740818130675755,0.8403921883790091,8.67942421694635e-06
90,3.0,0.6,173.49999999999994,0.010084033613445379,0.5831932773109247,1.7999999999999998,210.94000000000003,1.2157925072046114,0.007232982399742828,0.8476251707787519,8.128493023154782e-06
16,3.0999999999999943,0.6,176.59999999999994,0.010420168067226872,0.5936134453781516,1.8599999999999965,212.8,1.2049830124575316,0.0074740818130675755,0.8550992525918194,8.67942421694635e-06
15,3.0,0.6,179.59999999999994,0.010084033613445379,0.603697478991597,1.7999999999999998,214.60000000000002,1.1948775055679293,0.007232982399742828,0.8623322349915622,8.128493023154782e-06
56,3.0999999999999943,0.6,182.69999999999993,0.010420168067226872,0.6141176470588239,1.8599999999999965,216.46,1.1847837985769025,0.0074740818130675755,0.8698063168046297,8.67942421694635e-06
91,3.1000000000000227,0.6,185.79999999999995,0.010420168067226968,0.6245378151260509,1.8600000000000136,218.32000000000002,1.1750269106566205,0.007474081813067644,0.8772803986176974,8.679424216946511e-06
17,3.0,0.5,188.79999999999995,0.010084033613445379,0.6346218487394962,1.5,219.82000000000002,1.1643008474576275,0.006027485333119024,0.8833078839508164,1.64555839506187e-05
82,3.0,0.5,191.79999999999995,0.010084033613445379,0.6447058823529416,1.5,221.32000000000002,1.1539103232533894,0.006027485333119024,0.8893353692839354,1.64555839506187e-05
60,3.0999999999999943,0.5,194.89999999999995,0.010420168067226872,0.6551260504201685,1.5499999999999972,222.87,1.143509492047204,0.006228401510889646,0.8955637707948251,1.7570906862827236e-05
19,3.0,0.5,197.89999999999995,0.010084033613445379,0.6652100840336138,1.5,224.37,1.1337544214249624,0.006027485333119024,0.9015912561279441,1.64555839506187e-05
79,3.0,0.5,200.89999999999995,0.010084033613445379,0.6752941176470592,1.5,225.87,1.124290691886511,0.006027485333119024,0.9076187414610631,1.64555839506187e-05
77,3.0999999999999943,0.4,203.99999999999994,0.010420168067226872,0.685714285714286,1.2399999999999978,227.11,1.1132843137254906,0.004982721208711717,0.9126014626697748,2.9565828339176313e-05
64,3.1000000000000227,0.4,207.09999999999997,0.010420168067226968,0.6961344537815131,1.240000000000009,228.35000000000002,1.1026074360212461,0.004982721208711763,0.9175841838784866,2.956582833917686e-05
78,3.0999999999999943,0.4,210.19999999999996,0.010420168067226872,0.70655462184874,1.2399999999999978,229.59000000000003,1.0922454804947672,0.004982721208711717,0.9225669050871983,2.9565828339176313e-05
22,3.0999999999999943,0.4,213.29999999999995,0.010420168067226872,0.7169747899159669,1.2399999999999978,230.83000000000004,1.082184716361932,0.004982721208711717,0.92754962629591,2.9565828339176313e-05
18,3.1000000000000014,0.4,216.39999999999995,0.010420168067226895,0.7273949579831938,1.2400000000000007,232.07000000000005,1.0724121996303146,0.004982721208711729,0.9325323475046217,2.956582833917645e-05
13,3.0,0.4,219.39999999999995,0.010084033613445379,0.7374789915966391,1.2000000000000002,233.27000000000004,1.0632178669097543,0.00482198826649522,0.9373543357711169,2.7689121233359816e-05
41,3.1000000000000085,0.4,222.49999999999994,0.010420168067226919,0.747899159663866,1.2400000000000035,234.51000000000005,1.0539775280898882,0.0049827212087117405,0.9423370569798287,2.9565828339176587e-05
43,3.0999999999999943,0.4,225.59999999999994,0.010420168067226872,0.7583193277310929,1.2399999999999978,235.75000000000006,1.0449911347517735,0.004982721208711717,0.9473197781885404,2.9565828339176313e-05
70,3.0,0.4,228.59999999999994,0.010084033613445379,0.7684033613445382,1.2000000000000002,236.95000000000005,1.03652668416448,0.00482198826649522,0.9521417664550357,2.7689121233359816e-05
11,3.1000000000000014,0.3,231.69999999999993,0.010420168067226895,0.7788235294117651,0.9300000000000004,237.88000000000005,1.0266724212343552,0.0037370409065337964,0.9558788073615695,4.466418864599379e-05
28,1.2999999999999972,0.3,232.99999999999994,0.004369747899159654,0.7831932773109248,0.3899999999999991,238.27000000000004,1.0226180257510733,0.0015671461866109426,0.9574459535481804,7.854576359180969e-06
51,3.0,0.3,235.99999999999994,0.010084033613445379,0.7932773109243701,0.8999999999999999,239.17000000000004,1.0134322033898309,0.003616491199871414,0.9610624447480518,4.1829104871378124e-05
50,3.0999999999999943,0.3,239.09999999999994,0.010420168067226872,0.803697478991597,0.9299999999999983,240.10000000000005,1.0041823504809708,0.0037370409065337878,0.9647994856545856,4.4664188645993586e-05
3,3.0999999999999996,0.15,242.19999999999993,0.01042016806722689,0.814117647058824,0.4649999999999999,240.56500000000005,0.9932493806771269,0.001868520453266897,0.9666680061078525,7.313067691334764e-05
8,3.099999999999998,0.15,245.29999999999993,0.010420168067226884,0.8245378151260508,0.46499999999999964,241.03000000000006,0.9825927435792912,0.0018685204532668958,0.9685365265611194,7.313067691334754e-05
4,3.0,0.15,248.29999999999993,0.010084033613445379,0.8346218487394962,0.44999999999999996,241.48000000000005,0.9725332259363678,0.001808245599935707,0.9703447721610552,6.848866724455034e-05
10,3.1000000000000014,0.15,251.39999999999992,0.010420168067226895,0.8450420168067231,0.4650000000000002,241.94500000000005,0.9623906125696107,0.0018685204532668982,0.9722132926143221,7.313067691334771e-05
6,3.1000000000000014,0.15,254.49999999999991,0.010420168067226895,0.85546218487395,0.4650000000000002,242.41000000000005,0.9524950884086449,0.0018685204532668982,0.974081813067589,7.313067691334771e-05
5,3.0,0.15,257.4999999999999,0.010084033613445379,0.8655462184873953,0.44999999999999996,242.86000000000004,0.9431456310679618,0.001808245599935707,0.9758900586675248,6.848866724455034e-05
49,3.0,0.15,260.4999999999999,0.010084033613445379,0.8756302521008407,0.44999999999999996,243.31000000000003,0.9340115163147797,0.001808245599935707,0.9776983042674605,6.848866724455034e-05
57,3.0,0.15,263.4999999999999,0.010084033613445379,0.885714285714286,0.44999999999999996,243.76000000000002,0.9250853889943079,0.001808245599935707,0.9795065498673963,6.848866724455034e-05
21,3.0,0.15,266.4999999999999,0.010084033613445379,0.8957983193277314,0.44999999999999996,244.21,0.9163602251407134,0.001808245599935707,0.981314795467332,6.848866724455034e-05
48,3.0999999999999943,0.15,269.5999999999999,0.010420168067226872,0.9062184873949582,0.46499999999999914,244.675,0.9075482195845701,0.0018685204532668939,0.9831833159205989,7.313067691334738e-05
76,3.0,0.15,272.5999999999999,0.010084033613445379,0.9163025210084036,0.44999999999999996,245.125,0.8992112986060165,0.001808245599935707,0.9849915615205347,6.848866724455034e-05
75,3.1000000000000227,0.15,275.69999999999993,0.010420168067226968,0.9267226890756306,0.4650000000000034,245.59,0.8907870874138559,0.001868520453266911,0.9868600819738016,7.313067691334872e-05
74,3.0,0.15,278.69999999999993,0.010084033613445379,0.9368067226890759,0.44999999999999996,246.04,0.8828130606386798,0.001808245599935707,0.9886683275737373,6.848866724455034e-05
69,3.0,0.15,281.69999999999993,0.010084033613445379,0.9468907563025213,0.44999999999999996,246.48999999999998,0.875008874689386,0.001808245599935707,0.9904765731736731,6.848866724455034e-05
45,3.0,0.15,284.69999999999993,0.010084033613445379,0.9569747899159666,0.44999999999999996,246.93999999999997,0.8673691605198456,0.001808245599935707,0.9922848187736089,6.848866724455034e-05
46,3.1000000000000085,0.15,287.79999999999995,0.010420168067226919,0.9673949579831935,0.46500000000000125,247.40499999999997,0.8596421125781794,0.0018685204532669023,0.9941533392268758,7.313067691334805e-05
66,3.0999999999999943,0.15,290.9,0.010420168067226872,0.9778151260504204,0.46499999999999914,247.86999999999998,0.8520797524922654,0.0018685204532668939,0.9960218596801427,7.313067691334738e-05
65,3.0,0.15,293.9,0.010084033613445379,0.9878991596638658,0.44999999999999996,248.31999999999996,0.8449132357944878,0.001808245599935707,0.9978301052800784,6.848866724455034e-05
47,3.0,0.15,296.9,0.010084033613445379,0.9979831932773111,0.44999999999999996,248.76999999999995,0.8378915459750756,0.001808245599935707,0.9996383508800142,6.848866724455034e-05
0,0.6000000000000001,0.15,297.5,0.002016806722689076,1.0000000000000002,0.09000000000000001,248.85999999999996,0.8365042016806721,0.00036164911998714144,1.0000000000000013,2.7395466897820143e-06
