,weight,grade,cml_weight,weight_pct,cml_weight_pct,yield,cml_yield,cml_grade,recovery,cml_recovery,distributional_heterogeneity
2,3.099999999999998,5.3,3.099999999999998,0.011175198269646715,0.011175198269646715,16.42999999999999,16.42999999999999,5.3,0.03416084497671323,0.03416084497671323,0.0005283399545420775
1,3.0,3.9,6.099999999999998,0.010814708002883925,0.02198990627253064,11.7,28.12999999999999,4.611475409836065,0.024326347305389226,0.05848719228210245,0.00018256439664100603
17,3.0,3.7,9.099999999999998,0.010814708002883925,0.03280461427541456,11.100000000000001,39.22999999999999,4.310989010989011,0.02307884231536927,0.08156603459747172,0.00015040899043468038
39,3.0999999999999943,3.6,12.199999999999992,0.011175198269646702,0.04397981254506127,11.15999999999998,50.38999999999997,4.13032786885246,0.023203592814371225,0.10476962741184295,0.00014468227532355858
66,3.0999999999999943,3.4,15.299999999999986,0.011175198269646702,0.05515501081470797,10.53999999999998,60.92999999999995,3.9823529411764707,0.02191450432468393,0.12668413173652687,0.00011533269454375928
3,3.0,3.3,18.299999999999986,0.010814708002883925,0.0659697188175919,9.899999999999999,70.82999999999996,3.870491803278689,0.020583832335329344,0.14726796407185622,9.54357902227772e-05
5,3.0,3.0,21.299999999999986,0.010814708002883925,0.07678442682047582,9.0,79.82999999999996,3.747887323943662,0.018712574850299406,0.1659805389221556,6.237630073950456e-05
36,3.0,3.0,24.299999999999986,0.010814708002883925,0.08759913482335974,9.0,88.82999999999996,3.655555555555556,0.018712574850299406,0.184693113772455,6.237630073950456e-05
64,3.0999999999999943,2.9,27.39999999999998,0.011175198269646702,0.09877433309300644,8.989999999999982,97.81999999999994,3.57007299270073,0.018691783100465705,0.20338489687292072,5.6499047518898344e-05
67,3.0,2.9,30.39999999999998,0.010814708002883925,0.10958904109589036,8.7,106.51999999999994,3.503947368421053,0.018088822355289424,0.22147371922821013,5.29127396118717e-05
30,3.0,2.6,33.39999999999998,0.010814708002883925,0.12040374909877428,7.800000000000001,114.31999999999994,3.4227544910179644,0.016217564870259486,0.23769128409846962,2.9190862329347265e-05
55,3.0,2.6,36.39999999999998,0.010814708002883925,0.13121845710165822,7.800000000000001,122.11999999999993,3.354945054945055,0.016217564870259486,0.2539088489687291,2.9190862329347265e-05
68,3.0,2.6,39.39999999999998,0.010814708002883925,0.14203316510454214,7.800000000000001,129.91999999999993,3.2974619289340104,0.016217564870259486,0.2701264138389886,2.9190862329347265e-05
69,3.0999999999999943,2.6,42.49999999999997,0.011175198269646702,0.15320836337418883,8.059999999999986,137.9799999999999,3.2465882352941176,0.01675815036593477,0.28688456420492336,3.116935410944735e-05
57,3.0,2.4,45.49999999999997,0.010814708002883925,0.16402307137707275,7.199999999999999,145.1799999999999,3.1907692307692304,0.014970059880239524,0.3018546240851629,1.726694922464271e-05
89,3.099999999999966,2.3,48.59999999999994,0.0111751982696466,0.17519826964671936,7.129999999999921,152.3099999999998,3.1339506172839506,0.014824517631403699,0.3166791417165666,1.3317531804095245e-05
58,3.0999999999999943,2.3,51.69999999999993,0.011175198269646702,0.18637346791636605,7.129999999999987,159.4399999999998,3.08394584139265,0.014824517631403834,0.33150365934797044,1.3317531804095489e-05
34,3.0,2.2,54.69999999999993,0.010814708002883925,0.19718817591924998,6.6000000000000005,166.0399999999998,3.0354661791590494,0.013722554890219566,0.34522621423819,8.455573520187575e-06
26,3.0,2.2,57.69999999999993,0.010814708002883925,0.2080028839221339,6.6000000000000005,172.6399999999998,2.9920277296360482,0.013722554890219566,0.35894876912840956,8.455573520187575e-06
20,3.0,2.2,60.69999999999993,0.010814708002883925,0.21881759192501782,6.6000000000000005,179.23999999999978,2.952883031301482,0.013722554890219566,0.3726713240186291,8.455573520187575e-06
83,3.099999999999966,2.1,63.7999999999999,0.0111751982696466,0.22999279019466443,6.509999999999929,185.74999999999972,2.9114420062695925,0.013535429141716423,0.38620675316034553,5.570689769471477e-06
31,3.0999999999999943,2.1,66.89999999999989,0.011175198269646702,0.24116798846431112,6.509999999999988,192.2599999999997,2.8738415545590437,0.013535429141716546,0.3997421823020621,5.570689769471579e-06
38,3.0,2.1,69.89999999999989,0.010814708002883925,0.25198269646719507,6.300000000000001,198.55999999999972,2.8406294706723894,0.013098802395209585,0.4128409846972717,5.217087193053527e-06
32,3.0,2.1,72.89999999999989,0.010814708002883925,0.262797404470079,6.300000000000001,204.85999999999973,2.8101508916323734,0.013098802395209585,0.4259397870924813,5.217087193053527e-06
84,3.0,2.1,75.89999999999989,0.010814708002883925,0.2736121124729629,6.300000000000001,211.15999999999974,2.782081686429513,0.013098802395209585,0.4390385894876909,5.217087193053527e-06
71,3.1000000000000227,2.1,78.99999999999991,0.011175198269646804,0.2847873107426097,6.510000000000048,217.6699999999998,2.7553164556962026,0.01353542914171667,0.4525740186294076,5.570689769471682e-06
4,3.1000000000000014,2.1,82.09999999999991,0.011175198269646728,0.29596250901225646,6.510000000000003,224.17999999999978,2.7305724725943974,0.013535429141716578,0.4661094477711242,5.570689769471604e-06
82,3.0,2.0,85.09999999999991,0.010814708002883925,0.3067772170151404,6.0,230.17999999999978,2.704817861339601,0.012475049900199604,0.47858449767132377,2.7567352159818308e-06
27,3.0999999999999943,2.0,88.1999999999999,0.011175198269646702,0.31795241528478707,6.199999999999989,236.37999999999977,2.680045351473923,0.0128908848968729,0.4914753825681967,2.94358060284281e-06
65,3.0,2.0,91.1999999999999,0.010814708002883925,0.328767123287671,6.0,242.37999999999977,2.6576754385964914,0.012475049900199604,0.5039504324683963,2.7567352159818308e-06
40,3.0,1.9,94.1999999999999,0.010814708002883925,0.3395818312905549,5.699999999999999,248.07999999999976,2.6335456475583867,0.011851297405189623,0.515801729873586,1.0745175889724858e-06
37,3.0999999999999943,1.9,97.2999999999999,0.011175198269646702,0.3507570295602016,5.889999999999989,253.96999999999974,2.6101747173689622,0.012246340652029255,0.5280480705256152,1.147346003336172e-06
50,3.0999999999999943,1.9,100.39999999999989,0.011175198269646702,0.3619322278298483,5.889999999999989,259.85999999999973,2.588247011952191,0.012246340652029255,0.5402944111776444,1.147346003336172e-06
90,3.1000000000000227,1.9,103.49999999999991,0.011175198269646804,0.3731074260994951,5.890000000000043,265.7499999999998,2.5676328502415457,0.012246340652029368,0.5525407518296738,1.1473460033361934e-06
18,3.1000000000000085,1.9,106.59999999999992,0.011175198269646754,0.38428262436914185,5.890000000000016,271.6399999999998,2.5482176360225144,0.01224634065202931,0.5647870924817031,1.1473460033361828e-06
87,3.1000000000000227,1.8,109.69999999999995,0.011175198269646804,0.39545782263878865,5.580000000000041,277.21999999999986,2.5270738377392887,0.011601796407185717,0.5763888888888888,1.819859709516694e-07
81,3.1000000000000227,1.8,112.79999999999997,0.011175198269646804,0.40663302090843545,5.580000000000041,282.7999999999999,2.50709219858156,0.011601796407185717,0.5879906852960746,1.819859709516694e-07
49,3.0,1.8,115.79999999999997,0.010814708002883925,0.41744772891131937,5.4,288.1999999999999,2.488773747841105,0.011227544910179644,0.5992182302062542,1.7043431202549434e-07
48,3.0999999999999943,1.7,118.89999999999996,0.011175198269646702,0.42862292718096606,5.26999999999999,293.46999999999986,2.46820857863751,0.010957252162341965,0.6101754823685962,4.75005056892877e-08
6,3.1000000000000014,1.7,121.99999999999997,0.011175198269646728,0.4397981254506128,5.270000000000002,298.73999999999984,2.448688524590163,0.010957252162341991,0.6211327345309382,4.750050568928791e-08
21,3.0999999999999943,1.7,125.09999999999997,0.011175198269646702,0.4509733237202595,5.26999999999999,304.0099999999998,2.4301358912869695,0.010957252162341965,0.6320899866932802,4.75005056892877e-08
56,3.0999999999999943,1.7,128.19999999999996,0.011175198269646702,0.4621485219899062,5.26999999999999,309.2799999999998,2.412480499219968,0.010957252162341965,0.6430472388556222,4.75005056892877e-08
16,3.0999999999999943,1.7,131.29999999999995,0.011175198269646702,0.4733237202595529,5.26999999999999,314.5499999999998,2.395658796648895,0.010957252162341965,0.6540044910179642,4.75005056892877e-08
52,3.1999999999999886,1.6,134.49999999999994,0.01153568853640948,0.48485940879596234,5.119999999999982,319.6699999999998,2.3767286245353154,0.010645375914836958,0.6646498669328011,7.926565641313341e-07
85,3.1000000000000227,1.6,137.59999999999997,0.011175198269646804,0.49603460706560915,4.960000000000036,324.6299999999998,2.35922965116279,0.010312707917498415,0.6749625748502995,7.438896075490514e-07
72,3.0,1.6,140.59999999999997,0.010814708002883925,0.5068493150684931,4.800000000000001,329.42999999999984,2.3430298719772398,0.009980039920159684,0.6849426147704593,6.966708083185602e-07
60,3.1000000000000227,1.6,143.7,0.011175198269646804,0.5180245133381399,4.960000000000036,334.3899999999999,2.3270006958942235,0.010312707917498415,0.6952553226879576,7.438896075490514e-07
70,3.0,1.6,146.7,0.010814708002883925,0.5288392213410239,4.800000000000001,339.1899999999999,2.312133605998636,0.009980039920159684,0.7052353626081174,6.966708083185602e-07
35,3.0999999999999943,1.6,149.79999999999998,0.011175198269646702,0.5400144196106706,4.959999999999991,344.14999999999986,2.2973965287049394,0.010312707917498321,0.7155480705256156,7.438896075490376e-07
33,3.1000000000000085,1.5,152.89999999999998,0.011175198269646754,0.5511896178803174,4.650000000000013,348.7999999999999,2.281229561805101,0.00966816367265472,0.7252162341982704,2.27115327653094e-06
12,3.1000000000000014,1.5,155.99999999999997,0.011175198269646728,0.5623648161499641,4.650000000000002,353.4499999999999,2.265705128205128,0.009668163672654698,0.7348843978709251,2.2711532765309294e-06
42,3.0,1.4,158.99999999999997,0.010814708002883925,0.5731795241528481,4.199999999999999,357.64999999999986,2.2493710691823896,0.008732534930139722,0.7436169328010648,4.335444704861033e-06
29,3.1000000000000085,1.4,162.09999999999997,0.011175198269646754,0.5843547224224949,4.340000000000011,361.9899999999999,2.2331276989512645,0.009023619427811071,0.7526405522288758,4.629291512634974e-06
88,3.0,1.4,165.09999999999997,0.010814708002883925,0.5951694304253788,4.199999999999999,366.1899999999999,2.2179890975166563,0.008732534930139722,0.7613730871590155,4.335444704861033e-06
28,3.0,1.4,168.09999999999997,0.010814708002883925,0.6059841384282628,4.199999999999999,370.3899999999999,2.2033908387864365,0.008732534930139722,0.7701056220891552,4.335444704861033e-06
47,3.0,1.4,171.09999999999997,0.010814708002883925,0.6167988464311468,4.199999999999999,374.58999999999986,2.1893045002922262,0.008732534930139722,0.7788381570192949,4.335444704861033e-06
41,3.1000000000000227,1.3,174.2,0.011175198269646804,0.6279740447007937,4.03000000000003,378.6199999999999,2.1734787600459238,0.008379075182967462,0.7872172322022624,7.818304315861209e-06
19,3.0,1.3,177.2,0.010814708002883925,0.6387887527036776,3.9000000000000004,382.51999999999987,2.1586907449209924,0.008108782435129743,0.795326014637392,7.322033178225791e-06
51,3.0,1.3,180.2,0.010814708002883925,0.6496034607065616,3.9000000000000004,386.41999999999985,2.14439511653718,0.008108782435129743,0.8034347970725217,7.322033178225791e-06
73,3.0999999999999943,1.3,183.29999999999998,0.011175198269646702,0.6607786589762084,4.029999999999993,390.4499999999998,2.1301145662847785,0.008379075182967386,0.8118138722554892,7.818304315861065e-06
15,3.0,1.2,186.29999999999998,0.010814708002883925,0.6715933669790923,3.5999999999999996,394.04999999999984,2.1151368760064404,0.007485029940119762,0.819298902195609,1.1086756001652907e-05
14,3.1000000000000014,1.2,189.39999999999998,0.011175198269646728,0.6827685652487391,3.7200000000000015,397.76999999999987,2.100158394931362,0.007734530938123758,0.8270334331337327,1.183819168620939e-05
13,3.0,1.2,192.39999999999998,0.010814708002883925,0.6935832732516231,3.5999999999999996,401.3699999999999,2.0861226611226606,0.007485029940119762,0.8345184630738525,1.1086756001652907e-05
46,3.0999999999999943,1.2,195.49999999999997,0.011175198269646702,0.7047584715212698,3.719999999999993,405.08999999999986,2.0720716112531967,0.00773453093812374,0.8422529940119762,1.1838191686209336e-05
22,3.0,1.2,198.49999999999997,0.010814708002883925,0.7155731795241538,3.5999999999999996,408.6899999999999,2.0588916876574306,0.007485029940119762,0.849738023952096,1.1086756001652907e-05
62,3.0999999999999943,1.2,201.59999999999997,0.011175198269646702,0.7267483777938005,3.719999999999993,412.40999999999985,2.0456845238095234,0.00773453093812374,0.8574725548902197,1.1838191686209336e-05
11,3.0,1.2,204.59999999999997,0.010814708002883925,0.7375630857966845,3.5999999999999996,416.0099999999999,2.033284457478006,0.007485029940119762,0.8649575848303395,1.1086756001652907e-05
74,3.0999999999999943,1.1,207.69999999999996,0.011175198269646702,0.7487382840663312,3.409999999999994,419.41999999999985,2.019354838709677,0.007089986693280096,0.8720475715236196,1.6688953623679728e-05
25,3.0999999999999943,1.1,210.79999999999995,0.011175198269646702,0.759913482335978,3.409999999999994,422.8299999999998,2.0058349146110053,0.007089986693280096,0.8791375582168997,1.6688953623679728e-05
78,3.0,1.0,213.79999999999995,0.010814708002883925,0.770728190338862,3.0,425.8299999999998,1.991721234798877,0.006237524950099802,0.8853750831669994,2.095060469869418e-05
0,3.0,1.0,216.79999999999995,0.010814708002883925,0.781542898341746,3.0,428.8299999999998,1.9779981549815493,0.006237524950099802,0.8916126081170992,2.095060469869418e-05
63,3.0,1.0,219.79999999999995,0.010814708002883925,0.7923576063446299,3.0,431.8299999999998,1.964649681528662,0.006237524950099802,0.897850133067199,2.095060469869418e-05
23,3.1000000000000085,1.0,222.89999999999998,0.011175198269646754,0.8035328046142767,3.1000000000000085,434.92999999999984,1.951233737101839,0.00644544244843648,0.9042955755156354,2.237059012827247e-05
8,3.1000000000000014,1.0,225.99999999999997,0.011175198269646728,0.8147080028839234,3.1000000000000014,438.02999999999986,1.9381858407079642,0.006445442448436465,0.9107410179640719,2.2370590128272367e-05
9,3.0,1.0,228.99999999999997,0.010814708002883925,0.8255227108868074,3.0,441.02999999999986,1.9258951965065498,0.006237524950099802,0.9169785429141717,2.095060469869418e-05
44,3.0,1.0,231.99999999999997,0.010814708002883925,0.8363374188896914,3.0,444.02999999999986,1.913922413793103,0.006237524950099802,0.9232160678642715,2.095060469869418e-05
59,3.0,1.0,234.99999999999997,0.010814708002883925,0.8471521268925754,3.0,447.02999999999986,1.9022553191489358,0.006237524950099802,0.9294535928143712,2.095060469869418e-05
76,3.0,0.9,237.99999999999997,0.010814708002883925,0.8579668348954593,2.7,449.72999999999985,1.8896218487394953,0.005613772455089822,0.9350673652694611,2.7049730572308343e-05
53,2.9000000000000057,0.9,240.89999999999998,0.010454217736121148,0.8684210526315804,2.610000000000005,452.33999999999986,1.8777085927770856,0.005426646706586839,0.940494011976048,2.5276470457012668e-05
61,3.0,0.9,243.89999999999998,0.010814708002883925,0.8792357606344644,2.7,455.03999999999985,1.8656826568265679,0.005613772455089822,0.9461077844311379,2.7049730572308343e-05
43,3.0999999999999943,0.9,246.99999999999997,0.011175198269646702,0.8904109589041111,2.789999999999995,457.82999999999987,1.853562753036437,0.005800898203592806,0.9519086826347306,2.8883101199986912e-05
10,3.0999999999999943,0.9,250.09999999999997,0.011175198269646702,0.9015861571737579,2.789999999999995,460.6199999999999,1.8417433026789283,0.005800898203592806,0.9577095808383234,2.8883101199986912e-05
54,3.0999999999999943,0.9,253.19999999999996,0.011175198269646702,0.9127613554434046,2.789999999999995,463.4099999999999,1.83021327014218,0.005800898203592806,0.9635104790419161,2.8883101199986912e-05
45,3.0,0.9,256.19999999999993,0.010814708002883925,0.9235760634462886,2.7,466.1099999999999,1.819320843091335,0.005613772455089822,0.969124251497006,2.7049730572308343e-05
77,3.1000000000000227,0.8,259.29999999999995,0.011175198269646804,0.9347512617159355,2.480000000000018,468.5899999999999,1.8071345931353644,0.005156353958749207,0.9742806054557552,3.622648683882437e-05
24,3.0,0.8,262.29999999999995,0.010814708002883925,0.9455659697188195,2.4000000000000004,470.9899999999999,1.79561570720549,0.004990019960079842,0.9792706254158351,3.392699079598486e-05
7,3.0,0.8,265.29999999999995,0.010814708002883925,0.9563806777217034,2.4000000000000004,473.3899999999999,1.7843573313230303,0.004990019960079842,0.984260645375915,3.392699079598486e-05
79,3.099999999999966,0.7,268.3999999999999,0.0111751982696466,0.9675558759913501,2.169999999999976,475.55999999999983,1.771833084947839,0.004511809713905473,0.9887724550898205,4.44007470447818e-05
75,3.0,0.7,271.3999999999999,0.010814708002883925,0.978370583994234,2.0999999999999996,477.65999999999985,1.7599852616064848,0.004366267465069861,0.9931387225548903,4.1582385369723724e-05
80,3.0,0.6,274.3999999999999,0.010814708002883925,0.989185291997118,1.7999999999999998,479.45999999999987,1.7473032069970846,0.003742514970059881,0.9968812375249502,5.001591429352495e-05
86,3.0,0.5,277.3999999999999,0.010814708002883925,1.000000000000002,1.5,480.95999999999987,1.7338139870223503,0.003118762475049901,1.0,5.922757756738851e-05
