,weight,grade,cml_weight,weight_pct,cml_weight_pct,yield,cml_yield,cml_grade,recovery,cml_recovery,distributional_heterogeneity
12,2.200000000000003,42.3,2.200000000000003,0.007599309153713309,0.007599309153713309,93.06000000000012,93.06000000000012,42.3,0.10382510612898378,0.10382510612898378,0.009259404003525974
11,1.8999999999999986,41.8,4.100000000000001,0.00656303972366148,0.014162348877374789,79.41999999999993,172.48000000000005,42.068292682926824,0.08860724187367156,0.19243234800265535,0.006731251106431718
79,3.0,17.2,7.100000000000001,0.010362694300518135,0.024525043177892926,51.599999999999994,224.08000000000004,31.56056338028169,0.05756904659634167,0.250001394598997,0.0022284396970774045
42,3.0999999999999943,14.5,10.199999999999996,0.01070811744386872,0.03523316062176164,44.94999999999992,269.03,26.375490196078438,0.05014977993227817,0.30015117453127516,0.0015556447398496053
9,1.8999999999999986,10.3,12.099999999999994,0.00656303972366148,0.04179620034542312,19.569999999999986,288.59999999999997,23.851239669421496,0.021833841897100886,0.32198501642837607,0.00023319739902032179
6,2.6999999999999993,8.4,14.799999999999994,0.009326424870466319,0.051122625215889436,22.679999999999996,311.28,21.03243243243244,0.025303604201647848,0.3472886206300239,0.0002552702593807343
7,2.6000000000000014,7.1,17.399999999999995,0.008981001727115722,0.06010362694300516,18.460000000000008,329.74,18.950574712643686,0.020595437987761003,0.3678840586177849,0.00013489512965259205
70,3.0999999999999943,6.9,20.49999999999999,0.01070811744386872,0.07081174438687388,21.38999999999996,351.13,17.128292682926837,0.02386437803673927,0.3917484366545242,0.00017308719278751853
10,2.0,6.9,22.49999999999999,0.0069084628670120895,0.07772020725388597,13.8,364.93,16.21911111111112,0.01539637292692859,0.40714480958145277,7.204461718523172e-05
62,3.0999999999999943,6.7,25.599999999999984,0.01070811744386872,0.08842832469775469,20.769999999999964,385.7,15.066406250000009,0.02317265693422509,0.43031746651567787,0.00015536474470665337
80,3.0,6.3,28.599999999999984,0.010362694300518135,0.09879101899827282,18.9,404.59999999999997,14.146853146853154,0.021086336834706544,0.45140380335038444,0.00011499650920105484
76,3.0,5.7,31.599999999999984,0.010362694300518135,0.10915371329879095,17.1,421.7,13.344936708860766,0.01907811427902021,0.47048191762940467,7.595854540167308e-05
8,1.6000000000000014,5.5,33.19999999999999,0.005526770293609677,0.11468048359240063,8.800000000000008,430.5,12.966867469879523,0.009817976938910993,0.4802998945683157,1.8414454472678177e-05
66,3.0,5.1,36.19999999999999,0.010362694300518135,0.12504317789291877,15.299999999999999,445.8,12.314917127071828,0.01706989172333387,0.4973697862916495,4.498649726862602e-05
57,3.0,5.1,39.19999999999999,0.010362694300518135,0.13540587219343692,15.299999999999999,461.1,11.76275510204082,0.01706989172333387,0.5144396780149834,4.498649726862602e-05
88,6.100000000000023,4.5,45.30000000000001,0.021070811744386953,0.15647668393782388,27.450000000000102,488.5500000000001,10.78476821192053,0.030625393974216764,0.5450650719892001,9.12900415865796e-05
63,3.0,4.5,48.30000000000001,0.010362694300518135,0.16683937823834202,13.5,502.0500000000001,10.394409937888199,0.015061669167647531,0.5601267411568476,2.208036480191374e-05
90,3.1000000000000227,3.9,51.400000000000034,0.010708117443868818,0.17754749568221084,12.090000000000089,514.1400000000002,10.002723735408559,0.013488561499026667,0.5736153026558742,7.730869143862623e-06
91,3.0,3.7,54.400000000000034,0.010362694300518135,0.187910189982729,11.100000000000001,525.2400000000002,9.655147058823527,0.012384039093399083,0.5859993417492734,4.085834771706923e-06
77,3.0999999999999943,3.7,57.50000000000003,0.01070811744386872,0.1986183074265977,11.46999999999998,536.7100000000003,9.33408695652174,0.012796840396512361,0.5987961821457858,4.362763572900375e-06
28,3.0,3.5,60.50000000000003,0.010362694300518135,0.20898100172711584,10.5,547.2100000000003,9.044793388429753,0.01171463157483697,0.6105108137206228,1.8277343936926405e-06
93,3.099999999999966,3.4,63.599999999999994,0.010708117443868622,0.21968911917098446,10.539999999999884,557.7500000000001,8.769654088050316,0.01175925874274098,0.6222700724633637,1.1048980301950705e-06
81,3.1000000000000227,3.4,66.70000000000002,0.010708117443868818,0.23039723661485328,10.540000000000077,568.2900000000002,8.52008995502249,0.011759258742741197,0.6340293312061049,1.1048980301951111e-06
41,3.0,3.3,69.70000000000002,0.010362694300518135,0.24075993091537143,9.899999999999999,578.1900000000002,8.295408895265423,0.011045224056274856,0.6450745552623798,4.658468674933301e-07
61,3.0,3.3,72.70000000000002,0.010362694300518135,0.25112262521588957,9.899999999999999,588.0900000000001,8.08927097661623,0.011045224056274856,0.6561197793186546,4.658468674933301e-07
71,3.0,3.3,75.70000000000002,0.010362694300518135,0.2614853195164077,9.899999999999999,597.9900000000001,7.899471598414795,0.011045224056274856,0.6671650033749295,4.658468674933301e-07
78,3.0999999999999943,3.1,78.80000000000001,0.01070811744386872,0.2721934369602764,9.609999999999983,607.6000000000001,7.710659898477158,0.010721677088969817,0.6778866804638992,1.8386397526770318e-10
43,3.0,3.1,81.80000000000001,0.010362694300518135,0.28255613126079454,9.3,616.9000000000001,7.54156479217604,0.010375816537712745,0.688262497001612,1.7219310899160614e-10
86,3.0,3.1,84.80000000000001,0.010362694300518135,0.29291882556131266,9.3,626.2,7.384433962264151,0.010375816537712745,0.6986383135393248,1.7219310899160614e-10
60,3.0999999999999943,3.0,87.9,0.01070811744386872,0.3036269430051814,9.299999999999983,635.5,7.22980659840728,0.010375816537712725,0.7090141300770375,1.1042389223209484e-07
89,3.0,2.9,90.9,0.010362694300518135,0.3139896373056995,8.7,644.2,7.086908690869087,0.009706409019150632,0.7187205390961882,4.307103705396228e-07
74,3.0,2.8,93.9,0.010362694300518135,0.3243523316062176,8.399999999999999,652.6,6.949946751863685,0.009371705259869573,0.7280922443560577,9.820592786855529e-07
17,3.1000000000000014,2.6,97.0,0.010708117443868743,0.33506044905008636,8.060000000000004,660.6600000000001,6.810927835051547,0.008992374332684383,0.7370846186887421,2.943774423576591e-06
58,3.0999999999999943,2.5,100.1,0.01070811744386872,0.3457685664939551,7.749999999999986,668.4100000000001,6.677422577422579,0.008646513781427272,0.7457311324701693,4.250209660991993e-06
59,3.0,2.4,103.1,0.010362694300518135,0.3561312607944732,7.199999999999999,675.6100000000001,6.552958292919497,0.008032890222745349,0.7537640226929146,5.427987040806695e-06
50,3.0999999999999943,2.3,106.19999999999999,0.01070811744386872,0.36683937823834195,7.129999999999987,682.7400000000001,6.428813559322036,0.00795479267891309,0.7617188153718277,7.580797261317979e-06
67,3.0999999999999943,2.2,109.29999999999998,0.01070811744386872,0.3775474956822107,6.819999999999988,689.5600000000001,6.308874656907595,0.007608932127655999,0.7693277474994837,9.604949624228538e-06
51,3.0,2.2,112.29999999999998,0.010362694300518135,0.3879101899827288,6.6000000000000005,696.1600000000001,6.199109528049868,0.007363482704183238,0.7766912302036669,8.995270199589715e-06
87,3.099999999999966,2.2,115.39999999999995,0.010708117443868622,0.39861830742659743,6.819999999999926,702.98,6.091681109185445,0.00760893212765593,0.7843001623313228,9.604949624228363e-06
65,3.0,2.1,118.39999999999995,0.010362694300518135,0.40898100172711555,6.300000000000001,709.28,5.990540540540543,0.007028778944902182,0.791328941276225,1.1114991598411847e-05
72,3.0,2.1,121.39999999999995,0.010362694300518135,0.41934369602763366,6.300000000000001,715.5799999999999,5.894398682042835,0.007028778944902182,0.7983577202211272,1.1114991598411847e-05
19,3.0999999999999943,2.1,124.49999999999994,0.01070811744386872,0.4300518134715024,6.509999999999988,722.0899999999999,5.799919678714861,0.007263071576398908,0.8056207917975261,1.1868341028970826e-05
92,3.0,2.0,127.49999999999994,0.010362694300518135,0.4404145077720205,6.0,728.0899999999999,5.71050980392157,0.006694075185621125,0.8123148669831473,1.3458766210187717e-05
53,3.0,2.0,130.49999999999994,0.010362694300518135,0.45077720207253863,6.0,734.0899999999999,5.625210727969351,0.006694075185621125,0.8190089421687684,1.3458766210187717e-05
52,3.0999999999999943,2.0,133.59999999999994,0.01070811744386872,0.46148531951640737,6.199999999999989,740.29,5.54109281437126,0.006917211025141817,0.8259261531939103,1.4370971475544831e-05
4,3.0,1.9,136.59999999999994,0.010362694300518135,0.4718480138169255,5.699999999999999,745.99,5.461127379209373,0.006359371426340068,0.8322855246202503,1.602659403491733e-05
75,3.1000000000000227,1.8,139.69999999999996,0.010708117443868818,0.4825561312607943,5.580000000000041,751.57,5.379885468861849,0.006225489922627692,0.838511014542878,2.009394949418836e-05
55,3.0,1.8,142.69999999999996,0.010362694300518135,0.4929188255613124,5.4,756.97,5.304625087596357,0.006024667667059013,0.844535682209937,1.8818475072600682e-05
26,3.0,1.7,145.69999999999996,0.010362694300518135,0.5032815198618306,5.1,762.07,5.230404941660949,0.005689963907777956,0.850225646117715,2.183440932323778e-05
48,3.0999999999999943,1.7,148.79999999999995,0.01070811744386872,0.5139896373056992,5.26999999999999,767.34,5.1568548387096795,0.005879629371370544,0.8561052754890855,2.3314297066257143e-05
85,3.1000000000000227,1.6,151.89999999999998,0.010708117443868818,0.524697754749568,4.960000000000036,772.3000000000001,5.084265964450298,0.005533768820113504,0.861639044309199,2.6773883680158507e-05
0,3.0,1.6,154.89999999999998,0.010362694300518135,0.5350604490500862,4.800000000000001,777.1,5.016785022595224,0.005355260148496901,0.8669943044576959,2.5074396786828618e-05
47,3.0,1.5,157.89999999999998,0.010362694300518135,0.5454231433506044,4.5,781.6,4.9499683343888545,0.005020556389215844,0.8720148608469117,2.8538437463373198e-05
64,3.1000000000000227,1.5,161.0,0.010708117443868818,0.5561312607944732,4.650000000000034,786.25,4.883540372670807,0.00518790826885641,0.8772027691157681,3.0472709335891168e-05
54,3.1000000000000227,1.5,164.10000000000002,0.010708117443868818,0.566839378238342,4.650000000000034,790.9000000000001,4.819622181596587,0.00518790826885641,0.8823906773846245,3.0472709335891168e-05
18,3.0,1.5,167.10000000000002,0.010362694300518135,0.5772020725388601,4.5,795.4000000000001,4.760023937761819,0.005020556389215844,0.8874112337738403,2.8538437463373198e-05
83,3.099999999999966,1.5,170.2,0.010708117443868622,0.5879101899827287,4.649999999999949,800.0500000000001,4.700646298472386,0.005187908268856315,0.8925991420426966,3.0472709335890043e-05
25,3.1000000000000085,1.5,173.3,0.01070811744386877,0.5986183074265975,4.650000000000013,804.7,4.64339296018465,0.0051879082688563866,0.897787050311553,3.0472709335890883e-05
29,2.0999999999999943,1.5,175.4,0.0072538860103626744,0.6058721934369602,3.1499999999999915,807.85,4.6057582668187,0.0035143894724510814,0.9013014397840041,1.3983834357052791e-05
46,3.0,1.4,178.4,0.010362694300518135,0.6162348877374784,4.199999999999999,812.0500000000001,4.551849775784754,0.0046858526299347865,0.9059872924139389,3.2226531352871526e-05
22,6.0,1.4,184.4,0.02072538860103627,0.6369602763385146,8.399999999999999,820.45,4.449295010845987,0.009371705259869573,0.9153589976738085,0.0001289061254114861
1,3.0,1.4,187.4,0.010362694300518135,0.6473229706390328,4.199999999999999,824.6500000000001,4.400480256136607,0.0046858526299347865,0.9200448503037433,3.2226531352871526e-05
20,3.0,1.3,190.4,0.010362694300518135,0.6576856649395509,3.9000000000000004,828.5500000000001,4.351628151260504,0.004351148870653731,0.924395999174397,3.613867845532359e-05
49,3.0,1.3,193.4,0.010362694300518135,0.6680483592400691,3.9000000000000004,832.45,4.304291623578076,0.004351148870653731,0.9287471480450507,3.613867845532359e-05
73,3.0999999999999943,1.3,196.5,0.01070811744386872,0.6787564766839378,4.029999999999993,836.48,4.256895674300255,0.004496187166342182,0.9332433352113928,3.8588077772850935e-05
5,3.400000000000002,1.2,199.9,0.01174438687392056,0.6905008635578583,4.080000000000003,840.5600000000001,4.204902451225613,0.004551971126222369,0.9377953063376152,5.1730844287736946e-05
21,3.1000000000000085,1.2,203.0,0.01070811744386877,0.7012089810017271,3.72000000000001,844.2800000000001,4.1590147783251235,0.004150326615085109,0.9419456329527003,4.3004620554079074e-05
37,3.0999999999999943,1.1,206.1,0.01070811744386872,0.7119170984455958,3.409999999999994,847.69,4.1130033964095105,0.0038044660638279996,0.9457500990165283,4.7660402377138134e-05
84,3.0,1.1,209.1,0.010362694300518135,0.722279792746114,3.3000000000000003,850.99,4.069775227164037,0.003681741352091619,0.9494318403686199,4.4635132299088956e-05
3,3.099999999999998,1.0,212.2,0.010708117443868731,0.7329879101899827,3.099999999999998,854.09,4.02492931196984,0.0034586055125709124,0.9528904458811909,5.2555423242029444e-05
82,3.0,1.0,215.2,0.010362694300518135,0.7433506044905008,3.0,857.09,3.9827602230483277,0.0033470375928105625,0.9562374834740014,4.921943904040225e-05
44,3.1000000000000227,1.0,218.3,0.010708117443868818,0.7540587219343696,3.1000000000000227,860.19,3.9404031149793863,0.00345860551257094,0.9596960889865723,5.25554232420303e-05
35,3.0,1.0,221.3,0.010362694300518135,0.7644214162348878,3.0,863.19,3.9005422503389067,0.0033470375928105625,0.9630431265793828,4.921943904040225e-05
36,3.1000000000000085,1.0,224.40000000000003,0.01070811744386877,0.7751295336787566,3.1000000000000085,866.2900000000001,3.8604723707664883,0.003458605512570924,0.9665017320919538,5.255542324202981e-05
68,3.0999999999999943,0.9,227.50000000000003,0.01070811744386872,0.7858376511226253,2.789999999999995,869.08,3.8201318681318677,0.003112744961313818,0.9696144770532676,5.768968314875222e-05
69,3.0,0.9,230.50000000000003,0.010362694300518135,0.7962003454231434,2.7,871.7800000000001,3.782125813449024,0.0030123338335295066,0.9726268108867971,5.402779899466929e-05
15,3.1000000000000014,0.9,233.60000000000002,0.010708117443868743,0.8069084628670122,2.7900000000000014,874.57,3.743878424657534,0.0031127449613138247,0.975739555848111,5.768968314875248e-05
16,3.0,0.9,236.60000000000002,0.010362694300518135,0.8172711571675304,2.7,877.2700000000001,3.70781910397295,0.0030123338335295066,0.9787518896816405,5.402779899466929e-05
24,3.0,0.8,239.60000000000002,0.010362694300518135,0.8276338514680486,2.4000000000000004,879.6700000000001,3.6714106844741234,0.0026776300742484506,0.981429519755889,5.9060212161890074e-05
45,6.099999999999994,0.8,245.70000000000002,0.021070811744386853,0.8487046632124354,4.8799999999999955,884.5500000000001,3.6001221001221,0.005444514484305177,0.9868740342401942,0.0002441811660604362
56,3.0999999999999943,0.7,248.8,0.01070811744386872,0.8594127806563041,2.169999999999996,886.72,3.5639871382636654,0.0024210238587996356,0.9892950580989938,6.867592008769314e-05
14,1.8999999999999986,0.6,250.70000000000002,0.00656303972366148,0.8659758203799656,1.139999999999999,887.86,3.5415237335460708,0.0012718742852680126,0.9905669323842617,2.7996431696449534e-05
40,3.0999999999999943,0.6,253.8,0.01070811744386872,0.8766839378238342,1.8599999999999965,889.72,3.5055949566587863,0.002075163307542545,0.9926420956918043,7.45278971199112e-05
23,3.0999999999999943,0.4,256.9,0.01070811744386872,0.8873920552677029,1.2399999999999978,890.96,3.468119891008175,0.0013834422050283633,0.9940255378968327,8.694956830984246e-05
27,3.0999999999999943,0.3,260.0,0.01070811744386872,0.8981001727115716,0.9299999999999983,891.89,3.4303461538461537,0.0010375816537712725,0.995063119550604,9.351926246755566e-05
32,3.1000000000000085,0.15,263.1,0.01070811744386877,0.9088082901554404,0.46500000000000125,892.355,3.391695172938046,0.0005187908268856386,0.9955819103774897,0.00010382237690756088
31,3.0,0.15,266.1,0.010362694300518135,0.9191709844559586,0.44999999999999996,892.8050000000001,3.355148440435926,0.0005020556389215843,0.9960839660164112,9.723219481457262e-05
30,1.0,0.15,267.1,0.0034542314335060447,0.9226252158894647,0.15,892.955,3.34314863347061,0.00016735187964052813,0.9962513178960518,1.080357720161918e-05
39,3.0,0.15,270.1,0.010362694300518135,0.9329879101899828,0.44999999999999996,893.4050000000001,3.3076823398741206,0.0005020556389215843,0.9967533735349734,9.723219481457262e-05
13,4.199999999999996,0.15,274.3,0.014507772020725373,0.9474956822107082,0.6299999999999993,894.0350000000001,3.2593328472475394,0.0007028778944902174,0.9974562514294636,0.00019057510183656193
33,3.0,0.15,277.3,0.010362694300518135,0.9578583765112264,0.44999999999999996,894.4850000000001,3.225694194013704,0.0005020556389215843,0.9979583070683852,9.723219481457262e-05
34,3.0999999999999943,0.15,280.4,0.01070811744386872,0.9685664939550951,0.46499999999999914,894.9500000000002,3.191690442225393,0.0005187908268856362,0.9984770978952708,0.00010382237690755993
2,6.100000000000001,0.15,286.5,0.02107081174438688,0.9896373056994819,0.9150000000000001,895.8650000000001,3.126928446771379,0.0010208464658072217,0.9994979443610781,0.0004020011076722498
38,3.0,0.15,289.5,0.010362694300518135,1.0,0.44999999999999996,896.3150000000002,3.096079447322971,0.0005020556389215843,0.9999999999999997,9.723219481457262e-05
