,weight,grade,cml_weight,weight_pct,cml_weight_pct,yield,cml_yield,cml_grade,recovery,cml_recovery,distributional_heterogeneity
54,2.5,15.0,2.5,0.007052186177715087,0.007052186177715087,37.5,37.5,15.0,0.0940828179685639,0.0940828179685639,0.007574330869914303
6,0.8000000000000007,13.0,3.3000000000000007,0.00225669957686883,0.009308885754583917,10.40000000000001,47.900000000000006,14.515151515151514,0.026092301516615075,0.12017511948517898,0.000568135919830035
39,3.0,8.0,6.300000000000001,0.008462623413258104,0.017771509167842023,24.0,71.9,11.412698412698413,0.060213003499880895,0.18038812298505988,0.0026781018391099248
25,3.0999999999999943,7.7,9.399999999999995,0.008744710860366692,0.026516220028208713,23.86999999999996,95.76999999999997,10.188297872340428,0.0598868497309231,0.24027497271598297,0.0026155183682552764
15,1.0,7.2,10.399999999999995,0.002820874471086035,0.02933709449929475,7.2,102.96999999999997,9.90096153846154,0.01806390104996427,0.2583388737659472,0.00023234985928438827
14,3.1000000000000014,7.0,13.499999999999996,0.008744710860366713,0.038081805359661464,21.70000000000001,124.66999999999999,9.234814814814817,0.05444259066447566,0.3127814644304229,0.0020882962185907886
40,3.0999999999999943,5.6,16.59999999999999,0.008744710860366692,0.046826516220028154,17.359999999999967,142.02999999999994,8.556024096385544,0.04355407253158043,0.3563355369620033,0.0012116916599573641
5,0.5,4.2,17.09999999999999,0.0014104372355430174,0.04823695345557117,2.1,144.12999999999994,8.428654970760235,0.005268637806239578,0.3616041747682429,1.4885711643723268e-05
55,1.9000000000000057,3.8,18.999999999999996,0.005359661495063482,0.053596614950634655,7.220000000000021,151.34999999999997,7.96578947368421,0.01811407855288089,0.3797182533211238,0.0001626751544847436
13,3.0,3.1,21.999999999999996,0.008462623413258104,0.06205923836389276,9.3,160.64999999999998,7.302272727272728,0.023332538856203847,0.40305079217732764,0.00022111438528035627
92,3.0,3.1,24.999999999999996,0.008462623413258104,0.07052186177715086,9.3,169.95,6.798000000000001,0.023332538856203847,0.4263833310335315,0.00022111438528035627
27,3.1000000000000085,2.9,28.100000000000005,0.008744710860366732,0.0792665726375176,8.990000000000025,178.94000000000003,6.36797153024911,0.022554787560997113,0.4489381185945286,0.0001907182184772941
7,1.6999999999999993,2.8,29.800000000000004,0.004795486600846257,0.08406205923836386,4.759999999999998,183.70000000000002,6.164429530201342,0.011942245694143039,0.46088036428867163,5.107616553762022e-05
65,3.0,2.8,32.800000000000004,0.008462623413258104,0.09252468265162198,8.399999999999999,192.10000000000002,5.8567073170731705,0.02107455122495831,0.48195491551362996,0.00015906072312753716
4,3.0,2.7,35.800000000000004,0.008462623413258104,0.10098730606488007,8.100000000000001,200.20000000000002,5.592178770949721,0.020321888681209804,0.5022768041948398,0.00014064217269564548
26,3.0,2.7,38.800000000000004,0.008462623413258104,0.10944992947813817,8.100000000000001,208.3,5.368556701030927,0.020321888681209804,0.5225986928760495,0.00014064217269564548
43,3.0,2.6,41.800000000000004,0.008462623413258104,0.11791255289139627,7.800000000000001,216.10000000000002,5.169856459330144,0.01956922613746129,0.5421679190135108,0.00012335662407327762
19,3.0999999999999943,2.3,44.9,0.008744710860366692,0.12665726375176295,7.129999999999987,223.23000000000002,4.9717149220489985,0.017888279789756246,0.5600561988032671,8.360485276649805e-05
46,3.0999999999999943,2.3,47.99999999999999,0.008744710860366692,0.13540197461212963,7.129999999999987,230.36,4.799166666666667,0.017888279789756246,0.5779444785930233,8.360485276649805e-05
66,3.0999999999999943,2.1,51.09999999999999,0.008744710860366692,0.14414668547249632,6.509999999999988,236.87,4.635420743639923,0.016332777199342664,0.594277255792366,5.757875076470019e-05
88,3.0,1.6,54.09999999999999,0.008462623413258104,0.1526093088857544,4.800000000000001,241.67000000000002,4.467097966728282,0.01204260069997618,0.6063198564923422,1.2816237373417304e-05
17,3.1000000000000014,1.6,57.19999999999999,0.008744710860366713,0.16135401974612112,4.960000000000003,246.63000000000002,4.311713286713288,0.012444020723308724,0.618763877215651,1.3684893462060046e-05
31,3.1000000000000085,1.4,60.3,0.008744710860366732,0.17009873060648786,4.340000000000011,250.97000000000003,4.162023217247098,0.010888518132895156,0.6296523953485461,4.595909621745765e-06
20,3.0,1.4,63.3,0.008462623413258104,0.17856135401974596,4.199999999999999,255.17000000000002,4.0311216429699845,0.010537275612479155,0.6401896709610253,4.304181747732743e-06
82,3.0,1.4,66.3,0.008462623413258104,0.18702397743300406,4.199999999999999,259.37,3.912066365007542,0.010537275612479155,0.6507269465735045,4.304181747732743e-06
16,2.0,1.4,68.3,0.00564174894217207,0.19266572637517612,2.8,262.17,3.8385065885797953,0.007024850408319437,0.657751796981824,1.9129696656589964e-06
73,3.0,1.4,71.3,0.008462623413258104,0.20112834978843422,4.199999999999999,266.37,3.735904628330996,0.010537275612479155,0.6682890725943031,4.304181747732743e-06
72,3.1000000000000227,1.4,74.40000000000002,0.008744710860366772,0.20987306064880099,4.340000000000032,270.71000000000004,3.638575268817204,0.010888518132895209,0.6791775907271984,4.595909621745807e-06
33,3.0999999999999943,1.3,77.50000000000001,0.008744710860366692,0.21861777150916767,4.029999999999993,274.74,3.5450322580645155,0.010110766837688316,0.6892883575648867,1.8661089331761336e-06
3,3.0999999999999996,1.2,80.60000000000001,0.008744710860366708,0.22736248236953438,3.7199999999999993,278.46000000000004,3.4548387096774196,0.009333015542481537,0.6986213731073683,3.461023989982306e-07
120,3.1000000000000227,1.2,83.70000000000003,0.008744710860366772,0.23610719322990115,3.7200000000000273,282.18000000000006,3.3713261648745516,0.009333015542481607,0.7079543886498498,3.461023989982358e-07
71,3.0,1.1,86.70000000000003,0.008462623413258104,0.24456981664315924,3.3000000000000003,285.4800000000001,3.2927335640138407,0.008279287981233624,0.7162336766310835,3.3611880635603285e-08
53,3.0,1.1,89.70000000000003,0.008462623413258104,0.25303244005641734,3.3000000000000003,288.7800000000001,3.219397993311037,0.008279287981233624,0.7245129646123172,3.3611880635603285e-08
48,3.0999999999999943,1.1,92.80000000000003,0.008744710860366692,0.26177715091678405,3.409999999999994,292.19000000000005,3.148599137931034,0.008555264247274728,0.7330682288595919,3.5890019212016266e-08
109,3.0,1.1,95.80000000000003,0.008462623413258104,0.27023977433004215,3.3000000000000003,295.49000000000007,3.084446764091858,0.008279287981233624,0.7413475168408256,3.3611880635603285e-08
12,3.1000000000000014,1.0,98.90000000000003,0.008744710860366713,0.27898448519040886,3.1000000000000014,298.5900000000001,3.0191102123356925,0.007777512952067952,0.7491250297928935,9.354717938174971e-07
2,3.0,1.0,101.90000000000003,0.008462623413258104,0.28744710860366696,3.0,301.5900000000001,2.9596663395485767,0.007526625437485112,0.7566516552303786,8.760922106511412e-07
64,3.0999999999999943,1.0,105.00000000000003,0.008744710860366692,0.29619181946403367,3.0999999999999943,304.69000000000005,2.9018095238095234,0.007777512952067934,0.7644291681824466,9.354717938174926e-07
57,3.0999999999999943,1.0,108.10000000000002,0.008744710860366692,0.3049365303244004,3.0999999999999943,307.7900000000001,2.8472710453284,0.007777512952067934,0.7722066811345145,9.354717938174926e-07
83,3.1000000000000227,1.0,111.20000000000005,0.008744710860366772,0.31368124118476715,3.1000000000000227,310.8900000000001,2.7957733812949637,0.0077775129520680055,0.7799841940865825,9.3547179381751e-07
98,3.0,1.0,114.20000000000005,0.008462623413258104,0.32214386459802524,3.0,313.8900000000001,2.7485989492119085,0.007526625437485112,0.7875108195240675,8.760922106511412e-07
93,3.1000000000000227,1.0,117.30000000000007,0.008744710860366772,0.330888575458392,3.1000000000000227,316.9900000000001,2.7023870417732305,0.0077775129520680055,0.7952883324761355,9.3547179381751e-07
44,3.0999999999999943,0.9,120.40000000000006,0.008744710860366692,0.3396332863187587,2.789999999999995,319.78000000000014,2.6559800664451827,0.006999761656861141,0.8022880941329966,3.044847722814658e-06
68,3.0999999999999943,0.9,123.50000000000006,0.008744710860366692,0.34837799717912543,2.789999999999995,322.57000000000016,2.6119028340080974,0.006999761656861141,0.8092878557898577,3.044847722814658e-06
18,3.0,0.9,126.50000000000006,0.008462623413258104,0.35684062059238353,2.7,325.27000000000015,2.571304347826087,0.006773962893736601,0.8160618186835943,2.851574350190637e-06
113,3.0,0.9,129.50000000000006,0.008462623413258104,0.3653032440056416,2.7,327.97000000000014,2.5325868725868728,0.006773962893736601,0.8228357815773308,2.851574350190637e-06
11,3.0,0.8,132.50000000000006,0.008462623413258104,0.3737658674188997,2.4000000000000004,330.3700000000001,2.4933584905660378,0.00602130034998809,0.8288570819273189,5.960058299254091e-06
1,3.0999999999999996,0.8,135.60000000000005,0.008744710860366708,0.38251057827926643,2.48,332.85000000000014,2.454646017699115,0.006222010361654358,0.8350790922889733,6.364017806203534e-06
119,3.0,0.7,138.60000000000005,0.008462623413258104,0.39097320169252453,2.0999999999999996,334.95000000000016,2.416666666666667,0.005268637806239577,0.8403477300952128,1.020154405784151e-05
118,3.1000000000000227,0.7,141.70000000000007,0.008744710860366772,0.3997179125528913,2.170000000000016,337.1200000000002,2.3791107974594214,0.005444259066447604,0.8457919891616604,1.089298204398426e-05
117,3.0,0.7,144.70000000000007,0.008462623413258104,0.4081805359661494,2.0999999999999996,339.2200000000002,2.344298548721493,0.005268637806239577,0.8510606269679,1.020154405784151e-05
30,3.0,0.7,147.70000000000007,0.008462623413258104,0.4166431593794075,2.0999999999999996,341.3200000000002,2.31090047393365,0.005268637806239577,0.8563292647741395,1.020154405784151e-05
58,3.0,0.7,150.70000000000007,0.008462623413258104,0.4251057827926656,2.0999999999999996,343.42000000000024,2.2788321167883216,0.005268637806239577,0.861597902580379,1.020154405784151e-05
56,1.6999999999999886,0.7,152.40000000000006,0.004795486600846227,0.4299012693935118,1.189999999999992,344.61000000000024,2.2612204724409457,0.0029855614235357406,0.8645834640039148,3.2758291474623966e-06
8,3.1000000000000014,0.6,155.50000000000006,0.008744710860366713,0.4386459802538785,1.8600000000000008,346.47000000000025,2.228102893890676,0.004666507771240771,0.8692499717751556,1.663174043615637e-05
94,3.0,0.6,158.50000000000006,0.008462623413258104,0.4471086036671366,1.7999999999999998,348.27000000000027,2.1972870662460577,0.004515975262491066,0.8737659470376467,1.5576031625952882e-05
95,3.099999999999966,0.6,161.60000000000002,0.008744710860366612,0.4558533145275032,1.8599999999999794,350.1300000000002,2.1666460396039615,0.004666507771240717,0.8784324548088873,1.663174043615599e-05
50,3.1000000000000227,0.6,164.70000000000005,0.008744710860366772,0.46459802538787,1.8600000000000136,351.99000000000024,2.137158469945356,0.004666507771240803,0.8830989625801281,1.66317404361566e-05
34,3.0,0.5,167.70000000000005,0.008462623413258104,0.4730606488011281,1.5,353.49000000000024,2.1078711985688736,0.003763312718742556,0.8868622752988706,2.2083521003588215e-05
116,3.099999999999966,0.5,170.8,0.008744710860366612,0.4818053596614947,1.549999999999983,355.0400000000002,2.0786885245901647,0.0038887564760339316,0.8907510317749046,2.3580292982719785e-05
79,3.0,0.5,173.8,0.008462623413258104,0.4902679830747528,1.5,356.5400000000002,2.0514384349827397,0.003763312718742556,0.8945143444936471,2.2083521003588215e-05
75,3.0,0.5,176.8,0.008462623413258104,0.4987306064880109,1.5,358.0400000000002,2.0251131221719465,0.003763312718742556,0.8982776572123896,2.2083521003588215e-05
112,3.099999999999966,0.5,179.89999999999998,0.008744710860366612,0.5074753173483775,1.549999999999983,359.59000000000015,1.9988326848249038,0.0038887564760339316,0.9021664136884235,2.3580292982719785e-05
67,3.0,0.5,182.89999999999998,0.008462623413258104,0.5159379407616356,1.5,361.09000000000015,1.9742482230727183,0.003763312718742556,0.9059297264071661,2.2083521003588215e-05
114,3.1000000000000227,0.5,186.0,0.008744710860366772,0.5246826516220023,1.5500000000000114,362.64000000000016,1.9496774193548396,0.0038887564760340027,0.9098184828832001,2.3580292982720653e-05
35,3.0,0.4,189.0,0.008462623413258104,0.5331452750352604,1.2000000000000002,363.84000000000015,1.9250793650793658,0.003010650174994045,0.9128291330581941,2.9724012190747505e-05
115,3.0,0.4,192.0,0.008462623413258104,0.5416078984485185,1.2000000000000002,365.04000000000013,1.9012500000000008,0.003010650174994045,0.9158397832331882,2.9724012190747505e-05
38,3.1000000000000085,0.4,195.10000000000002,0.008744710860366732,0.5503526093088853,1.2400000000000035,366.28000000000014,1.8773962070732964,0.0031110051808271883,0.9189507884140153,3.173863968367612e-05
42,3.1000000000000085,0.4,198.20000000000005,0.008744710860366732,0.5590973201692521,1.2400000000000035,367.52000000000015,1.8542885973763878,0.0031110051808271883,0.9220617935948425,3.173863968367612e-05
37,3.0,0.4,201.20000000000005,0.008462623413258104,0.5675599435825102,1.2000000000000002,368.72000000000014,1.8326043737574556,0.003010650174994045,0.9250724437698365,2.9724012190747505e-05
61,3.0,0.4,204.20000000000005,0.008462623413258104,0.5760225669957683,1.2000000000000002,369.92000000000013,1.8115572967678748,0.003010650174994045,0.9280830939448306,2.9724012190747505e-05
49,3.0,0.4,207.20000000000005,0.008462623413258104,0.5844851904090264,1.2000000000000002,371.1200000000001,1.7911196911196914,0.003010650174994045,0.9310937441198246,2.9724012190747505e-05
10,3.099999999999998,0.4,210.30000000000004,0.008744710860366703,0.593229901269393,1.2399999999999993,372.3600000000001,1.7706134094151216,0.003111005180827178,0.9342047493006518,3.17386396836759e-05
87,3.1000000000000227,0.4,213.40000000000006,0.008744710860366772,0.6019746121297598,1.240000000000009,373.60000000000014,1.7507029053420806,0.003111005180827202,0.937315754481479,3.173863968367641e-05
96,3.0,0.4,216.40000000000006,0.008462623413258104,0.6104372355430179,1.2000000000000002,374.8000000000001,1.7319778188539743,0.003010650174994045,0.940326404656473,2.9724012190747505e-05
78,3.0999999999999943,0.4,219.50000000000006,0.008744710860366692,0.6191819464033845,1.2399999999999978,376.04000000000013,1.7131662870159454,0.003111005180827174,0.9434374098373002,3.173863968367582e-05
90,3.0,0.3,222.50000000000006,0.008462623413258104,0.6276445698166426,0.8999999999999999,376.9400000000001,1.6941123595505618,0.002257987631245533,0.9456953974685457,3.849750518743075e-05
108,3.1000000000000227,0.3,225.60000000000008,0.008744710860366772,0.6363892806770094,0.9300000000000068,377.8700000000001,1.6749556737588651,0.0023332538856204016,0.9480286513541661,4.1106780539023886e-05
52,3.0999999999999943,0.3,228.70000000000007,0.008744710860366692,0.645133991537376,0.9299999999999983,378.8000000000001,1.6563183209444687,0.0023332538856203804,0.9503619052397865,4.110678053902312e-05
69,3.0,0.3,231.70000000000007,0.008462623413258104,0.6535966149506341,0.8999999999999999,379.7000000000001,1.6387570133793699,0.002257987631245533,0.952619892871032,3.849750518743075e-05
74,3.0999999999999943,0.3,234.80000000000007,0.008744710860366692,0.6623413258110008,0.9299999999999983,380.6300000000001,1.6210817717206132,0.0023332538856203804,0.9549531467566523,4.110678053902312e-05
100,3.0,0.15,237.80000000000007,0.008462623413258104,0.6708039492242589,0.44999999999999996,381.0800000000001,1.6025231286795627,0.0011289938156227666,0.9560821405722751,5.378212307531305e-05
99,3.1000000000000227,0.15,240.9000000000001,0.008744710860366772,0.6795486600846257,0.4650000000000034,381.5450000000001,1.5838314653383143,0.0011666269428102008,0.9572487675150854,5.7427355861529566e-05
111,3.0,0.15,243.9000000000001,0.008462623413258104,0.6880112834978838,0.44999999999999996,381.99500000000006,1.5661951619516192,0.0011289938156227666,0.9583777613307082,5.378212307531305e-05
101,3.099999999999966,0.15,247.00000000000006,0.008744710860366612,0.6967559943582504,0.46499999999999486,382.46000000000004,1.5484210526315787,0.0011666269428101794,0.9595443882735184,5.742735586152745e-05
110,3.1000000000000227,0.15,250.10000000000008,0.008744710860366772,0.7055007052186172,0.4650000000000034,382.92500000000007,1.53108756497401,0.0011666269428102008,0.9607110152163286,5.7427355861529566e-05
97,3.1000000000000227,0.15,253.2000000000001,0.008744710860366772,0.714245416078984,0.4650000000000034,383.3900000000001,1.5141785150078986,0.0011666269428102008,0.9618776421591388,5.7427355861529566e-05
102,3.0,0.15,256.2000000000001,0.008462623413258104,0.722708039492242,0.44999999999999996,383.8400000000001,1.4982045277127243,0.0011289938156227666,0.9630066359747617,5.378212307531305e-05
107,3.0,0.15,259.2000000000001,0.008462623413258104,0.7311706629055001,0.44999999999999996,384.2900000000001,1.482600308641975,0.0011289938156227666,0.9641356297903845,5.378212307531305e-05
103,3.1000000000000227,0.15,262.3000000000001,0.008744710860366772,0.7399153737658669,0.4650000000000034,384.7550000000001,1.4668509340449865,0.0011666269428102008,0.9653022567331947,5.7427355861529566e-05
105,3.099999999999966,0.15,265.4000000000001,0.008744710860366612,0.7486600846262336,0.46499999999999486,385.2200000000001,1.451469480030143,0.0011666269428101794,0.9664688836760049,5.742735586152745e-05
104,3.0,0.15,268.4000000000001,0.008462623413258104,0.7571227080394917,0.44999999999999996,385.6700000000001,1.4369225037257822,0.0011289938156227666,0.9675978774916277,5.378212307531305e-05
106,3.0,0.15,271.4000000000001,0.008462623413258104,0.7655853314527498,0.44999999999999996,386.12000000000006,1.4226971260132644,0.0011289938156227666,0.9687268713072505,5.378212307531305e-05
0,0.9000000000000004,0.15,272.30000000000007,0.0025387870239774323,0.7681241184767272,0.13500000000000004,386.25500000000005,1.4184906353286815,0.00033869814468683013,0.9690655694519373,4.840391076778179e-06
91,3.099999999999966,0.15,275.40000000000003,0.008744710860366612,0.7768688293370939,0.46499999999999486,386.72,1.4042120551924473,0.0011666269428101794,0.9702321963947476,5.742735586152745e-05
47,3.0,0.15,278.40000000000003,0.008462623413258104,0.785331452750352,0.44999999999999996,387.17,1.3906968390804597,0.0011289938156227666,0.9713611902103704,5.378212307531305e-05
9,3.0,0.15,281.40000000000003,0.008462623413258104,0.7937940761636101,0.44999999999999996,387.62,1.377469793887704,0.0011289938156227666,0.9724901840259932,5.378212307531305e-05
21,3.1000000000000014,0.15,284.50000000000006,0.008744710860366713,0.8025387870239769,0.4650000000000002,388.085,1.3640949033391911,0.0011666269428101928,0.9736568109688034,5.742735586152877e-05
22,3.000000000000007,0.15,287.50000000000006,0.008462623413258125,0.811001410437235,0.45000000000000107,388.53499999999997,1.3514260869565213,0.0011289938156227694,0.9747858047844262,5.378212307531331e-05
23,3.0,0.15,290.50000000000006,0.008462623413258104,0.819464033850493,0.44999999999999996,388.98499999999996,1.3390189328743543,0.0011289938156227666,0.975914798600049,5.378212307531305e-05
24,3.0999999999999943,0.15,293.6,0.008744710860366692,0.8282087447108597,0.46499999999999914,389.44999999999993,1.3264645776566755,0.0011666269428101902,0.9770814255428593,5.74273558615285e-05
28,3.0,0.15,296.6,0.008462623413258104,0.8366713681241178,0.44999999999999996,389.8999999999999,1.3145650708024272,0.0011289938156227666,0.9782104193584821,5.378212307531305e-05
29,3.0999999999999943,0.15,299.70000000000005,0.008744710860366692,0.8454160789844845,0.46499999999999914,390.3649999999999,1.3025191858525187,0.0011666269428101902,0.9793770463012923,5.74273558615285e-05
32,3.0,0.15,302.70000000000005,0.008462623413258104,0.8538787023977426,0.44999999999999996,390.8149999999999,1.2910967955071022,0.0011289938156227666,0.9805060401169151,5.378212307531305e-05
36,3.0999999999999943,0.15,305.80000000000007,0.008744710860366692,0.8626234132581092,0.46499999999999914,391.27999999999986,1.279529103989535,0.0011666269428101902,0.9816726670597253,5.74273558615285e-05
41,3.0,0.15,308.80000000000007,0.008462623413258104,0.8710860366713673,0.44999999999999996,391.72999999999985,1.2685556994818645,0.0011289938156227666,0.9828016608753481,5.378212307531305e-05
45,3.0,0.15,311.80000000000007,0.008462623413258104,0.8795486600846254,0.44999999999999996,392.17999999999984,1.2577934573444507,0.0011289938156227666,0.983930654690971,5.378212307531305e-05
51,3.0,0.15,314.80000000000007,0.008462623413258104,0.8880112834978835,0.44999999999999996,392.6299999999998,1.2472363405336713,0.0011289938156227666,0.9850596485065938,5.378212307531305e-05
89,3.1000000000000227,0.15,317.9000000000001,0.008744710860366772,0.8967559943582503,0.4650000000000034,393.0949999999998,1.2365366467442582,0.0011666269428102008,0.986226275449404,5.7427355861529566e-05
59,3.0999999999999943,0.15,321.0000000000001,0.008744710860366692,0.9055007052186169,0.46499999999999914,393.5599999999998,1.226043613707164,0.0011666269428101902,0.9873929023922142,5.74273558615285e-05
62,3.1000000000000227,0.15,324.10000000000014,0.008744710860366772,0.9142454160789837,0.4650000000000034,394.02499999999975,1.2157513113236642,0.0011666269428102008,0.9885595293350244,5.7427355861529566e-05
63,3.0,0.15,327.10000000000014,0.008462623413258104,0.9227080394922418,0.44999999999999996,394.47499999999974,1.2059767655151317,0.0011289938156227666,0.9896885231506473,5.378212307531305e-05
70,3.0999999999999943,0.15,330.20000000000016,0.008744710860366692,0.9314527503526084,0.46499999999999914,394.9399999999997,1.1960629921259829,0.0011666269428101902,0.9908551500934575,5.74273558615285e-05
76,3.0999999999999943,0.15,333.3000000000002,0.008744710860366692,0.9401974612129751,0.46499999999999914,395.4049999999997,1.1863336333633347,0.0011666269428101902,0.9920217770362677,5.74273558615285e-05
77,3.0,0.15,336.3000000000002,0.008462623413258104,0.9486600846262332,0.44999999999999996,395.8549999999997,1.1770889087124574,0.0011289938156227666,0.9931507708518905,5.378212307531305e-05
80,3.0999999999999943,0.15,339.4000000000002,0.008744710860366692,0.9574047954865998,0.46499999999999914,396.31999999999965,1.1677077195050072,0.0011666269428101902,0.9943173977947007,5.74273558615285e-05
81,3.0,0.15,342.4000000000002,0.008462623413258104,0.9658674188998579,0.44999999999999996,396.76999999999964,1.1587908878504656,0.0011289938156227666,0.9954463916103236,5.378212307531305e-05
84,3.0,0.15,345.4000000000002,0.008462623413258104,0.974330042313116,0.44999999999999996,397.21999999999963,1.1500289519397782,0.0011289938156227666,0.9965753854259464,5.378212307531305e-05
85,3.0999999999999943,0.15,348.5000000000002,0.008744710860366692,0.9830747531734827,0.46499999999999914,397.6849999999996,1.1411334289813468,0.0011666269428101902,0.9977420123687566,5.74273558615285e-05
86,2.9999999999999716,0.15,351.5000000000002,0.008462623413258024,0.9915373765867407,0.44999999999999574,398.1349999999996,1.1326742532005671,0.001128993815622756,0.9988710061843793,5.3782123075312035e-05
60,3.0,0.15,354.5000000000002,0.008462623413258104,0.9999999999999988,0.44999999999999996,398.5849999999996,1.124358251057826,0.0011289938156227666,1.000000000000002,5.378212307531305e-05
