,weight,grade,cml_weight,weight_pct,cml_weight_pct,yield,cml_yield,cml_grade,recovery,cml_recovery,distributional_heterogeneity
25,2.200000000000003,14.1,2.200000000000003,0.005673027333677159,0.005673027333677159,31.02000000000004,31.02000000000004,14.1,0.053530289826311285,0.053530289826311285,0.002290317573288885
97,1.6000000000000227,11.8,3.8000000000000256,0.004125838060856169,0.009798865394533327,18.88000000000027,49.900000000000304,13.131578947368412,0.03258065351130787,0.08611094333761915,0.0008096765223192652
91,3.1000000000000227,10.0,6.900000000000048,0.007993811242908771,0.0177926766374421,31.000000000000227,80.90000000000053,11.724637681159415,0.053495776422168274,0.13960671975978742,0.0020704288351745446
72,3.0999999999999943,6.3,10.000000000000043,0.007993811242908698,0.025786487880350796,19.529999999999962,100.43000000000049,10.043000000000006,0.0337023391459657,0.17330905890575313,0.0006609284069422609
10,3.1000000000000014,5.9,13.100000000000044,0.007993811242908717,0.03378029912325951,18.29000000000001,118.7200000000005,9.062595419847336,0.03156250808907907,0.2048715669948322,0.0005554834710266802
37,3.0,5.4,16.100000000000044,0.0077359463641052065,0.04151624548736472,16.200000000000003,134.9200000000005,8.380124223602493,0.027955857356100643,0.23282742435093284,0.0004088448005242177
15,3.1000000000000014,4.8,19.200000000000045,0.007993811242908717,0.049510056730273436,14.880000000000006,149.8000000000005,7.802083333333341,0.025677972682640594,0.25850539703357345,0.0003127295658264999
22,1.7999999999999972,4.7,21.000000000000043,0.004641567818463117,0.05415162454873655,8.459999999999987,158.26000000000047,7.536190476190484,0.01459916995263031,0.2731045669862038,9.915384026237104e-05
21,1.3000000000000114,4.7,22.300000000000054,0.003352243424445619,0.057503867973182174,6.110000000000054,164.37000000000052,7.370852017937225,0.010543844965788666,0.2836484119519924,5.1719132729447696e-05
57,3.0,4.3,25.300000000000054,0.0077359463641052065,0.06523981433728739,12.899999999999999,177.27000000000052,7.006719367588938,0.022261145672450505,0.30590955762444294,0.0002109814149471548
64,3.0999999999999943,4.0,28.40000000000005,0.007993811242908698,0.07323362558019608,12.399999999999977,189.6700000000005,6.67852112676057,0.021398310568867113,0.32730786819331004,0.0001796806021796197
24,1.5,4.0,29.90000000000005,0.0038679731820526033,0.07710159876224869,6.0,195.6700000000005,6.5441471571906416,0.010354021243000236,0.33766188943631026,4.2068819448922554e-05
17,3.1000000000000014,3.9,33.00000000000005,0.007993811242908717,0.08509541000515741,12.090000000000005,207.7600000000005,6.295757575757581,0.020863352804645484,0.3585252422409557,0.00016562510000927004
13,3.0999999999999943,3.6,36.100000000000044,0.007993811242908698,0.09308922124806611,11.15999999999998,218.92000000000047,6.064265927977845,0.019258479511980404,0.3777837217529361,0.00012689275121223093
12,3.0,3.4,39.100000000000044,0.0077359463641052065,0.10082516761217132,10.2,229.12000000000046,5.859846547314583,0.0176018361131004,0.3953855578660365,9.733578053932849e-05
123,3.1000000000000227,3.4,42.20000000000007,0.007993811242908771,0.10881897885508009,10.540000000000077,239.66000000000054,5.679146919431283,0.018188563983537215,0.41357412184957376,0.00010393298344255117
46,1.3000000000000114,3.4,43.50000000000008,0.003352243424445619,0.11217122227952571,4.420000000000038,244.08000000000058,5.611034482758624,0.007627462315676906,0.42120158416525066,1.8277496567940888e-05
36,3.0999999999999943,3.0,46.60000000000007,0.007993811242908698,0.1201650335224344,9.299999999999983,253.38000000000056,5.437339055793995,0.016048732926650336,0.437250317091901,6.488176333121123e-05
88,1.5,3.0,48.10000000000007,0.0038679731820526033,0.12403300670448701,4.5,257.88000000000056,5.361330561330565,0.007765515932250177,0.44501583302415115,1.519083948961767e-05
7,3.1000000000000014,2.9,51.200000000000074,0.007993811242908717,0.13202681794739574,8.990000000000004,266.8700000000006,5.212304687500004,0.015513775162428693,0.46052960818657984,5.6549857350882254e-05
35,3.0,2.8,54.200000000000074,0.0077359463641052065,0.13976276431150095,8.399999999999999,275.27000000000055,5.078782287822881,0.014495629740200328,0.4750252379267802,4.569331934505677e-05
38,3.1000000000000085,2.8,57.30000000000008,0.007993811242908735,0.14775657555440969,8.680000000000023,283.95000000000056,4.955497382198955,0.014978817398207047,0.49000405532498725,4.8790310989555334e-05
9,3.0,2.7,60.30000000000008,0.0077359463641052065,0.1554925219185149,8.100000000000001,292.0500000000006,4.843283582089556,0.013977928678050321,0.5039819840030376,3.896234320760359e-05
14,3.0,2.6,63.30000000000008,0.0077359463641052065,0.1632284682826201,7.800000000000001,299.8500000000006,4.736966824644553,0.013460227615900308,0.5174422116189379,3.2767395849652895e-05
23,3.0,2.4,66.30000000000008,0.0077359463641052065,0.17096441464672532,7.199999999999999,307.0500000000006,4.631221719457017,0.012424825491600282,0.5298670371105382,2.1985587472258994e-05
4,3.0,2.4,69.30000000000008,0.0077359463641052065,0.17870036101083053,7.199999999999999,314.25000000000057,4.534632034632037,0.012424825491600282,0.5422918626021385,2.1985587472258994e-05
16,3.0,2.4,72.30000000000008,0.0077359463641052065,0.18643630737493574,7.199999999999999,321.45000000000056,4.44605809128631,0.012424825491600282,0.5547166880937388,2.1985587472258994e-05
54,3.0999999999999943,2.3,75.40000000000008,0.007993811242908698,0.19443011861784446,7.129999999999987,328.58000000000055,4.357824933687006,0.012304028577098591,0.5670207166708373,1.857797346795102e-05
63,3.0,2.3,78.40000000000008,0.0077359463641052065,0.20216606498194967,6.8999999999999995,335.48000000000053,4.279081632653064,0.01190712442945027,0.5789278411002876,1.7398726452815795e-05
111,3.099999999999966,2.1,81.50000000000004,0.007993811242908625,0.2101598762248583,6.509999999999929,341.99000000000046,4.196196319018409,0.011234113048655132,0.5901619541489428,1.0499555792324082e-05
62,3.0999999999999943,2.1,84.60000000000004,0.007993811242908698,0.218153687467767,6.509999999999988,348.50000000000045,4.1193853427896014,0.011234113048655235,0.601396067197598,1.0499555792324274e-05
71,3.0,2.0,87.60000000000004,0.0077359463641052065,0.22588963383187222,6.0,354.50000000000045,4.04680365296804,0.010354021243000236,0.6117500884405982,6.854316071501226e-06
3,3.0,2.0,90.60000000000004,0.0077359463641052065,0.23362558019597743,6.0,360.50000000000045,3.9790286975717475,0.010354021243000236,0.6221041096835984,6.854316071501226e-06
87,0.8999999999999773,1.8,91.50000000000001,0.0023207839092315033,0.23594636410520894,1.619999999999959,362.1200000000004,3.957595628415304,0.002795585735609993,0.6248996954192084,2.2543677433234974e-07
112,3.0,1.7,94.50000000000001,0.0077359463641052065,0.24368231046931416,5.1,367.2200000000004,3.88592592592593,0.0088009180565502,0.6337006134757586,1.1341647057091557e-06
98,2.1000000000000227,1.7,96.60000000000004,0.005415162454873703,0.24909747292418785,3.5700000000000385,370.7900000000005,3.8384057971014527,0.006160642639585207,0.6398612561153437,5.557407057974983e-07
8,3.0,1.7,99.60000000000004,0.0077359463641052065,0.25683341928829306,5.1,375.8900000000005,3.7739959839357464,0.0088009180565502,0.6486621741718939,1.1341647057091557e-06
73,3.0,1.7,102.60000000000004,0.0077359463641052065,0.26456936565239825,5.1,380.9900000000005,3.713352826510725,0.0088009180565502,0.6574630922284441,1.1341647057091557e-06
115,3.099999999999966,1.7,105.7,0.007993811242908625,0.27256317689530685,5.269999999999942,386.26000000000045,3.6543046357615934,0.009094281991768441,0.6665573742202126,1.211035869096083e-06
5,3.099999999999998,1.6,108.8,0.007993811242908707,0.28055698813821556,4.959999999999997,391.2200000000004,3.5957720588235333,0.008559324227546856,0.6751166984477595,3.1980493579434734e-07
96,2.3999999999999773,1.6,111.19999999999997,0.006188757091284107,0.28674574522949964,3.839999999999964,395.0600000000004,3.5526978417266233,0.006626573595520088,0.6817432720432796,1.9168329138141603e-07
11,3.1000000000000014,1.5,114.29999999999998,0.007993811242908717,0.29473955647240835,4.650000000000002,399.7100000000004,3.497025371828525,0.008024366463325187,0.6897676385066047,9.33621494699066e-10
68,3.0,1.4,117.29999999999998,0.0077359463641052065,0.30247550283651353,4.199999999999999,403.91000000000037,3.443393009377668,0.007247814870100164,0.6970154533767049,2.3827235543959366e-07
56,3.0999999999999943,1.4,120.39999999999998,0.007993811242908698,0.31046931407942224,4.339999999999992,408.25000000000034,3.3907807308970135,0.00748940869910349,0.7045048620758084,2.544219261971652e-07
90,3.0,1.4,123.39999999999998,0.0077359463641052065,0.3182052604435274,4.199999999999999,412.45000000000033,3.3423824959481396,0.007247814870100164,0.7117526769459086,2.3827235543959366e-07
113,3.1000000000000227,1.4,126.5,0.007993811242908771,0.3261990716864362,4.340000000000032,416.79000000000036,3.294782608695655,0.007489408699103558,0.7192420856450121,2.544219261971699e-07
79,3.0,1.4,129.5,0.0077359463641052065,0.3339350180505414,4.199999999999999,420.99000000000035,3.2508880308880337,0.007247814870100164,0.7264899005151123,2.3827235543959366e-07
78,3.1000000000000227,1.4,132.60000000000002,0.007993811242908771,0.34192882929345014,4.340000000000032,425.3300000000004,3.207616892911013,0.007489408699103558,0.7339793092142158,2.544219261971699e-07
55,3.0,1.4,135.60000000000002,0.0077359463641052065,0.3496647756575553,4.199999999999999,429.53000000000037,3.1676253687315654,0.007247814870100164,0.741227124084316,2.3827235543959366e-07
103,3.0,1.3,138.60000000000002,0.0077359463641052065,0.3574007220216605,3.9000000000000004,433.43000000000035,3.127200577200579,0.006730113807950154,0.7479572378922662,1.0116991310214068e-06
1,3.0,1.2,141.60000000000002,0.0077359463641052065,0.3651366683857657,3.5999999999999996,437.03000000000037,3.086370056497177,0.006212412745800141,0.7541696506380663,2.321154686105723e-06
60,3.0999999999999943,1.2,144.70000000000002,0.007993811242908698,0.3731304796286744,3.719999999999993,440.75000000000034,3.045957152729788,0.0064194931706601345,0.7605891438087264,2.478477392608435e-06
0,0.7000000000000002,1.1,145.4,0.0018050541516245486,0.374935533780299,0.7700000000000002,441.5200000000003,3.036588720770291,0.001328766059518364,0.7619179098682448,2.2685034668214926e-07
107,3.0,1.1,148.4,0.0077359463641052065,0.38267148014440416,3.3000000000000003,444.82000000000033,2.9974393530997325,0.00569471168365013,0.7676126215518949,4.1666390206925356e-06
20,2.999999999999993,1.1,151.4,0.007735946364105188,0.39040742650850935,3.2999999999999923,448.12000000000035,2.9598414795244405,0.005694711683650116,0.773307333235545,4.166639020692516e-06
121,3.099999999999966,1.1,154.49999999999997,0.007993811242908625,0.39840123775141795,3.409999999999963,451.5300000000003,2.922524271844663,0.0058845354064384035,0.7791918686419834,4.449044554317153e-06
6,3.0,1.1,157.49999999999997,0.0077359463641052065,0.40613718411552313,3.3000000000000003,454.8300000000003,2.8878095238095263,0.00569471168365013,0.7848865803256335,4.1666390206925356e-06
77,3.0,1.0,160.49999999999997,0.0077359463641052065,0.4138731304796283,3.0,457.8300000000003,2.8525233644859838,0.005177010621500118,0.7900635909471336,6.548152134781854e-06
80,3.0999999999999943,1.0,163.59999999999997,0.007993811242908698,0.421866941722537,3.0999999999999943,460.9300000000003,2.8174205378973127,0.005349577642216778,0.7954131685893504,6.991971335028153e-06
108,3.1000000000000227,1.0,166.7,0.007993811242908771,0.4298607529654458,3.1000000000000227,464.0300000000003,2.783623275344933,0.005349577642216828,0.8007627462315672,6.9919713350282825e-06
118,3.0,1.0,169.7,0.0077359463641052065,0.437596699329551,3.0,467.0300000000003,2.7520919269298783,0.005177010621500118,0.8059397568530673,6.548152134781854e-06
122,3.0,1.0,172.7,0.0077359463641052065,0.44533264569365616,3.0,470.0300000000003,2.721656050955416,0.005177010621500118,0.8111167674745674,6.548152134781854e-06
110,3.0,1.0,175.7,0.0077359463641052065,0.45306859205776134,3.0,473.0300000000003,2.692259533295392,0.005177010621500118,0.8162937780960675,6.548152134781854e-06
134,2.6999999999999886,1.0,178.39999999999998,0.006962351727694657,0.460030943785456,2.6999999999999886,475.7300000000003,2.6666479820627824,0.004659309559350087,0.8209530876554176,5.304003229173257e-06
2,3.1000000000000005,1.0,181.49999999999997,0.007993811242908714,0.4680247550283647,3.1000000000000005,478.8300000000003,2.6381818181818204,0.00534957764221679,0.8263026652976344,6.9919713350281825e-06
19,3.1000000000000014,1.0,184.59999999999997,0.007993811242908717,0.4760185662712734,3.1000000000000014,481.93000000000035,2.610671722643556,0.005349577642216791,0.8316522429398512,6.991971335028186e-06
53,3.0,1.0,187.59999999999997,0.0077359463641052065,0.4837545126353786,3.0,484.93000000000035,2.5849147121535205,0.005177010621500118,0.8368292535613513,6.548152134781854e-06
34,3.1000000000000085,1.0,190.7,0.007993811242908735,0.4917483238782873,3.1000000000000085,488.03000000000037,2.5591504981646587,0.0053495776422168035,0.8421788312035681,6.991971335028218e-06
41,3.0,1.0,193.7,0.0077359463641052065,0.4994842702423925,3.0,491.03000000000037,2.5350025813113084,0.005177010621500118,0.8473558418250682,6.548152134781854e-06
92,3.0,0.9,196.7,0.0077359463641052065,0.5072202166064977,2.7,493.73000000000036,2.510066090493139,0.0046593095593501065,0.8520151513844183,9.46569402837367e-06
126,3.0,0.9,199.7,0.0077359463641052065,0.514956162970603,2.7,496.43000000000035,2.485878818227343,0.0046593095593501065,0.8566744609437684,9.46569402837367e-06
70,3.0999999999999943,0.9,202.79999999999998,0.007993811242908698,0.5229499742135116,2.789999999999995,499.22000000000037,2.461637080867852,0.004814619877995101,0.8614890808217636,1.0107257734741181e-05
102,3.1000000000000227,0.9,205.9,0.007993811242908771,0.5309437854564204,2.7900000000000205,502.0100000000004,2.4381253035454122,0.004814619877995145,0.8663037006997587,1.0107257734741367e-05
39,3.0,0.9,208.9,0.0077359463641052065,0.5386797318205256,2.7,504.7100000000004,2.4160363810435634,0.0046593095593501065,0.8709630102591088,9.46569402837367e-06
61,3.0,0.8,211.9,0.0077359463641052065,0.5464156781846309,2.4000000000000004,507.11000000000035,2.393157149598869,0.004141608497200095,0.875104618756309,1.2919264701467986e-05
124,3.0,0.8,214.9,0.0077359463641052065,0.5541516245487361,2.4000000000000004,509.51000000000033,2.3709167054443943,0.004141608497200095,0.8792462272535091,1.2919264701467986e-05
99,3.0,0.8,217.9,0.0077359463641052065,0.5618875709128414,2.4000000000000004,511.9100000000003,2.349288664525013,0.004141608497200095,0.8833878357507092,1.2919264701467986e-05
50,3.0,0.7,220.9,0.0077359463641052065,0.5696235172769466,2.0999999999999996,514.0100000000003,2.326889995473066,0.003623907435050082,0.8870117431857593,1.690886415406481e-05
119,3.1000000000000227,0.7,224.00000000000003,0.007993811242908771,0.5776173285198554,2.170000000000016,516.1800000000003,2.304375000000001,0.003744704349551779,0.890756447535311,1.8054909391173913e-05
32,3.0999999999999943,0.7,227.10000000000002,0.007993811242908698,0.585611139762764,2.169999999999996,518.3500000000003,2.2824746807573764,0.003744704349551745,0.8945011518848628,1.8054909391173578e-05
85,3.0999999999999943,0.7,230.20000000000002,0.007993811242908698,0.5936049510056727,2.169999999999996,520.5200000000002,2.261164205039097,0.003744704349551745,0.8982458562344146,1.8054909391173578e-05
105,3.0,0.7,233.20000000000002,0.0077359463641052065,0.6013408973697779,2.0999999999999996,522.6200000000002,2.2410806174957125,0.003623907435050082,0.9018697636694646,1.690886415406481e-05
52,3.0,0.7,236.20000000000002,0.0077359463641052065,0.6090768437338832,2.0999999999999996,524.7200000000003,2.2215071972904328,0.003623907435050082,0.9054936711045146,1.690886415406481e-05
40,3.0999999999999943,0.7,239.3,0.007993811242908698,0.6170706549767918,2.169999999999996,526.8900000000002,2.2017969076473056,0.003744704349551745,0.9092383754540664,1.8054909391173578e-05
89,0.6999999999999886,0.7,240.0,0.0018050541516245189,0.6188757091284163,0.489999999999992,527.3800000000002,2.1974166666666677,0.0008455784015116722,0.910083953855578,9.205937150546097e-07
42,3.0999999999999943,0.7,243.1,0.007993811242908698,0.6268695203713249,2.169999999999996,529.5500000000002,2.1783216783216792,0.003744704349551745,0.9138286582051298,1.8054909391173578e-05
76,3.0999999999999943,0.6,246.2,0.007993811242908698,0.6348633316142336,1.8599999999999965,531.4100000000002,2.1584484159220154,0.0032097465853300673,0.9170384047904598,2.2887274647892946e-05
133,0.4000000000000341,0.6,246.60000000000002,0.0010314595152141155,0.6358947911294477,0.24000000000002045,531.6500000000002,2.155920519059206,0.0004141608497200447,0.9174525656401799,3.8105764242076057e-07
69,3.1000000000000227,0.6,249.70000000000005,0.007993811242908771,0.6438886023723565,1.8600000000000136,533.5100000000002,2.136603924709652,0.0032097465853300968,0.92066231222551,2.288727464789337e-05
26,2.3999999999999915,0.6,252.10000000000002,0.006188757091284143,0.6500773594636406,1.4399999999999948,534.9500000000002,2.121975406584689,0.002484965098320048,0.9231472773238301,1.3718075127144944e-05
31,3.0,0.6,255.10000000000002,0.0077359463641052065,0.6578133058277459,1.7999999999999998,536.7500000000001,2.1040768326146613,0.0031062063729000704,0.9262534836967301,2.1434492386164128e-05
75,3.0,0.6,258.1,0.0077359463641052065,0.6655492521918511,1.7999999999999998,538.5500000000001,2.0865943432777994,0.0031062063729000704,0.9293596900696302,2.1434492386164128e-05
67,3.0,0.6,261.1,0.0077359463641052065,0.6732851985559564,1.7999999999999998,540.35,2.069513596323248,0.0031062063729000704,0.9324658964425302,2.1434492386164128e-05
43,3.0,0.6,264.1,0.0077359463641052065,0.6810211449200616,1.7999999999999998,542.15,2.0528209011737975,0.0031062063729000704,0.9355721028154302,2.1434492386164128e-05
47,1.8000000000000114,0.6,265.90000000000003,0.004641567818463153,0.6856627127385247,1.0800000000000067,543.23,2.0429860849943586,0.001863723823740054,0.9374358266391702,7.716417259019183e-06
86,3.0000000000000284,0.6,268.9000000000001,0.007735946364105279,0.69339865910263,1.800000000000017,545.0300000000001,2.026887318705838,0.0031062063729001,0.9405420330120704,2.1434492386164534e-05
114,3.0,0.5,271.9000000000001,0.0077359463641052065,0.7011346054667352,1.5,546.5300000000001,2.0100404560500182,0.002588505310750059,0.9431305383228205,2.649614939776595e-05
120,3.0,0.5,274.9000000000001,0.0077359463641052065,0.7088705518308405,1.5,548.0300000000001,1.9935612950163693,0.002588505310750059,0.9457190436335705,2.649614939776595e-05
82,3.0,0.5,277.9000000000001,0.0077359463641052065,0.7166064981949457,1.5,549.5300000000001,1.9774379273119824,0.002588505310750059,0.9483075489443206,2.649614939776595e-05
101,3.0,0.5,280.9000000000001,0.0077359463641052065,0.724342444559051,1.5,551.0300000000001,1.9616589533641862,0.002588505310750059,0.9508960542550706,2.649614939776595e-05
94,3.0,0.5,283.9000000000001,0.0077359463641052065,0.7320783909231562,1.5,552.5300000000001,1.9462134554420567,0.002588505310750059,0.9534845595658207,2.649614939776595e-05
30,3.0999999999999943,0.5,287.0000000000001,0.007993811242908698,0.7400722021660648,1.5499999999999972,554.08,1.9305923344947729,0.002674788821108389,0.9561593483869291,2.8291999523614423e-05
84,3.0,0.5,290.0000000000001,0.0077359463641052065,0.7478081485301701,1.5,555.58,1.9157931034482754,0.002588505310750059,0.9587478536976791,2.649614939776595e-05
33,3.0,0.4,293.0000000000001,0.0077359463641052065,0.7555440948942753,1.2000000000000002,556.7800000000001,1.9002730375426617,0.0020708042486000475,0.9608186579462792,3.209383518887027e-05
66,3.0999999999999943,0.4,296.10000000000014,0.007993811242908698,0.763537906137184,1.2399999999999978,558.0200000000001,1.8845660249915563,0.0021398310568867115,0.9629584890031659,3.426908401833802e-05
117,3.1000000000000227,0.4,299.20000000000016,0.007993811242908771,0.7715317173800927,1.240000000000009,559.2600000000001,1.869184491978609,0.002139831056886731,0.9650983200600527,3.4269084018338646e-05
116,3.0,0.4,302.20000000000016,0.0077359463641052065,0.779267663744198,1.2000000000000002,560.4600000000002,1.8545996029119785,0.0020708042486000475,0.9671691243086528,3.209383518887027e-05
106,3.1000000000000227,0.4,305.3000000000002,0.007993811242908771,0.7872614749871067,1.240000000000009,561.7000000000002,1.8398296757287909,0.002139831056886731,0.9693089553655395,3.4269084018338646e-05
44,3.0999999999999943,0.4,308.4000000000002,0.007993811242908698,0.7952552862300154,1.2399999999999978,562.9400000000002,1.8253566796368346,0.0021398310568867115,0.9714487864224263,3.426908401833802e-05
51,3.0999999999999943,0.4,311.5000000000002,0.007993811242908698,0.8032490974729241,1.2399999999999978,564.1800000000002,1.8111717495987152,0.0021398310568867115,0.973588617479313,3.426908401833802e-05
95,3.1000000000000227,0.4,314.60000000000025,0.007993811242908771,0.8112429087158328,1.240000000000009,565.4200000000002,1.797266369993642,0.002139831056886731,0.9757284485361998,3.4269084018338646e-05
74,3.0999999999999943,0.4,317.7000000000003,0.007993811242908698,0.8192367199587415,1.2399999999999978,566.6600000000002,1.7836323575700337,0.0021398310568867115,0.9778682795930865,3.426908401833802e-05
125,3.099999999999966,0.3,320.80000000000024,0.007993811242908625,0.8272305312016501,0.9299999999999897,567.5900000000001,1.7692955112219442,0.0016048732926650189,0.9794731528857515,4.081852813206297e-05
58,3.1000000000000227,0.3,323.90000000000026,0.007993811242908771,0.8352243424445589,0.9300000000000068,568.5200000000002,1.7552330966347631,0.0016048732926650484,0.9810780261784166,4.081852813206448e-05
81,3.0,0.3,326.90000000000026,0.0077359463641052065,0.8429602888086641,0.8999999999999999,569.4200000000002,1.7418782502294272,0.0015531031864500352,0.9826311293648666,3.822754975947709e-05
49,3.0999999999999943,0.3,330.0000000000002,0.007993811242908698,0.8509541000515728,0.9299999999999983,570.3500000000001,1.7283333333333326,0.0016048732926650336,0.9842360026575316,4.081852813206372e-05
93,3.099999999999966,0.3,333.1000000000002,0.007993811242908625,0.8589479112944814,0.9299999999999897,571.2800000000001,1.7150405283698582,0.0016048732926650189,0.9858408759501966,4.081852813206297e-05
83,3.0999999999999943,0.15,336.20000000000016,0.007993811242908698,0.8669417225373901,0.46499999999999914,571.7450000000001,1.7006097560975606,0.0008024366463325168,0.9866433125965292,5.1715868588281244e-05
48,3.0,0.15,339.20000000000016,0.0077359463641052065,0.8746776689014953,0.44999999999999996,572.1950000000002,1.6868956367924526,0.0007765515932250176,0.9874198641897541,4.8433175576954514e-05
132,3.099999999999966,0.15,342.3000000000001,0.007993811242908625,0.882671480144404,0.46499999999999486,572.6600000000002,1.6729769208296816,0.0008024366463325094,0.9882223008360866,5.171586858828029e-05
131,3.0,0.15,345.3000000000001,0.0077359463641052065,0.8904074265085092,0.44999999999999996,573.1100000000002,1.6597451491456705,0.0007765515932250176,0.9889988524293116,4.8433175576954514e-05
130,3.0,0.15,348.3000000000001,0.0077359463641052065,0.8981433728726145,0.44999999999999996,573.5600000000003,1.6467413149583694,0.0007765515932250176,0.9897754040225366,4.8433175576954514e-05
129,3.1000000000000227,0.15,351.40000000000015,0.007993811242908771,0.9061371841155232,0.4650000000000034,574.0250000000003,1.6335372794536143,0.0008024366463325242,0.9905778406688691,5.17158685882822e-05
128,3.0,0.15,354.40000000000015,0.0077359463641052065,0.9138731304796285,0.44999999999999996,574.4750000000004,1.6209791196388266,0.0007765515932250176,0.9913543922620941,4.8433175576954514e-05
127,3.1000000000000227,0.15,357.50000000000017,0.007993811242908771,0.9218669417225372,0.4650000000000034,574.9400000000004,1.6082237762237765,0.0008024366463325242,0.9921568289084266,5.17158685882822e-05
27,3.1000000000000085,0.15,360.6000000000002,0.007993811242908735,0.929860752965446,0.46500000000000125,575.4050000000004,1.5956877426511373,0.0008024366463325204,0.9929592655547591,5.171586858828172e-05
100,3.099999999999966,0.15,363.70000000000016,0.007993811242908625,0.9378545642083547,0.46499999999999486,575.8700000000005,1.5833654110530664,0.0008024366463325094,0.9937617022010916,5.171586858828029e-05
59,3.0,0.15,366.70000000000016,0.0077359463641052065,0.9455905105724599,0.44999999999999996,576.3200000000005,1.5716389419143721,0.0007765515932250176,0.9945382537943166,4.8433175576954514e-05
29,3.0,0.15,369.70000000000016,0.0077359463641052065,0.9533264569365651,0.44999999999999996,576.7700000000006,1.560102786042738,0.0007765515932250176,0.9953148053875416,4.8433175576954514e-05
18,3.0,0.15,372.70000000000016,0.0077359463641052065,0.9610624033006704,0.44999999999999996,577.2200000000006,1.5487523477327618,0.0007765515932250176,0.9960913569807666,4.8433175576954514e-05
109,3.0,0.15,375.70000000000016,0.0077359463641052065,0.9687983496647756,0.44999999999999996,577.6700000000006,1.5375831780676081,0.0007765515932250176,0.9968679085739915,4.8433175576954514e-05
28,3.0,0.15,378.70000000000016,0.0077359463641052065,0.9765342960288809,0.44999999999999996,578.1200000000007,1.5265909691048334,0.0007765515932250176,0.9976444601672165,4.8433175576954514e-05
45,3.0,0.15,381.70000000000016,0.0077359463641052065,0.9842702423929861,0.44999999999999996,578.5700000000007,1.5157715483363912,0.0007765515932250176,0.9984210117604415,4.8433175576954514e-05
65,3.0,0.15,384.70000000000016,0.0077359463641052065,0.9920061887570913,0.44999999999999996,579.0200000000008,1.5051208734078516,0.0007765515932250176,0.9991975633536665,4.8433175576954514e-05
104,3.099999999999966,0.15,387.8000000000001,0.007993811242908625,1.0,0.46499999999999486,579.4850000000008,1.4942882929345038,0.0008024366463325094,0.999999999999999,5.171586858828029e-05
