,weight,grade,cml_weight,weight_pct,cml_weight_pct,yield,cml_yield,cml_grade,recovery,cml_recovery,distributional_heterogeneity
49,3.0,23.8,3.0,0.007696254489481782,0.007696254489481782,71.4,71.4,23.8,0.07497794766245218,0.07497794766245218,0.004526826236221728
45,2.1999999999999886,22.3,5.199999999999989,0.005643919958953278,0.01334017444843506,49.05999999999975,120.45999999999975,23.165384615384617,0.05151846095686113,0.1264964086193133,0.0021044735117687276
51,3.1000000000000227,20.9,8.300000000000011,0.007952796305797899,0.02129297075423296,64.79000000000048,185.25000000000023,22.31927710843373,0.06803671189146095,0.19453312051077426,0.003610076912105082
52,3.1999999999999886,16.4,11.5,0.008209338122113871,0.02950230887634683,52.47999999999981,237.73000000000005,20.672173913043483,0.05510984164321395,0.2496429621539882,0.0021996572305327195
57,3.0,11.1,14.5,0.007696254489481782,0.037198563365828614,33.3,271.03000000000003,18.691724137931036,0.034968706682908364,0.2846116688368966,0.0007437866486427381
53,1.1999999999999886,10.0,15.699999999999989,0.0030785017957926835,0.0402770651616213,11.999999999999886,283.0299999999999,18.027388535031854,0.01260133574158848,0.2972130045784851,9.068436635920071e-05
8,1.6000000000000014,9.5,17.29999999999999,0.004104669061056954,0.04438173422267826,15.200000000000014,298.2299999999999,17.238728323699426,0.015961691939345574,0.3131746965178307,0.0001405889915362597
11,1.1000000000000014,8.1,18.39999999999999,0.002821959979476657,0.047203694202154915,8.91000000000001,307.13999999999993,16.69239130434783,0.009356491788129548,0.3225311883059602,4.270010595829639e-05
50,3.0999999999999943,7.6,21.499999999999986,0.007952796305797826,0.05515649050795274,23.559999999999956,330.6999999999999,15.381395348837213,0.02474062250598557,0.3472718108119458,0.00028183110852770995
44,1.5,7.0,22.999999999999986,0.003848127244740891,0.05900461775269363,10.5,341.1999999999999,14.834782608695656,0.011026168773890024,0.3582979795858358,5.152428019418961e-05
90,3.0,6.3,25.999999999999986,0.007696254489481782,0.06670087224217541,18.9,360.09999999999985,13.850000000000001,0.019847103793002044,0.37814508337883784,0.00014764313879685878
62,3.0999999999999943,6.2,29.09999999999998,0.007952796305797826,0.07465366854797324,19.219999999999967,379.3199999999998,13.035051546391756,0.020183139412777707,0.39832822279161556,0.00014958129251445014
6,2.6000000000000014,5.6,31.69999999999998,0.006670087224217548,0.0813237557721908,14.560000000000008,393.8799999999998,12.425236593059939,0.015289620699794176,0.41361784349140973,7.429635733658606e-05
61,2.5999999999999943,5.3,34.299999999999976,0.00667008722421753,0.08799384299640832,13.77999999999997,407.6599999999998,11.88513119533528,0.014470533876590877,0.4280883773680006,6.084696797652252e-05
89,3.0999999999999943,5.3,37.39999999999997,0.007952796305797826,0.09594663930220615,16.429999999999968,424.08999999999975,11.339304812834227,0.01725332885285836,0.44534170622085895,8.649990565893222e-05
5,0.5,5.0,37.89999999999997,0.001282709081580297,0.09722934838378644,2.5,426.58999999999975,11.255672823219,0.002625278279497625,0.44796698450035655,1.8024920511963765e-06
92,3.0,4.7,40.89999999999997,0.007696254489481782,0.10492560287326823,14.100000000000001,440.68999999999977,10.774816625916873,0.014806569496366606,0.46277355399672315,5.0556579497131496e-05
81,3.0999999999999943,4.6,43.999999999999964,0.007952796305797826,0.11287839917906606,14.259999999999973,454.94999999999976,10.339772727272731,0.014974587306254424,0.4777481413029776,4.930554885409324e-05
63,3.0,4.5,46.999999999999964,0.007696254489481782,0.12057465366854785,13.5,468.44999999999976,9.967021276595748,0.014176502709287175,0.49192464401226477,4.199361699029094e-05
88,3.0,3.8,49.999999999999964,0.007696254489481782,0.12827090815802963,11.399999999999999,479.84999999999974,9.597000000000001,0.011971268954509168,0.5038959129667739,1.8275748676193385e-05
58,2.5,3.8,52.499999999999964,0.006413545407901485,0.13468445356593112,9.5,489.34999999999974,9.320952380952383,0.009976057462090975,0.5138719704288649,1.2691492136245407e-05
87,3.0999999999999943,3.7,55.59999999999996,0.007952796305797826,0.14263724987172893,11.46999999999998,500.8199999999997,9.007553956834533,0.012044776746335082,0.5259167471752,1.6744303925739455e-05
7,0.3999999999999986,3.6,55.99999999999996,0.001026167265264234,0.14366341713699315,1.4399999999999948,502.2599999999997,8.968928571428574,0.0015121602889906266,0.5274289074641906,2.3618921911072195e-07
38,3.1000000000000085,3.3,59.099999999999966,0.007952796305797863,0.15161621344279103,10.230000000000027,512.4899999999998,8.671573604060915,0.010742638719704309,0.5381715461838948,7.783220694431344e-06
54,1.700000000000017,3.3,60.79999999999998,0.0043612108773730535,0.1559774243201641,5.610000000000056,518.0999999999998,8.521381578947368,0.005891124459192729,0.5440626706430876,2.3406355678363074e-06
60,3.5,3.2,64.29999999999998,0.008978963571062079,0.16495638789122619,11.200000000000001,529.2999999999998,8.23172628304821,0.011761246692149362,0.555823917335237,7.741099365887178e-06
94,3.0,3.2,67.29999999999998,0.007696254489481782,0.17265264238070796,9.600000000000001,538.8999999999999,8.0074294205052,0.01008106859327088,0.5659049859285078,5.687338309631396e-06
82,3.0,3.0,70.29999999999998,0.007696254489481782,0.18034889687018973,9.0,547.8999999999999,7.7937411095305835,0.00945100180619145,0.5753559877346992,3.079138145499776e-06
28,3.0,2.9,73.29999999999998,0.007696254489481782,0.1880451513596715,8.7,556.5999999999999,7.593451568894952,0.009135968412651733,0.5844919561473509,2.0727761805694135e-06
55,2.0,2.8,75.29999999999998,0.005130836326321188,0.1931759876859927,5.6,562.1999999999999,7.466135458167331,0.005880623346074679,0.5903725794934256,5.621805749908219e-07
128,3.0,2.8,78.29999999999998,0.007696254489481782,0.20087224217547447,8.399999999999999,570.5999999999999,7.287356321839081,0.008820935019112018,0.5991935145125376,1.2649062937293494e-06
83,3.0999999999999943,2.6,81.39999999999998,0.007952796305797826,0.2088250384812723,8.059999999999986,578.6599999999999,7.108845208845209,0.008463897173100329,0.6076574116856379,2.6122409655736773e-07
91,3.1000000000000227,2.6,84.5,0.007952796305797899,0.2167778347870702,8.06000000000006,586.7199999999999,6.943431952662721,0.008463897173100405,0.6161213088587383,2.6122409655737255e-07
47,3.0999999999999943,2.6,87.6,0.007952796305797826,0.224730631092868,8.059999999999986,594.7799999999999,6.7897260273972595,0.008463897173100329,0.6245852060318386,2.6122409655736773e-07
12,2.3999999999999986,2.5,90.0,0.006157003591585422,0.23088763468445342,5.9999999999999964,600.7799999999999,6.675333333333332,0.006300667870794296,0.630885873902633,2.063942512060521e-08
56,1.5999999999999943,2.4,91.6,0.004104669061056936,0.23499230374551036,3.839999999999986,604.6199999999999,6.6006550218340605,0.004032427437308337,0.6349183013399413,5.218852201834099e-09
99,3.1000000000000227,2.4,94.70000000000002,0.007952796305797899,0.24294510005130826,7.440000000000055,612.06,6.46314677930306,0.00781282815978499,0.6427311294997263,1.9591081898291714e-08
21,0.6000000000000014,2.4,95.30000000000001,0.00153925089789636,0.24448435094920462,1.4400000000000033,613.5,6.437565582371458,0.0015121602889906355,0.6442432897887169,7.339010908829289e-10
65,3.1999999999999886,2.4,98.5,0.008209338122113871,0.2526936890713185,7.679999999999972,621.18,6.306395939086294,0.008064854874616674,0.6523081446633336,2.0875408807336395e-08
84,3.0,2.3,101.5,0.007696254489481782,0.2603899435608003,6.8999999999999995,628.0799999999999,6.1879802955665015,0.007245768051413444,0.6595539127147471,2.0293803088349876e-07
80,3.0,2.2,104.5,0.007696254489481782,0.2680861980502821,6.6000000000000005,634.68,6.073492822966506,0.00693073465787373,0.6664846473726208,5.860206125852205e-07
79,3.0,2.1,107.5,0.007696254489481782,0.2757824525397639,6.300000000000001,640.9799999999999,5.96260465116279,0.0066157012643340155,0.6731003486369548,1.1675952723772414e-06
108,3.099999999999966,2.0,110.59999999999997,0.007952796305797753,0.28373524884556167,6.199999999999932,647.1799999999998,5.8515370705244125,0.0065106901331540385,0.6796110387701089,2.0796702131771074e-06
119,3.0,2.0,113.59999999999997,0.007696254489481782,0.2914315033350435,6.0,653.1799999999998,5.749823943661972,0.0063006678707943,0.6859117066409032,1.9476620102595606e-06
48,3.0,2.0,116.59999999999997,0.007696254489481782,0.2991277578245253,6.0,659.1799999999998,5.6533447684391085,0.0063006678707943,0.6922123745116975,1.9476620102595606e-06
93,3.099999999999966,1.9,119.69999999999993,0.007952796305797753,0.30708055413032304,5.889999999999935,665.0699999999998,5.556140350877195,0.006185155626496336,0.6983975301381938,3.1245535711211794e-06
96,3.0,1.9,122.69999999999993,0.007696254489481782,0.31477680861980484,5.699999999999999,670.7699999999999,5.466748166259171,0.005985634477254584,0.7043831646154484,2.9262208262321785e-06
86,3.0,1.9,125.69999999999993,0.007696254489481782,0.32247306310928664,5.699999999999999,676.4699999999999,5.381622911694513,0.005985634477254584,0.7103687990927029,2.9262208262321785e-06
129,3.0,1.9,128.69999999999993,0.007696254489481782,0.33016931759876844,5.699999999999999,682.17,5.300466200466203,0.005985634477254584,0.7163544335699574,2.9262208262321785e-06
1,3.0,1.8,131.69999999999993,0.007696254489481782,0.33786557208825024,5.4,687.5699999999999,5.220728929384968,0.00567060108371487,0.7220250346536723,4.103271720295091e-06
46,2.4000000000000057,1.8,134.09999999999994,0.00615700359158544,0.3440225756798357,4.32000000000001,691.89,5.159507829977631,0.0045364808669719064,0.7265615155206442,2.6260939009888708e-06
35,3.0,1.8,137.09999999999994,0.007696254489481782,0.3517188301693175,5.4,697.29,5.085995623632387,0.00567060108371487,0.732232116604359,4.103271720295091e-06
95,3.1000000000000227,1.8,140.19999999999996,0.007952796305797899,0.3596716264751154,5.580000000000041,702.87,5.01333808844508,0.005859621119838742,0.7380917377241978,4.381382359115156e-06
97,3.099999999999966,1.8,143.29999999999993,0.007952796305797753,0.3676244227809132,5.579999999999939,708.4499999999999,4.943824145150037,0.005859621119838634,0.7439513588440364,4.381382359114995e-06
98,3.0,1.8,146.29999999999993,0.007696254489481782,0.375320677270395,5.4,713.8499999999999,4.879357484620645,0.00567060108371487,0.7496219599277513,4.103271720295091e-06
20,2.5,1.7,148.79999999999993,0.006413545407901485,0.3817342226782965,4.25,718.0999999999999,4.825940860215056,0.004462973075145963,0.7540849330028973,3.8047324253113227e-06
4,3.0,1.7,151.79999999999993,0.007696254489481782,0.3894304771677783,5.1,723.1999999999999,4.764163372859027,0.005355567690175154,0.7594405006930725,5.478814692448305e-06
64,3.1000000000000227,1.7,154.89999999999995,0.007952796305797899,0.39738327347357616,5.270000000000039,728.47,4.702840542285347,0.005534086613181034,0.7649745873062535,5.850156577158776e-06
135,3.099999999999966,1.7,157.99999999999991,0.007952796305797753,0.4053360697793739,5.269999999999942,733.74,4.643924050632914,0.005534086613180932,0.7705086739194343,5.850156577158561e-06
37,3.0,1.6,160.99999999999991,0.007696254489481782,0.4130323242688557,4.800000000000001,738.54,4.587204968944102,0.00504053429663544,0.7755492082160698,7.052849742691813e-06
109,3.0,1.6,163.99999999999991,0.007696254489481782,0.4207285787583375,4.800000000000001,743.3399999999999,4.532560975609758,0.00504053429663544,0.7805897425127052,7.052849742691813e-06
117,3.0,1.6,166.99999999999991,0.007696254489481782,0.4284248332478193,4.800000000000001,748.1399999999999,4.47988023952096,0.00504053429663544,0.7856302768093406,7.052849742691813e-06
29,3.0,1.5,169.99999999999991,0.007696254489481782,0.4361210877373011,4.5,752.6399999999999,4.42729411764706,0.004725500903095725,0.7903557777124364,8.825376871025623e-06
10,2.6000000000000014,1.5,172.5999999999999,0.006670087224217548,0.44279117496151865,3.900000000000002,756.5399999999998,4.383198146002319,0.0040954341160162975,0.7944512118284527,6.628838627570364e-06
9,1.0999999999999979,1.5,173.6999999999999,0.002821959979476648,0.4456131349409953,1.6499999999999968,758.1899999999998,4.364939550949915,0.0017326836644684291,0.7961838954929211,1.1865228904378845e-06
111,3.0,1.4,176.6999999999999,0.007696254489481782,0.4533093894304771,4.199999999999999,762.3899999999999,4.314601018675723,0.004410467509556009,0.8005943630024771,1.079639607744973e-05
125,3.0,1.4,179.6999999999999,0.007696254489481782,0.4610056439199589,4.199999999999999,766.5899999999999,4.265943238731221,0.004410467509556009,0.8050048305120331,1.079639607744973e-05
73,2.9000000000000057,1.4,182.5999999999999,0.007439712673165737,0.46844535659312464,4.060000000000008,770.65,4.2204271631982495,0.004263451925904151,0.8092682824379372,1.008863233459473e-05
100,3.0,1.4,185.5999999999999,0.007696254489481782,0.47614161108260644,4.199999999999999,774.85,4.174838362068968,0.004410467509556009,0.8136787499474932,1.079639607744973e-05
68,3.0999999999999943,1.4,188.6999999999999,0.007952796305797826,0.48409440738840426,4.339999999999992,779.19,4.129252782193961,0.004557483093207869,0.8182362330407011,1.1528151811587944e-05
2,3.0999999999999996,1.4,191.7999999999999,0.00795279630579784,0.4920472036942021,4.339999999999999,783.5300000000001,4.085140771637125,0.004557483093207876,0.8227937161339091,1.1528151811587986e-05
3,3.0,1.4,194.7999999999999,0.007696254489481782,0.4997434581836839,4.199999999999999,787.7300000000001,4.043788501026697,0.004410467509556009,0.827204183643465,1.079639607744973e-05
59,3.0,1.4,197.7999999999999,0.007696254489481782,0.5074397126731657,4.199999999999999,791.9300000000002,4.003690596562187,0.004410467509556009,0.831614651153021,1.079639607744973e-05
0,2.6999999999999997,1.3,200.4999999999999,0.006926629040533603,0.5143663417136993,3.51,795.4400000000002,3.967281795511225,0.0036858907044146653,0.8353005418574357,1.0502384963190942e-05
134,3.0,1.3,203.4999999999999,0.007696254489481782,0.5220625962031811,3.9000000000000004,799.3400000000001,3.9279606879606908,0.004095434116016295,0.8393959759734521,1.2965907361964129e-05
124,3.099999999999966,1.3,206.59999999999985,0.007952796305797753,0.5300153925089788,4.029999999999956,803.3700000000001,3.888528557599229,0.0042319485865501254,0.8436279245600021,1.3844707749830281e-05
102,3.0,1.3,209.59999999999985,0.007696254489481782,0.5377116469984605,3.9000000000000004,807.2700000000001,3.851479007633591,0.004095434116016295,0.8477233586760184,1.2965907361964129e-05
33,3.0,1.3,212.59999999999985,0.007696254489481782,0.5454079014879423,3.9000000000000004,811.1700000000001,3.8154750705550358,0.004095434116016295,0.8518187927920348,1.2965907361964129e-05
43,3.0,1.2,215.59999999999985,0.007696254489481782,0.553104155977424,3.5999999999999996,814.7700000000001,3.7790816326530643,0.0037804007224765796,0.8555991935145113,1.5333910724568832e-05
13,3.0,1.2,218.59999999999985,0.007696254489481782,0.5608004104669058,3.5999999999999996,818.3700000000001,3.743687099725529,0.0037804007224765796,0.8593795942369878,1.5333910724568832e-05
112,3.1000000000000227,1.2,221.69999999999987,0.007952796305797899,0.5687532067727037,3.7200000000000273,822.0900000000001,3.7081190798376213,0.003906414079892495,0.8632860083168803,1.6373209118123185e-05
23,3.1000000000000014,1.2,224.79999999999987,0.007952796305797845,0.5767060030785015,3.7200000000000015,825.8100000000002,3.673532028469754,0.003906414079892467,0.8671924223967727,1.6373209118122958e-05
70,4.099999999999994,1.2,228.89999999999986,0.01051821446895842,0.5872242175474599,4.919999999999993,830.7300000000001,3.629226736566189,0.005166547654051318,0.8723589700508241,2.8640337697777928e-05
66,2.9000000000000057,1.2,231.79999999999987,0.007439712673165737,0.5946639302206257,3.4800000000000066,834.2100000000002,3.5988352027610033,0.003654387365060701,0.8760133574158848,1.4328687688180487e-05
120,3.1000000000000227,1.1,234.8999999999999,0.007952796305797899,0.6026167265264236,3.4100000000000255,837.6200000000002,3.565857811834826,0.0035808795732347872,0.8795942369891196,1.9113655916465325e-05
18,3.0999999999999943,1.1,237.9999999999999,0.007952796305797826,0.6105695228322214,3.409999999999994,841.0300000000002,3.5337394957983217,0.003580879573234754,0.8831751165623544,1.911365591646497e-05
130,3.1000000000000227,1.1,241.0999999999999,0.007952796305797899,0.6185223191380194,3.4100000000000255,844.4400000000003,3.5024471173786837,0.0035808795732347872,0.8867559961355892,1.9113655916465325e-05
32,3.1000000000000085,1.1,244.19999999999993,0.007952796305797863,0.6264751154438172,3.4100000000000095,847.8500000000003,3.471949221949224,0.0035808795732347703,0.8903368757088239,1.911365591646515e-05
107,3.0,1.1,247.19999999999993,0.007696254489481782,0.6341713699332989,3.3000000000000003,851.1500000000002,3.443163430420714,0.003465367328936865,0.8938022430377608,1.790040616526383e-05
85,3.1000000000000227,1.1,250.29999999999995,0.007952796305797899,0.6421241662390968,3.4100000000000255,854.5600000000003,3.4141430283659626,0.0035808795732347872,0.8973831226109956,1.9113655916465325e-05
17,3.1000000000000014,1.0,253.39999999999995,0.007952796305797845,0.6500769625448947,3.1000000000000014,857.6600000000003,3.384609313338597,0.0032553450665770566,0.9006384676775727,2.2066048144856925e-05
39,3.0,1.0,256.4,0.007696254489481782,0.6577732170343764,3.0,860.6600000000003,3.3567082683307348,0.00315033393539715,0.9037888016129698,2.066539368404913e-05
30,3.0999999999999943,1.0,259.5,0.007952796305797826,0.6657260133401742,3.0999999999999943,863.7600000000003,3.328554913294799,0.0032553450665770488,0.9070441466795469,2.2066048144856823e-05
105,3.1000000000000227,1.0,262.6,0.007952796305797899,0.6736788096459722,3.1000000000000227,866.8600000000004,3.301066260472202,0.0032553450665770787,0.910299491746124,2.206604814485723e-05
110,3.1000000000000227,1.0,265.70000000000005,0.007952796305797899,0.6816316059517701,3.1000000000000227,869.9600000000004,3.274219044034626,0.0032553450665770787,0.9135548368127011,2.206604814485723e-05
72,3.0,1.0,268.70000000000005,0.007696254489481782,0.6893278604412518,3.0,872.9600000000004,3.2488276888723493,0.00315033393539715,0.9167051707480982,2.066539368404913e-05
22,3.0,1.0,271.70000000000005,0.007696254489481782,0.6970241149307336,3.0,875.9600000000004,3.2239970555760036,0.00315033393539715,0.9198555046834953,2.066539368404913e-05
113,3.0,1.0,274.70000000000005,0.007696254489481782,0.7047203694202153,3.0,878.9600000000004,3.199708773207136,0.00315033393539715,0.9230058386188924,2.066539368404913e-05
101,3.1000000000000227,0.9,277.80000000000007,0.007952796305797899,0.7126731657260132,2.7900000000000205,881.7500000000005,3.174046076313896,0.002929810559919371,0.9259356491788118,2.5230385803298885e-05
106,3.0,0.9,280.80000000000007,0.007696254489481782,0.720369420215495,2.7,884.4500000000005,3.149750712250713,0.002835300541857435,0.9287709497206692,2.3628873280924724e-05
71,3.0,0.9,283.80000000000007,0.007696254489481782,0.7280656747049767,2.7,887.1500000000005,3.125968992248063,0.002835300541857435,0.9316062502625266,2.3628873280924724e-05
34,3.0999999999999943,0.9,286.9000000000001,0.007952796305797826,0.7360184710107746,2.789999999999995,889.9400000000005,3.1019170442662958,0.0029298105599193445,0.934536060822446,2.5230385803298417e-05
14,3.0,0.9,289.9000000000001,0.007696254489481782,0.7437147255002563,2.7,892.6400000000006,3.079130734736117,0.002835300541857435,0.9373713613643034,2.3628873280924724e-05
40,3.0999999999999943,0.9,293.0000000000001,0.007952796305797826,0.7516675218060541,2.789999999999995,895.4300000000005,3.056075085324233,0.0029298105599193445,0.9403011719242228,2.5230385803298417e-05
132,3.0,0.9,296.0000000000001,0.007696254489481782,0.7593637762955359,2.7,898.1300000000006,3.0342229729729735,0.002835300541857435,0.9431364724660802,2.3628873280924724e-05
77,3.0999999999999943,0.8,299.10000000000014,0.007952796305797826,0.7673165726013337,2.4799999999999955,900.6100000000006,3.0110665329321304,0.0026042760532616394,0.9457407485193419,2.8606668891789762e-05
118,3.099999999999966,0.8,302.2000000000001,0.007952796305797753,0.7752693689071314,2.479999999999973,903.0900000000006,2.9883851753805435,0.0026042760532616156,0.9483450245726035,2.8606668891789237e-05
114,3.099999999999966,0.8,305.30000000000007,0.007952796305797753,0.7832221652129291,2.479999999999973,905.5700000000006,2.966164428431053,0.0026042760532616156,0.9509493006258651,2.8606668891789237e-05
42,3.1000000000000085,0.8,308.4000000000001,0.007952796305797863,0.7911749615187269,2.480000000000007,908.0500000000006,2.944390402075228,0.0026042760532616516,0.9535535766791268,2.8606668891790023e-05
103,3.099999999999966,0.8,311.50000000000006,0.007952796305797753,0.7991277578245246,2.479999999999973,910.5300000000007,2.923049759229536,0.0026042760532616156,0.9561578527323884,2.8606668891789237e-05
31,3.0,0.7,314.50000000000006,0.007696254489481782,0.8068240123140064,2.0999999999999996,912.6300000000007,2.9018441971383164,0.0022052337547780044,0.9583630864871664,3.0151308708946806e-05
69,2.0,0.7,316.50000000000006,0.005130836326321188,0.8119548486403275,1.4,914.0300000000007,2.8879304897314393,0.0014701558365186698,0.959833242323685,1.3400581648420804e-05
127,3.099999999999966,0.7,319.6,0.007952796305797753,0.8199076449461252,2.169999999999976,916.2000000000006,2.866708385481854,0.002278741546603913,0.962111983870289,3.219489741033027e-05
131,3.0,0.7,322.6,0.007696254489481782,0.827603899435607,2.0999999999999996,918.3000000000006,2.846559206447615,0.0022052337547780044,0.964317217625067,3.0151308708946806e-05
19,3.0,0.7,325.6,0.007696254489481782,0.8353001539250887,2.0999999999999996,920.4000000000007,2.8267813267813287,0.0022052337547780044,0.9665224513798449,3.0151308708946806e-05
78,3.0999999999999943,0.7,328.70000000000005,0.007952796305797826,0.8432529502308865,2.169999999999996,922.5700000000006,2.806723456038943,0.0022787415466039344,0.9688011929264488,3.219489741033086e-05
16,3.0,0.7,331.70000000000005,0.007696254489481782,0.8509492047203683,2.0999999999999996,924.6700000000006,2.78766958094664,0.0022052337547780044,0.9710064266812268,3.0151308708946806e-05
67,3.0,0.6,334.70000000000005,0.007696254489481782,0.85864545920985,1.7999999999999998,926.4700000000006,2.7680609501045725,0.0018902003612382898,0.9728966270424652,3.371026454009329e-05
36,3.0999999999999943,0.6,337.80000000000007,0.007952796305797826,0.8665982555156478,1.8599999999999965,928.3300000000006,2.748164594434578,0.0019532070399462293,0.9748498340824114,3.59950713589217e-05
15,3.1000000000000014,0.6,340.9000000000001,0.007952796305797845,0.8745510518214457,1.8600000000000008,930.1900000000006,2.7286300968025823,0.0019532070399462336,0.9768030411223577,3.599507135892187e-05
25,3.0,0.6,343.9000000000001,0.007696254489481782,0.8822473063109274,1.7999999999999998,931.9900000000006,2.710061064262868,0.0018902003612382898,0.978693241483596,3.371026454009329e-05
121,2.5,0.6,346.4000000000001,0.006413545407901485,0.8886608517188289,1.5,933.4900000000006,2.6948325635103934,0.001575166967698575,0.9802684084512946,2.340990593062034e-05
104,3.0,0.6,349.4000000000001,0.007696254489481782,0.8963571062083107,1.7999999999999998,935.2900000000005,2.676846021751575,0.0018902003612382898,0.9821586088125329,3.371026454009329e-05
76,3.0,0.6,352.4000000000001,0.007696254489481782,0.9040533606977924,1.7999999999999998,937.0900000000005,2.659165720771851,0.0018902003612382898,0.9840488091737712,3.371026454009329e-05
74,3.3000000000000114,0.6,355.7000000000001,0.008465879938429989,0.9125192406362224,1.9800000000000066,939.0700000000005,2.6400618498734896,0.002079220397362126,0.9861280295711333,4.078942009351316e-05
126,3.1000000000000227,0.6,358.8000000000001,0.007952796305797899,0.9204720369420203,1.8600000000000136,940.9300000000005,2.622435897435898,0.0019532070399462475,0.9880812366110796,3.599507135892236e-05
27,3.1000000000000085,0.5,361.90000000000015,0.007952796305797863,0.9284248332478181,1.5500000000000043,942.4800000000005,2.6042553191489364,0.001627672533288532,0.9897089091443682,4.000719073756268e-05
41,3.0,0.5,364.90000000000015,0.007696254489481782,0.9361210877372999,1.5,943.9800000000005,2.5869553302274597,0.001575166967698575,0.9912840761120667,3.746771244933008e-05
26,3.0999999999999943,0.5,368.0000000000001,0.007952796305797826,0.9440738840430977,1.5499999999999972,945.5300000000004,2.5693750000000004,0.0016276725332885244,0.9929117486453553,4.0007190737562306e-05
24,3.0,0.5,371.0000000000001,0.007696254489481782,0.9517701385325794,1.5,947.0300000000004,2.5526415094339625,0.001575166967698575,0.9944869156130538,3.746771244933008e-05
75,3.0,0.4,374.0000000000001,0.007696254489481782,0.9594663930220612,1.2000000000000002,948.2300000000005,2.535374331550803,0.00126013357415886,0.9957470491872127,4.142365243665716e-05
123,3.0,0.4,377.0000000000001,0.007696254489481782,0.9671626475115429,1.2000000000000002,949.4300000000005,2.518381962864722,0.00126013357415886,0.9970071827613716,4.142365243665716e-05
116,3.1000000000000227,0.3,380.10000000000014,0.007952796305797899,0.9751154438173408,0.9300000000000068,950.3600000000006,2.5002893975269673,0.0009766035199731237,0.9979837862813447,4.866726578499366e-05
133,3.1000000000000227,0.3,383.20000000000016,0.007952796305797899,0.9830682401231388,0.9300000000000068,951.2900000000006,2.4824895615866396,0.0009766035199731237,0.9989603898013177,4.866726578499366e-05
115,3.0,0.15,386.20000000000016,0.007696254489481782,0.9907644946126205,0.44999999999999996,951.7400000000007,2.464370792335578,0.00047255009030957245,0.9994329398916273,5.2181905246619934e-05
122,3.6000000000000227,0.15,389.8000000000002,0.009235505387378197,0.9999999999999987,0.5400000000000034,952.2800000000007,2.4429964084145723,0.0005670601083714905,0.9999999999999988,7.514194355513366e-05
