,weight,grade,cml_weight,weight_pct,cml_weight_pct,yield,cml_yield,cml_grade,recovery,cml_recovery,distributional_heterogeneity
129,0.9000000000000341,15.0,0.9000000000000341,0.002111189303307609,0.002111189303307609,13.500000000000512,13.500000000000512,15.0,0.01785265607849946,0.01785265607849946,0.00024779377623446885
3,3.0,11.1,3.900000000000034,0.007037297677691763,0.009148486980999371,33.3,46.80000000000051,12.000000000000025,0.04403655166029699,0.06188920773879645,0.0013689447952693289
71,3.0999999999999943,9.5,7.000000000000028,0.007271874266948141,0.01642036124794751,29.449999999999946,76.25000000000045,10.892857142857164,0.038945238630502824,0.10083444636929928,0.0010032020101064956
29,3.0,7.0,10.000000000000028,0.007037297677691763,0.023457658925639273,21.0,97.25000000000045,9.725000000000017,0.027770798344331438,0.12860524471363072,0.0004298780498935477
5,0.5,6.0,10.500000000000028,0.0011728829462819604,0.024630541871921232,3.0,100.25000000000045,9.547619047619065,0.003967256906333062,0.13257250161996378,7.808525828611676e-06
135,3.0,6.0,13.500000000000028,0.007037297677691763,0.031667839549613,18.0,118.25000000000045,8.759259259259274,0.023803541437998375,0.15637604305796216,0.00028110692983002037
130,1.3999999999999773,5.8,14.900000000000006,0.003284072249589436,0.034951911799202436,8.119999999999868,126.37000000000032,8.481208053691294,0.010738042026474647,0.16711408508443681,5.556166543471815e-05
28,3.0999999999999943,5.8,18.0,0.007271874266948141,0.04222378606615058,17.979999999999965,144.35000000000028,8.01944444444446,0.023777093058622772,0.1908911781430596,0.0002724222473610494
124,1.1000000000000227,5.0,19.100000000000023,0.0025803424818203664,0.044804128547970945,5.500000000000114,149.8500000000004,7.845549738219907,0.007273304328277432,0.19816448247133703,2.20238908923017e-05
64,3.0,4.2,22.100000000000023,0.007037297677691763,0.05184142622566271,12.600000000000001,162.4500000000004,7.3506787330316845,0.016662479006598865,0.2148269614779359,9.264411561434182e-05
63,3.0999999999999943,4.0,25.200000000000017,0.007271874266948141,0.05911330049261085,12.399999999999977,174.85000000000036,6.938492063492073,0.016397995212843294,0.2312249566907792,8.328608351910621e-05
15,3.1000000000000014,4.0,28.30000000000002,0.007271874266948158,0.066385174759559,12.400000000000006,187.25000000000037,6.616607773851599,0.016397995212843332,0.24762295190362252,8.32860835191066e-05
70,3.0,3.8,31.30000000000002,0.007037297677691763,0.07342247243725077,11.399999999999999,198.65000000000038,6.346645367412149,0.015075576244065634,0.2626985281476881,6.46139223106256e-05
54,3.0,3.7,34.30000000000002,0.007037297677691763,0.08045977011494253,11.100000000000001,209.75000000000037,6.115160349854235,0.014678850553432333,0.27737737870112045,5.8393330352738954e-05
116,3.0,3.0,37.30000000000002,0.007037297677691763,0.08749706779263429,9.0,218.75000000000037,5.864611260053627,0.011901770718999187,0.2892791494201196,2.3663097969606705e-05
41,3.0,3.0,40.30000000000002,0.007037297677691763,0.09453436547032605,9.0,227.75000000000037,5.6513647642679965,0.011901770718999187,0.3011809201391188,2.3663097969606705e-05
65,3.0999999999999943,3.0,43.40000000000001,0.007271874266948141,0.10180623973727419,9.299999999999983,237.05000000000035,5.461981566820283,0.012298496409632471,0.3134794165487513,2.5266930165324398e-05
55,3.0,3.0,46.40000000000001,0.007037297677691763,0.10884353741496595,9.0,246.05000000000035,5.302801724137937,0.011901770718999187,0.32538118726775045,2.3663097969606705e-05
127,3.0,3.0,49.40000000000001,0.007037297677691763,0.11588083509265772,9.0,255.05000000000035,5.16295546558705,0.011901770718999187,0.3372829579867496,2.3663097969606705e-05
102,3.0,3.0,52.40000000000001,0.007037297677691763,0.12291813277034948,9.0,264.05000000000035,5.039122137404585,0.011901770718999187,0.3491847287057488,2.3663097969606705e-05
118,3.0,3.0,55.40000000000001,0.007037297677691763,0.12995543044804125,9.0,273.05000000000035,4.9287003610108355,0.011901770718999187,0.36108649942474796,2.3663097969606705e-05
131,3.0,3.0,58.40000000000001,0.007037297677691763,0.13699272812573302,9.0,282.05000000000035,4.829623287671238,0.011901770718999187,0.37298827014374714,2.3663097969606705e-05
51,3.0,2.9,61.40000000000001,0.007037297677691763,0.14403002580342478,8.7,290.75000000000034,4.735342019543978,0.01150504502836588,0.384493315172113,1.99607663894556e-05
128,0.8000000000000114,2.7,62.200000000000024,0.0018766127140511634,0.14590663851747593,2.160000000000031,292.91000000000037,4.709163987138267,0.002856424972559846,0.3873497401446728,9.60032061923885e-07
115,3.1000000000000227,2.7,65.30000000000004,0.007271874266948208,0.15317851278442413,8.370000000000061,301.2800000000004,4.613782542113327,0.011068646768669326,0.39841838691334214,1.4415481429825637e-05
139,3.0,2.6,68.30000000000004,0.007037297677691763,0.1602158104621159,7.800000000000001,309.08000000000044,4.525329428989755,0.010314867956465964,0.4087332548698081,1.0742466932303986e-05
96,3.1000000000000227,2.5,71.40000000000006,0.007271874266948208,0.16748768472906408,7.750000000000057,316.8300000000005,4.437394957983196,0.010248747008027153,0.41898200187783524,8.861771316578872e-06
79,3.0,2.5,74.40000000000006,0.007037297677691763,0.17452498240675585,7.5,324.3300000000005,4.35927419354839,0.009918142265832656,0.4289001441436679,8.299265541020672e-06
67,3.0999999999999943,2.4,77.50000000000006,0.007271874266948141,0.181796856673704,7.439999999999986,331.7700000000005,4.280903225806455,0.009838797127705976,0.43873894127137386,6.589092973081186e-06
68,3.0,2.3,80.50000000000006,0.007037297677691763,0.18883415435139575,6.8999999999999995,338.67000000000047,4.207080745341618,0.009124690884566043,0.4478636321559399,4.3572104001048915e-06
19,3.1000000000000014,2.2,83.60000000000005,0.007271874266948158,0.19610602861834392,6.820000000000004,345.49000000000046,4.132655502392348,0.009018897367063834,0.45688252952300373,3.0520897123377844e-06
30,3.1000000000000085,2.2,86.70000000000006,0.007271874266948175,0.2033779028852921,6.820000000000019,352.31000000000046,4.063552479815458,0.009018897367063853,0.4659014268900676,3.0520897123377984e-06
18,3.0,2.1,89.70000000000006,0.007037297677691763,0.21041520056298385,6.300000000000001,358.61000000000047,3.9978818283166135,0.008331239503299432,0.47423266639336703,1.6742854480569064e-06
49,3.0,2.1,92.70000000000006,0.007037297677691763,0.2174524982406756,6.300000000000001,364.9100000000005,3.936461704422872,0.008331239503299432,0.4825639058966665,1.6742854480569064e-06
146,3.1000000000000227,2.0,95.80000000000008,0.007271874266948208,0.2247243725076238,6.2000000000000455,371.1100000000005,3.8737995824634677,0.008198997606421723,0.4907629035030882,8.595576865965214e-07
48,3.1000000000000227,2.0,98.9000000000001,0.007271874266948208,0.231996246774572,6.2000000000000455,377.31000000000057,3.815065722952479,0.008198997606421723,0.49896190110950994,8.595576865965214e-07
69,3.1000000000000227,2.0,102.00000000000013,0.007271874266948208,0.2392681210415202,6.2000000000000455,383.5100000000006,3.759901960784315,0.008198997606421723,0.5071608987159316,8.595576865965214e-07
4,1.8000000000000007,2.0,103.80000000000013,0.004222378606615059,0.24349049964813527,3.6000000000000014,387.11000000000064,3.7293834296724486,0.0047607082875996765,0.5119216070035313,2.89798845429e-07
14,3.0,2.0,106.80000000000013,0.007037297677691763,0.25052779732582703,6.0,393.11000000000064,3.6808052434456946,0.007934513812666124,0.5198561208161974,8.049967928583328e-07
77,3.0,2.0,109.80000000000013,0.007037297677691763,0.2575650950035188,6.0,399.11000000000064,3.6348816029143913,0.007934513812666124,0.5277906346288634,8.049967928583328e-07
91,2.8999999999999773,2.0,112.7000000000001,0.006802721088435317,0.26436781609195414,5.7999999999999545,404.9100000000006,3.592812777284829,0.007670030018910527,0.535460664647774,7.522247808820525e-07
50,3.0999999999999943,2.0,115.8000000000001,0.007271874266948141,0.2716396903589023,6.199999999999989,411.1100000000006,3.5501727115716775,0.008198997606421647,0.5436596622541956,8.595576865965055e-07
17,3.0999999999999943,1.9,118.90000000000009,0.007271874266948141,0.2789115646258504,5.889999999999989,417.00000000000057,3.5071488645920965,0.0077890477261005646,0.5514487099802962,2.6746838685168307e-07
8,3.3000000000000007,1.9,122.20000000000009,0.00774102744546094,0.2866525920713114,6.270000000000001,423.27000000000055,3.463747954173488,0.008291566934236102,0.5597402769145322,3.0309372870081586e-07
62,3.0,1.9,125.20000000000009,0.007037297677691763,0.2936898897490032,5.699999999999999,428.97000000000054,3.4262779552715674,0.007537788122032817,0.567278065036565,2.5049068487670727e-07
31,3.0,1.9,128.2000000000001,0.007037297677691763,0.30072718742669496,5.699999999999999,434.6700000000005,3.3905616224649,0.007537788122032817,0.5748158531585977,2.5049068487670727e-07
101,3.1000000000000227,1.9,131.30000000000013,0.007271874266948208,0.30799906169364316,5.890000000000043,440.56000000000057,3.3553693830921567,0.0077890477261006365,0.5826049008846984,2.67468386851688e-07
22,3.299999999999997,1.8,134.60000000000014,0.007741027445460932,0.3157400891391041,5.939999999999995,446.50000000000057,3.317236255572066,0.007855168674539456,0.5904600695592379,1.3028220175556262e-08
34,3.0999999999999943,1.8,137.70000000000013,0.007271874266948141,0.32301196340605226,5.57999999999999,452.08000000000055,3.2830791575889626,0.007379097845779483,0.5978391674050174,1.1496895857400865e-08
16,3.0,1.8,140.70000000000013,0.007037297677691763,0.33004926108374405,5.4,457.48000000000053,3.2514570007107326,0.007141062431399513,0.604980229836417,1.0767124112029987e-08
132,3.1000000000000227,1.7,143.80000000000015,0.007271874266948208,0.33732113535069225,5.270000000000039,462.75000000000057,3.2180111265646736,0.006969147965458464,0.6119493778018754,9.164321361365949e-08
35,3.0,1.7,146.80000000000015,0.007037297677691763,0.34435843302838404,5.1,467.8500000000006,3.1869891008174394,0.006744336740766205,0.6186937145426417,8.582611056430001e-08
32,3.0999999999999943,1.7,149.90000000000015,0.007271874266948141,0.3516303072953322,5.26999999999999,473.1200000000006,3.1562374916611082,0.006969147965458399,0.6256628625081001,9.16432136136578e-08
114,3.0,1.6,152.90000000000015,0.007037297677691763,0.35866760497302397,4.800000000000001,477.9200000000006,3.1257030739045137,0.006347611050132901,0.632010473558233,4.75667644233517e-07
133,3.0,1.6,155.90000000000015,0.007037297677691763,0.36570490265071576,4.800000000000001,482.7200000000006,3.0963438101347025,0.006347611050132901,0.638358084608366,4.75667644233517e-07
40,3.1000000000000085,1.6,159.00000000000017,0.007271874266948175,0.37297677691766395,4.960000000000014,487.68000000000063,3.0671698113207553,0.006559198085137348,0.6449172826935033,5.079073401204581e-07
27,3.0,1.6,162.00000000000017,0.007037297677691763,0.38001407459535574,4.800000000000001,492.48000000000064,3.040000000000001,0.006347611050132901,0.6512648937436363,4.75667644233517e-07
42,3.0999999999999943,1.5,165.10000000000016,0.007271874266948141,0.3872859488623039,4.6499999999999915,497.1300000000006,3.011084191399153,0.0061492482048162355,0.6574141419484525,1.2602892753777896e-06
134,3.099999999999966,1.5,168.20000000000013,0.007271874266948074,0.39455782312925197,4.649999999999949,501.78000000000054,2.9832342449464933,0.006149248204816179,0.6635633901532687,1.2602892753777667e-06
117,3.1000000000000227,1.5,171.30000000000015,0.007271874266948208,0.40182969739620017,4.650000000000034,506.4300000000006,2.956392294220666,0.006149248204816292,0.669712638358085,1.2602892753778129e-06
66,3.0,1.5,174.30000000000015,0.007037297677691763,0.40886699507389196,4.5,510.9300000000006,2.93132530120482,0.005950885359499594,0.6756635237175846,1.1802917251196825e-06
126,3.0,1.5,177.30000000000015,0.007037297677691763,0.41590429275158375,4.5,515.4300000000005,2.907106598984772,0.005950885359499594,0.6816144090770843,1.1802917251196825e-06
33,3.0,1.5,180.30000000000015,0.007037297677691763,0.42294159042927554,4.5,519.9300000000005,2.8836938435940103,0.005950885359499594,0.6875652944365839,1.1802917251196825e-06
61,3.0999999999999943,1.5,183.40000000000015,0.007271874266948141,0.4302134646962237,4.6499999999999915,524.5800000000005,2.8603053435114507,0.0061492482048162355,0.6937145426414001,1.2602892753777896e-06
57,3.0999999999999943,1.4,186.50000000000014,0.007271874266948141,0.4374853389631718,4.339999999999992,528.9200000000005,2.83603217158177,0.005739298324495152,0.6994538409658952,2.3487890193856663e-06
80,3.1000000000000227,1.4,189.60000000000016,0.007271874266948208,0.44475721323012,4.340000000000032,533.2600000000006,2.812552742616034,0.005739298324495205,0.7051931392903904,2.348789019385709e-06
93,3.0,1.4,192.60000000000016,0.007037297677691763,0.4517945109078118,4.199999999999999,537.4600000000006,2.7905503634475606,0.0055541596688662865,0.7107472989592567,2.1996983532227965e-06
9,1.0,1.4,193.60000000000016,0.002345765892563921,0.4541402768003757,1.4,538.8600000000006,2.783367768595042,0.0018513865562887622,0.7125986855155455,2.444109281358663e-07
53,3.0999999999999943,1.4,196.70000000000016,0.007271874266948141,0.46141215106732386,4.339999999999992,543.2000000000006,2.7615658362989333,0.005739298324495152,0.7183379838400407,2.3487890193856663e-06
92,3.1999999999999886,1.4,199.90000000000015,0.00750645085620452,0.46891860192352836,4.4799999999999836,547.6800000000006,2.7397698849424725,0.005924436980124018,0.7242624208201647,2.5027679041112527e-06
72,3.0,1.3,202.90000000000015,0.007037297677691763,0.47595589960122014,3.9000000000000004,551.5800000000006,2.7184820108427807,0.005157433978232982,0.7294198547983977,3.5338875285428548e-06
143,3.0,1.3,205.90000000000015,0.007037297677691763,0.48299319727891193,3.9000000000000004,555.4800000000006,2.6978144730451685,0.005157433978232982,0.7345772887766306,3.5338875285428548e-06
0,2.5999999999999996,1.3,208.50000000000014,0.006098991320666193,0.48909218859957815,3.3799999999999994,558.8600000000006,2.6803836930455645,0.004469776114468583,0.7390470648910993,2.6543421881055215e-06
37,3.0,1.3,211.50000000000014,0.007037297677691763,0.49612948627726994,3.9000000000000004,562.7600000000006,2.660803782505911,0.005157433978232982,0.7442044988693323,3.5338875285428548e-06
21,2.8000000000000043,1.3,214.30000000000015,0.006568144499178989,0.5026976307764489,3.6400000000000055,566.4000000000005,2.6430237984134397,0.00481360504635079,0.749018103915683,3.078408691530674e-06
107,3.1000000000000227,1.2,217.40000000000018,0.007271874266948208,0.5099695050433971,3.7200000000000273,570.1200000000006,2.622447102115916,0.004919398563853033,0.7539375024795361,5.5341419336531366e-06
39,3.0,1.2,220.40000000000018,0.007037297677691763,0.5170068027210889,3.5999999999999996,573.7200000000006,2.603085299455536,0.004760708287599675,0.7586982107671357,5.182859251079865e-06
13,3.1000000000000014,1.2,223.50000000000017,0.007271874266948158,0.5242786769880371,3.7200000000000015,577.4400000000006,2.583624161073826,0.004919398563852999,0.7636176093309888,5.53414193365306e-06
12,3.0,1.1,226.50000000000017,0.007037297677691763,0.5313159746657289,3.3000000000000003,580.7400000000006,2.5639735099337755,0.004363982596966369,0.7679815919279551,7.146613520833817e-06
46,3.0999999999999943,1.1,229.60000000000016,0.007271874266948141,0.538587848932677,3.409999999999994,584.1500000000005,2.5442073170731714,0.0045094486835319065,0.772491040611487,7.630995103912525e-06
111,3.1000000000000227,1.1,232.7000000000002,0.007271874266948208,0.5458597231996252,3.4100000000000255,587.5600000000006,2.524967769660508,0.004509448683531948,0.777000489295019,7.630995103912667e-06
60,3.1000000000000227,1.1,235.8000000000002,0.007271874266948208,0.5531315974665734,3.4100000000000255,590.9700000000007,2.5062340966921126,0.004509448683531948,0.781509937978551,7.630995103912667e-06
142,3.1000000000000227,1.1,238.90000000000023,0.007271874266948208,0.5604034717335216,3.4100000000000255,594.3800000000008,2.487986605274174,0.004509448683531948,0.7860193866620829,7.630995103912667e-06
43,3.0,1.1,241.90000000000023,0.007037297677691763,0.5674407694112134,3.3000000000000003,597.6800000000007,2.4707730467135187,0.004363982596966369,0.7903833692590493,7.146613520833817e-06
7,3.0,1.1,244.90000000000023,0.007037297677691763,0.5744780670889051,3.3000000000000003,600.9800000000007,2.453981216823194,0.004363982596966369,0.7947473518560156,7.146613520833817e-06
121,3.1000000000000227,1.0,248.00000000000026,0.007271874266948208,0.5817499413558533,3.1000000000000227,604.0800000000007,2.4358064516129034,0.004099498803210862,0.7988468506592264,1.0063966082922746e-05
1,3.0,1.0,251.00000000000026,0.007037297677691763,0.5887872390335451,3.0,607.0800000000007,2.4186454183266934,0.003967256906333062,0.8028141075655595,9.42515033780472e-06
119,3.099999999999966,1.0,254.10000000000022,0.007271874266948074,0.5960591133004932,3.099999999999966,610.1800000000007,2.401338055883511,0.004099498803210786,0.8069136063687703,1.0063966082922375e-05
26,3.0,1.0,257.10000000000025,0.007037297677691763,0.603096410978185,3.0,613.1800000000007,2.384986386619993,0.003967256906333062,0.8108808632751033,9.42515033780472e-06
38,3.0999999999999943,1.0,260.2000000000003,0.007271874266948141,0.6103682852451331,3.0999999999999943,616.2800000000008,2.368485780169101,0.004099498803210823,0.8149803620783141,1.0063966082922558e-05
113,3.099999999999966,1.0,263.30000000000024,0.007271874266948074,0.6176401595120812,3.099999999999966,619.3800000000008,2.352373718192177,0.004099498803210786,0.819079860881525,1.0063966082922375e-05
109,3.099999999999966,1.0,266.4000000000002,0.007271874266948074,0.6249120337790293,3.099999999999966,622.4800000000007,2.3366366366366376,0.004099498803210786,0.8231793596847358,1.0063966082922375e-05
123,1.599999999999966,1.0,268.00000000000017,0.0037532254281021932,0.6286652592071315,1.599999999999966,624.0800000000006,2.3286567164179113,0.002115870350044255,0.82529523003478,2.6809316516421176e-06
23,3.0999999999999943,1.0,271.10000000000014,0.007271874266948141,0.6359371334740795,3.0999999999999943,627.1800000000006,2.313463666543712,0.004099498803210823,0.8293947288379908,1.0063966082922558e-05
125,0.39999999999997726,1.0,271.5000000000001,0.000938306357025515,0.6368754398311051,0.39999999999997726,627.5800000000006,2.3115285451197067,0.0005289675875110449,0.8299236964255019,1.6755822822762047e-07
25,3.1000000000000085,1.0,274.60000000000014,0.007271874266948175,0.6441473140980533,3.1000000000000085,630.6800000000006,2.2967225054624922,0.0040994988032108425,0.8340231952287127,1.0063966082922653e-05
24,3.0,1.0,277.60000000000014,0.007037297677691763,0.651184611775745,3.0,633.6800000000006,2.2827089337175805,0.003967256906333062,0.8379904521350457,9.42515033780472e-06
20,3.0,1.0,280.60000000000014,0.007037297677691763,0.6582219094534368,3.0,636.6800000000006,2.268995010691377,0.003967256906333062,0.8419577090413788,9.42515033780472e-06
10,1.7999999999999972,1.0,282.40000000000015,0.0042223786066150504,0.6624442880600518,1.7999999999999972,638.4800000000006,2.2609065155807375,0.0023803541437998335,0.8443380631851786,3.393054121609689e-06
136,3.1000000000000227,1.0,285.50000000000017,0.007271874266948208,0.669716162327,3.1000000000000227,641.5800000000006,2.24721541155867,0.004099498803210862,0.8484375619883894,1.0063966082922746e-05
137,3.0,1.0,288.50000000000017,0.007037297677691763,0.6767534600046918,3.0,644.5800000000006,2.2342461005199317,0.003967256906333062,0.8524048188947224,9.42515033780472e-06
138,3.099999999999966,1.0,291.60000000000014,0.007271874266948074,0.6840253342716399,3.099999999999966,647.6800000000005,2.2211248285322367,0.004099498803210786,0.8565043176979332,1.0063966082922375e-05
6,0.8000000000000007,1.0,292.40000000000015,0.0018766127140511383,0.6859019469856911,0.8000000000000007,648.4800000000005,2.2177838577291387,0.001057935175022151,0.8575622528729554,6.702329129105592e-07
140,3.1000000000000227,1.0,295.50000000000017,0.007271874266948208,0.6931738212526393,3.1000000000000227,651.5800000000005,2.205008460236887,0.004099498803210862,0.8616617516761662,1.0063966082922746e-05
2,3.0999999999999996,1.0,298.6000000000002,0.007271874266948154,0.7004456955195875,3.0999999999999996,654.6800000000005,2.1924983255190895,0.00409949880321083,0.865761250479377,1.0063966082922595e-05
145,3.0,1.0,301.6000000000002,0.007037297677691763,0.7074829931972793,3.0,657.6800000000005,2.180636604774536,0.003967256906333062,0.8697285073857101,9.42515033780472e-06
108,3.0,1.0,304.6000000000002,0.007037297677691763,0.714520290874971,3.0,660.6800000000005,2.169008535784636,0.003967256906333062,0.8736957642920431,9.42515033780472e-06
73,3.0999999999999943,1.0,307.70000000000016,0.007271874266948141,0.7217921651419191,3.0999999999999943,663.7800000000005,2.15723106922327,0.004099498803210823,0.8777952630952539,1.0063966082922558e-05
94,3.1000000000000227,1.0,310.8000000000002,0.007271874266948208,0.7290640394088673,3.1000000000000227,666.8800000000006,2.145688545688546,0.004099498803210862,0.8818947618984647,1.0063966082922746e-05
100,3.0,1.0,313.8000000000002,0.007037297677691763,0.7361013370865591,3.0,669.8800000000006,2.134735500318675,0.003967256906333062,0.8858620188047978,9.42515033780472e-06
47,3.0,1.0,316.8000000000002,0.007037297677691763,0.7431386347642509,3.0,672.8800000000006,2.1239898989898998,0.003967256906333062,0.8898292757111308,9.42515033780472e-06
90,3.1000000000000227,1.0,319.9000000000002,0.007271874266948208,0.7504105090311991,3.1000000000000227,675.9800000000006,2.1130978430759617,0.004099498803210862,0.8939287745143416,1.0063966082922746e-05
95,3.0,1.0,322.9000000000002,0.007037297677691763,0.7574478067088909,3.0,678.9800000000006,2.102756271291422,0.003967256906333062,0.8978960314206746,9.42515033780472e-06
88,3.099999999999966,1.0,326.00000000000017,0.007271874266948074,0.764719680975839,3.099999999999966,682.0800000000006,2.0922699386503076,0.004099498803210786,0.9019955302238855,1.0063966082922375e-05
98,3.099999999999966,1.0,329.10000000000014,0.007271874266948074,0.7719915552427871,3.099999999999966,685.1800000000005,2.0819811607414165,0.004099498803210786,0.9060950290270963,1.0063966082922375e-05
105,3.1000000000000227,1.0,332.20000000000016,0.007271874266948208,0.7792634295097353,3.1000000000000227,688.2800000000005,2.071884406983745,0.004099498803210862,0.9101945278303071,1.0063966082922746e-05
82,3.0999999999999943,1.0,335.3000000000002,0.007271874266948141,0.7865353037766833,3.0999999999999943,691.3800000000006,2.06197435132717,0.004099498803210823,0.9142940266335179,1.0063966082922558e-05
45,3.0,1.0,338.3000000000002,0.007037297677691763,0.7935726014543751,3.0,694.3800000000006,2.0525569021578485,0.003967256906333062,0.9182612835398509,9.42515033780472e-06
44,3.0999999999999943,1.0,341.4000000000002,0.007271874266948141,0.8008444757213232,3.0999999999999943,697.4800000000006,2.042999414176919,0.004099498803210823,0.9223607823430617,1.0063966082922558e-05
75,3.0999999999999943,1.0,344.5000000000002,0.007271874266948141,0.8081163499882713,3.0999999999999943,700.5800000000006,2.033613933236575,0.004099498803210823,0.9264602811462725,1.0063966082922558e-05
58,3.0,1.0,347.5000000000002,0.007037297677691763,0.8151536476659631,3.0,703.5800000000006,2.0246906474820148,0.003967256906333062,0.9304275380526056,9.42515033780472e-06
52,3.0,1.0,350.5000000000002,0.007037297677691763,0.8221909453436549,3.0,706.5800000000006,2.0159201141226823,0.003967256906333062,0.9343947949589386,9.42515033780472e-06
36,3.1000000000000085,0.9,353.60000000000025,0.007271874266948175,0.8294628196106031,2.7900000000000076,709.3700000000006,2.0061368778280544,0.003689548922889758,0.9380843438818284,1.283305487068325e-05
11,3.1000000000000014,0.9,356.7000000000003,0.007271874266948158,0.8367346938775513,2.7900000000000014,712.1600000000005,1.9965236893748248,0.00368954892288975,0.9417738928047181,1.2833054870683191e-05
104,3.0,0.9,359.7000000000003,0.007037297677691763,0.8437719915552431,2.7,714.8600000000006,1.9873783708646096,0.0035705312156997563,0.9453444240204179,1.2018469701992574e-05
86,3.1000000000000227,0.8,362.8000000000003,0.007271874266948208,0.8510438658221913,2.480000000000018,717.3400000000006,1.9772326350606395,0.003279599042568689,0.9486240230629865,1.593826146719454e-05
81,3.0,0.8,365.8000000000003,0.007037297677691763,0.8580811634998831,2.4000000000000004,719.7400000000006,1.9675779114270093,0.0031738055250664504,0.951797828588053,1.4926571613397368e-05
78,3.0999999999999943,0.8,368.9000000000003,0.007271874266948141,0.8653530377668311,2.4799999999999955,722.2200000000006,1.9577663323393872,0.003279599042568659,0.9550774276306216,1.5938261467194245e-05
141,3.0,0.8,371.9000000000003,0.007037297677691763,0.8723903354445229,2.4000000000000004,724.6200000000006,1.9484269965044365,0.0031738055250664504,0.958251233155688,1.4926571613397368e-05
122,3.0,0.8,374.9000000000003,0.007037297677691763,0.8794276331222147,2.4000000000000004,727.0200000000006,1.939237129901307,0.0031738055250664504,0.9614250386807545,1.4926571613397368e-05
112,3.0,0.8,377.9000000000003,0.007037297677691763,0.8864649307999065,2.4000000000000004,729.4200000000005,1.930193172797036,0.0031738055250664504,0.9645988442058209,1.4926571613397368e-05
97,3.0,0.7,380.9000000000003,0.007037297677691763,0.8935022284775983,2.0999999999999996,731.5200000000006,1.9205040693095299,0.0027770798344331432,0.967375924040254,1.814945607201912e-05
120,3.0,0.7,383.9000000000003,0.007037297677691763,0.9005395261552901,2.0999999999999996,733.6200000000006,1.9109663974993487,0.0027770798344331432,0.9701530038746871,1.814945607201912e-05
144,3.099999999999966,0.7,387.0000000000003,0.007271874266948074,0.9078114004222382,2.169999999999976,735.7900000000005,1.901266149870801,0.0028696491622475498,0.9730226530369346,1.9379585872455546e-05
110,3.0,0.7,390.0000000000003,0.007037297677691763,0.91484869809993,2.0999999999999996,737.8900000000006,1.892025641025641,0.0027770798344331432,0.9757997328713677,1.814945607201912e-05
89,3.0,0.6,393.0000000000003,0.007037297677691763,0.9218859957776218,1.7999999999999998,739.6900000000005,1.8821628498727734,0.0023803541437998374,0.9781800870151676,2.1687123077857816e-05
87,3.0,0.6,396.0000000000003,0.007037297677691763,0.9289232934553135,1.7999999999999998,741.4900000000005,1.8724494949494948,0.0023803541437998374,0.9805604411589675,2.1687123077857816e-05
84,3.0999999999999943,0.6,399.10000000000025,0.007271874266948141,0.9361951677222616,1.8599999999999965,743.3500000000005,1.8625657729892258,0.002459699281926494,0.9830201404408939,2.3157028086468093e-05
99,3.0,0.6,402.10000000000025,0.007037297677691763,0.9432324653999534,1.7999999999999998,745.1500000000004,1.8531459835861726,0.0023803541437998374,0.9854004945846938,2.1687123077857816e-05
74,3.0,0.6,405.10000000000025,0.007037297677691763,0.9502697630776452,1.7999999999999998,746.9500000000004,1.8438657121698345,0.0023803541437998374,0.9877808487284937,2.1687123077857816e-05
76,3.0,0.5,408.10000000000025,0.007037297677691763,0.957307060755337,1.5,748.4500000000004,1.8339867679490318,0.001983628453166531,0.9897644771816603,2.553957263091345e-05
106,3.0,0.5,411.10000000000025,0.007037297677691763,0.9643443584330288,1.5,749.9500000000004,1.8242520068109946,0.001983628453166531,0.9917481056348268,2.553957263091345e-05
83,3.0,0.5,414.10000000000025,0.007037297677691763,0.9713816561107206,1.5,751.4500000000004,1.8146582950978023,0.001983628453166531,0.9937317340879934,2.553957263091345e-05
85,3.0,0.5,417.10000000000025,0.007037297677691763,0.9784189537884124,1.5,752.9500000000004,1.8052025893071204,0.001983628453166531,0.99571536254116,2.553957263091345e-05
56,3.0999999999999943,0.5,420.2000000000003,0.007271874266948141,0.9856908280553605,1.5499999999999972,754.5000000000003,1.7955735364112324,0.0020497494016054117,0.9977651119427654,2.7270588109230818e-05
103,3.099999999999966,0.4,423.30000000000024,0.007271874266948074,0.9929627023223085,1.2399999999999864,755.7400000000004,1.7853531774155444,0.0016397995212843145,0.9994049114640497,3.17202659407435e-05
59,3.0,0.15,426.30000000000024,0.007037297677691763,1.0000000000000002,0.44999999999999996,756.1900000000004,1.7738447102979122,0.0005950885359499593,0.9999999999999997,4.150205862594166e-05
