,weight,grade,cml_weight,weight_pct,cml_weight_pct,yield,cml_yield,cml_grade,recovery,cml_recovery,distributional_heterogeneity
99,0.5,81.8,0.5,0.0014104372355430179,0.0014104372355430179,40.9,40.9,81.8,0.05157791859768596,0.05157791859768596,0.002516776186220959
96,0.5999999999999659,22.0,1.099999999999966,0.0016925246826515253,0.0031029619181945434,13.19999999999925,54.09999999999925,49.181818181819025,0.016646174217345135,0.06822409281503108,0.0002236116344064423
100,1.6999999999999886,21.8,2.7999999999999545,0.0047954866008462285,0.007898448519040771,37.059999999999754,91.159999999999,32.55714285714303,0.04673539518900315,0.11495948800403424,0.0017589559323829584
68,3.0999999999999943,20.5,5.899999999999949,0.008744710860366696,0.01664315937940747,63.54999999999988,154.7099999999989,26.222033898305124,0.08014124026608647,0.1951007282701207,0.005097464411181807
8,0.8000000000000007,9.3,6.6999999999999496,0.0022566995768688305,0.0188998589562763,7.4400000000000075,162.1499999999989,24.20149253731345,0.009382389104322346,0.20448311737444305,5.0775451241660676e-05
97,3.3000000000000114,7.4,9.999999999999961,0.00930888575458395,0.02820874471086025,24.420000000000087,186.56999999999897,18.65699999999997,0.030795422302090356,0.2352785396765334,0.0004616712528073283
67,3.0,6.8,12.999999999999961,0.008462623413258107,0.03667136812411836,20.4,206.96999999999898,15.9207692307692,0.025725905608625758,0.26100444528515915,0.00029802091215689767
6,3.1000000000000014,6.7,16.099999999999962,0.008744710860366715,0.045416078984485075,20.77000000000001,227.739999999999,14.145341614906803,0.0261925029162332,0.28719694820139235,0.00030442544762475756
69,3.0,6.4,19.099999999999962,0.008462623413258107,0.053878702397743186,19.200000000000003,246.93999999999897,12.928795811518297,0.024212617043412484,0.31140956524480484,0.0002480622993499032
98,0.8000000000000114,6.3,19.899999999999974,0.002256699576868861,0.056135401974612045,5.040000000000071,251.97999999999905,12.662311557788914,0.006355811973895865,0.3177653772187007,1.680272244346048e-05
66,3.1000000000000227,4.4,22.999999999999996,0.008744710860366775,0.06488011283497883,13.640000000000102,265.61999999999915,11.548695652173878,0.017201046691257743,0.33496642390995846,7.150961568481044e-05
63,1.9000000000000057,4.3,24.900000000000002,0.005359661495063484,0.0702397743300423,8.170000000000025,273.78999999999917,10.995582329317235,0.010302972981493779,0.34526939689145225,2.443632845187368e-05
95,2.3000000000000114,4.2,27.200000000000014,0.0064880112834979145,0.07672778561354021,9.660000000000048,283.4499999999992,10.420955882352906,0.012181972949966964,0.35745136984141923,3.2421199459219e-05
42,3.0,3.8,30.200000000000014,0.008462623413258107,0.08519040902679832,11.399999999999999,294.84999999999917,9.76324503311255,0.014376241369526158,0.3718276112109454,3.497087733269592e-05
101,3.1000000000000227,3.7,33.30000000000004,0.008744710860366775,0.0939351198871651,11.470000000000084,306.31999999999925,9.198798798798766,0.014464516535830373,0.38629212774677574,3.27161769650656e-05
7,1.1999999999999993,3.6,34.50000000000004,0.003385049365303241,0.09732016925246835,4.319999999999998,310.63999999999925,9.00405797101446,0.005447838834767804,0.39173996658154353,4.255100395333896e-06
94,3.0,3.5,37.50000000000004,0.008462623413258107,0.10578279266572646,10.5,321.13999999999925,8.563733333333303,0.013241274945616199,0.40498124152715975,2.2835510467708336e-05
76,3.1000000000000227,3.4,40.600000000000065,0.008744710860366775,0.11452750352609324,10.540000000000077,331.6799999999993,8.169458128078787,0.013291717897790073,0.4182729594249498,2.067527299837699e-05
25,3.0,3.4,43.600000000000065,0.008462623413258107,0.12299012693935135,10.2,341.8799999999993,7.841284403669698,0.012862952804312879,0.4311359122292627,1.9362898749780455e-05
87,1.099999999999966,3.3,44.70000000000003,0.003102961918194543,0.1260930888575459,3.629999999999887,345.5099999999992,7.729530201342259,0.00457769790977003,0.4357136101390327,2.1748462448481328e-06
60,3.0999999999999943,3.1,47.800000000000026,0.008744710860366696,0.13483779971791257,9.609999999999983,355.11999999999915,7.429288702928848,0.012118919259749663,0.4478325293987824,1.138528232246656e-05
9,1.0,3.1,48.800000000000026,0.0028208744710860358,0.1376586741889986,3.1,358.2199999999992,7.340573770491782,0.00390932879346764,0.45174185819225,1.184732811911197e-06
22,3.1000000000000085,3.0,51.900000000000034,0.008744710860366735,0.14640338504936534,9.300000000000026,367.5199999999992,7.08131021194603,0.011727986380402951,0.46346984457265294,8.899932828447357e-06
43,3.0999999999999943,2.9,55.00000000000003,0.008744710860366696,0.15514809590973203,8.989999999999982,376.5099999999992,6.845636363636346,0.011337053501056134,0.47480689807370907,6.720240366736696e-06
3,3.0,2.9,58.00000000000003,0.008462623413258107,0.16361071932299012,8.7,385.2099999999992,6.641551724137914,0.010971342097796278,0.48577824017150534,6.293669438150934e-06
21,2.999999999999993,2.7,61.00000000000002,0.008462623413258086,0.17207334273624822,8.099999999999982,393.30999999999915,6.447704918032771,0.010214697815189617,0.49599293798669497,3.0697647099037236e-06
50,3.0,2.7,64.00000000000003,0.008462623413258107,0.18053596614950632,8.100000000000001,401.4099999999992,6.272031249999984,0.010214697815189641,0.5062076358018847,3.0697647099037384e-06
27,3.0,2.7,67.00000000000003,0.008462623413258107,0.1889985895627644,8.100000000000001,409.5099999999992,6.112089552238792,0.010214697815189641,0.5164223336170743,3.0697647099037384e-06
2,3.0,2.6,70.00000000000003,0.008462623413258107,0.1974612129760225,7.800000000000001,417.3099999999992,5.961571428571415,0.00983637567388632,0.5262587092909606,1.8871952735811237e-06
93,3.0,2.6,73.00000000000003,0.008462623413258107,0.2059238363892806,7.800000000000001,425.1099999999992,5.823424657534233,0.00983637567388632,0.5360950849648469,1.8871952735811237e-06
125,2.8999999999999773,2.4,75.9,0.00818053596614944,0.21410437235543003,6.959999999999945,432.06999999999914,5.6926218708827285,0.008777073678236954,0.5448721586430839,3.558572419426067e-07
4,3.099999999999998,2.4,79.0,0.008744710860366704,0.22284908321579674,7.439999999999994,439.50999999999914,5.563417721518976,0.009382389104322328,0.5542545477474062,4.066335428143281e-07
70,3.0999999999999943,2.3,82.1,0.008744710860366696,0.23159379407616343,7.129999999999987,446.63999999999913,5.440194884287444,0.008991456224975554,0.5632460039723818,6.088327495595898e-08
59,3.0,2.3,85.1,0.008462623413258107,0.24005641748942153,6.8999999999999995,453.5399999999991,5.329494712103398,0.00870140924997636,0.5719474132223581,5.7018675817235475e-08
41,3.0999999999999943,2.3,88.19999999999999,0.008744710860366696,0.2488011283497882,7.129999999999987,460.6699999999991,5.223015873015863,0.008991456224975554,0.5809388694473336,6.088327495595898e-08
64,3.5,2.3,91.69999999999999,0.009873060648801125,0.25867418899858935,8.049999999999999,468.7199999999991,5.11145038167938,0.010151644124972417,0.591090513572306,7.760875319568163e-08
5,3.0,2.3,94.69999999999999,0.008462623413258107,0.26713681241184745,6.8999999999999995,475.6199999999991,5.0223864836325145,0.00870140924997636,0.5997919228222823,5.7018675817235475e-08
126,2.6999999999999886,2.3,97.39999999999998,0.007616361071932264,0.2747531734837797,6.209999999999973,481.8299999999991,4.946919917864468,0.00783126832497869,0.607623191147261,4.618512741196035e-08
26,3.1000000000000085,2.2,100.49999999999999,0.008744710860366735,0.2834978843441464,6.820000000000019,488.64999999999907,4.862189054726359,0.008600523345628832,0.6162237144928899,2.079003940629301e-08
62,3.0999999999999943,2.2,103.59999999999998,0.008744710860366696,0.2922425952045131,6.819999999999988,495.46999999999906,4.78252895752895,0.008600523345628792,0.6248242378385187,2.079003940629282e-08
58,3.0999999999999943,2.2,106.69999999999997,0.008744710860366696,0.30098730606487983,6.819999999999988,502.28999999999905,4.707497656982185,0.008600523345628792,0.6334247611841475,2.079003940629282e-08
105,2.1000000000000227,2.2,108.8,0.00592383638928074,0.30691114245416057,4.620000000000051,506.9099999999991,4.659099264705874,0.005826160976071192,0.6392509221602186,9.540486345655947e-09
24,3.0999999999999943,2.1,111.89999999999999,0.008744710860366696,0.3156558533145273,6.509999999999988,513.419999999999,4.588203753351198,0.00820959046628203,0.6474605126265006,2.8635383616532824e-07
23,3.0,2.1,114.89999999999999,0.008462623413258107,0.3241184767277854,6.300000000000001,519.719999999999,4.523237597911219,0.00794476496736972,0.6554052775938704,2.6817736997793585e-07
110,1.400000000000034,2.0,116.30000000000003,0.003949224259520546,0.3280677009873059,2.800000000000068,522.5199999999991,4.492863284608761,0.003531006652164406,0.6589362842460348,1.7490596710269486e-07
49,3.0999999999999943,2.0,119.40000000000002,0.008744710860366696,0.33681241184767263,6.199999999999989,528.7199999999991,4.42814070351758,0.007818657586935266,0.66675494183297,8.57574665233066e-07
1,3.1000000000000005,2.0,122.50000000000001,0.008744710860366713,0.34555712270803934,6.200000000000001,534.9199999999992,4.366693877551013,0.007818657586935281,0.6745735994199052,8.575746652330694e-07
77,3.0,2.0,125.50000000000001,0.008462623413258107,0.35401974612129744,6.0,540.9199999999992,4.310119521912344,0.0075664428260664,0.6821400422459717,8.03139644859274e-07
82,3.0,2.0,128.5,0.008462623413258107,0.36248236953455554,6.0,546.9199999999992,4.256186770428009,0.0075664428260664,0.6897064850720381,8.03139644859274e-07
65,3.6999999999999886,2.0,132.2,0.0104372355430183,0.3729196050775738,7.399999999999977,554.3199999999991,4.193040847201204,0.00933194615214853,0.6990384312241866,1.2216646375692659e-06
47,3.0999999999999943,1.9,135.29999999999998,0.008744710860366696,0.38166431593794053,5.889999999999989,560.2099999999991,4.140502586844044,0.007427724707588502,0.7064661559317751,1.7344525266095063e-06
71,3.0,1.9,138.29999999999998,0.008462623413258107,0.39012693935119863,5.699999999999999,565.9099999999992,4.091901663051332,0.007188120684763079,0.7136542766165381,1.624357204941271e-06
61,3.0,1.9,141.29999999999998,0.008462623413258107,0.39858956276445673,5.699999999999999,571.6099999999992,4.045364472753003,0.007188120684763079,0.7208423973013012,1.624357204941271e-06
55,3.0,1.9,144.29999999999998,0.008462623413258107,0.4070521861777148,5.699999999999999,577.3099999999993,4.000762300762296,0.007188120684763079,0.7280305179860642,1.624357204941271e-06
11,3.0,1.9,147.29999999999998,0.008462623413258107,0.4155148095909729,5.699999999999999,583.0099999999993,3.957976917854714,0.007188120684763079,0.7352186386708273,1.624357204941271e-06
79,3.0,1.7,150.29999999999998,0.008462623413258107,0.423977433004231,5.1,588.1099999999993,3.912907518296736,0.006431476402156439,0.7416501150729837,4.125558180707238e-06
39,3.0999999999999943,1.7,153.39999999999998,0.008744710860366696,0.43272214386459773,5.26999999999999,593.3799999999993,3.868187744458927,0.006645858948894975,0.7482959740218788,4.40517934628849e-06
10,3.1000000000000014,1.7,156.49999999999997,0.008744710860366715,0.44146685472496444,5.270000000000002,598.6499999999993,3.825239616613415,0.0066458589488949905,0.7549418329707738,4.4051793462885105e-06
92,3.1000000000000227,1.7,159.6,0.008744710860366775,0.4502115655853312,5.270000000000039,603.9199999999994,3.78395989974937,0.0066458589488950365,0.7615876919196688,4.4051793462885714e-06
48,3.0,1.7,162.6,0.008462623413258107,0.4586741889985893,5.1,609.0199999999994,3.7455104551045477,0.006431476402156439,0.7680191683218253,4.125558180707238e-06
28,3.0,1.7,165.6,0.008462623413258107,0.4671368124118474,5.1,614.1199999999994,3.70845410628019,0.006431476402156439,0.7744506447239817,4.125558180707238e-06
37,3.1000000000000085,1.7,168.7,0.008744710860366735,0.4758815232722141,5.270000000000015,619.3899999999994,3.6715471250740928,0.006645858948895006,0.7810965036728768,4.405179346288531e-06
33,3.1000000000000085,1.6,171.8,0.008744710860366735,0.4846262341325808,4.960000000000014,624.3499999999995,3.634167636786958,0.006254926069548241,0.787351429742425,6.19902830459109e-06
13,3.0,1.6,174.8,0.008462623413258107,0.4930888575458389,4.800000000000001,629.1499999999994,3.599256292906175,0.006053154260853121,0.7934045840032781,5.8055415963912075e-06
78,3.0999999999999943,1.5,177.9,0.008744710860366696,0.5018335684062056,4.6499999999999915,633.7999999999994,3.562675660483414,0.005863993190201449,0.7992685771934795,8.298534295202281e-06
0,1.2000000000000002,1.5,179.1,0.0033850493653032436,0.5052186177715089,1.8000000000000003,635.5999999999993,3.5488553880513645,0.0022699328478199203,0.8015385100412995,1.2434848475641346e-06
44,3.0,1.5,182.1,0.008462623413258107,0.513681241184767,4.5,640.0999999999993,3.5151015925315727,0.0056748321195498,0.8072133421608493,7.771780297275838e-06
57,3.0,1.4,185.1,0.008462623413258107,0.5221438645980251,4.199999999999999,644.2999999999994,3.480821177741758,0.005296509978246479,0.8125098521390958,1.0024274283361129e-05
45,3.1000000000000227,1.4,188.20000000000002,0.008744710860366775,0.5308885754583919,4.340000000000032,648.6399999999994,3.4465462274176373,0.005473060310854736,0.8179829124499505,1.0703697318122431e-05
18,3.1000000000000014,1.4,191.3,0.008744710860366715,0.5396332863187586,4.340000000000002,652.9799999999994,3.4133821223209586,0.005473060310854698,0.8234559727608052,1.0703697318122282e-05
102,3.0,1.4,194.3,0.008462623413258107,0.5480959097320167,4.199999999999999,657.1799999999995,3.382295419454449,0.005296509978246479,0.8287524827390517,1.0024274283361129e-05
118,1.400000000000034,1.4,195.70000000000005,0.003949224259520546,0.5520451339915373,1.9600000000000477,659.1399999999995,3.368114460909552,0.002471704656515084,0.8312241873955668,2.183064177265419e-06
40,3.0,1.4,198.70000000000005,0.008462623413258107,0.5605077574047954,4.199999999999999,663.3399999999996,3.3383995973829865,0.005296509978246479,0.8365206973738133,1.0024274283361129e-05
35,3.0999999999999943,1.4,201.80000000000004,0.008744710860366696,0.5692524682651621,4.339999999999992,667.6799999999996,3.308622398414269,0.005473060310854686,0.841993757684668,1.0703697318122233e-05
81,3.0999999999999943,1.3,204.90000000000003,0.008744710860366696,0.5779971791255287,4.029999999999993,671.7099999999996,3.278233284529036,0.005082127431507923,0.8470758851161759,1.341451737335088e-05
104,0.39999999999997726,1.3,205.3,0.0011283497884343502,0.5791255289139631,0.5199999999999705,672.2299999999996,3.2743789576229885,0.0006557583782590507,0.847731643494435,2.2334264097147814e-07
114,3.0,1.3,208.3,0.008462623413258107,0.5875881523272212,3.9000000000000004,676.1299999999995,3.2459433509361473,0.00491818783694316,0.8526498313313782,1.2563023554647073e-05
16,3.1000000000000014,1.2,211.4,0.008744710860366715,0.5963328631875879,3.7200000000000015,679.8499999999996,3.215941343424785,0.004691194552161169,0.8573410258835393,1.6430994460888312e-05
36,3.0,1.2,214.4,0.008462623413258107,0.604795486600846,3.5999999999999996,683.4499999999996,3.1877332089552217,0.00453986569563984,0.8618808915791791,1.5388028111133683e-05
15,3.0,1.2,217.4,0.008462623413258107,0.6132581100141041,3.5999999999999996,687.0499999999996,3.160303587856484,0.00453986569563984,0.8664207572748189,1.5388028111133683e-05
38,3.0,1.2,220.4,0.008462623413258107,0.6217207334273622,3.5999999999999996,690.6499999999996,3.133620689655171,0.00453986569563984,0.8709606229704587,1.5388028111133683e-05
12,3.1000000000000014,1.2,223.5,0.008744710860366715,0.630465444287729,3.7200000000000015,694.3699999999997,3.1068008948545844,0.004691194552161169,0.8756518175226199,1.6430994460888312e-05
51,3.0999999999999943,1.2,226.6,0.008744710860366696,0.6392101551480956,3.719999999999993,698.0899999999997,3.080714916151808,0.004691194552161159,0.880343012074781,1.6430994460888237e-05
80,3.0,1.1,229.6,0.008462623413258107,0.6476727785613537,3.3000000000000003,701.3899999999996,3.0548344947735178,0.0041615435543365204,0.8845045556291176,1.849928795282094e-05
124,3.0,1.1,232.6,0.008462623413258107,0.6561354019746118,3.3000000000000003,704.6899999999996,3.0296216680997405,0.0041615435543365204,0.8886660991834541,1.849928795282094e-05
56,3.1000000000000227,1.1,235.70000000000002,0.008744710860366775,0.6648801128349786,3.4100000000000255,708.0999999999997,3.004242681374627,0.004300261672814436,0.8929663608562685,1.975312858073465e-05
111,3.0,1.1,238.70000000000002,0.008462623413258107,0.6733427362482367,3.3000000000000003,711.3999999999996,2.9803100125680753,0.0041615435543365204,0.897127904410605,1.849928795282094e-05
72,3.0999999999999943,1.1,241.8,0.008744710860366696,0.6820874471086034,3.409999999999994,714.8099999999996,2.9562034739454077,0.004300261672814396,0.9014281660834194,1.9753128580734285e-05
120,3.0,1.1,244.8,0.008462623413258107,0.6905500705218615,3.3000000000000003,718.1099999999996,2.933455882352939,0.0041615435543365204,0.9055897096377559,1.849928795282094e-05
53,3.0999999999999943,1.1,247.9,0.008744710860366696,0.6992947813822281,3.409999999999994,721.5199999999995,2.910528438886646,0.004300261672814396,0.9098899713105703,1.9753128580734285e-05
54,3.0,1.1,250.9,0.008462623413258107,0.7077574047954862,3.3000000000000003,724.8199999999995,2.8888800318852113,0.0041615435543365204,0.9140515148649068,1.849928795282094e-05
73,3.0,1.1,253.9,0.008462623413258107,0.7162200282087443,3.3000000000000003,728.1199999999994,2.867743205986607,0.0041615435543365204,0.9182130584192433,1.849928795282094e-05
119,3.099999999999966,1.0,257.0,0.008744710860366614,0.724964739069111,3.099999999999966,731.2199999999993,2.8452140077820984,0.003909328793467596,0.9221223872127109,2.3380919732888617e-05
29,3.0999999999999943,1.0,260.1,0.008744710860366696,0.7337094499294776,3.0999999999999943,734.3199999999994,2.823221837754707,0.003909328793467633,0.9260317160061785,2.3380919732889044e-05
88,3.1000000000000227,1.0,263.20000000000005,0.008744710860366775,0.7424541607898444,3.1000000000000227,737.4199999999994,2.8017477203647387,0.003909328793467668,0.9299410447996461,2.3380919732889478e-05
32,3.0,0.9,266.20000000000005,0.008462623413258107,0.7509167842031025,2.7,740.1199999999994,2.780315552216376,0.00340489927172988,0.933345944071376,2.5580573491797446e-05
14,3.0999999999999943,0.9,269.30000000000007,0.008744710860366696,0.7596614950634691,2.789999999999995,742.9099999999994,2.7586706275529123,0.00351839591412087,0.9368643399854969,2.7314367917352505e-05
117,0.8999999999999773,0.9,270.20000000000005,0.002538787023977368,0.7622002820874465,0.8099999999999795,743.7199999999993,2.752479644707621,0.0010214697815189382,0.9378858097670159,2.302251614261654e-06
113,3.099999999999966,0.9,273.3,0.008744710860366614,0.7709449929478132,2.7899999999999694,746.5099999999993,2.7314672521039123,0.0035183959141208373,0.9414042056811367,2.7314367917352007e-05
107,3.1000000000000227,0.9,276.40000000000003,0.008744710860366775,0.7796897038081799,2.7900000000000205,749.2999999999993,2.7109261939218494,0.0035183959141209015,0.9449226015952576,2.7314367917353013e-05
127,3.3000000000000114,0.9,279.70000000000005,0.00930888575458395,0.7889985895627639,2.9700000000000104,752.2699999999993,2.689560243117623,0.003745389198902881,0.9486679907941605,3.095249392507512e-05
34,3.0,0.9,282.70000000000005,0.008462623413258107,0.797461212976022,2.7,754.9699999999993,2.6705695083126963,0.00340489927172988,0.9520728900658905,2.5580573491797446e-05
17,3.0,0.8,285.70000000000005,0.008462623413258107,0.8059238363892801,2.4000000000000004,757.3699999999993,2.650927546377316,0.0030265771304265605,0.955099467196317,2.955059918908668e-05
20,3.1000000000000014,0.8,288.80000000000007,0.008744710860366715,0.8146685472496469,2.4800000000000013,759.8499999999993,2.631059556786701,0.0031274630347741133,0.9582269302310911,3.155347313412481e-05
31,3.0999999999999943,0.8,291.9000000000001,0.008744710860366696,0.8234132581100135,2.4799999999999955,762.3299999999994,2.6116135662898223,0.0031274630347741064,0.9613543932658651,3.155347313412466e-05
103,0.5,0.7,292.4000000000001,0.0014104372355430179,0.8248236953455566,0.35,762.6799999999994,2.6083447332421312,0.00044137583152053996,0.9617957690973856,9.390800047660161e-07
89,3.0,0.7,295.4000000000001,0.008462623413258107,0.8332863187588146,2.0999999999999996,764.7799999999994,2.5889641164522654,0.0026482549891232395,0.9644440240865089,3.380688017157658e-05
108,3.0,0.7,298.4000000000001,0.008462623413258107,0.8417489421720727,2.0999999999999996,766.8799999999994,2.569973190348523,0.0026482549891232395,0.9670922790756321,3.380688017157658e-05
123,3.1000000000000227,0.6,301.5000000000001,0.008744710860366775,0.8504936530324395,1.8600000000000136,768.7399999999994,2.5497180762852376,0.002345597276080601,0.9694378763517127,4.094865466459584e-05
75,3.0,0.6,304.5000000000001,0.008462623413258107,0.8589562764456976,1.7999999999999998,770.5399999999994,2.5305090311986835,0.00226993284781992,0.9717078091995327,3.834941643926713e-05
83,3.0999999999999943,0.6,307.60000000000014,0.008744710860366696,0.8677009873060643,1.8599999999999965,772.3999999999994,2.511053315994795,0.0023455972760805795,0.9740534064756132,4.0948654664595085e-05
90,3.099999999999966,0.6,310.7000000000001,0.008744710860366614,0.8764456981664309,1.8599999999999794,774.2599999999994,2.4919858384293505,0.0023455972760805578,0.9763990037516938,4.094865466459433e-05
85,3.099999999999966,0.6,313.80000000000007,0.008744710860366614,0.8851904090267976,1.8599999999999794,776.1199999999994,2.473295092415549,0.0023455972760805578,0.9787446010277743,4.094865466459433e-05
112,3.0,0.6,316.80000000000007,0.008462623413258107,0.8936530324400557,1.7999999999999998,777.9199999999994,2.455555555555553,0.00226993284781992,0.9810145338755942,3.834941643926713e-05
19,3.0,0.6,319.80000000000007,0.008462623413258107,0.9021156558533138,1.7999999999999998,779.7199999999993,2.438148843026889,0.00226993284781992,0.9832844667234142,3.834941643926713e-05
106,3.099999999999966,0.6,322.90000000000003,0.008744710860366614,0.9108603667136804,1.8599999999999794,781.5799999999994,2.4205017033137173,0.0023455972760805578,0.9856300639994947,4.094865466459433e-05
115,3.1000000000000227,0.5,326.00000000000006,0.008744710860366775,0.9196050775740472,1.5500000000000114,783.1299999999994,2.4022392638036787,0.001954664396733834,0.9875847283962286,4.610473097829421e-05
116,0.6999999999999886,0.5,326.70000000000005,0.0019746121297601928,0.9215796897038074,0.3499999999999943,783.4799999999994,2.3981634527089053,0.0004413758315205328,0.9880261042277491,2.350813546239656e-06
74,3.0999999999999943,0.5,329.80000000000007,0.008744710860366696,0.9303244005641741,1.5499999999999972,785.0299999999994,2.3803214069132785,0.0019546643967338164,0.9899807686244829,4.6104730978293355e-05
84,3.0000000000000284,0.5,332.80000000000007,0.008462623413258187,0.9387870239774323,1.5000000000000142,786.5299999999994,2.363371394230767,0.0018916107065166177,0.9918723793309996,4.3178207992159166e-05
86,1.900000000000034,0.4,334.7000000000001,0.005359661495063564,0.9441466854724959,0.7600000000000137,787.2899999999994,2.352225873916938,0.0009584160913017612,0.9928307954223013,1.9370961104134395e-05
122,3.0,0.4,337.7000000000001,0.008462623413258107,0.952609308885754,1.2000000000000002,788.4899999999994,2.3348830322771668,0.0015132885652132803,0.9943440839875146,4.8293254830250224e-05
30,3.0,0.4,340.7000000000001,0.008462623413258107,0.9610719322990121,1.2000000000000002,789.6899999999995,2.3178456119753426,0.0015132885652132803,0.9958573725527279,4.8293254830250224e-05
52,3.0,0.4,343.7000000000001,0.008462623413258107,0.9695345557122702,1.2000000000000002,790.8899999999995,2.3011056153622325,0.0015132885652132803,0.9973706611179411,4.8293254830250224e-05
121,3.1000000000000227,0.3,346.8000000000001,0.008744710860366775,0.978279266572637,0.9300000000000068,791.8199999999995,2.2832179930795826,0.0011727986380403006,0.9985434597559815,5.7333854702617046e-05
109,1.6999999999999886,0.15,348.5000000000001,0.0047954866008462285,0.9830747531734833,0.2549999999999983,792.0749999999995,2.272812051649926,0.00032157382010781984,0.9988650335760892,2.001589556965448e-05
46,3.0,0.15,351.5000000000001,0.008462623413258107,0.9915373765867413,0.44999999999999996,792.5249999999995,2.2546941678520604,0.00056748321195498,0.9994325167880442,6.233323879823278e-05
91,3.0,0.15,354.5000000000001,0.008462623413258107,0.9999999999999994,0.44999999999999996,792.9749999999996,2.236882933709448,0.00056748321195498,0.9999999999999992,6.233323879823278e-05
