,weight,grade,cml_weight,weight_pct,cml_weight_pct,yield,cml_yield,cml_grade,recovery,cml_recovery,distributional_heterogeneity
27,0.7999999999999545,158.0,0.7999999999999545,0.018022077044378356,0.018022077044378356,126.39999999999281,126.39999999999281,158.0,0.1470545463006517,0.1470545463006517,0.01664937812237113
26,0.8000000000000114,118.0,1.599999999999966,0.018022077044379636,0.036044154088757996,94.40000000000134,220.79999999999416,137.9999999999993,0.10982554723720338,0.25688009353785507,0.008427877139444678
32,0.8000000000000114,110.0,2.3999999999999773,0.018022077044379636,0.05406623113313763,88.00000000000125,308.7999999999954,128.66666666666598,0.10237974742451163,0.3592598409623667,0.007116216551962998
15,0.8000000000000114,98.0,3.1999999999999886,0.018022077044379636,0.07208830817751727,78.40000000000111,387.1999999999965,120.99999999999935,0.091211047705474,0.4504708886678407,0.005356625426430531
14,0.7999999999999972,90.0,3.999999999999986,0.018022077044379317,0.09011038522189659,71.99999999999974,459.1999999999963,114.79999999999949,0.08376524789278075,0.5342361365606214,0.0043221645132021
38,0.8000000000000114,67.0,4.799999999999997,0.018022077044379636,0.10813246226627622,53.60000000000076,512.799999999997,106.83333333333277,0.062358573431293446,0.5965947099919149,0.001965724911866821
16,0.7999999999999972,44.0,5.599999999999994,0.018022077044379317,0.12615453931065554,35.199999999999875,547.9999999999968,97.85714285714239,0.040951898969803925,0.6375466089617188,0.0005257767335316829
33,0.8000000000000114,41.0,6.400000000000006,0.018022077044379636,0.14417661635503518,32.800000000000466,580.7999999999972,90.74999999999949,0.038159724040045244,0.675706333001764,0.0004055248265220399
22,1.009999999999991,39.0,7.409999999999997,0.022752872268528766,0.16692948862356394,39.389999999999645,620.1899999999969,83.69635627530326,0.045826571034675224,0.7215329040364392,0.0005323955747508684
37,0.7999999999999545,33.0,8.209999999999951,0.018022077044378356,0.1849515656679423,26.3999999999985,646.5899999999954,78.756394640682,0.030713924227351308,0.7522468282637905,0.00016108298491593839
43,0.8999999999999773,32.0,9.109999999999928,0.020274836674926293,0.2052264023428686,28.799999999999272,675.3899999999946,74.13721185510427,0.03350609915711157,0.7857529274209021,0.0001750663068724838
31,1.089999999999975,31.0,10.199999999999903,0.024555079972966343,0.22978148231583495,33.789999999999225,709.1799999999939,69.52745098039222,0.03931149619856954,0.8250644236194716,0.00021775181982324523
45,0.8999999999999773,21.0,11.09999999999988,0.020274836674926293,0.25005631899076125,18.899999999999523,728.0799999999934,65.5927927927929,0.02198837757185447,0.8470528011913261,2.936222405445423e-06
28,0.8000000000000114,17.0,11.899999999999892,0.018022077044379636,0.2680783960351409,13.600000000000193,741.6799999999937,62.3260504201681,0.01582232460196998,0.8628751257932961,4.838910807887261e-06
44,0.910000000000025,17.0,12.809999999999917,0.02050011263798211,0.288578508673123,15.470000000000425,757.1499999999942,59.106167056986656,0.01799789423474109,0.8808730200280371,6.261096937518043e-06
39,0.8000000000000114,13.0,13.609999999999928,0.018022077044379636,0.30660058571750265,10.400000000000148,767.5499999999943,56.39603232916961,0.012099424695624101,0.8929724447236612,3.5077810844219475e-05
34,1.0,13.0,14.609999999999928,0.022527596305474226,0.3291281820229769,13.0,780.5499999999943,53.425735797398914,0.015124280869529912,0.9080967255931911,5.480907944409137e-05
5,0.9000000000000057,13.0,15.509999999999934,0.02027483667492693,0.3494030186979038,11.700000000000074,792.2499999999943,51.0799484203738,0.013611852782577007,0.9217085783757681,4.4395354349714574e-05
42,1.0,12.0,16.509999999999934,0.022527596305474226,0.37193061500337804,12.0,804.2499999999943,48.71290127195624,0.013960874648796842,0.935669453024565,7.338871994298532e-05
4,0.7999999999999972,11.0,17.30999999999993,0.018022077044379317,0.38995269204775734,8.799999999999969,813.0499999999943,46.96995956094729,0.010237974742450981,0.945907427767016,6.059224864688603e-05
36,1.0,9.0,18.30999999999993,0.022527596305474226,0.4124802883532316,9.0,822.0499999999943,44.896231567449334,0.010470655986597632,0.9563780837536136,0.00014536980985295207
41,1.0,8.0,19.30999999999993,0.022527596305474226,0.4350078846587058,8.0,830.0499999999943,42.98549974106666,0.009307249765864561,0.9656853335194782,0.0001747775626273693
17,0.9999999999999858,6.0,20.309999999999917,0.022527596305473907,0.45753548096417973,5.999999999999915,836.0499999999942,41.16445100935488,0.0069804373243983215,0.9726657708438765,0.00024171415238283923
35,1.0,6.0,21.309999999999917,0.022527596305474226,0.48006307726965397,6.0,842.0499999999942,39.51431252932883,0.006980437324398421,0.979646208168275,0.0002417141523828461
3,1.0999999999999943,5.0,22.40999999999991,0.02478035593602152,0.5048434332056755,5.499999999999972,847.5499999999942,37.82016956715741,0.006398734214031853,0.9860449423823068,0.0003378840171303225
11,1.009999999999991,1.0,23.419999999999902,0.022752872268528766,0.5275963054742042,1.009999999999991,848.5599999999941,36.232280102476416,0.0011750402829403903,0.9872199826652471,0.00046560283319828073
46,1.0,1.0,24.419999999999902,0.022527596305474226,0.5501239017796784,1.0,849.5599999999941,34.78951678951669,0.0011634062207330701,0.9883833888859802,0.00045642861797695237
30,1.0,0.5,25.419999999999902,0.022527596305474226,0.5726514980851526,0.5,850.0599999999941,33.44059795436654,0.0005817031103665351,0.9889650919963467,0.0004816222281310741
40,1.0,0.5,26.419999999999902,0.022527596305474226,0.5951790943906268,0.5,850.5599999999941,32.19379258137764,0.0005817031103665351,0.9895467951067133,0.0004816222281310741
0,0.9900000000000091,0.5,27.40999999999991,0.02230232034241969,0.6174814147330465,0.49500000000000455,851.0549999999942,31.04906968259748,0.000575886079262875,0.9901226811859761,0.00047203794579127437
29,0.9000000000000341,0.5,28.309999999999945,0.020274836674927573,0.6377562514079741,0.45000000000001705,851.5049999999942,30.07788767220049,0.0005235327993299014,0.9906462139853061,0.00039011400478619954
12,1.0,0.5,29.309999999999945,0.022527596305474226,0.6602838477134483,0.5,852.0049999999942,29.068747867621827,0.0005817031103665351,0.9912279170956726,0.0004816222281310741
2,1.0,0.5,30.309999999999945,0.022527596305474226,0.6828114440189225,0.5,852.5049999999942,28.126195974925626,0.0005817031103665351,0.9918096202060391,0.0004816222281310741
6,1.0,0.5,31.309999999999945,0.022527596305474226,0.7053390403243966,0.5,853.0049999999942,27.243851804535154,0.0005817031103665351,0.9923913233164057,0.0004816222281310741
7,1.0,0.5,32.309999999999945,0.022527596305474226,0.7278666366298708,0.5,853.5049999999942,26.41612503868758,0.0005817031103665351,0.9929730264267722,0.0004816222281310741
8,1.0,0.5,33.309999999999945,0.022527596305474226,0.750394232935345,0.5,854.0049999999942,25.638096667667234,0.0005817031103665351,0.9935547295371387,0.0004816222281310741
9,1.0999999999999943,0.5,34.40999999999994,0.02478035593602152,0.7751745888713666,0.5499999999999972,854.5549999999942,24.834495786108562,0.0006398734214031852,0.9941946029585419,0.0005827628960385936
10,0.9900000000000091,0.5,35.39999999999995,0.02230232034241969,0.7974769092137863,0.49500000000000455,855.0499999999942,24.153954802259758,0.000575886079262875,0.9947704890378047,0.00047203794579127437
13,1.0,0.5,36.39999999999995,0.022527596305474226,0.8200045055192605,0.5,855.5499999999942,23.50412087912075,0.0005817031103665351,0.9953521921481713,0.0004816222281310741
25,1.0,0.5,37.39999999999995,0.022527596305474226,0.8425321018247347,0.5,856.0499999999942,22.889037433154954,0.0005817031103665351,0.9959338952585378,0.0004816222281310741
18,1.0,0.5,38.39999999999995,0.022527596305474226,0.8650596981302089,0.5,856.5499999999942,22.30598958333321,0.0005817031103665351,0.9965155983689044,0.0004816222281310741
19,1.0,0.5,39.39999999999995,0.022527596305474226,0.8875872944356831,0.5,857.0499999999942,21.75253807106587,0.0005817031103665351,0.9970973014792709,0.0004816222281310741
20,1.0,0.5,40.39999999999995,0.022527596305474226,0.9101148907411573,0.5,857.5499999999942,21.226485148514733,0.0005817031103665351,0.9976790045896374,0.0004816222281310741
21,0.9900000000000091,0.5,41.38999999999996,0.02230232034241969,0.9324172110835769,0.49500000000000455,858.0449999999942,20.73073206088415,0.000575886079262875,0.9982548906689003,0.00047203794579127437
1,1.0,0.5,42.38999999999996,0.022527596305474226,0.9549448073890511,0.5,858.5449999999942,20.253479594243807,0.0005817031103665351,0.9988365937792668,0.0004816222281310741
24,1.0,0.5,43.38999999999996,0.022527596305474226,0.9774724036945253,0.5,859.0449999999942,19.798225397556926,0.0005817031103665351,0.9994182968896334,0.0004816222281310741
23,1.0,0.5,44.38999999999996,0.022527596305474226,0.9999999999999994,0.5,859.5449999999942,19.363482766388714,0.0005817031103665351,0.9999999999999999,0.0004816222281310741
