,weight,grade,cml_weight,weight_pct,cml_weight_pct,yield,cml_yield,cml_grade,recovery,cml_recovery,distributional_heterogeneity
7,0.6000000000000014,81.6,0.6000000000000014,0.057416267942583865,0.057416267942583865,48.960000000000115,48.960000000000115,81.6,0.4096042834434875,0.4096042834434875,0.12403639826246474
5,0.5,17.4,1.1000000000000014,0.0478468899521531,0.10526315789473698,8.7,57.66000000000011,52.41818181818185,0.07278507487659994,0.48238935832008745,0.0006219130673259071
1,1.0,14.2,2.1000000000000014,0.0956937799043062,0.20095693779904317,14.2,71.86000000000011,34.21904761904765,0.11879862795950794,0.6011879862795954,0.0005338340036539594
0,1.3499999999999996,12.2,3.450000000000001,0.12918660287081335,0.3301435406698565,16.469999999999995,88.33000000000011,25.602898550724664,0.13778967623190813,0.7389776625115034,7.401287125637852e-05
6,2.0,7.7,5.450000000000001,0.1913875598086124,0.521531100478469,15.4,103.73000000000012,19.033027522935797,0.12883794863214243,0.8678156111436459,0.003912453858327579
3,2.0,4.0,7.450000000000001,0.1913875598086124,0.7129186602870814,8.0,111.73000000000012,14.997315436241625,0.06692880448422983,0.9347444156278757,0.015489981776894528
4,1.0,3.9,8.450000000000001,0.0956937799043062,0.8086124401913876,3.9,115.63000000000012,13.684023668639066,0.03262779218606204,0.9673722078139377,0.003977318806877723
2,1.0,2.0,9.450000000000001,0.0956937799043062,0.9043062200956937,2.0,117.63000000000012,12.447619047619058,0.016732201121057458,0.9841044089349952,0.006234930923943198
8,1.0,1.9,10.450000000000001,0.0956937799043062,0.9999999999999999,1.9,119.53000000000013,11.438277511961733,0.015895591065004582,0.9999999999999998,0.006367750942032841
