,weight,grade,cml_weight,weight_pct,cml_weight_pct,yield,cml_yield,cml_grade,recovery,cml_recovery,distributional_heterogeneity
6,0.29999999999999716,76.11,0.29999999999999716,0.04347826086956477,0.04347826086956477,22.832999999999785,22.832999999999785,76.11,0.2582042293339355,0.2582042293339355,0.04610724153296192
0,0.3000000000000007,58.97,0.5999999999999979,0.043478260869565286,0.08695652173913006,17.69100000000004,40.52399999999983,67.53999999999996,0.2000565418975477,0.45826077123148323,0.024516758089677834
9,0.3999999999999915,46.29,0.9999999999999893,0.05797101449275234,0.1449275362318824,18.515999999999604,59.03999999999944,59.04000000000007,0.20938595499264626,0.6676467262241295,0.02292648420658642
7,0.20000000000000284,10.4,1.1999999999999922,0.0289855072463772,0.1739130434782596,2.08000000000003,61.119999999999465,50.933333333333216,0.023521429379170438,0.6911681556032999,2.9856146938898837e-05
1,0.8000000000000007,7.7,1.999999999999993,0.11594202898550725,0.28985507246376685,6.1600000000000055,67.27999999999948,33.63999999999986,0.06965961777677304,0.760827773380073,0.0021420615872943657
4,1.1000000000000014,7.0,3.0999999999999943,0.15942028985507253,0.44927536231883936,7.70000000000001,74.97999999999948,24.187096774193424,0.08707452222096634,0.8479022956010394,0.005233910094568087
3,0.5,6.7,3.5999999999999943,0.07246376811594198,0.5217391304347814,3.35,78.32999999999947,21.758333333333223,0.03788307135587492,0.8857853669569142,0.0011958245884117118
2,1.0,4.5,4.599999999999994,0.14492753623188395,0.6666666666666653,4.5,82.82999999999947,18.006521739130342,0.05088770779147377,0.936673074748388,0.008843489333101777
5,1.4000000000000057,2.6,6.0,0.20289855072463833,0.8695652173913037,3.640000000000015,86.46999999999949,14.411666666666582,0.04116250141354784,0.9778355761619358,0.0261585496467595
8,0.5,2.4,6.5,0.07246376811594198,0.9420289855072457,1.2,87.66999999999949,13.48769230769223,0.013570055411059672,0.9914056315729955,0.0034684693961652144
10,0.4000000000000057,1.9,6.900000000000006,0.0579710144927544,1.0,0.7600000000000108,88.4299999999995,12.815942028985424,0.00859436842700458,1.0000000000000002,0.002438053176702327
