,weight,grade,cml_weight,weight_pct,cml_weight_pct,yield,cml_yield,cml_grade,recovery,cml_recovery,distributional_heterogeneity
50,0.3000000000000007,627.4,0.3000000000000007,0.0009851893205477674,0.0009851893205477674,188.22000000000043,188.22000000000043,627.4,0.1293682934272497,0.1293682934272497,0.016482221420072267
59,0.7199999999999989,166.6,1.0199999999999996,0.0023644543693146325,0.0033496436898624,119.95199999999981,308.17200000000025,302.1294117647063,0.0824459968822941,0.2118142903095438,0.006413053451258139
43,0.2999999999999998,84.0,1.3199999999999994,0.0009851893205477646,0.004334833010410165,25.199999999999985,333.37200000000024,252.55454545454575,0.017320587580313906,0.2291348778898577,0.00026684523630517056
208,0.19999999999998863,64.0,1.519999999999988,0.0006567928803651394,0.004991625890775304,12.799999999999272,346.1719999999995,227.74473684210673,0.0087977587709526,0.2379326366608103,6.627532563170849e-05
54,1.0,58.0,2.519999999999988,0.0032839644018258837,0.008275590292601187,58.0,404.1719999999995,160.38571428571487,0.03986484443088124,0.27779748109169156,0.0013381607837001405
224,0.45000000000001705,56.0,2.970000000000005,0.0014777839808217037,0.00975337427342289,25.200000000000955,429.37200000000047,144.56969696969688,0.017320587580314573,0.29511806867200613,0.0002509944258921042
240,0.4000000000000057,53.0,3.3700000000000108,0.001313585760730372,0.011066960034153263,21.2000000000003,450.5720000000008,133.70089020771493,0.014571287964391279,0.3096893566363974,0.00017576666772095527
145,0.7200000000000273,46.0,4.090000000000038,0.0023644543693147257,0.013431414403467987,33.120000000001255,483.69200000000205,118.26210268948596,0.02276420081984201,0.3324535574562394,0.0004161496552458005
206,0.19999999999998863,40.0,4.290000000000027,0.0006567928803651394,0.014088207283833127,7.999999999999545,491.6920000000016,114.61351981351947,0.005498599231845375,0.33795215668808476,2.3443088745234352e-05
213,0.29999999999998295,35.0,4.59000000000001,0.000985189320547709,0.015073396604380836,10.499999999999403,502.19200000000103,109.41002178649236,0.007216911491797055,0.3451690681798818,3.8834361219640646e-05
251,0.6500000000000057,33.0,5.240000000000015,0.002134576861186843,0.01720797346556768,21.450000000000188,523.6420000000012,99.93167938931292,0.01474311919038638,0.3599121873702682,0.0001589753396672164
246,0.20000000000001705,32.0,5.440000000000032,0.0006567928803652328,0.01786476634593291,6.400000000000546,530.0420000000017,97.43419117647032,0.004398879385476925,0.36431106675574515,1.4003211411739035e-05
255,1.5,26.0,6.940000000000032,0.0049259466027388255,0.022790712948671736,39.0,569.0420000000017,81.9945244956771,0.026805671255247725,0.3911167380109929,0.0004787223508696056
167,0.700000000000017,26.0,7.640000000000049,0.0022987750812781746,0.02508948802994991,18.200000000000443,587.2420000000022,76.86413612565424,0.012509313252449243,0.40362605126344214,0.0001042550897449414
41,1.0,24.0,8.64000000000005,0.0032839644018258837,0.028373452431775796,24.0,611.2420000000022,70.7456018518517,0.01649579769553706,0.4201218489589792,0.00017455253898081513
236,0.35000000000002274,23.0,8.990000000000073,0.001149387540639134,0.02952283997241493,8.050000000000523,619.2920000000028,68.8867630700776,0.005532965477045082,0.42565481443602426,1.9215755524545028e-05
75,0.3200000000000003,22.0,9.310000000000073,0.0010508686085842838,0.030573708580999212,7.040000000000006,626.3320000000027,67.27518796992457,0.004838767324024209,0.4304935817600485,1.4348176678431432e-05
249,0.6999999999999886,22.0,10.010000000000062,0.0022987750812780814,0.032872483662277296,15.39999999999975,641.7320000000025,64.10909090909075,0.010584803521302777,0.44107838528135124,6.865826730889806e-05
97,0.36999999999999034,19.6,10.380000000000052,0.0012150668286755452,0.03408755049095284,7.2519999999998115,648.9840000000023,62.52254335260106,0.0049844802036679865,0.4460628654850192,1.4208477191571898e-05
144,0.8999999999999773,18.4,11.28000000000003,0.0029555679616432204,0.037043118452596065,16.55999999999958,665.5440000000019,59.002127659574484,0.011382100409920284,0.4574449658949395,7.100644910186623e-05
250,0.5,18.0,11.78000000000003,0.0016419822009129418,0.038685100653509004,9.0,674.5440000000019,57.26179966044145,0.0061859241358263985,0.4636308900307659,2.064740830786504e-05
25,0.30000000000001137,16.0,12.080000000000041,0.0009851893205478025,0.039670289974056805,4.800000000000182,679.3440000000021,56.23708609271522,0.0032991595391075376,0.46693004956987344,5.354458172381386e-06
202,0.30000000000001137,15.0,12.380000000000052,0.0009851893205478025,0.040655479294604606,4.5000000000001705,683.8440000000023,55.23780290791595,0.0030929620679133163,0.47002301163778676,4.442705954536765e-06
51,1.1999999999999993,14.6,13.580000000000052,0.003940757282191058,0.044596236576795664,17.51999999999999,701.3640000000023,51.64683357879232,0.012041932317742048,0.4820649439555288,6.562903695663458e-05
148,0.3199999999999932,13.0,13.900000000000045,0.0010508686085842604,0.04564710518537993,4.159999999999911,705.5240000000022,50.757122302158265,0.0028592716005596966,0.4849242155560885,3.2703213813857077e-06
196,1.1500000000000057,12.8,15.05000000000005,0.003776559062099785,0.04942366424747971,14.720000000000073,720.2440000000022,47.8567441860465,0.010117422586596116,0.4950416381426846,4.0206550236288005e-05
142,0.4099999999999966,12.0,15.460000000000047,0.001346425404748601,0.05077008965222831,4.919999999999959,725.1640000000021,46.9058214747736,0.0033816385275850696,0.49842327667026964,4.142092455365769e-06
243,0.5600000000000023,11.6,16.02000000000005,0.0018390200650225024,0.052609109717250815,6.496000000000026,731.6600000000021,45.67166042446941,0.004464862576258716,0.5028881392465283,6.895048893815304e-06
9,0.5,11.5,16.52000000000005,0.0016419822009129418,0.054251091918163755,5.75,737.4100000000021,44.63740920096852,0.003952118197889088,0.5068402574444174,5.336728324524971e-06
48,1.5,11.2,18.02000000000005,0.0049259466027388255,0.05917703852090258,16.799999999999997,754.2100000000021,41.854051054384016,0.011547058386875942,0.5183873158312934,4.383912125803939e-05
122,0.8100000000000023,11.0,18.83000000000005,0.0026600111654789733,0.061837049686381554,8.910000000000025,763.1200000000022,40.52681890600107,0.006124064894468152,0.5245113807257615,1.1999668237323828e-05
112,0.20000000000000284,10.5,19.030000000000054,0.000656792880365186,0.06249384256674674,2.10000000000003,765.2200000000022,40.21124540199685,0.0014433822983595135,0.525954763024121,6.187229125006545e-07
52,1.5,10.4,20.530000000000054,0.0049259466027388255,0.06741978916948557,15.600000000000001,780.8200000000022,38.03312226010717,0.010722268502099092,0.5366770315262201,3.3597347561003385e-05
0,1.5,10.0,22.030000000000054,0.0049259466027388255,0.0723457357722244,15.0,795.8200000000022,36.124375851112134,0.010309873559710664,0.5469869050859308,2.8986669478008034e-05
232,0.19999999999998863,10.0,22.230000000000043,0.0006567928803651394,0.07300252865258955,1.9999999999998863,797.8200000000021,35.88933873144402,0.0013746498079613438,0.5483615548938922,5.153185684978621e-07
183,1.2900000000000205,9.2,23.520000000000064,0.004236314078355457,0.077238842730945,11.868000000000187,809.6880000000023,34.42551020408163,0.008157171960443205,0.5565187268543353,1.5373126531529622e-05
20,0.3499999999999659,9.2,23.87000000000003,0.0011493875406389472,0.07838823027158395,3.219999999999686,812.908000000002,34.05563468789279,0.002213186190817673,0.558731913045153,1.1316675681220792e-06
247,1.6200000000000045,9.1,25.490000000000034,0.005320022330957947,0.0837082526025419,14.74200000000004,827.650000000002,32.469595919968654,0.010132543734483667,0.5688644567796367,2.316036225939318e-05
117,0.21000000000000796,8.7,25.700000000000042,0.0006896325243834617,0.08439788512692536,1.827000000000069,829.4770000000021,32.27536964980548,0.0012557425995728063,0.5701201993792095,3.204806172308854e-07
1,1.5,8.4,27.200000000000042,0.0049259466027388255,0.0893238317296642,12.600000000000001,842.0770000000022,30.958713235294148,0.008660293790156958,0.5787804931693665,1.3945348916177714e-05
155,0.19999999999998863,8.01,27.40000000000003,0.0006567928803651394,0.08998062461002934,1.6019999999999088,843.679000000002,30.791204379562082,0.0011010944961770363,0.5798815876655435,1.9740392581306238e-07
248,1.7800000000000011,7.8,29.18000000000003,0.005845456635250077,0.09582608124527942,13.88400000000001,857.563000000002,29.388725154215255,0.009542818966868196,0.5894244066324117,1.3670488211268572e-05
150,0.6499999999999773,7.5,29.83000000000001,0.0021345768611867495,0.09796065810646616,4.8749999999998295,862.4380000000019,28.911766677841154,0.0033507089069058486,0.5927751155393175,1.4789771526249198e-06
147,1.4099999999999966,7.5,31.240000000000006,0.004630389806574485,0.10259104791304065,10.574999999999974,873.0130000000019,27.945358514724767,0.007268460859596,0.6000435763989135,6.959418880790046e-06
233,1.0,7.3,32.24000000000001,0.0032839644018258837,0.10587501231486653,7.3,880.3130000000018,27.3049937965261,0.005017471799059189,0.6050610481979727,3.0050478962625897e-06
254,1.5,7.2,33.74000000000001,0.0049259466027388255,0.11080095891760536,10.8,891.1130000000018,26.411173681090737,0.007423108962991679,0.6124841571609644,6.235819853463596e-06
49,1.5,7.2,35.24000000000001,0.0049259466027388255,0.11572690552034419,10.8,901.9130000000017,25.59344494892172,0.007423108962991679,0.6199072661239561,6.235819853463596e-06
178,1.0999999999999943,6.8,36.34,0.003612360842008453,0.11933926636235265,7.479999999999961,909.3930000000016,25.024573472757336,0.005141190281775692,0.6250484564057318,2.3373194558990048e-06
119,0.4099999999999966,6.6,36.75,0.001346425404748601,0.12068569176710126,2.7059999999999773,912.0990000000016,24.81902040816331,0.0018599011901717882,0.6269083575959036,2.636573822159587e-07
210,0.19999999999998863,6.6,36.94999999999999,0.0006567928803651394,0.1213424846474664,1.3199999999999248,913.4190000000016,24.720405953991932,0.0009072688732544868,0.6278156264691581,6.27382230139044e-08
237,0.3299999999999841,6.6,37.27999999999997,0.0010837082526024893,0.12242619290006888,2.1779999999998947,915.5970000000015,24.560005364806923,0.001496993640869916,0.6293126201100281,1.7080481215535763e-07
146,1.2299999999999898,6.5,38.50999999999996,0.004039276214245803,0.1264654691143147,7.9949999999999335,923.5920000000013,23.983173201765833,0.005495162607325738,0.6348077827173538,2.1196051895553013e-06
225,0.9499999999999886,6.4,39.45999999999995,0.0031197661817345523,0.12958523529604923,6.079999999999927,929.6720000000013,23.559858084135897,0.004178935416202672,0.6389867181335565,1.1218394672437838e-06
252,1.3499999999999943,6.3,40.809999999999945,0.004433351942464924,0.13401858723851415,8.504999999999963,938.1770000000013,22.98889977946588,0.005845698308355921,0.6448324164419124,1.994722257245506e-06
174,0.6899999999999977,6.3,41.49999999999994,0.002265935437259852,0.136284522675774,4.346999999999985,942.5240000000013,22.711421686747048,0.0029878013576041403,0.6478202177995165,5.210904069545059e-07
176,0.28000000000000114,6.3,41.779999999999944,0.0009195100325112512,0.13720403270828527,1.7640000000000071,944.2880000000013,22.60143609382486,0.001212441130621979,0.6490326589301385,8.580862824035678e-08
199,0.29999999999998295,6.2,42.07999999999993,0.000985189320547709,0.13818922202883296,1.8599999999998944,946.1480000000012,22.48450570342212,0.0012784243214040499,0.6503110832515425,8.598676572721801e-08
220,1.5,6.1,43.57999999999993,0.0049259466027388255,0.14311516863157178,9.149999999999999,955.2980000000011,21.920559889857795,0.0062890228714235046,0.656600106122966,1.8579769142513462e-06
253,1.5,6.0,45.07999999999993,0.0049259466027388255,0.1480411152343106,9.0,964.2980000000011,21.390816326530672,0.0061859241358263985,0.6627860302587925,1.5875433838854446e-06
195,0.5,5.6,45.57999999999993,0.0016419822009129418,0.14968309743522354,2.8,967.0980000000011,21.217595436595055,0.0019245097311459906,0.6647105399899385,7.982180533958613e-08
230,0.6200000000000045,5.5,46.19999999999993,0.002036057929132063,0.1517191553643556,3.410000000000025,970.5080000000012,21.006666666666725,0.0023437779225742414,0.6670543179125127,9.469159436405437e-08
83,1.5200000000000031,5.5,47.719999999999935,0.004991625890775353,0.15671078125513094,8.360000000000017,978.8680000000012,20.512740989103154,0.005746036197278755,0.6728003541097914,5.691349105585559e-07
90,0.9499999999999993,5.4,48.66999999999993,0.003119766181734587,0.15983054743686553,5.129999999999996,983.9980000000012,20.217752208752877,0.003525976757421045,0.6763263308672125,1.65007031799523e-07
55,1.5,5.3,50.16999999999993,0.0049259466027388255,0.16475649403960435,7.949999999999999,991.9480000000012,19.771736097269336,0.005464232986646652,0.6817905638538592,2.897522311005632e-07
168,1.289999999999992,5.3,51.45999999999992,0.004236314078355364,0.16899280811795972,6.836999999999958,998.7850000000012,19.408958414302422,0.004699240368516092,0.6864898042223753,2.143007501219739e-07
235,1.1999999999999886,5.1,52.65999999999991,0.003940757282191023,0.17293356540015073,6.1199999999999415,1004.9050000000011,19.082890239270846,0.004206428412361911,0.6906962326347372,7.058114940627657e-08
228,1.0800000000000125,5.0,53.739999999999924,0.0035466815539719953,0.17648024695412273,5.4000000000000625,1010.3050000000012,18.799869743208088,0.003711554481495882,0.6944077871162331,2.718308223029666e-08
193,0.549999999999983,5.0,54.28999999999991,0.00180618042100418,0.1782864273751269,2.7499999999999147,1013.0550000000011,18.66006631055448,0.0018901434859468964,0.6962979306021799,7.049796274574793e-09
173,0.3900000000000148,4.9,54.67999999999992,0.0012807461167121431,0.17956717349183904,1.9110000000000726,1014.9660000000011,18.56192392099493,0.0013134778915071886,0.6976114084936871,1.0713690812335557e-09
53,1.5,4.8,56.17999999999992,0.0049259466027388255,0.18449312009457786,7.199999999999999,1022.1660000000012,18.19448202207196,0.004948739308661118,0.7025601478023482,5.195074432601135e-10
157,1.509999999999991,4.8,57.68999999999991,0.004958786246757055,0.1894519063413349,7.247999999999956,1029.4140000000011,17.84388975559027,0.004981730904052162,0.7075418787064004,5.264572983899424e-10
57,1.1700000000000017,4.8,58.859999999999914,0.0038422383501362893,0.1932941446914712,5.616000000000008,1035.030000000001,17.584607543323184,0.003860016660755678,0.711401895367156,3.1606832847945393e-10
238,0.5699999999999932,4.7,59.42999999999991,0.0018718597090407313,0.1951660044005119,2.678999999999968,1037.709000000001,17.461029782937953,0.0018413434177643026,0.7132432387849204,9.312440332678456e-10
212,1.8000000000000114,4.7,61.22999999999992,0.005911135923286628,0.20107714032379853,8.460000000000054,1046.169000000001,17.085889269965744,0.005814768687676852,0.7190580074725972,9.286644099070269e-09
189,0.12999999999999545,4.5,61.359999999999914,0.0004269153722373499,0.20150405569603588,0.5849999999999795,1046.754000000001,17.059224250325986,0.00040208506882870185,0.7194600925414258,6.165439673655237e-10
45,1.5,4.5,62.859999999999914,0.0049259466027388255,0.2064300022987747,6.75,1053.504000000001,16.759529112313118,0.004639443101869799,0.7240995356432957,8.208425601020858e-08
177,1.6599999999999966,4.4,64.51999999999991,0.005451380907030956,0.21188138320580566,7.303999999999985,1060.8080000000011,16.441537507749576,0.005020221098675103,0.7291197567419707,1.858987803414562e-07
229,0.5,4.4,65.01999999999991,0.0016419822009129418,0.2135233654067186,2.2,1063.0080000000012,16.34893878806525,0.0015121147887575642,0.7306318715307283,1.6865544739934767e-08
70,0.14999999999999858,4.3,65.1699999999999,0.0004925946602738778,0.21401596006699247,0.6449999999999939,1063.6530000000012,16.32120607641557,0.0004433245630675544,0.7310751960937958,2.427542478720575e-09
171,1.0,4.2,66.1699999999999,0.0032839644018258837,0.21729992446881835,4.2,1067.8530000000012,16.13802327338677,0.0028867645967189863,0.7339619606905148,1.5776768517695766e-07
68,0.6200000000000045,4.2,66.7899999999999,0.002036057929132063,0.2193359823979504,2.604000000000019,1070.4570000000012,16.027204671358028,0.0017897940499657845,0.7357517547404806,6.064589818202341e-08
216,1.5,4.2,68.2899999999999,0.0049259466027388255,0.22426192900068923,6.300000000000001,1076.7570000000012,15.767418362864294,0.004330146895078479,0.7400819016355591,3.5497729164815473e-07
234,1.3000000000000114,4.2,69.58999999999992,0.004269153722373686,0.2285310827230629,5.460000000000048,1082.2170000000012,15.551329213967561,0.0037527939757347147,0.7438346956112938,2.666273879490631e-07
227,0.44999999999998863,4.2,70.0399999999999,0.0014777839808216102,0.2300088667038845,1.8899999999999524,1084.107000000001,15.478398058252463,0.001299044068523511,0.7451337396798173,3.1947956248332314e-08
58,1.379999999999999,4.1,71.4199999999999,0.0045318708745197165,0.23454073757840424,5.657999999999995,1089.765000000001,15.258541024923026,0.003888884306722859,0.7490226239865402,4.134317263671824e-07
18,1.5,3.9,72.9199999999999,0.0049259466027388255,0.23946668418114306,5.85,1095.615000000001,15.0248902907296,0.0040208506882871585,0.7530434746748274,8.191986143570992e-07
106,1.5700000000000074,3.9,74.48999999999991,0.005155824110866662,0.2446225082920097,6.123000000000029,1101.738000000001,14.790414820781344,0.0042084903870739125,0.7572519650619013,8.974411842350369e-07
172,1.6699999999999875,3.7,76.1599999999999,0.005484220551049184,0.2501067288430589,6.178999999999954,1107.9170000000008,14.547229516806754,0.004246980581696781,0.7614989456435981,1.5307627417631367e-06
3,1.75,3.6,77.9099999999999,0.005746937703195297,0.2558536665462542,6.3,1114.2170000000008,14.301334873572099,0.004330146895078479,0.7658290925386766,2.0072961939643054e-06
61,1.6099999999999994,3.6,79.5199999999999,0.005287182686939671,0.26114084923319386,5.7959999999999985,1120.0130000000008,14.084670523138861,0.0039837351434722,0.7698128276821488,1.6989754985713868e-06
169,1.0500000000000114,3.6,80.56999999999991,0.003448162621917215,0.2645890118551111,3.780000000000041,1123.7930000000008,13.94803276653844,0.0025980881370471155,0.7724109158191959,7.226266298271656e-07
56,1.5,3.5,82.06999999999991,0.0049259466027388255,0.2695149584578499,5.25,1129.0430000000008,13.757073230169393,0.0036084557458987325,0.7760193715650946,1.7357821578572432e-06
121,0.21999999999999886,3.5,82.2899999999999,0.0007224721684016906,0.2702374306262516,0.769999999999996,1129.8130000000008,13.729651233442727,0.0005292401760651447,0.7765486117411597,3.733860286235098e-08
62,1.490000000000002,3.4,83.77999999999992,0.004893106958720573,0.2751305375849722,5.066000000000007,1134.8790000000008,13.545941752208188,0.0034819879635662864,0.780030599704726,1.9912568184852454e-06
24,1.5,3.4,85.27999999999992,0.0049259466027388255,0.280056484187711,5.1,1139.9790000000007,13.367483583489703,0.0035053570103016256,0.7835359567150276,2.0180747901408904e-06
76,1.3200000000000003,3.3,86.59999999999991,0.004334833010410167,0.28439131719812116,4.356000000000001,1144.3350000000007,13.214030023094711,0.0029939872817399773,0.7865299439967676,1.7978672680930936e-06
241,0.5,3.2,87.09999999999991,0.0016419822009129418,0.2860332993990341,1.6,1145.9350000000006,13.15654420206661,0.0010997198463691376,0.7876296638431367,2.9404846115539057e-07
126,0.6299999999999955,3.2,87.7299999999999,0.0020688975731502916,0.2881021969721844,2.0159999999999854,1147.9510000000007,13.085045024507032,0.0013856470064251031,0.7890153108495618,4.6683133693029134e-07
226,0.6500000000000057,3.2,88.37999999999991,0.002134576861186843,0.29023677383337126,2.0800000000000183,1150.0310000000006,13.01234442181491,0.0014296358002798912,0.7904449466498417,4.969418993526188e-07
197,0.44999999999998863,3.2,88.8299999999999,0.0014777839808216102,0.29171455781419287,1.4399999999999638,1151.4710000000007,12.962636496679073,0.0009897478617321989,0.7914346945115739,2.3817925353585432e-07
164,1.5300000000000011,3.1,90.3599999999999,0.005024465534793606,0.2967390233489865,4.743000000000004,1156.2140000000006,12.795639663567972,0.0032599820195805145,0.7946946765311544,3.1134020754587485e-06
63,1.5599999999999952,3.1,91.9199999999999,0.005122984466848363,0.30186200781583483,4.835999999999985,1161.0500000000006,12.63109225413405,0.0033239032356507077,0.7980185797668051,3.2366932764476705e-06
78,1.5500000000000043,3.1,93.46999999999991,0.0050901448228301335,0.306952152638665,4.805000000000013,1165.8550000000007,12.473039477907369,0.003302596163627325,0.8013211759304324,3.1953302090177592e-06
19,1.0500000000000114,3.0,94.51999999999992,0.003448162621917215,0.3104003152605822,3.150000000000034,1169.0050000000008,12.367805755395702,0.002165073447539263,0.8034862493779716,1.6463178294058956e-06
159,1.490000000000009,2.8,96.00999999999993,0.004893106958720596,0.3152934222193028,4.1720000000000255,1173.1770000000008,12.219320904072509,0.0028675194994075438,0.8063537688773792,4.103004555326311e-06
221,1.0,2.8,97.00999999999993,0.0032839644018258837,0.31857738662112867,2.8,1175.9770000000008,12.122224512936826,0.0019245097311459906,0.8082782786085252,1.8481170016333772e-06
42,1.0,2.8,98.00999999999993,0.0032839644018258837,0.32186135102295454,2.8,1178.7770000000007,12.027109478624645,0.0019245097311459906,0.8102027883396712,1.8481170016333772e-06
160,1.5600000000000023,2.8,99.56999999999994,0.005122984466848386,0.32698433548980294,4.368000000000006,1183.1450000000007,11.882544943256015,0.0030022351805877494,0.8132050235202589,4.497577535175e-06
149,0.950000000000017,2.7,100.51999999999995,0.0031197661817346455,0.3301041016715376,2.565000000000046,1185.7100000000007,11.795762037405504,0.0017629883787105554,0.8149680118989695,1.8408460067788773e-06
143,2.219999999999999,2.7,102.73999999999995,0.007290400972053458,0.33739450264359105,5.993999999999997,1191.7040000000006,11.599221335409784,0.0041198254744603795,0.8190878373734298,1.00525489859376e-05
138,0.21999999999999886,2.7,102.95999999999995,0.0007224721684016906,0.33811697481199277,0.593999999999997,1192.2980000000007,11.580205905205917,0.0004082709929645402,0.8194961083663944,9.872237864608703e-08
217,1.5,2.6,104.45999999999995,0.0049259466027388255,0.3430429214147316,3.9000000000000004,1196.1980000000008,11.451254068542996,0.002680567125524773,0.8221766754919192,5.041728996694054e-06
201,0.799999999999983,2.6,105.25999999999993,0.002627171521460651,0.3456700929361922,2.0799999999999557,1198.2780000000007,11.383982519475598,0.0014296358002798483,0.8236063112921991,1.4340918035040252e-06
211,1.5,2.6,106.75999999999993,0.0049259466027388255,0.35059603953893104,3.9000000000000004,1202.1780000000008,11.260565754964421,0.002680567125524773,0.8262868784177239,5.041728996694054e-06
184,0.39999999999997726,2.6,107.15999999999991,0.0013135857607302788,0.3519096252996613,1.039999999999941,1203.2180000000008,11.228238148562912,0.0007148179001398988,0.8270016963178638,3.585229508759809e-07
256,1.539999999999992,2.6,108.6999999999999,0.005057305178811835,0.3569669304784731,4.003999999999979,1207.2220000000007,11.105998160073613,0.0027520489155387524,0.8297537452334025,5.314206439359776e-06
22,1.5,2.6,110.1999999999999,0.0049259466027388255,0.36189287708121193,3.9000000000000004,1211.1220000000008,10.990217785843937,0.002680567125524773,0.8324343123589273,5.041728996694054e-06
4,1.5,2.6,111.6999999999999,0.0049259466027388255,0.36681882368395075,3.9000000000000004,1215.0220000000008,10.877547000895271,0.002680567125524773,0.8351148794844521,5.041728996694054e-06
244,1.4699999999999989,2.5,113.1699999999999,0.004827427670684045,0.3716462513546348,3.674999999999997,1218.6970000000008,10.768728461606448,0.0025259190221291108,0.8376407985065811,5.296942059373162e-06
170,1.509999999999991,2.5,114.6799999999999,0.004958786246757055,0.37660503760139186,3.7749999999999773,1222.4720000000007,10.659853505406364,0.002594651512527168,0.8402354500191083,5.589133041592216e-06
26,1.1999999999999886,2.5,115.87999999999988,0.003940757282191023,0.38054579488358287,2.9999999999999716,1225.4720000000007,10.575353814290661,0.002061974711942113,0.8422974247310504,3.5298239462711e-06
71,1.1600000000000037,2.5,117.03999999999988,0.003809398706118037,0.3843551935897009,2.9000000000000092,1228.3720000000008,10.4953178400547,0.001993242221544068,0.8442906669525945,3.298424376460078e-06
204,1.4199999999999875,2.4,118.45999999999987,0.004663229450592714,0.3890184230402936,3.4079999999999697,1231.7800000000007,10.398277899713001,0.002342403272766242,0.8466330702253607,5.38623414768463e-06
104,1.8199999999999932,2.4,120.27999999999986,0.005976815211323086,0.3949952382516167,4.3679999999999835,1236.1480000000006,10.277253076155654,0.0030022351805877342,0.8496353054059484,8.848126359249528e-06
194,0.9000000000000057,2.4,121.17999999999986,0.002955567961643314,0.39795080621326,2.1600000000000135,1238.3080000000007,10.218748968476664,0.0014846217925983448,0.8511199271985468,2.163682632228071e-06
17,1.5,2.4,122.67999999999986,0.0049259466027388255,0.40287675281599883,3.5999999999999996,1241.9080000000006,10.123149657645923,0.002474369654330559,0.8535942968528774,6.010229533966788e-06
191,0.19999999999998863,2.4,122.87999999999985,0.0006567928803651394,0.40353354569636396,0.47999999999997267,1242.3880000000006,10.11057942708335,0.00032991595391072245,0.8539242128067881,1.0684852504828632e-07
222,0.9000000000000057,2.3,123.77999999999986,0.002955567961643314,0.4064891136580073,2.0700000000000127,1244.4580000000005,10.0537889804492,0.0014227625512400804,0.8553469753580282,2.3494924261614254e-06
44,1.4000000000000004,2.3,125.17999999999986,0.004597550162556238,0.4110866638205635,3.2200000000000006,1247.6780000000006,9.967071417159305,0.0022131861908178895,0.8575601615488461,5.685191549723874e-06
141,2.160000000000025,2.3,127.33999999999989,0.007093363107943991,0.41818002692850753,4.968000000000057,1252.6460000000006,9.837019004240629,0.003414630122976211,0.8609747916718222,1.3533076374689953e-05
245,1.2299999999999898,2.3,128.56999999999988,0.004039276214245803,0.42221930314275335,2.828999999999976,1255.4750000000006,9.76491405460062,0.001944442153361415,0.8629192338251837,4.388329742641378e-06
60,1.2800000000000011,2.3,129.84999999999988,0.004203474434337135,0.4264227775770905,2.944000000000002,1258.4190000000006,9.691328455910678,0.0020234845173192147,0.8649427183425029,4.7523560382998e-06
165,1.5199999999999818,2.3,131.36999999999986,0.004991625890775284,0.4314144034678658,3.495999999999958,1261.9150000000004,9.60580802314076,0.0024028878643165366,0.8673456062068194,6.701564569633529e-06
98,1.0500000000000114,2.2,132.41999999999987,0.003448162621917215,0.434862566089783,2.3100000000000254,1264.2250000000004,9.547085032472449,0.0015877205281954597,0.8689333267350149,3.46124478409179e-06
113,1.7999999999999972,2.2,134.21999999999986,0.005911135923286581,0.4407737020130696,3.959999999999994,1268.1850000000004,9.448554611831335,0.0027218066197636113,0.8716551333547785,1.0171821406310314e-05
100,1.480000000000004,2.1,135.69999999999987,0.004860267314702321,0.4456339693277719,3.1080000000000085,1271.2930000000003,9.36840825350038,0.0021362058015720557,0.8737913391563505,7.420511127317553e-06
223,0.799999999999983,2.1,136.49999999999986,0.002627171521460651,0.4482611408492325,1.6799999999999642,1272.9730000000004,9.325809523809536,0.0011547058386875697,0.8749460449950381,2.1681551869443965e-06
185,1.3600000000000136,2.1,137.85999999999987,0.004466191586483247,0.4527273324357158,2.8560000000000287,1275.8290000000004,9.254526331060507,0.0019629999257689303,0.8769090449208071,6.265968490269699e-06
46,1.5,2.0,139.35999999999987,0.0049259466027388255,0.4576532790384546,3.0,1278.8290000000004,9.17644230769232,0.0020619747119421327,0.8789710196327493,8.202334991273584e-06
107,0.37999999999999545,2.0,139.73999999999987,0.001247906472693821,0.4589011855111484,0.7599999999999909,1279.5890000000004,9.156927150422224,0.000522366927025334,0.8794933865597746,5.264076323288342e-07
23,1.5,2.0,141.23999999999987,0.0049259466027388255,0.4638271321138872,3.0,1282.5890000000004,9.080919003115277,0.0020619747119421327,0.8815553612717167,8.202334991273584e-06
74,1.4099999999999966,2.0,142.64999999999986,0.004630389806574485,0.4684575219204617,2.819999999999993,1285.4090000000003,9.01092884682791,0.0019382562292256003,0.8834936175009424,7.247583198289303e-06
21,1.6000000000000227,2.0,144.2499999999999,0.005254343042921488,0.4737118649633832,3.2000000000000455,1288.6090000000004,8.933164644714047,0.0021994396927383065,0.8856930571936806,9.332434478960432e-06
209,2.200000000000017,2.0,146.4499999999999,0.007224721684017,0.4809365866474002,4.400000000000034,1293.0090000000005,8.829013315124625,0.0030242295775151514,0.8887172867711958,1.764413393678434e-05
130,1.5499999999999972,2.0,147.9999999999999,0.00509014482283011,0.4860267314702303,3.0999999999999943,1296.1090000000004,8.757493243243253,0.0021307072023402,0.890847993973536,8.758271029570984e-06
27,1.5,2.0,149.4999999999999,0.0049259466027388255,0.4909526780729691,3.0,1299.1090000000004,8.689692307692317,0.0020619747119421327,0.8929099686854781,8.202334991273584e-06
198,0.7700000000000102,1.9,150.2699999999999,0.002528652589405964,0.4934813306623751,1.4630000000000194,1300.5720000000003,8.654901177879825,0.0010055563345237935,0.8939155250200019,2.3198222016360944e-06
231,0.5999999999999943,1.8,150.8699999999999,0.0019703786410955114,0.4954517093034706,1.0799999999999899,1301.6520000000003,8.627639689799173,0.0007423108962991608,0.8946578359163011,1.508150385809195e-06
28,1.5,1.8,152.3699999999999,0.0049259466027388255,0.5003776559062094,2.7,1304.3520000000003,8.560425280567049,0.0018557772407479197,0.896513613157049,9.425939911307648e-06
16,1.5,1.8,153.8699999999999,0.0049259466027388255,0.5053036025089482,2.7,1307.0520000000004,8.494521349190883,0.0018557772407479197,0.898369390397797,9.425939911307648e-06
95,1.5,1.7,155.3699999999999,0.0049259466027388255,0.510229549111687,2.55,1309.6020000000003,8.428924502799775,0.0017526785051508128,0.9001220689029478,1.0069630419169846e-05
175,1.0300000000000011,1.7,156.3999999999999,0.003382483333880664,0.5136120324455677,1.7510000000000019,1311.3530000000003,8.38460997442456,0.0012035059068702262,0.901325574809818,4.747942627421028e-06
239,0.5,1.7,156.8999999999999,0.0016419822009129418,0.5152540146464807,0.85,1312.2030000000002,8.363307839388153,0.0005842261683836042,0.9019098009782016,1.118847824352205e-06
29,1.5,1.7,158.3999999999999,0.0049259466027388255,0.5201799612492195,2.55,1314.7530000000002,8.30020833333334,0.0017526785051508128,0.9036624794833524,1.0069630419169846e-05
5,1.5,1.6,159.8999999999999,0.0049259466027388255,0.5251059078519583,2.4000000000000004,1317.1530000000002,8.237354596622897,0.0016495797695537065,0.9053120592529061,1.0734579625595487e-05
102,1.4599999999999937,1.6,161.3599999999999,0.00479458802666577,0.5299004958786241,2.33599999999999,1319.4890000000003,8.177299206742694,0.001605590975698934,0.906917650228605,1.0169702191075177e-05
205,1.7700000000000102,1.6,163.1299999999999,0.005812616991231848,0.5357131128698559,2.8320000000000167,1322.3210000000004,8.10593391773433,0.001946504128073385,0.9088641543566784,1.4946828670679328e-05
96,0.5500000000000114,1.6,163.67999999999992,0.0018061804210042734,0.5375192932908601,0.8800000000000182,1323.2010000000005,8.084072580645168,0.0006048459155030382,0.9094690002721815,1.4432045941078973e-06
2,0.75,1.6,164.42999999999992,0.0024629733013694127,0.5399822665922296,1.2000000000000002,1324.4010000000005,8.05449735449736,0.0008247898847768533,0.9102937901569583,2.6836449063988717e-06
166,1.5300000000000011,1.6,165.95999999999992,0.005024465534793606,0.5450067321270232,2.448000000000002,1326.8490000000006,7.9949927693420175,0.001682571364944782,0.9119763615219031,1.1168256642469562e-05
180,1.4699999999999989,1.6,167.42999999999992,0.004827427670684045,0.5498341597977072,2.351999999999998,1329.2010000000007,7.938846084931024,0.001616588174162631,0.9135929496960657,1.030949027242189e-05
156,1.420000000000016,1.5,168.84999999999994,0.0046632294505928075,0.5544973892483,2.130000000000024,1331.3310000000008,7.884696476162282,0.0014640020454789308,0.9150569517415447,1.0235055989631669e-05
127,1.6099999999999994,1.5,170.45999999999992,0.005287182686939671,0.5597845719352397,2.414999999999999,1333.7460000000008,7.824392819429787,0.0016598896431134164,0.916716841384658,1.3157254825790336e-05
131,2.049999999999997,1.5,172.50999999999993,0.006732127023743052,0.5665166989589827,3.0749999999999957,1336.8210000000008,7.749237725349263,0.002113524079740683,0.9188303654643987,2.133149315434735e-05
77,1.5,1.5,174.00999999999993,0.0049259466027388255,0.5714426455617215,2.25,1339.0710000000008,7.695368082294129,0.0015464810339565996,0.9203768464983553,1.1420787530584576e-05
91,1.5400000000000063,1.4,175.54999999999995,0.005057305178811882,0.5764999507405334,2.1560000000000086,1341.2270000000008,7.640142409569929,0.0014818724929824187,0.9218587189913376,1.2783718890897685e-05
72,1.509999999999998,1.4,177.05999999999995,0.004958786246757078,0.5814587369872904,2.113999999999997,1343.3410000000008,7.586925336044286,0.001453004847015221,0.9233117238383529,1.2290503222775974e-05
120,0.7399999999999949,1.4,177.79999999999995,0.002430133657351137,0.5838888706446416,1.0359999999999927,1344.3770000000009,7.561175478065248,0.0007120686005240115,0.9240237924388769,2.951747539490394e-06
123,1.2199999999999989,1.4,179.01999999999995,0.004006436570227575,0.5878953072148692,1.7079999999999984,1346.085000000001,7.51918780024579,0.0011739509359990532,0.9251977433748759,8.022974868110949e-06
10,1.5,1.4,180.51999999999995,0.0049259466027388255,0.592821253817608,2.0999999999999996,1348.1850000000009,7.468341458010199,0.0014433822983594927,0.9266411256732354,1.2128254134137104e-05
242,2.0900000000000034,1.4,182.60999999999996,0.006863485599816108,0.5996847394174241,2.9260000000000046,1351.1110000000008,7.398888341273759,0.0020111126690475632,0.9286522383422829,2.3545523059255318e-05
67,1.1999999999999957,1.4,183.80999999999995,0.003940757282191046,0.6036254966996151,1.679999999999994,1352.7910000000008,7.359724715739085,0.0011547058386875903,0.9298069441809705,7.762082645847693e-06
30,1.5,1.4,185.30999999999995,0.0049259466027388255,0.6085514433023539,2.0999999999999996,1354.8910000000008,7.311483460147866,0.0014433822983594927,0.93125032647933,1.2128254134137104e-05
101,1.4699999999999989,1.4,186.77999999999994,0.004827427670684045,0.6133788709730379,2.0579999999999985,1356.9490000000008,7.264958775029452,0.001414514652392302,0.9326648411317223,1.1647975270425258e-05
89,1.5100000000000051,1.3,188.28999999999996,0.0049587862467571015,0.618337657219795,1.9630000000000067,1358.9120000000007,7.217122523766536,0.0013492187865141402,0.9340140599182365,1.3028977250044823e-05
13,1.5,1.3,189.78999999999996,0.0049259466027388255,0.6232636038225338,1.9500000000000002,1360.8620000000008,7.170356710047953,0.0013402835627623864,0.9353543434809989,1.2856979436253081e-05
6,1.5,1.3,191.28999999999996,0.0049259466027388255,0.6281895504252726,1.9500000000000002,1362.8120000000008,7.12432432432433,0.0013402835627623864,0.9366946270437613,1.2856979436253081e-05
81,1.5200000000000031,1.3,192.80999999999997,0.004991625890775353,0.633181176316048,1.9760000000000042,1364.788000000001,7.078408796224268,0.0013581540102658876,0.9380527810540271,1.3202117906452995e-05
132,0.4100000000000108,1.3,193.21999999999997,0.0013464254047486478,0.6345276017207966,0.533000000000014,1365.3210000000008,7.066147396749824,0.00036634417382172855,0.9384191252278489,9.605592192152253e-07
73,1.5300000000000011,1.2,194.74999999999997,0.005024465534793606,0.6395520672555902,1.8360000000000012,1367.1570000000008,7.0200616174582855,0.001261928523708586,0.9396810537515574,1.4156684759784592e-05
47,1.5,1.2,196.24999999999997,0.0049259466027388255,0.644478013858329,1.7999999999999998,1368.9570000000008,6.975577070063699,0.0012371848271652795,0.9409182385787227,1.3606963436932497e-05
125,1.490000000000009,1.2,197.73999999999998,0.004893106958720596,0.6493711208170496,1.788000000000011,1370.7450000000008,6.93205724688986,0.0012289369283175187,0.9421471755070402,1.3426142011704093e-05
82,1.529999999999994,1.2,199.26999999999998,0.005024465534793582,0.6543955863518433,1.8359999999999927,1372.5810000000008,6.888046369247759,0.0012619285237085802,0.9434091040307487,1.4156684759784462e-05
214,0.9000000000000057,1.2,200.17,0.002955567961643314,0.6573511543134866,1.0800000000000067,1373.6610000000007,6.862471898885951,0.0007423108962991724,0.9441514149270479,4.898506837295761e-06
7,1.5,1.2,201.67,0.0049259466027388255,0.6622771009162254,1.7999999999999998,1375.4610000000007,6.8203550354539635,0.0012371848271652795,0.9453885997542132,1.3606963436932497e-05
103,1.3700000000000045,1.2,203.04,0.004499031230501475,0.6667761321467268,1.6440000000000055,1377.1050000000007,6.7824320330969305,0.0011299621421442926,0.9465185618963575,1.13506265221239e-05
152,0.3499999999999943,1.2,203.39,0.0011493875406390407,0.6679255196873659,0.41999999999999316,1377.5250000000008,6.772825605978666,0.0002886764596718939,0.9468072383560294,7.408235648996341e-07
219,1.0,1.1,204.39,0.0032839644018258837,0.6712094840891918,1.1,1378.6250000000007,6.745070698175061,0.0007560573943787821,0.9475632957504082,6.3903138383001606e-06
31,1.5,1.1,205.89,0.0049259466027388255,0.6761354306919306,1.6500000000000001,1380.2750000000008,6.703943853514017,0.001134086091568173,0.9486973818419764,1.4378206136175361e-05
128,1.7600000000000051,1.1,207.64999999999998,0.005779777347213572,0.6819152080391442,1.9360000000000057,1382.2110000000007,6.6564459426920335,0.0013306610141066604,0.950028042856083,1.9794636145518692e-05
114,1.5499999999999972,1.1,209.2,0.00509014482283011,0.6870053528619743,1.704999999999997,1383.9160000000006,6.615277246653923,0.00117188896128711,0.9511999318173701,1.5352728996516078e-05
79,1.5,1.1,210.7,0.0049259466027388255,0.6919312994647131,1.6500000000000001,1385.5660000000007,6.576013289036549,0.001134086091568173,0.9523340179089382,1.4378206136175361e-05
109,1.4000000000000057,1.1,212.1,0.0045975501625562555,0.6965288496272694,1.5400000000000065,1387.1060000000007,6.539867986798683,0.0010584803521302994,0.9533924982610685,1.2525015123068416e-05
108,0.269999999999996,1.1,212.37,0.0008866703884929755,0.6974155200157623,0.29699999999999566,1387.4030000000007,6.532951923529692,0.00020413549648226818,0.9535966337575508,4.65853878812068e-07
80,1.5499999999999972,1.1,213.92000000000002,0.00509014482283011,0.7025056648385924,1.704999999999997,1389.1080000000006,6.493586387434558,0.00117188896128711,0.9547685227188378,1.5352728996516078e-05
105,1.480000000000004,1.1,215.40000000000003,0.004860267314702321,0.7073659321532948,1.6280000000000046,1390.7360000000006,6.456527390900652,0.0011189649436806005,0.9558874876625184,1.3997343431412748e-05
11,1.5,1.1,216.90000000000003,0.0049259466027388255,0.7122918787560336,1.6500000000000001,1392.3860000000006,6.419483633010606,0.001134086091568173,0.9570215737540866,1.4378206136175361e-05
158,1.5300000000000011,1.1,218.43000000000004,0.005024465534793606,0.7173163442908272,1.6830000000000014,1394.0690000000006,6.382223137847367,0.0011567678133995376,0.9581783415674862,1.4959085664076868e-05
94,1.5499999999999972,1.1,219.98000000000002,0.00509014482283011,0.7224064891136573,1.704999999999997,1395.7740000000006,6.3450040912810275,0.00117188896128711,0.9593502305287732,1.5352728996516078e-05
64,1.6400000000000006,1.0,221.62,0.005385701618994451,0.7277921907326518,1.6400000000000006,1397.4140000000007,6.305450771591015,0.0011272128425283664,0.9604774433713016,1.813472665928761e-05
99,1.539999999999992,1.0,223.16,0.005057305178811835,0.7328494959114636,1.539999999999992,1398.9540000000006,6.2688385015235735,0.0010584803521302894,0.9615359237234319,1.599059999448469e-05
154,0.9000000000000057,1.0,224.06,0.002955567961643314,0.735805063873107,0.9000000000000057,1399.8540000000007,6.247674729983044,0.0006185924135826438,0.9621545161370145,5.46145471223347e-06
111,1.1400000000000006,1.0,225.2,0.0037437194180815095,0.7395487832911884,1.1400000000000006,1400.9940000000008,6.221110124333929,0.0007835503905380108,0.9629380665275525,8.762600671627821e-06
124,1.6099999999999994,1.0,226.81,0.005287182686939671,0.7448359659781281,1.6099999999999994,1402.6040000000007,6.184048322384378,0.0011065930954089443,0.9640446596229615,1.747732933281505e-05
66,1.3900000000000006,1.0,228.2,0.00456471051853798,0.7494006764966661,1.3900000000000006,1403.9940000000008,6.1524715162138515,0.0009553816165331886,0.9650000412394947,1.3027255122847115e-05
182,1.509999999999991,1.0,229.70999999999998,0.004958786246757055,0.7543594627434231,1.509999999999991,1405.5040000000008,6.118601715206133,0.0010378606050108672,0.9660379018445056,1.537365788810275e-05
118,1.0300000000000011,1.0,230.73999999999998,0.003382483333880664,0.7577419460773038,1.0300000000000011,1406.5340000000008,6.095752795354082,0.0007079446511001331,0.9667458464956057,7.153157165689418e-06
161,1.5199999999999818,0.9,232.25999999999996,0.004991625890775284,0.7627335719680791,1.3679999999999837,1407.9020000000007,6.061749763196422,0.0009402604686456013,0.9676861069642513,1.6413561783628016e-05
140,1.5,0.9,233.75999999999996,0.0049259466027388255,0.7676595185708179,1.35,1409.2520000000006,6.028627652292954,0.0009278886203739599,0.9686139955846252,1.5984467630351422e-05
35,1.5,0.9,235.25999999999996,0.0049259466027388255,0.7725854651735568,1.35,1410.6020000000005,5.995927909546888,0.0009278886203739599,0.9695418842049992,1.5984467630351422e-05
34,1.5,0.9,236.75999999999996,0.0049259466027388255,0.7775114117762956,1.35,1411.9520000000005,5.9636425071802694,0.0009278886203739599,0.9704697728253732,1.5984467630351422e-05
133,2.089999999999989,0.9,238.84999999999997,0.006863485599816061,0.7843748973761117,1.8809999999999902,1413.8330000000005,5.919334310236553,0.0012928581443877106,0.9717626309697609,3.1031890247172145e-05
33,1.5,0.9,240.34999999999997,0.0049259466027388255,0.7893008439788505,1.35,1415.1830000000004,5.88800915331808,0.0009278886203739599,0.9726905195901349,1.5984467630351422e-05
137,0.5,0.9,240.84999999999997,0.0016419822009129418,0.7909428261797634,0.45,1415.6330000000005,5.877654141581901,0.00030929620679131994,0.9729998157969262,1.7760519589279359e-06
12,1.5,0.9,242.34999999999997,0.0049259466027388255,0.7958687727825022,1.35,1416.9830000000004,5.846845471425627,0.0009278886203739599,0.9739277044173001,1.5984467630351422e-05
65,1.4100000000000037,0.9,243.75999999999996,0.004630389806574508,0.8004991625890767,1.2690000000000035,1418.2520000000004,5.818231046931411,0.0008722153031515246,0.9747999197204517,1.4123875598178591e-05
69,1.5799999999999983,0.9,245.33999999999997,0.00518866375488489,0.8056878263439616,1.4219999999999986,1419.6740000000004,5.786557430504608,0.00097737601346057,0.9757772957339123,1.773494444107076e-05
151,1.0800000000000125,0.9,246.42,0.0035466815539719953,0.8092345078979336,0.9720000000000113,1420.6460000000004,5.76514081649217,0.0006680798066692588,0.9764453755405815,8.286348019574368e-06
187,1.5100000000000193,0.9,247.93,0.0049587862467571475,0.8141932941446908,1.3590000000000175,1422.0050000000003,5.735510022990361,0.0009340745445097983,0.9773794500850913,1.619830428620676e-05
162,1.5300000000000011,0.9,249.46,0.005024465534793606,0.8192177596794844,1.3770000000000011,1423.3820000000003,5.705852641706086,0.0009464463927814397,0.9783258964778727,1.6630240122617646e-05
200,1.4800000000000182,0.9,250.94000000000003,0.004860267314702367,0.8240780269941868,1.3320000000000165,1424.7140000000004,5.677508567785129,0.0009155167721023183,0.979241413249975,1.5561056843343382e-05
32,1.5,0.9,252.44000000000003,0.0049259466027388255,0.8290039735969256,1.35,1426.0640000000003,5.649120583108858,0.0009278886203739599,0.980169301870349,1.5984467630351422e-05
153,1.8700000000000045,0.8,254.31000000000003,0.006141013431414417,0.83514498702834,1.4960000000000038,1427.5600000000004,5.613463882662892,0.0010282380563551461,0.9811975399267041,2.6140472035812473e-05
85,1.5300000000000011,0.8,255.84000000000003,0.005024465534793606,0.8401694525631336,1.224000000000001,1428.7840000000003,5.584677923702315,0.000841285682472391,0.9820388256091765,1.7498993676866143e-05
110,1.4099999999999966,0.8,257.25,0.004630389806574485,0.8447998423697081,1.1279999999999972,1429.9120000000003,5.558452866861031,0.00077530249169024,0.9828141281008668,1.4861698205381417e-05
129,2.0999999999999943,0.8,259.35,0.006896325243834337,0.8516961676135424,1.6799999999999955,1431.5920000000003,5.519922884133411,0.0011547058386875914,0.9839688339395544,3.2966193393557674e-05
134,1.5500000000000114,0.8,260.90000000000003,0.005090144822830157,0.8567863124363726,1.240000000000009,1432.8320000000003,5.4918819471061715,0.0008522828809360879,0.9848211168204904,1.7959473838554174e-05
207,2.430000000000007,0.8,263.33000000000004,0.00798003349643692,0.8647663459328095,1.9440000000000055,1434.7760000000003,5.448585425131964,0.0013361596133385058,0.986157276433829,4.41410601745172e-05
203,1.5800000000000125,0.8,264.9100000000001,0.005188663754884937,0.8699550096876945,1.26400000000001,1436.0400000000004,5.420859914688007,0.0008687786786316255,0.9870260551124607,1.8661407072036083e-05
14,1.5,0.8,266.4100000000001,0.0049259466027388255,0.8748809562904333,1.2000000000000002,1437.2400000000005,5.394842535940843,0.0008247898847768533,0.9878508449972375,1.681948642528462e-05
15,1.5,0.7,267.9100000000001,0.0049259466027388255,0.8798069028931721,1.0499999999999998,1438.2900000000004,5.36855660482998,0.0007216911491797464,0.9885725361464173,1.767576391878126e-05
116,1.3900000000000006,0.7,269.30000000000007,0.00456471051853798,0.8843716134117101,0.9730000000000003,1439.2630000000004,5.344459710360193,0.0006687671315732319,0.9892413032779905,1.5178374874434354e-05
218,1.5,0.7,270.80000000000007,0.0049259466027388255,0.8892975600144489,1.0499999999999998,1440.3130000000003,5.318733382570162,0.0007216911491797464,0.9899629944271703,1.767576391878126e-05
136,0.14999999999997726,0.7,270.95000000000005,0.0004925946602738079,0.8897901546747228,0.10499999999998408,1440.4180000000003,5.316176416312973,7.21691149179637e-05,0.9900351635420882,1.7675763918775898e-07
163,1.5200000000000102,0.7,272.47,0.004991625890775377,0.8947817805654982,1.0640000000000072,1441.4820000000004,5.290424633904651,0.0007313136978354814,0.9907664772399237,1.815025998131234e-05
179,1.4000000000000057,0.6,273.87,0.0045975501625562555,0.8993793307280544,0.8400000000000034,1442.3220000000003,5.266447584620441,0.0005773529193437995,0.9913438301592675,1.6161985874333037e-05
87,1.5400000000000063,0.6,275.41,0.005057305178811882,0.9044366359068663,0.9240000000000037,1443.2460000000003,5.240354380741441,0.0006350882112781794,0.9919789183705457,1.9556002907942977e-05
135,0.9300000000000068,0.6,276.34000000000003,0.0030540868936980944,0.9074907228005644,0.558000000000004,1443.8040000000003,5.2247376420351745,0.0003835272964212395,0.992362445666967,7.1318885626075175e-06
215,1.5,0.6,277.84000000000003,0.0049259466027388255,0.9124166694033032,0.8999999999999999,1444.7040000000004,5.199769651598043,0.0006185924135826398,0.9929810380805496,1.8553300110841346e-05
139,1.25,0.6,279.09000000000003,0.004104955502282355,0.9165216249055856,0.75,1445.4540000000004,5.179168010319253,0.0005154936779855332,0.9934965317585351,1.2884236188084269e-05
190,0.9200000000000159,0.6,280.01000000000005,0.0030212472496798652,0.9195428721552655,0.5520000000000095,1446.0060000000003,5.164122709903218,0.00037940334699735896,0.9938759351055325,6.979339206140737e-06
92,1.5100000000000051,0.6,281.52000000000004,0.0049587862467571015,0.9245016584020226,0.906000000000003,1446.9120000000003,5.1396419437340155,0.0006227163630065261,0.994498651468539,1.880150203676873e-05
181,1.5300000000000011,0.6,283.05000000000007,0.005024465534793606,0.9295261239368162,0.9180000000000006,1447.8300000000002,5.11510333863275,0.000630964261854293,0.9951296157303933,1.9302853435319365e-05
84,1.5200000000000031,0.6,284.57000000000005,0.004991625890775353,0.9345177498275916,0.9120000000000018,1448.7420000000002,5.090986400534139,0.0006268403124304096,0.9957564560428237,1.9051353144928008e-05
93,1.4899999999999949,0.4,286.06000000000006,0.0048931069587205495,0.9394108567863122,0.595999999999998,1449.3380000000002,5.066552471509473,0.0004096456427725023,0.9961661016855962,2.0101425371602596e-05
88,1.509999999999991,0.4,287.57000000000005,0.004958786246757055,0.9443696430330693,0.6039999999999964,1449.9420000000002,5.042048892443579,0.00041514424200434695,0.9965812459276006,2.0644682667353203e-05
36,1.5,0.4,289.07000000000005,0.0049259466027388255,0.9492955896358081,0.6000000000000001,1450.5420000000001,5.017961047497145,0.00041239494238842664,0.996993640869989,2.037214859065184e-05
86,1.519999999999996,0.4,290.59000000000003,0.00499162589077533,0.9542872155265834,0.6079999999999984,1451.15,4.993805705633366,0.00041789354162027117,0.9974115344116092,2.0919027601707453e-05
115,1.5,0.4,292.09000000000003,0.0049259466027388255,0.9592131621293222,0.6000000000000001,1451.75,4.97021465986511,0.00041239494238842664,0.9978239293539977,2.037214859065184e-05
192,1.8000000000000114,0.4,293.89000000000004,0.005911135923286628,0.9651242980526088,0.7200000000000046,1452.47,4.942223280819354,0.000494873930866115,0.9983188032848638,2.9335893970539024e-05
186,1.539999999999992,0.4,295.43000000000006,0.005057305178811835,0.9701816032314207,0.6159999999999969,1453.086,4.91854584842433,0.0004233921408521158,0.9987421954257159,2.147315004337307e-05
188,2.6399999999999864,0.3,298.07000000000005,0.008669666020820288,0.978851269252241,0.7919999999999959,1453.878,4.877639480658905,0.0005443613239527203,0.9992865567496686,6.602057641693816e-05
38,1.5,0.3,299.57000000000005,0.0049259466027388255,0.9837772158549798,0.44999999999999996,1454.328,4.8547184297493065,0.0003092962067913199,0.9995958529564599,2.131346087840226e-05
40,1.4399999999999977,0.2,301.01000000000005,0.004728908738629265,0.9885061245936091,0.28799999999999953,1454.616,4.832450749144546,0.00019794957234644443,0.9997938025288063,2.0529590966522313e-05
39,1.5,0.2,302.51000000000005,0.0049259466027388255,0.9934320711963479,0.30000000000000004,1454.916,4.809480678324682,0.00020619747119421332,1.0000000000000004,2.2276031864716115e-05
37,1.5,0.0,304.01000000000005,0.0049259466027388255,0.9983580177990867,0.0,1454.916,4.78575046873458,0.0,1.0000000000000004,2.4264949933034177e-05
8,0.5,0.0,304.51000000000005,0.0016419822009129418,0.9999999999999997,0.0,1454.916,4.777892351646908,0.0,1.0000000000000004,2.6961055481149086e-06
