,weight,grade,cml_weight,weight_pct,cml_weight_pct,yield,cml_yield,cml_grade,recovery,cml_recovery,distributional_heterogeneity
90,0.75,302.4,0.75,0.003243664042902862,0.003243664042902862,226.79999999999998,226.79999999999998,302.4,0.11223357886160726,0.11223357886160726,0.01187880153218844
35,1.230000000000004,142.97,1.980000000000004,0.005319609030360712,0.008563273073263574,175.85310000000058,402.65310000000056,203.3601515151514,0.0870221462385722,0.19925572510017947,0.006675304586259182
4,0.3999999999999986,130.97,2.3800000000000026,0.0017299541562148537,0.010293227229478428,52.38799999999981,455.04110000000037,191.19373949579827,0.025924571117292156,0.22518029621747163,0.0005853794898932494
91,0.6499999999999773,122.06,3.02999999999998,0.002811175503849049,0.013104402733327476,79.33899999999723,534.3800999999976,176.36306930693107,0.03926146346252534,0.26444175967999695,0.001328623492270422
36,0.28000000000000114,113.83,3.309999999999981,0.001210967909350407,0.014315370642677884,31.87240000000013,566.2524999999977,171.07326283987945,0.015772281829403465,0.28021404150940044,0.00021203186307833098
38,0.20999999999999375,94.63,3.5199999999999747,0.0009082259320127744,0.015223596574690659,19.872299999999406,586.1247999999971,166.51272727272763,0.009833947747845906,0.29004798925724634,7.96685099336395e-05
24,1.1000000000000014,84.34,4.619999999999976,0.004757373929590871,0.01998097050428153,92.77400000000013,678.8987999999972,146.94779220779236,0.045909867924633016,0.33595785718187937,0.0016935277620119794
158,0.19999999999998863,72.34,4.819999999999965,0.0008649770781073808,0.02084594758238891,14.467999999999178,693.3667999999964,143.85203319502105,0.007159591794398773,0.34311744897627816,3.962217442655216e-05
18,0.14999999999999858,65.49,4.969999999999963,0.0006487328085805663,0.021494680390969478,9.823499999999907,703.1902999999962,141.48698189134836,0.004861228227279491,0.34797867720355763,1.774511765255942e-05
27,1.6099999999999994,52.8,6.579999999999963,0.006963065478764808,0.028457745869734284,85.00799999999997,788.1982999999962,119.78697568389067,0.04206680807701723,0.39004548528057487,0.0012322727444043613
147,0.30000000000001137,49.37,6.879999999999974,0.0012974656171611941,0.02975521148689548,14.811000000000561,803.0092999999968,116.71646802325579,0.007329327762430901,0.39737481304300576,3.638336093953766e-05
150,1.4800000000000182,42.51,8.359999999999992,0.00640083037799506,0.03615604186489054,62.91480000000077,865.9240999999976,103.57943779904286,0.031133832307594072,0.42850864535059985,0.0006117213844495483
5,1.1300000000000026,39.43,9.489999999999995,0.00488712049130699,0.04104316235619753,44.5559000000001,910.4799999999976,95.94099051633279,0.022048801218694437,0.4505574465692943,0.0002945232853887817
162,0.45999999999997954,36.69,9.949999999999974,0.0019894472796470005,0.04303260963584453,16.87739999999925,927.3573999999969,93.20174874371853,0.008351900369836006,0.4589093469391303,4.048080932485562e-05
129,0.960000000000008,34.97,10.909999999999982,0.004151889974915698,0.047184499610760225,33.571200000000275,960.9285999999972,88.07778185151226,0.016612944985356353,0.4755222919244867,0.00015527789197322816
21,1.3100000000000023,32.91,12.219999999999985,0.005665599861603676,0.0528500994723639,43.11210000000007,1004.0406999999973,82.1637234042552,0.021334326610403468,0.49685661853489016,0.00024550899792855405
145,0.5,25.37,12.719999999999985,0.002162442695268575,0.055012542167632475,12.685,1016.7256999999972,79.93126572327031,0.006277261674865468,0.5031338802097556,1.6931735234850827e-05
0,1.6400000000000006,25.37,14.359999999999985,0.007092812040480928,0.0621053542081134,41.606800000000014,1058.3324999999973,73.70003481894139,0.02058941829355874,0.5237232985033143,0.00018215838035061922
149,0.44999999999998863,25.03,14.809999999999974,0.0019461984257416682,0.06405155263385508,11.263499999999716,1069.595999999997,72.22120189061438,0.005573822378781665,0.529297120882096,1.3159655544669528e-05
137,0.6999999999999886,24.0,15.509999999999962,0.0030274197733759557,0.06707897240723103,16.799999999999727,1086.3959999999968,70.04487427466147,0.008313598434192996,0.537610719316289,2.7943684834077434e-05
151,0.7699999999999818,22.97,16.279999999999944,0.003330161750713527,0.07040913415794456,17.686899999999582,1104.0828999999962,67.81835995085996,0.00875248715153137,0.5463632064678203,2.9401612752354382e-05
92,0.75,21.26,17.029999999999944,0.003243664042902862,0.07365279820084741,15.945,1120.0278999999962,65.7679330593071,0.007890495656738659,0.5542537021245589,2.1593044047343804e-05
144,1.3000000000000114,20.91,18.329999999999956,0.005622351007698344,0.07927514920854575,27.183000000000238,1147.2108999999964,62.58651936715762,0.013451699180754397,0.5677054013053133,6.129869281493615e-05
47,1.5,19.89,19.829999999999956,0.006487328085805724,0.08576247729435148,29.835,1177.0458999999964,59.35682803832572,0.014764060076437624,0.5824694613817509,6.850429244474947e-05
116,1.1800000000000068,17.83,21.009999999999962,0.005103364760833866,0.09086584205518534,21.03940000000012,1198.0852999999966,57.02452641599232,0.010411495410497856,0.5928809567922488,2.8176250993902233e-05
28,1.3900000000000006,17.14,22.399999999999963,0.006011590692846641,0.09687743274803198,23.82460000000001,1221.9098999999965,54.54954910714279,0.011789771265195105,0.6046707280574439,3.3387370726665225e-05
20,1.5399999999999991,16.46,23.939999999999962,0.006660323501427207,0.10353775624945918,25.348399999999987,1247.2582999999966,52.099344193817814,0.012543834437458396,0.6172145624949024,3.4615700934398597e-05
37,0.6700000000000017,16.11,24.609999999999964,0.002897673211659898,0.10643542946111909,10.793700000000028,1258.0519999999965,51.119544900446904,0.0053413385368542045,0.6225559010317566,5.971500221556994e-06
117,1.339999999999975,16.11,25.94999999999994,0.0057953464233196725,0.11223077588443876,21.587399999999597,1279.6393999999962,49.311730250481666,0.010682677073708182,0.6332385781054648,2.3886000886226962e-05
146,1.0,15.77,26.94999999999994,0.00432488539053715,0.11655566127497591,15.77,1295.4093999999961,48.06713914656768,0.007803895673049148,0.641042473778514,1.2103512545824207e-05
88,1.5,15.77,28.44999999999994,0.006487328085805724,0.12304298936078163,23.655,1319.064399999996,46.36430228470998,0.011705843509573722,0.6527483172880877,2.7232903228104468e-05
148,1.5999999999999943,15.43,30.049999999999933,0.006919816624859415,0.12996280598564106,24.687999999999914,1343.752399999996,44.71721797004988,0.012217030841866625,0.6649653481299543,2.8060478460863298e-05
26,1.4399999999999977,15.09,31.48999999999993,0.006227834962373485,0.13619064094801453,21.729599999999966,1365.4819999999959,43.36240076214668,0.010753045746169212,0.6757183938761235,2.0477532637781138e-05
30,1.019999999999996,14.4,32.50999999999993,0.0044113830983478755,0.1406020240463624,14.687999999999944,1380.1699999999958,42.45370655183017,0.0072684603453231095,0.6829868542214467,8.162890395183581e-06
17,1.220000000000006,13.37,33.72999999999993,0.0052763601764553485,0.14587838422281776,16.311400000000077,1396.4813999999958,41.40176104358134,0.008071811279732052,0.6910586655011787,7.814546870810946e-06
19,1.0399999999999991,13.03,34.76999999999993,0.004497880806158632,0.15037626502897639,13.551199999999989,1410.0325999999957,40.55313776243884,0.006705906851276064,0.6977645723524547,4.875379015916924e-06
74,0.6600000000000108,12.34,35.42999999999994,0.0028544243577545655,0.15323068938673096,8.144400000000132,1418.1769999999958,40.02757550098781,0.004030313755204978,0.7017948861076597,1.382715875036296e-06
154,1.4399999999999977,12.34,36.86999999999994,0.006227834962373485,0.15945852434910443,17.769599999999972,1435.946599999996,38.946205587198214,0.008793411829537977,0.7105882979371977,6.58218466132957e-06
89,1.0500000000000114,12.0,37.91999999999995,0.004541129660064056,0.1639996540091685,12.600000000000136,1448.546599999996,38.20006856540079,0.006235198825644916,0.7168234967628426,2.8698703377718292e-06
61,1.5100000000000051,11.66,39.42999999999996,0.0065305769397111186,0.17053023094887962,17.60660000000006,1466.153199999996,37.183697692112545,0.008712750130444362,0.725536246893287,4.7618798343549055e-06
75,1.339999999999975,11.66,40.76999999999993,0.0057953464233196725,0.17632557737219928,15.624399999999708,1481.7775999999958,36.344802550895224,0.00773184448661933,0.7332680913799063,3.7500247491633223e-06
140,1.5500000000000114,10.97,42.31999999999994,0.006703572355332631,0.18302914972753193,17.003500000000127,1498.7810999999958,35.41543241965969,0.008414301843797855,0.7416823932237042,2.9265953827044837e-06
29,1.0600000000000023,10.29,43.379999999999946,0.004584378513969389,0.18761352824150132,10.907400000000022,1509.6884999999959,34.80148686030424,0.005397603783399901,0.7470799970071041,6.613353388403304e-07
152,1.200000000000017,9.94,44.57999999999996,0.005189862468644653,0.19280339071014596,11.92800000000017,1521.616499999996,34.132267833108955,0.005902654888277207,0.7529826518953814,5.080730334856299e-07
49,1.4699999999999989,9.94,46.04999999999996,0.006357581524089605,0.19916097223423557,14.611799999999988,1536.228299999996,33.36000651465792,0.00723075223813947,0.7602134041335209,7.624270958743504e-07
95,0.15000000000000568,9.26,46.19999999999997,0.0006487328085805971,0.19980970504281617,1.3890000000000526,1537.617299999996,33.28175974025968,0.0006873564419699224,0.7609007605754908,1.4917850561930092e-09
48,1.5499999999999972,9.26,47.749999999999964,0.0067035723553325694,0.20651327739814873,14.352999999999973,1551.970299999996,32.50199581151827,0.007102683233688916,0.7680034438091797,1.5928949322237419e-07
25,0.6799999999999997,8.57,48.429999999999964,0.0029409220655652606,0.209454199463714,5.827599999999998,1557.7978999999962,32.16596944042943,0.0028838289425657066,0.7708872727517454,3.2596246938421902e-09
58,1.4699999999999989,8.57,49.89999999999996,0.006357581524089605,0.2158117809878036,12.59789999999999,1570.3957999999961,31.470857715430807,0.006234159625840569,0.777121432377586,1.5232964967395293e-08
6,0.4499999999999993,8.57,50.349999999999966,0.0019461984257417143,0.2177579794135453,3.856499999999994,1574.2522999999962,31.266182720953275,0.0019084162119920095,0.779029848589578,1.4274956758283781e-09
46,1.5499999999999972,8.57,51.89999999999996,0.0067035723553325694,0.22446155176887786,13.283499999999975,1587.5357999999962,30.58835838150284,0.0065734336190835865,0.7856032822086616,1.6936090672482352e-08
157,0.75,8.57,52.64999999999996,0.003243664042902862,0.22770521581178071,6.4275,1593.9632999999963,30.2747065527065,0.0031806936866533545,0.7887839758953149,3.965265766189952e-09
59,1.5799999999999983,8.23,54.22999999999996,0.006833318917048689,0.2345385347288294,13.003399999999987,1606.9666999999963,29.632430389083485,0.006434824159475408,0.7952188000547903,1.5879807181338836e-07
51,0.9300000000000068,8.23,55.15999999999997,0.0040221434131995784,0.238560678142029,7.653900000000056,1614.6205999999963,29.271584481508288,0.0037875863723494806,0.7990063864271397,5.5017005412354545e-08
76,1.670000000000016,7.89,56.829999999999984,0.007222558602197109,0.2457832367442261,13.176300000000126,1627.7968999999964,28.643267640330755,0.006520384943360714,0.8055267713705004,4.9304784716369e-07
77,1.3799999999999955,7.2,58.20999999999998,0.005968341838941247,0.2517515785831674,9.935999999999968,1637.7328999999963,28.134906373475296,0.004916899645365636,0.8104436710158661,1.105530686431093e-06
93,1.4000000000000057,6.86,59.609999999999985,0.0060548395467520345,0.2578064181299194,9.60400000000004,1647.3368999999964,27.635244086562604,0.004752607104880426,0.8151962781207466,1.695809332662891e-06
130,1.3899999999999864,6.86,60.99999999999997,0.006011590692846579,0.26381800882276596,9.535399999999907,1656.8722999999964,27.16184098360651,0.004718659911274072,0.8199149380320206,1.6716700059376944e-06
141,1.5,6.86,62.49999999999997,0.006487328085805724,0.27030533690857167,10.290000000000001,1667.1622999999963,26.674596799999954,0.005092079040943293,0.825007017072964,1.9467198971895274e-06
33,0.9500000000000028,6.51,63.449999999999974,0.004108641121010305,0.27441397802958195,6.1845000000000185,1673.3467999999964,26.37268400315204,0.0030604434235873557,0.8280674604965513,1.0987184128827723e-06
1,1.4100000000000001,6.17,64.85999999999997,0.006098088400657382,0.28051206643023935,8.6997,1682.0464999999963,25.933495220474825,0.0043051078748779755,0.8323725683714293,3.2147791658241955e-06
73,1.7999999999999972,5.83,66.65999999999997,0.007784793702966857,0.2882968601332062,10.493999999999984,1692.5404999999962,25.39064656465642,0.005193029879072773,0.837565598250502,6.717239718846087e-06
143,1.1999999999999886,5.83,67.85999999999996,0.00518986246864453,0.29348672260185077,6.995999999999934,1699.536499999996,25.044746536987873,0.0034620199193818213,0.8410276181698838,2.985439875042658e-06
16,1.8299999999999983,5.83,69.68999999999996,0.007914540264682976,0.30140126286653374,10.66889999999999,1710.205399999996,24.540183670540927,0.005279580377057322,0.8463071985469411,6.943013609396201e-06
87,1.1999999999999886,5.83,70.88999999999994,0.00518986246864453,0.3065911253351783,6.995999999999934,1717.2013999999958,24.223464522499608,0.0034620199193818213,0.8497692184663229,2.985439875042658e-06
118,2.0500000000000114,5.83,72.93999999999996,0.008866015050601207,0.3154571403857795,11.951500000000067,1729.152899999996,23.706510830819813,0.0059142840289440335,0.8556835024952669,8.712716024213298e-06
34,1.3699999999999903,5.83,74.30999999999995,0.005925092985035853,0.32138223337081534,7.987099999999944,1737.139999999996,23.376934463732972,0.003952472741294255,0.8596359752365612,3.891230626019162e-06
22,0.19999999999999574,5.49,74.50999999999993,0.0008649770781074116,0.32224721044892274,1.0979999999999766,1738.237999999996,23.328922292309723,0.0005433530405204681,0.8601793282770817,1.0344202155372758e-07
128,0.5999999999999943,5.49,75.10999999999993,0.002594931234322265,0.324842141683245,3.293999999999969,1741.5319999999958,23.186419917454366,0.0016300591215614236,0.8618093873986431,9.309781939835704e-07
57,1.5799999999999983,5.14,76.68999999999993,0.006833318917048689,0.3316754606002937,8.121199999999991,1749.6531999999959,22.81461989829179,0.004018833071652928,0.8658282204702961,7.921330573933096e-06
142,1.3499999999999943,5.14,78.03999999999992,0.005838595277225128,0.3375140558775188,6.938999999999971,1756.592199999996,22.508869810353637,0.003433813067551541,0.8692620335378476,5.782977475962578e-06
119,0.37999999999999545,4.46,78.41999999999992,0.0016434564484040972,0.3391575123259229,1.6947999999999797,1758.286999999996,22.421410354501376,0.0008386837277541874,0.8701007172656018,6.476591319022576e-07
122,0.3499999999999943,4.46,78.76999999999991,0.0015137098866879778,0.34067122221261087,1.5609999999999746,1759.8479999999959,22.341602132791646,0.0007724718545104325,0.8708731891201122,5.494338203464396e-07
32,3.549999999999997,4.11,82.31999999999991,0.015353343136406869,0.3560245653490177,14.59049999999999,1774.4384999999959,21.555375364431463,0.007220211782981833,0.8780934009030941,6.614782561206537e-05
78,1.6100000000000136,4.11,83.92999999999992,0.00696306547876487,0.36298763082778257,6.617100000000057,1781.055599999996,21.220726796139612,0.0032745185832678473,0.881367919486362,1.3605378200280722e-05
131,1.6599999999999966,3.77,85.58999999999992,0.0071793097482916535,0.37016694057607424,6.258199999999987,1787.313799999996,20.882273630096947,0.003096914388146866,0.8844648338745088,1.6665951876531695e-05
67,1.4699999999999989,3.77,87.05999999999992,0.006357581524089605,0.37652452210016385,5.541899999999996,1792.855699999996,20.593334481966433,0.002742448283479457,0.8872072821579883,1.3069188347364433e-05
39,1.8400000000000034,3.77,88.89999999999992,0.00795778911858837,0.3844823112187522,6.936800000000013,1799.792499999996,20.24513498312708,0.0034327243820423225,0.8906400065400306,2.0476210869932554e-05
65,1.4500000000000028,3.77,90.34999999999992,0.00627108381627888,0.3907533950350311,5.466500000000011,1805.258999999996,19.980730492529027,0.002705136061935526,0.8933451426019662,1.2715983386706402e-05
82,0.549999999999983,3.43,90.8999999999999,0.0023786869647953587,0.39313208199982647,1.8864999999999417,1807.1454999999958,19.88058855885586,0.0009335478241729082,0.8942786904261391,2.088427135758995e-06
3,1.5199999999999996,3.43,92.4199999999999,0.006573825793616466,0.39970590779344295,5.213599999999999,1812.3590999999958,19.61003137848948,0.002579986714077934,0.8968586771402169,1.5950750593249187e-05
68,1.4300000000000068,3.43,93.84999999999991,0.0061845861084681535,0.4058904939019111,4.904900000000024,1817.2639999999958,19.363494938731993,0.002427224342849648,0.8992859014830666,1.4117767437731818e-05
54,1.5,3.09,95.34999999999991,0.006487328085805724,0.41237782198771683,4.635,1821.8989999999958,19.10748820136337,0.002293662425147926,0.9015795639082146,1.7586831673380406e-05
11,1.240000000000002,3.09,96.58999999999992,0.005362857884266074,0.4177406798719829,3.831600000000006,1825.7305999999958,18.901859405735557,0.0018960942714556222,0.9034756581796702,1.2018449947106579e-05
125,1.1499999999999773,3.09,97.7399999999999,0.004973618199117624,0.4227142980711005,3.5534999999999295,1829.2840999999958,18.715818498056045,0.0017584745259467086,0.9052341327056169,1.0337148839130963e-05
31,2.6200000000000045,3.09,100.3599999999999,0.011331199723207352,0.43404549779430784,8.095800000000013,1837.3798999999958,18.307890593862073,0.004006263702591718,0.9092403964082086,5.365468770611239e-05
153,1.0999999999999943,3.09,101.4599999999999,0.00475737392959084,0.4388028717238987,3.3989999999999823,1840.7788999999957,18.142902621722822,0.0016820191117751372,0.9109224155199838,9.457807255462254e-06
156,2.3000000000000114,3.09,103.7599999999999,0.009947236398235493,0.4487501081221342,7.107000000000035,1847.8858999999957,17.80923188126443,0.0035169490518935044,0.9144393645718772,4.13485953565259e-05
52,1.7199999999999989,3.09,105.4799999999999,0.007438802871723892,0.45618891099385805,5.314799999999996,1853.2006999999958,17.5692140690178,0.002630066247502954,0.9170694308193802,2.312394792112379e-05
127,1.4800000000000182,3.09,106.95999999999992,0.00640083037799506,0.4625897413718531,4.573200000000056,1857.7738999999958,17.3688659311892,0.002263080259479315,0.9193325110788595,1.712097604327706e-05
120,0.9000000000000057,3.09,107.85999999999993,0.0038923968514834595,0.46648213822333656,2.7810000000000175,1860.5548999999958,17.24972093454475,0.0013761974550887644,0.9207087085339483,6.331259402417027e-06
53,1.5300000000000011,3.09,109.38999999999993,0.006617074647521844,0.47309921287085843,4.727700000000003,1865.2825999999957,17.05167382758933,0.0023395356736508866,0.9230482442075991,1.8297339672985002e-05
60,1.9200000000000017,3.09,111.30999999999993,0.008303779949831334,0.48140299282068977,5.932800000000005,1871.2153999999957,16.810847183541433,0.0029358879041893483,0.9259841321117884,2.8814265013666508e-05
71,1.4500000000000028,3.09,112.75999999999993,0.00627108381627888,0.48767407663696866,4.480500000000008,1875.6958999999958,16.634408478183726,0.002217207010976333,0.9282013391227648,1.643391715256998e-05
72,1.6500000000000057,3.09,114.40999999999994,0.007136060894386322,0.494810137531355,5.098500000000017,1880.794399999996,16.4390735075605,0.0025230286676627277,0.9307243677904276,2.1280066324790437e-05
70,1.539999999999992,2.74,115.94999999999993,0.006660323501427176,0.5014704610327821,4.2195999999999785,1885.0139999999958,16.257128072444992,0.0020880988067214974,0.932812466597149,2.0905238658876435e-05
56,1.4699999999999989,2.74,117.41999999999993,0.006357581524089605,0.5078280425568718,4.027799999999997,1889.0417999999959,16.087904956566145,0.001993185224597802,0.9348056518217468,1.9047955059017747e-05
86,1.7800000000000011,2.74,119.19999999999993,0.007698295995156131,0.5155263385520279,4.877200000000004,1893.9189999999958,15.888582214765075,0.0024135168025742125,0.937219168624321,2.79288911143468e-05
2,1.129999999999999,2.4,120.32999999999993,0.004887120491306975,0.5204134590433349,2.7119999999999975,1896.6309999999958,15.761913072384251,0.0013420523186626042,0.9385612209429836,1.2567508348696095e-05
81,0.950000000000017,2.4,121.27999999999994,0.004108641121010366,0.5245221001643453,2.2800000000000407,1898.9109999999957,15.657247691292849,0.001128274073211945,0.9396894950161955,8.882587739602674e-06
114,0.6500000000000057,2.4,121.92999999999995,0.002811175503849172,0.5273332756681944,1.5600000000000136,1900.4709999999957,15.586574263921893,0.0007719769974607975,0.9404614720136563,4.158330548456576e-06
42,3.039999999999992,2.4,124.96999999999994,0.013147651587232901,0.5404809272554273,7.295999999999981,1907.7669999999957,15.265799791950041,0.00361047703427815,0.9440719490479345,9.095769845352764e-05
23,1.2700000000000031,2.4,126.23999999999995,0.005492604445982194,0.5459735317014095,3.0480000000000076,1910.8149999999957,15.136367237008844,0.0015083242873464718,0.9455802733352809,1.5874488382498292e-05
69,1.5100000000000051,2.4,127.74999999999996,0.0065305769397111186,0.5525041086411207,3.624000000000012,1914.4389999999958,14.985823874755354,0.0017933619479473814,0.9473736352832284,2.24412058781911e-05
94,1.1500000000000057,2.4,128.89999999999998,0.0049736181991177466,0.5574777268402384,2.7600000000000136,1917.1989999999957,14.873537626066687,0.0013658054570460211,0.9487394407402744,1.3016312781855103e-05
55,1.5499999999999972,2.4,130.45,0.0067035723553325694,0.564181299195571,3.719999999999993,1920.9189999999958,14.72532771176693,0.0018408682247141898,0.9505803089649886,2.364589146193305e-05
10,0.6799999999999997,2.4,131.13,0.0029409220655652606,0.5671222212611363,1.6319999999999992,1922.5509999999958,14.661412338900297,0.0008076067050359038,0.9513879156700245,4.551034427470499e-06
139,1.200000000000017,2.4,132.33,0.005189862468644653,0.5723120837297809,2.8800000000000407,1925.430999999996,14.550222927529628,0.001425188303004557,0.952813103973029,1.4172771573437956e-05
159,1.740000000000009,2.06,134.07000000000002,0.00752530057953468,0.5798373843093156,3.5844000000000187,1929.015399999996,14.388121130752559,0.0017737656087810723,0.95458686958181,3.308015451980169e-05
66,1.4499999999999886,2.06,135.52,0.006271083816278818,0.5861084681255945,2.9869999999999766,1932.002399999996,14.25621605667057,0.001478138007317541,0.9560650075891276,2.2972329527639465e-05
124,0.4000000000000057,2.06,135.92000000000002,0.0017299541562148845,0.5878384222818094,0.8240000000000117,1932.826399999996,14.220323719835166,0.0004077622089151927,0.9564727697980427,1.7481915455041506e-06
123,1.3000000000000114,2.06,137.22000000000003,0.005622351007698344,0.5934607732895077,2.6780000000000235,1935.5043999999962,14.105118787348752,0.001325227178974369,0.9577979969770171,1.8465273199387385e-05
64,1.4500000000000028,2.06,138.67000000000002,0.00627108381627888,0.5997318571057866,2.987000000000006,1938.4913999999962,13.979169250739137,0.0014781380073175554,0.9592761349843346,2.2972329527639913e-05
80,1.3499999999999943,2.06,140.02,0.005838595277225128,0.6055704523830117,2.780999999999988,1941.2723999999962,13.864250821311213,0.00137619745508875,0.9606523324394234,1.991299432300748e-05
40,0.75,2.06,140.77,0.003243664042902862,0.6088141164259145,1.545,1942.8173999999963,13.801359664701259,0.0007645541417159754,0.9614168865811393,6.145985902162854e-06
84,1.4699999999999989,2.06,142.24,0.006357581524089605,0.6151716979500041,3.028199999999998,1945.8455999999962,13.680016872890862,0.0014985261177633108,0.9629154126989027,2.3610419441748785e-05
163,1.4399999999999977,2.06,143.68,0.006227834962373485,0.6213995329123776,2.9663999999999953,1948.8119999999963,13.56355790645877,0.0014679439520946704,0.9643833566509974,2.2656562429733077e-05
45,1.5,2.06,145.18,0.006487328085805724,0.6278868609981834,3.09,1951.9019999999962,13.444703127152474,0.0015291082834319508,0.9659124649344294,2.4583943608651416e-05
50,0.4399999999999977,2.06,145.62,0.001902949571836336,0.6297898105700197,0.9063999999999953,1952.8083999999963,13.4103035297349,0.0004485384298067033,0.9663610033642361,2.1153117700599403e-06
132,3.0500000000000114,1.71,148.67000000000002,0.013190900441138355,0.6429807110111581,5.215500000000019,1958.0238999999963,13.170269052263375,0.0025809269424722876,0.9689419303067084,0.00011257153764239628
83,1.5500000000000114,1.71,150.22000000000003,0.006703572355332631,0.6496842833664906,2.650500000000019,1960.6743999999962,13.05201970443347,0.0013116186101088721,0.9702535489168173,2.907316519063252e-05
112,1.4199999999999875,1.71,151.64000000000001,0.006141337254562698,0.6558256206210533,2.4281999999999786,1963.1025999999963,12.945809812714298,0.0012016118879706894,0.971455160804788,2.4400886697352556e-05
161,2.0800000000000125,1.71,153.72000000000003,0.008995761612317325,0.6648213822333706,3.5568000000000213,1966.6593999999964,12.793776997137627,0.0017601075542106135,0.9732152683589986,5.2354689648596125e-05
79,1.3899999999999864,1.71,155.11,0.006011590692846579,0.6708329729262172,2.3768999999999765,1969.0362999999963,12.694451034749507,0.0011762257213234202,0.974391494080322,2.338075440783316e-05
14,1.1000000000000014,1.71,156.21,0.004757373929590871,0.6755903468558081,1.8810000000000024,1970.9172999999964,12.617100697778607,0.0009308261103998393,0.9753223201907218,1.4642468212555639e-05
85,1.4000000000000057,1.71,157.61,0.0060548395467520345,0.6816451864025601,2.3940000000000095,1973.3112999999964,12.520216356830126,0.001184687776872526,0.9765070079675944,2.3718378261660505e-05
15,1.1000000000000014,1.71,158.71,0.004757373929590871,0.686402560332151,1.8810000000000024,1975.1922999999965,12.445292042089322,0.0009308261103998393,0.9774378340779942,1.4642468212555639e-05
133,1.549999999999983,1.37,160.26,0.006703572355332509,0.6931061326874834,2.123499999999977,1977.3157999999964,12.33817421689752,0.0010508289449410071,0.9784886630229352,3.195350806372453e-05
136,1.240000000000009,1.37,161.5,0.005362857884266105,0.6984689905717496,1.6988000000000125,1979.0145999999966,12.253960371517007,0.0008406631559528211,0.979329326178888,2.0450245160784454e-05
8,1.5300000000000011,1.37,163.03,0.006617074647521844,0.7050860652192714,2.0961000000000016,1981.1106999999965,12.15181684352571,0.0010372698617804902,0.9803665960406686,3.1134221446982114e-05
9,1.620000000000001,1.37,164.65,0.007006314332670187,0.7120923795519416,2.2194000000000016,1983.3300999999965,12.045733981172162,0.001098285736002872,0.9814648817766715,3.4904801899038765e-05
126,1.3700000000000045,1.37,166.02,0.005925092985035915,0.7180174725369776,1.8769000000000065,1985.2069999999965,11.957637634019976,0.0009287971964962584,0.9823936789731678,2.4962971606579107e-05
115,0.8000000000000114,1.37,166.82000000000002,0.003459908312429769,0.7214773808494074,1.0960000000000156,1986.3029999999965,11.9068636854094,0.0005423633264211786,0.982936042299589,8.512068745383866e-06
113,0.6999999999999886,1.37,167.52,0.0030274197733759557,0.7245048006227833,0.9589999999999845,1987.2619999999965,11.86283428844315,0.0004745679106185169,0.9834106102102075,6.517052633184125e-06
111,2.469999999999999,1.37,169.99,0.010682466914626754,0.73518726753741,3.383899999999999,1990.6458999999966,11.710370610035863,0.0016745467703253648,0.9850851569805329,8.114262532611077e-05
110,0.4000000000000057,1.37,170.39000000000001,0.0017299541562148845,0.736917221693625,0.5480000000000078,1991.1938999999966,11.686096015024335,0.0002711816632105893,0.9853563386437435,2.1280171863459665e-06
160,1.9099999999999966,1.37,172.3,0.00826053109592594,0.7451777527895509,2.6166999999999954,1993.8105999999966,11.571738827626213,0.0012948924418305433,0.9866512310855741,4.852012185942794e-05
97,1.5100000000000193,1.37,173.81000000000003,0.006530576939711179,0.751708329729262,2.068700000000027,1995.8792999999966,11.483109717507602,0.0010237107786199733,0.987674941864194,3.03255749161714e-05
96,1.4899999999999807,1.37,175.3,0.006444079231900269,0.7581524089611623,2.0412999999999735,1997.9205999999965,11.397151169423823,0.0010101516954594176,0.9886850935596534,2.9527568471290142e-05
62,1.2399999999999949,1.37,176.54000000000002,0.005362857884266044,0.7635152668454284,1.6987999999999932,1999.6193999999964,11.326721422906969,0.0008406631559528116,0.9895257567156062,2.045024516078399e-05
155,0.7599999999999909,1.03,177.3,0.0032869128968081945,0.7668021797422365,0.7827999999999906,2000.4021999999964,11.282584320360948,0.00038737409846942295,0.9899131308140756,8.407325243071845e-06
7,1.1699999999999982,1.03,178.47,0.005060115906928457,0.771862295649165,1.205099999999998,2001.6072999999963,11.21537121084774,0.0005963522305384599,0.9905094830446141,1.9925186158658746e-05
63,1.7000000000000028,1.03,180.17000000000002,0.007352305163913167,0.7792146008130781,1.751000000000003,2003.3582999999962,11.11926680357438,0.0008664946939447737,0.9913759777385588,4.2065737452351624e-05
44,2.1700000000000017,1.03,182.34000000000003,0.009385001297465622,0.7885996021105438,2.235100000000002,2005.5933999999963,10.999196007458572,0.0011060549916824453,0.9924820327302413,6.854095193404089e-05
165,1.5,1.03,183.84000000000003,0.006487328085805724,0.7950869301963496,1.545,2007.1383999999964,10.917854656222781,0.0007645541417159754,0.9932465868719572,3.275014161515254e-05
164,0.9200000000000159,0.69,184.76000000000005,0.0039788945592942465,0.7990658247556438,0.6348000000000109,2007.7731999999965,10.866925741502468,0.0003141352551205887,0.9935607221270778,1.3430460757527394e-05
13,0.259999999999998,0.69,185.02000000000004,0.0011244702015396502,0.8001902949571834,0.17939999999999862,2007.9525999999964,10.852624581126344,8.877735470799026e-05,0.9936494994817858,1.0726596729782686e-06
138,1.0999999999999943,0.69,186.12000000000003,0.00475737392959084,0.8049476688867743,0.758999999999996,2008.7115999999965,10.792561788093682,0.000375596500687652,0.9940250959824735,1.9199973436445437e-05
134,1.5,0.69,187.62000000000003,0.006487328085805724,0.81143499697258,1.035,2009.7465999999965,10.711792985822386,0.0005121770463922553,0.9945372730288657,3.570242994380386e-05
41,1.3500000000000085,0.69,188.97000000000003,0.005838595277225189,0.8172735922498052,0.9315000000000058,2010.6780999999964,10.640197385828419,0.0004609593417530327,0.9949982323706188,2.8918968254481496e-05
109,0.30000000000001137,0.69,189.27000000000004,0.0012974656171611941,0.8185710578669664,0.20700000000000782,2010.8850999999966,10.624425952343193,0.00010243540927845495,0.9951006677798973,1.428097197752263e-06
43,1.6800000000000068,0.69,190.95000000000005,0.007265807456102441,0.8258368653230688,1.1592000000000047,2012.0442999999966,10.537021733438053,0.0005736382919593284,0.9956743060718566,4.4785128121507936e-05
178,1.349999999999966,0.69,192.3,0.0058385952772250045,0.8316754606002937,0.9314999999999763,2012.9757999999965,10.46789287571501,0.0004609593417530182,0.9961352654136096,2.891896825447967e-05
170,1.950000000000017,0.34,194.25000000000003,0.008433526511547516,0.8401089871118412,0.6630000000000058,2013.6387999999965,10.36622290862289,0.00032809022392083897,0.9964633556375305,6.569809741277532e-05
167,2.0200000000000102,0.34,196.27000000000004,0.008736268488885087,0.8488452556007263,0.6868000000000035,2014.3255999999965,10.263033576196037,0.00033986782170261143,0.9968032234592331,7.049954416386232e-05
135,3.0500000000000114,0.34,199.32000000000005,0.013190900441138355,0.8620361560418647,1.037000000000004,2015.3625999999965,10.111191049568513,0.000513166760491566,0.9973163902197246,0.00016072493127740597
176,2.1399999999999864,0.17,201.46000000000004,0.009255254735749441,0.8712914107776141,0.3637999999999977,2015.7263999999966,10.005591184354195,0.00018002899466425248,0.9974964192143889,8.23597222516552e-05
179,1.5500000000000114,0.17,203.01000000000005,0.006703572355332631,0.8779949831329467,0.26350000000000195,2015.9898999999966,9.930495542091503,0.000130394832583923,0.9976268140469728,4.3206662745568846e-05
173,0.17999999999994998,0.17,203.19,0.0007784793702964706,0.8787734625032432,0.0305999999999915,2016.0204999999967,9.921849008317322,1.5142625719418997e-05,0.9976419566726923,5.826829856214909e-07
175,1.3199999999999932,0.17,204.51,0.005708848715509008,0.8844823112187522,0.22439999999999885,2016.2448999999967,9.85890616595764,0.00011104592194243626,0.9977530025946347,3.133539611566171e-05
174,1.4700000000000273,0.17,205.98000000000002,0.006357581524089728,0.8908398927428419,0.24990000000000465,2016.4947999999968,9.78976017089036,0.00012366477670862512,0.9978766673713434,3.886171801327859e-05
172,0.8100000000000023,0.17,206.79000000000002,0.0035031571663351013,0.894343049909177,0.1377000000000004,2016.6324999999968,9.752079404226492,6.814181573740461e-05,0.9979448091870808,1.1799330458841814e-05
171,0.36000000000001364,0.17,207.15000000000003,0.001556958740593433,0.8959000086497705,0.06120000000000232,2016.6936999999969,9.735426985276353,3.0285251438847555e-05,0.9979750944385197,2.3307319424874357e-06
169,1.6299999999999955,0.17,208.78000000000003,0.0070495631865755345,0.902949571836346,0.27709999999999924,2016.9707999999969,9.660747198007456,0.00013712488845922085,0.9981122193269789,4.778180322526515e-05
168,1.4799999999999898,0.17,210.26000000000002,0.006400830377994937,0.909350402214341,0.25159999999999827,2017.222399999997,9.593942737563001,0.00012450603369303437,0.998236725360672,3.9392247274876714e-05
177,0.26000000000004775,0.17,210.52000000000007,0.0011244702015398653,0.9104748724158809,0.04420000000000812,2017.266599999997,9.582303819114555,2.1872681594726423e-05,0.9982585980422667,1.2157212909891714e-06
99,1.509999999999991,0.17,212.03000000000006,0.006530576939711057,0.9170054493555919,0.2566999999999985,2017.5232999999969,9.515272838749217,0.00012702980464627167,0.998385627846913,4.100541591099641e-05
166,2.1999999999999886,0.17,214.23000000000005,0.00951474785918168,0.9265201972147736,0.3739999999999981,2017.897299999997,9.419303085468872,0.00018507653657072711,0.9985707043834837,8.704276698794921e-05
121,1.25,0.17,215.48000000000005,0.005406106738171437,0.9319263039529451,0.21250000000000002,2018.109799999997,9.365647855949492,0.00010515712305155004,0.9986758615065353,2.8100066822039677e-05
108,1.539999999999992,0.17,217.02000000000004,0.006660323501427176,0.9385866274543723,0.26179999999999864,2018.371599999997,9.300394433692732,0.00012955357559950894,0.9988054150821348,4.265095582409511e-05
107,1.490000000000009,0.17,218.51000000000005,0.006444079231900392,0.9450307066862726,0.2533000000000016,2018.624899999997,9.238135096791893,0.0001253472906774484,0.9989307623728123,3.9926373345031076e-05
106,1.4399999999999977,0.17,219.95000000000005,0.006227834962373485,0.9512585416486461,0.24479999999999963,2018.869699999997,9.178766537849496,0.00012114100575538544,0.9990519033785676,3.729171107979603e-05
105,1.6200000000000045,0.17,221.57000000000005,0.007006314332670203,0.9582648559813163,0.2754000000000008,2019.145099999997,9.112899309473288,0.00013628363147480922,0.9991881870100424,4.719732183536726e-05
104,1.460000000000008,0.17,223.03000000000006,0.006314332670184273,0.9645791886515005,0.24820000000000136,2019.393299999997,9.054357261354959,0.0001228235197242111,0.9993110105297667,3.833478556023067e-05
103,1.539999999999992,0.17,224.57000000000005,0.006660323501427176,0.9712395121529277,0.26179999999999864,2019.655099999997,8.99343233735582,0.00012955357559950894,0.9994405641053662,4.265095582409511e-05
102,0.6999999999999886,0.17,225.27000000000004,0.0030274197733759557,0.9742669319263036,0.11899999999999808,2019.774099999997,8.966014560305396,5.888798890886706e-05,0.999499452094275,8.812180955391355e-06
101,0.8100000000000023,0.17,226.08000000000004,0.0035031571663351013,0.9777700890926387,0.1377000000000004,2019.911799999997,8.934500176928506,6.814181573740461e-05,0.9995675939100125,1.1799330458841814e-05
100,1.5400000000000205,0.17,227.62000000000006,0.006660323501427299,0.984430412594066,0.2618000000000035,2020.173599999997,8.875202530533329,0.00012955357559951136,0.999697147485612,4.265095582409668e-05
98,1.539999999999992,0.17,229.16000000000005,0.006660323501427176,0.9910907360954933,0.26179999999999864,2020.435399999997,8.81670186769068,0.00012955357559950894,0.9998267010612115,4.265095582409511e-05
12,1.259999999999998,0.17,230.42000000000004,0.0054493555920768,0.9965400916875701,0.21419999999999967,2020.6495999999968,8.76941932123946,0.00010599838003596226,0.9999326994412475,2.8551466295468836e-05
180,0.8000000000000114,0.17,231.22000000000006,0.003459908312429769,0.9999999999999999,0.13600000000000195,2020.7855999999967,8.739666118847834,6.730055875299298e-05,1.0000000000000004,1.150978737030778e-05
