,weight,grade,cml_weight,weight_pct,cml_weight_pct,yield,cml_yield,cml_grade,recovery,cml_recovery,distributional_heterogeneity
99,1.0,102.0,1.0,0.002302767927048312,0.002302767927048312,102.0,102.0,102.0,0.035739751538648896,0.035739751538648896,0.0011180318730424459
8,1.0,99.0,2.0,0.002302767927048312,0.004605535854096624,99.0,201.0,100.5,0.034688582375747457,0.07042833391439635,0.00104884097750557
75,2.1599999999999966,79.0,4.159999999999997,0.0049739787224243465,0.00957951457652097,170.63999999999973,371.63999999999976,89.33653846153848,0.0597905019858337,0.13021883590023003,0.0030048512226878987
1,1.83,77.1,5.989999999999997,0.004214065306498411,0.013793579883019382,141.093,512.7329999999997,85.59816360601002,0.04943753690041753,0.17965637280064756,0.0020451623830060094
41,0.6299999999999955,75.2,6.619999999999992,0.001450743794040426,0.015244323677059808,47.37599999999966,560.1089999999994,84.60861027190333,0.01660006342053939,0.19625643622118694,0.0002295018851458267
92,0.8599999999999852,74.3,7.479999999999977,0.0019803804172615143,0.017224704094321322,63.8979999999989,624.0069999999982,83.42339572192515,0.022389202390358312,0.21864563861154523,0.0004165200143295587
44,1.0,66.2,8.479999999999977,0.002302767927048312,0.019527472021369632,66.2,690.2069999999983,81.39233490566039,0.023195799528025068,0.2418414381395703,0.0004365187694794133
43,1.0300000000000011,58.6,9.509999999999978,0.002371850964859764,0.021899322986229396,60.35800000000007,750.5649999999983,78.92376445846477,0.021148822778135023,0.26299026091770533,0.00035257467047653354
97,1.9499999999999886,46.3,11.459999999999967,0.004490397457744182,0.02638972044397358,90.28499999999947,840.8499999999979,73.37260034904017,0.031634935957518595,0.2946251968752239,0.0007368259703657352
3,1.0,40.0,12.459999999999967,0.002302767927048312,0.02869248837102189,40.0,880.8499999999979,70.69422150882826,0.01401558883868584,0.3086407857139098,0.0001371901737080934
39,2.4099999999999966,36.1,14.869999999999964,0.005549670704186424,0.03424215907520831,87.00099999999988,967.8509999999977,65.08749159381306,0.03048425611386263,0.3391250418277724,0.0006217335495524375
122,2.6399999999999864,26.8,17.50999999999995,0.0060793073274075125,0.04032146640261582,70.75199999999964,1038.6029999999973,59.31484865790979,0.024790773537867388,0.3639158153656398,0.00035011896774518164
52,2.0999999999999943,24.5,19.609999999999943,0.004835812646801442,0.045157279049417264,51.44999999999986,1090.0529999999972,55.58658847526774,0.018027551143759615,0.3819433665093994,0.00017402196457212829
40,0.8400000000000034,24.4,20.449999999999946,0.00193432505872059,0.047091604108137855,20.49600000000008,1110.5489999999972,54.30557457212715,0.007181587720942653,0.38912495423034205,2.753376544634978e-05
91,1.8000000000000114,23.0,22.249999999999957,0.004144982268686988,0.05123658637682484,41.40000000000026,1151.9489999999976,51.77298876404493,0.014506134448039937,0.403631088678382,0.00010735347448371037
77,2.0,22.1,24.249999999999957,0.004605535854096624,0.05584212223092147,44.2,1196.1489999999976,49.32573195876287,0.015487225666747855,0.41911831434512986,0.00011841117317875759
9,1.879999999999999,21.0,26.129999999999956,0.004329203702850825,0.06017132593377229,39.479999999999976,1235.6289999999976,47.28775353999234,0.013833386183782917,0.4329517005289128,9.032948463085652e-05
121,2.6000000000000227,20.4,28.72999999999998,0.0059871966103256635,0.06615852254409796,53.04000000000046,1288.668999999998,44.85447267664459,0.018584670800097586,0.45153637132901037,0.00015869635596196975
98,0.9000000000000057,18.2,29.629999999999985,0.002072491134343494,0.06823101367844145,16.380000000000102,1305.0489999999982,44.04485318933509,0.005739383629441887,0.45727575495845224,1.3446100570608925e-05
7,1.6700000000000017,16.7,31.299999999999986,0.003845622438170685,0.07207663611661214,27.889000000000028,1332.9379999999983,42.585878594249166,0.009772018928052744,0.467047773886505,3.51221753552864e-05
107,3.0,16.5,34.29999999999998,0.006908303781144936,0.07898493989775707,49.5,1382.4379999999983,40.30431486880463,0.017344291187873728,0.4843920650743787,0.00010890983315340195
123,0.8600000000000136,15.7,35.16,0.00198038041726158,0.08096532031501864,13.502000000000214,1395.9399999999985,39.70250284414103,0.0047309620124984806,0.4891230270868772,7.565699112055975e-06
100,2.0,14.5,37.16,0.004605535854096624,0.08557085616911526,29.0,1424.9399999999985,38.34607104413344,0.010161301908047234,0.4992843289949245,3.086653644622994e-05
81,3.0,14.3,40.16,0.006908303781144936,0.0924791599502602,42.900000000000006,1467.8399999999986,36.54980079681272,0.015031719029490567,0.514316048024415,6.598987529705427e-05
102,1.75,13.8,41.91,0.004029843872334547,0.09650900382259474,24.150000000000002,1491.9899999999986,35.59985683607728,0.008461911761356578,0.5227779597857716,1.9643225772900197e-05
68,3.0,13.5,44.91,0.006908303781144936,0.10341730760373967,40.5,1532.4899999999986,34.12358049432195,0.014190783699169414,0.536968743484941,5.30345137564298e-05
103,1.8499999999999943,12.8,46.75999999999999,0.004260120665039364,0.10767742826877903,23.67999999999993,1556.1699999999985,33.279940119760454,0.008297228592501992,0.545265972077443,1.62982404179816e-05
89,2.0,12.0,48.75999999999999,0.004605535854096624,0.11228296412287565,24.0,1580.1699999999985,32.40709598031171,0.008409353303211504,0.5536753253806544,1.4469027186190834e-05
173,1.5900000000000318,11.7,50.35000000000002,0.0036614010040068898,0.11594436512688254,18.60300000000037,1598.7729999999988,31.753187686196586,0.006518299979151948,0.5601936253598064,8.161871754184881e-06
67,3.0,11.1,53.35000000000002,0.006908303781144936,0.12285266890802747,33.3,1632.0729999999987,30.59180880974692,0.011667977708205962,0.5718616030680124,2.265449589194453e-05
0,1.7599999999999998,10.9,55.11000000000002,0.004052871551605029,0.1269055404596325,19.183999999999997,1651.2569999999987,29.962928688078353,0.006721876407033729,0.5785834794750461,7.123586918301977e-06
154,2.3100000000000023,10.9,57.42000000000002,0.005319393911481606,0.13222493437111413,25.179000000000027,1676.4359999999988,29.19602925809819,0.00882246278423178,0.5874059422592779,1.2271491527231165e-05
93,1.3400000000000034,10.7,58.760000000000026,0.0030857090222447463,0.13531064339335888,14.338000000000035,1690.7739999999988,28.774234172906706,0.005023887819226952,0.5924298300785048,3.7565370490713917e-06
2,2.5700000000000003,10.4,61.33000000000003,0.005918113572514163,0.14122875696587303,26.728000000000005,1717.5019999999988,28.004271971302757,0.00936521646200988,0.6017950465405146,1.1882518330769725e-05
53,2.9000000000000057,10.2,64.23000000000003,0.006678026988440118,0.14790678395431314,29.580000000000055,1747.081999999999,27.20040479526698,0.010364527946208199,0.6121595744867229,1.3590289311624977e-05
90,2.0,10.1,66.23000000000003,0.004605535854096624,0.15251231980840976,20.2,1767.281999999999,26.684010267250464,0.007077872363536349,0.6192374468502592,6.112447815908605e-06
110,1.1199999999999477,9.3,67.34999999999998,0.0025791000782939893,0.15509141988670375,10.415999999999514,1777.6979999999985,26.39492204899776,0.0036496593335936228,0.6228871061838528,1.1460971191077065e-06
147,3.0,9.1,70.34999999999998,0.006908303781144936,0.16199972366784868,27.299999999999997,1804.9979999999985,25.657398720682288,0.009565639382403086,0.6324527455662559,7.061432497714013e-06
106,3.0,9.1,73.34999999999998,0.006908303781144936,0.1689080274489936,27.299999999999997,1832.2979999999984,24.98020449897749,0.009565639382403086,0.6420183849486589,7.061432497714013e-06
63,3.0,9.0,76.34999999999998,0.006908303781144936,0.17581633123013854,27.0,1859.2979999999984,24.352298624754408,0.009460522466112942,0.6514789074147719,6.5138202158998196e-06
104,2.4000000000000057,8.9,78.74999999999999,0.005526643024915962,0.1813429742550545,21.360000000000053,1880.6579999999985,23.881371428571413,0.007484324439858258,0.6589632318546301,3.832516522410466e-06
70,3.0,8.7,81.74999999999999,0.006908303781144936,0.18825127803619943,26.099999999999998,1906.7579999999984,23.32425688073393,0.00914517171724251,0.6681084035718726,5.003578163541421e-06
65,2.0,8.6,83.74999999999999,0.004605535854096624,0.19285681389029605,17.2,1923.9579999999985,22.972632835820882,0.006026703200634911,0.6741351067725075,2.019716626866676e-06
12,3.0,8.5,86.74999999999999,0.006908303781144936,0.19976511767144098,25.5,1949.4579999999985,22.472138328530246,0.008934937884662224,0.6830700446571698,4.107245789539319e-06
119,1.0400000000000205,8.4,87.79,0.0023948786441302917,0.20215999631557127,8.736000000000173,1958.1939999999986,22.30543342066293,0.0030610046023690483,0.6861310492595388,4.4372379223950137e-07
38,2.3700000000000045,8.3,90.16000000000001,0.00545755998710451,0.20761755630267578,19.67100000000004,1977.8649999999986,21.937278172138402,0.006892516201144743,0.6930235654606836,2.0590993362126794e-06
101,2.0999999999999943,8.1,92.26,0.004835812646801442,0.21245336894947722,17.009999999999952,1994.8749999999986,21.62231736397137,0.005960129153651137,0.6989836946143347,1.2640876075747006e-06
69,3.0,8.0,95.26,0.006908303781144936,0.21936167273062215,24.0,2018.8749999999986,21.193313038001243,0.008409353303211504,0.7073930479175462,2.253149667696273e-06
61,2.0,7.8,97.26,0.004605535854096624,0.22396720858471877,15.6,2034.4749999999985,20.91790047295906,0.005466079647087478,0.7128591275646337,7.405356196550853e-07
84,2.0,7.0,99.26,0.004605535854096624,0.2285727444388154,14.0,2048.4749999999985,20.637467257707016,0.0049054560935400445,0.7177645836581737,8.995215002779852e-08
82,3.0,6.9,102.26,0.006908303781144936,0.23548104821996033,20.700000000000003,2069.1749999999984,20.234451398396228,0.0072530672240199235,0.7250176508821937,1.1886183154301436e-07
86,3.0,6.8,105.26,0.006908303781144936,0.24238935200110526,20.4,2089.5749999999985,19.85155804674139,0.007147950307729778,0.7321656011899235,5.7430457704179645e-08
42,0.7199999999999989,6.8,105.98,0.001657992907474782,0.24404734490858004,4.895999999999992,2094.4709999999986,19.762889224381944,0.0017155080738551441,0.7338811092637786,3.3079943637607376e-09
163,3.0,6.5,108.98,0.006908303781144936,0.250955648689725,19.5,2113.9709999999986,19.397788585061466,0.006832599558859348,0.740713708822638,5.7311292718658205e-09
167,3.0,6.2,111.98,0.006908303781144936,0.2578639524708699,18.6,2132.5709999999985,19.04421325236648,0.006517248809988917,0.7472309576326269,1.5292399046583555e-07
49,2.0,6.2,113.98,0.004605535854096624,0.2624694883249665,12.4,2144.9709999999986,18.818836638006655,0.004344832539992611,0.7515757901726196,6.79662179848158e-08
172,1.1299999999999955,6.2,115.11,0.0026021277575645823,0.2650716160825311,7.005999999999972,2151.9769999999985,18.694961341325676,0.0024548303850958153,0.7540306205577154,2.169651593620265e-08
171,2.0,6.2,117.11,0.004605535854096624,0.2696771519366277,12.4,2164.3769999999986,18.481572880198094,0.004344832539992611,0.758375453097708,6.79662179848158e-08
4,3.0,6.0,120.11,0.006908303781144936,0.27658545571777265,18.0,2182.3769999999986,18.16981933227873,0.0063070149774086285,0.7646824680751166,3.615482254986399e-07
125,1.1000000000000227,6.0,121.21000000000002,0.0025330447197531958,0.27911850043752584,6.600000000000136,2188.976999999999,18.059376289085048,0.0023125721583832116,0.7669950402334998,4.860815031704138e-08
166,3.0,5.8,124.21000000000002,0.006908303781144936,0.28602680421867077,17.4,2206.376999999999,17.76327992915223,0.00609678114482834,0.7730918213783282,6.585689892542372e-07
76,2.5900000000000034,5.8,126.80000000000003,0.005964168931055136,0.2919909731497259,15.02200000000002,2221.398999999999,17.51891955835961,0.005263554388368475,0.7783553757666967,4.908607374240401e-07
124,2.5,5.8,129.3,0.00575691981762078,0.29774789296734666,14.5,2235.898999999999,17.29233565351894,0.005080650954023617,0.7834360267207203,4.573395758709981e-07
120,0.9599999999999795,5.7,130.26,0.0022106572099663325,0.299958550177313,5.471999999999883,2241.3709999999987,17.20690158145247,0.001917332553132182,0.7853533592738525,8.603935430687198e-08
79,3.0500000000000114,5.4,133.31,0.007023442177497378,0.3069819923548104,16.470000000000063,2257.840999999999,16.936771435001116,0.005770918704328917,0.7911242779781814,1.5688150508379842e-06
80,2.789999999999992,5.3,136.1,0.006424722516464773,0.31340671487127514,14.786999999999958,2272.627999999999,16.698221895664943,0.005181212803941173,0.7963054907821225,1.5463164051405236e-06
6,1.9800000000000004,4.9,138.07999999999998,0.004559480495555659,0.3179661953668308,9.702000000000004,2282.329999999999,16.529041135573575,0.003399481072823252,0.7997049718549458,1.3455986607395177e-06
169,3.0,4.9,141.07999999999998,0.006908303781144936,0.3248744991479757,14.700000000000001,2297.029999999999,16.281755032605606,0.005150728898217047,0.8048557007531628,3.0890694690989837e-06
165,6.0,4.8,147.07999999999998,0.013816607562289872,0.3386911067102656,28.799999999999997,2325.829999999999,15.81336687516997,0.010091223963853804,0.8149469247170166,1.387848295549646e-05
113,3.0,4.7,150.07999999999998,0.006908303781144936,0.3455994104914105,14.100000000000001,2339.929999999999,15.591218017057564,0.0049404950656367595,0.8198874197826533,3.872271140829942e-06
85,2.5,4.7,152.57999999999998,0.00575691981762078,0.3513563303090313,11.75,2351.679999999999,15.412767073010874,0.004117079221363965,0.8240044990040173,2.6890771811319037e-06
83,2.5,4.7,155.07999999999998,0.00575691981762078,0.35711325012665207,11.75,2363.429999999999,15.240069641475362,0.004117079221363965,0.8281215782253812,2.6890771811319037e-06
71,3.0,4.5,158.07999999999998,0.006908303781144936,0.364021553907797,13.5,2376.929999999999,15.036247469635622,0.004730261233056471,0.8328518394584377,4.743869341283693e-06
72,2.0,4.2,160.07999999999998,0.004605535854096624,0.3686270897618936,8.4,2385.329999999999,14.900862068965512,0.002943273656124027,0.8357951131145617,2.7631156148086903e-06
78,1.1599999999999966,4.2,161.23999999999998,0.0026712107953760344,0.37129830055726964,4.871999999999986,2390.201999999999,14.823877449764321,0.0017070987205519304,0.8375022118351136,9.295120928216378e-07
126,2.8999999999999773,4.2,164.13999999999996,0.006678026988440053,0.3779763275457097,12.179999999999906,2402.3819999999987,14.636176434750817,0.004267746801379806,0.8417699586364934,5.8094505801351804e-06
118,1.8999999999999773,4.2,166.03999999999994,0.004375259061391741,0.38235158660710145,7.9799999999999045,2410.3619999999987,14.516754998795468,0.002796109973317792,0.8445660686098112,2.4937118423647835e-06
55,3.0,3.9,169.03999999999994,0.006908303781144936,0.3892598903882464,11.7,2422.0619999999985,14.328336488405109,0.004099559735315608,0.8486656283451268,7.8890431149817e-06
170,3.0,3.9,172.03999999999994,0.006908303781144936,0.3961681941693913,11.7,2433.7619999999984,14.146489188560796,0.004099559735315608,0.8527651880804424,7.8890431149817e-06
46,3.0,3.7,175.03999999999994,0.006908303781144936,0.40307649795053624,11.100000000000001,2444.8619999999983,13.967447440585005,0.0038893259027353213,0.8566545139831777,9.11422743032662e-06
13,3.0,3.7,178.03999999999994,0.006908303781144936,0.40998480173168117,11.100000000000001,2455.961999999998,13.794439451808577,0.0038893259027353213,0.860543839885913,9.11422743032662e-06
21,3.0,3.5,181.03999999999994,0.006908303781144936,0.4168931055128261,10.5,2466.461999999998,13.623851082633667,0.0036790920701550334,0.864222931956068,1.0427808274394335e-05
73,2.0,3.5,183.03999999999994,0.004605535854096624,0.4214986413669227,7.0,2473.461999999998,13.513232080419575,0.0024527280467700223,0.866675660002838,4.634581455286371e-06
64,3.0,3.4,186.03999999999994,0.006908303781144936,0.42840694514806765,10.2,2483.661999999998,13.350150505267678,0.003573975153864889,0.870249635156703,1.111774739469924e-05
5,2.9999999999999982,3.4,189.03999999999994,0.006908303781144932,0.4353152489292126,10.199999999999994,2493.861999999998,13.192245027507399,0.0035739751538648875,0.8738236103105679,1.1117747394699227e-05
96,1.0500000000000114,3.3,190.08999999999995,0.0024179063234007537,0.43773315525261336,3.465000000000037,2497.326999999998,13.137603240570249,0.001214100383151174,0.875037710693719,1.4491487417801744e-06
11,0.9699999999999989,3.3,191.05999999999995,0.00223368488923686,0.4399668401418502,3.200999999999996,2500.527999999998,13.087658327227043,0.001121597496815833,0.8761593081905349,1.2367383683817993e-06
45,3.0,3.1,194.05999999999995,0.006908303781144936,0.44687514392299515,9.3,2509.827999999998,12.933257755333397,0.0032586244049944584,0.8794179325955294,1.332015954869814e-05
51,1.0,2.9,195.05999999999995,0.002302767927048312,0.44917791185004347,2.9,2512.7279999999982,12.88182097816056,0.0010161301908047234,0.8804340627863341,1.6554366643260262e-06
148,3.0,2.9,198.05999999999995,0.006908303781144936,0.4560862156311884,8.7,2521.427999999998,12.730627082702204,0.00304839057241417,0.8834824533587482,1.4898929978934236e-05
66,3.0,2.9,201.05999999999995,0.006908303781144936,0.4629945194123333,8.7,2530.127999999998,12.583945091017599,0.00304839057241417,0.8865308439311623,1.4898929978934236e-05
174,2.2799999999999727,2.8,203.33999999999992,0.005250310873670089,0.4682448302860034,6.383999999999923,2536.511999999998,12.474240188846261,0.002236887978654233,0.8887677319098165,9.080717544205739e-06
108,3.0,2.8,206.33999999999992,0.006908303781144936,0.4751531340671483,8.399999999999999,2544.911999999998,12.333585344576907,0.002943273656124026,0.8917110055659405,1.572146389232333e-05
105,3.0,2.8,209.33999999999992,0.006908303781144936,0.48206143784829325,8.399999999999999,2553.311999999998,12.196961880194895,0.002943273656124026,0.8946542792220645,1.572146389232333e-05
48,2.0,2.7,211.33999999999992,0.004605535854096624,0.48666697370238987,5.4,2558.711999999998,12.107088104476196,0.0018921044932225886,0.8965463837152872,7.362709750174719e-06
50,3.0,2.6,214.33999999999992,0.006908303781144936,0.4935752774835348,7.800000000000001,2566.5119999999984,11.974022580946157,0.0027330398235437393,0.899279423538831,1.743282911564361e-05
94,2.0,2.5,216.33999999999992,0.004605535854096624,0.4981808133376314,5.0,2571.5119999999984,11.886438014236846,0.00175194860483573,0.9010313721436667,8.142960189144355e-06
109,1.660000000000025,2.5,217.99999999999994,0.003822594758900256,0.5020034080965317,4.1500000000000625,2575.6619999999984,11.81496330275229,0.001454117342013678,0.9024854894856804,5.609685274301714e-06
114,3.0,2.5,220.99999999999994,0.006908303781144936,0.5089117118776766,7.5,2583.1619999999984,11.688515837104068,0.002627922907253595,0.905113412392934,1.83216604255748e-05
146,2.0,2.1,222.99999999999994,0.004605535854096624,0.5135172477317732,4.2,2587.3619999999983,11.602520179372192,0.0014716368280620134,0.906585049220996,9.82132310538068e-06
149,3.0,2.1,225.99999999999994,0.006908303781144936,0.5204255515129181,6.300000000000001,2593.6619999999984,11.476380530973447,0.00220745524209302,0.908792504463089,2.209797698710653e-05
74,1.25,2.1,227.24999999999994,0.00287845990881039,0.5233040114217286,2.625,2596.2869999999984,11.424805280528048,0.0009197730175387583,0.9097122774806278,3.836454338039328e-06
168,4.0,2.1,231.24999999999994,0.009211071708193248,0.5325150831299218,8.4,2604.6869999999985,11.263511351351347,0.002943273656124027,0.9126555511367518,3.928529242152272e-05
10,1.6000000000000014,2.1,232.84999999999994,0.003684428683277303,0.5361995118131991,3.360000000000003,2608.0469999999987,11.20054541550354,0.0011773094624496117,0.9138328605992014,6.285646787443645e-06
95,2.0,2.1,234.84999999999994,0.004605535854096624,0.5408050476672958,4.2,2612.2469999999985,11.123044496487116,0.0014716368280620134,0.9153044974272635,9.82132310538068e-06
134,3.0,2.0,237.84999999999994,0.006908303781144936,0.5477133514484407,6.0,2618.2469999999985,11.007975614883327,0.002102338325802876,0.9174068357530664,2.309730395794121e-05
162,3.0,2.0,240.84999999999994,0.006908303781144936,0.5546216552295856,6.0,2624.2469999999985,10.89577330288561,0.002102338325802876,0.9195091740788692,2.309730395794121e-05
130,3.0,1.9,243.84999999999994,0.006908303781144936,0.5615299590107306,5.699999999999999,2629.9469999999983,10.785101496821813,0.0019972214095127323,0.921506395488382,2.4118730060956593e-05
175,3.0,1.9,246.84999999999994,0.006908303781144936,0.5684382627918755,5.699999999999999,2635.646999999998,10.677119708324888,0.0019972214095127323,0.9235036168978947,2.4118730060956593e-05
37,3.0,1.9,249.84999999999994,0.006908303781144936,0.5753465665730204,5.699999999999999,2641.346999999998,10.571731038623168,0.0019972214095127323,0.9255008383074075,2.4118730060956593e-05
54,3.0,1.9,252.84999999999994,0.006908303781144936,0.5822548703541653,5.699999999999999,2647.0469999999978,10.468843187660662,0.0019972214095127323,0.9274980597169202,2.4118730060956593e-05
22,3.0,1.8,255.84999999999994,0.006908303781144936,0.5891631741353103,5.4,2652.446999999998,10.367195622435014,0.0018921044932225886,0.9293901642101429,2.5162255296152664e-05
153,2.7900000000000205,1.8,258.64,0.006424722516464838,0.5955878966517751,5.022000000000037,2657.468999999998,10.274779616455296,0.0017596571786970203,0.9311498213888398,2.176283460564276e-05
33,2.8599999999999994,1.8,261.5,0.006585916271358171,0.6021738129231333,5.147999999999999,2662.616999999998,10.182091778202668,0.0018038062835388673,0.9329536276723787,2.286857593560114e-05
129,3.0,1.8,264.5,0.006908303781144936,0.6090821167042783,5.4,2668.016999999998,10.087020793950844,0.0018921044932225886,0.9348457321656013,2.5162255296152664e-05
160,3.0,1.8,267.5,0.006908303781144936,0.6159904204854232,5.4,2673.416999999998,9.994082242990647,0.0018921044932225886,0.9367378366588239,2.5162255296152664e-05
34,3.0,1.8,270.5,0.006908303781144936,0.6228987242665681,5.4,2678.816999999998,9.903205175600732,0.0018921044932225886,0.9386299411520466,2.5162255296152664e-05
88,3.0,1.8,273.5,0.006908303781144936,0.629807028047713,5.4,2684.2169999999983,9.814321755027416,0.0018921044932225886,0.9405220456452692,2.5162255296152664e-05
62,3.0,1.8,276.5,0.006908303781144936,0.636715331828858,5.4,2689.6169999999984,9.72736708860759,0.0018921044932225886,0.9424141501384918,2.5162255296152664e-05
112,2.25,1.7,278.75,0.005181227835858703,0.6418965596647167,3.8249999999999997,2693.441999999998,9.66257219730941,0.0013402406826993334,0.9437543908211912,1.475318231073531e-05
31,3.0,1.7,281.75,0.006908303781144936,0.6488048634458616,5.1,2698.541999999998,9.577788819875769,0.0017869875769324446,0.9455413783981236,2.6227879663529435e-05
127,3.0,1.7,284.75,0.006908303781144936,0.6557131672270066,5.1,2703.641999999998,9.494791922739237,0.0017869875769324446,0.947328365975056,2.6227879663529435e-05
56,3.0,1.6,287.75,0.006908303781144936,0.6626214710081515,4.800000000000001,2708.441999999998,9.412483058210245,0.001681870660642301,0.9490102366356983,2.7315603163086905e-05
135,3.0,1.6,290.75,0.006908303781144936,0.6695297747892964,4.800000000000001,2713.2419999999984,9.33187274290627,0.001681870660642301,0.9506921072963406,2.7315603163086905e-05
30,3.0,1.6,293.75,0.006908303781144936,0.6764380785704414,4.800000000000001,2718.0419999999986,9.252908936170208,0.001681870660642301,0.9523739779569829,2.7315603163086905e-05
161,4.0,1.6,297.75,0.009211071708193248,0.6856491502786346,6.4,2724.4419999999986,9.150099076406377,0.0022424942141897348,0.9546164721711726,4.856107228993228e-05
111,1.9700000000000273,1.6,299.72,0.004536452816285238,0.6901856030949198,3.1520000000000437,2727.5939999999987,9.100473775523817,0.0011044284004884596,0.955720900571661,1.1778791590625212e-05
131,3.0,1.6,302.72,0.006908303781144936,0.6970939068760648,4.800000000000001,2732.393999999999,9.026142970401686,0.001681870660642301,0.9574027712323033,2.7315603163086905e-05
164,3.0,1.5,305.72,0.006908303781144936,0.7040022106572097,4.5,2736.893999999999,8.952289676828466,0.0015767537443521571,0.9589795249766555,2.8425425794825085e-05
57,3.0,1.5,308.72,0.006908303781144936,0.7109105144383546,4.5,2741.393999999999,8.87987172842705,0.0015767537443521571,0.9605562787210077,2.8425425794825085e-05
140,2.159999999999968,1.5,310.88,0.0049739787224242805,0.715884493160779,3.2399999999999523,2744.6339999999987,8.828596242923311,0.0011352626959335364,0.9616915414169412,1.473574073203689e-05
47,2.0,1.5,312.88,0.004605535854096624,0.7204900290148756,3.0,2747.6339999999987,8.781750191766807,0.001051169162901438,0.9627427105798427,1.2633522575477815e-05
18,3.0,1.4,315.88,0.006908303781144936,0.7273983327960205,4.199999999999999,2751.8339999999985,8.711643662150179,0.001471636828062013,0.9642143474079048,2.9557347558743953e-05
145,3.0,1.4,318.88,0.006908303781144936,0.7343066365771654,4.199999999999999,2756.0339999999983,8.642856246864019,0.001471636828062013,0.9656859842359669,2.9557347558743953e-05
16,3.0,1.4,321.88,0.006908303781144936,0.7412149403583104,4.199999999999999,2760.233999999998,8.57535106250776,0.001471636828062013,0.9671576210640289,2.9557347558743953e-05
15,3.0,1.3,324.88,0.006908303781144936,0.7481232441394553,3.9000000000000004,2764.133999999998,8.50816917015513,0.0013665199117718697,0.9685241409758008,3.071136845484352e-05
35,3.0,1.3,327.88,0.006908303781144936,0.7550315479206002,3.9000000000000004,2768.0339999999983,8.442216664633397,0.0013665199117718697,0.9698906608875726,3.071136845484352e-05
19,3.0,1.2,330.88,0.006908303781144936,0.7619398517017452,3.5999999999999996,2771.633999999998,8.376553433268853,0.0012614029954817255,0.9711520638830543,3.188748848312378e-05
87,2.0,1.2,332.88,0.004605535854096624,0.7665453875558418,2.4,2774.0339999999983,8.333435472242245,0.0008409353303211504,0.9719929992133755,1.4172217103610569e-05
132,3.0,1.2,335.88,0.006908303781144936,0.7734536913369867,3.5999999999999996,2777.633999999998,8.269721329046083,0.0012614029954817255,0.9732544022088572,3.188748848312378e-05
36,3.0,1.2,338.88,0.006908303781144936,0.7803619951181316,3.5999999999999996,2781.233999999998,8.207135269121807,0.0012614029954817255,0.9745158052043389,3.188748848312378e-05
32,2.1400000000000006,1.2,341.02,0.004927923363883389,0.785289918482015,2.5680000000000005,2783.8019999999983,8.163163450823994,0.0008998008034436311,0.9754156060077825,1.622577136192375e-05
128,3.0,1.1,344.02,0.006908303781144936,0.79219822226316,3.3000000000000003,2787.1019999999985,8.101569676181613,0.001156286079191582,0.9765718920869741,3.308570764358474e-05
29,2.3299999999999983,1.1,346.34999999999997,0.005365449270022563,0.7975636715331825,2.5629999999999984,2789.6649999999986,8.054468023675469,0.0008980488548387947,0.9774699409418129,1.9957666469584103e-05
155,2.8999999999999773,1.0,349.24999999999994,0.006678026988440053,0.8042416985216225,2.8999999999999773,2792.5649999999987,7.995891195418752,0.0010161301908047154,0.9784860711326177,3.205707534707329e-05
116,3.0,1.0,352.24999999999994,0.006908303781144936,0.8111500023027675,3.0,2795.5649999999987,7.936309439318663,0.001051169162901438,0.9795372402955191,3.4306025936226406e-05
20,3.0,1.0,355.24999999999994,0.006908303781144936,0.8180583060839124,3.0,2798.5649999999987,7.877733990147781,0.001051169162901438,0.9805884094584206,3.4306025936226406e-05
24,3.0,1.0,358.24999999999994,0.006908303781144936,0.8249666098650573,3.0,2801.5649999999987,7.82013956734124,0.001051169162901438,0.9816395786213221,3.4306025936226406e-05
138,3.069999999999993,1.0,361.31999999999994,0.007069497536038302,0.8320361074010956,3.069999999999993,2804.634999999999,7.762191409277094,0.001075696443369136,0.9827152750646913,3.5925651538482094e-05
117,1.5,0.9,362.81999999999994,0.003454151890572468,0.8354902592916681,1.35,2805.9849999999988,7.733821178545833,0.00047302612330564714,0.9831883011879969,8.88711084026219e-06
159,3.0,0.9,365.81999999999994,0.006908303781144936,0.842398563072813,2.7,2808.6849999999986,7.677778688972716,0.0009460522466112943,0.9841343534346082,3.554844336104876e-05
115,3.0,0.9,368.81999999999994,0.006908303781144936,0.849306866853958,2.7,2811.3849999999984,7.622647904126671,0.0009460522466112943,0.9850804056812195,3.554844336104876e-05
151,3.0,0.9,371.81999999999994,0.006908303781144936,0.8562151706351029,2.7,2814.084999999998,7.56840675595718,0.0009460522466112943,0.9860264579278307,3.554844336104876e-05
14,3.0,0.9,374.81999999999994,0.006908303781144936,0.8631234744162478,2.7,2816.784999999998,7.515033882930469,0.0009460522466112943,0.986972510174442,3.554844336104876e-05
143,3.0,0.9,377.81999999999994,0.006908303781144936,0.8700317781973927,2.7,2819.484999999998,7.462508601979774,0.0009460522466112943,0.9879185624210532,3.554844336104876e-05
144,3.0,0.9,380.81999999999994,0.006908303781144936,0.8769400819785377,2.7,2822.1849999999977,7.410810881781414,0.0009460522466112943,0.9888646146676645,3.554844336104876e-05
150,3.0,0.8,383.81999999999994,0.006908303781144936,0.8838483857596826,2.4000000000000004,2824.5849999999978,7.359139700901459,0.0008409353303211505,0.9897055499979857,3.6812959918051824e-05
58,3.0,0.8,386.81999999999994,0.006908303781144936,0.8907566895408275,2.4000000000000004,2826.984999999998,7.308269996380742,0.0008409353303211505,0.9905464853283068,3.6812959918051824e-05
26,3.0,0.8,389.81999999999994,0.006908303781144936,0.8976649933219725,2.4000000000000004,2829.384999999998,7.258183264070593,0.0008409353303211505,0.991387420658628,3.6812959918051824e-05
152,3.0,0.7,392.81999999999994,0.006908303781144936,0.9045732971031174,2.0999999999999996,2831.484999999998,7.2080978565246125,0.0007358184140310065,0.992123239072659,3.809957560723558e-05
142,3.0,0.7,395.81999999999994,0.006908303781144936,0.9114816008842623,2.0999999999999996,2833.5849999999978,7.158771663887621,0.0007358184140310065,0.99285905748669,3.809957560723558e-05
28,1.6700000000000017,0.7,397.48999999999995,0.003845622438170685,0.915327223322433,1.1690000000000011,2834.7539999999976,7.131636016000398,0.0004096055838105941,0.9932686630705007,1.1806211823446612e-05
156,3.0,0.7,400.48999999999995,0.006908303781144936,0.9222355271035779,2.0999999999999996,2836.8539999999975,7.083457764238802,0.0007358184140310065,0.9940044814845317,3.809957560723558e-05
17,3.0,0.7,403.48999999999995,0.006908303781144936,0.9291438308847229,2.0999999999999996,2838.9539999999974,7.035995935463079,0.0007358184140310065,0.9947402998985627,3.809957560723558e-05
133,3.0,0.6,406.48999999999995,0.006908303781144936,0.9360521346658678,1.7999999999999998,2840.7539999999976,6.988496641983808,0.0006307014977408627,0.9953710013963036,3.940829042860003e-05
59,3.0,0.6,409.48999999999995,0.006908303781144936,0.9429604384470127,1.7999999999999998,2842.553999999998,6.941693325844338,0.0006307014977408627,0.9960017028940445,3.940829042860003e-05
158,3.0,0.6,412.48999999999995,0.006908303781144936,0.9498687422281576,1.7999999999999998,2844.353999999998,6.895570801716401,0.0006307014977408627,0.9966324043917855,3.940829042860003e-05
23,3.0,0.6,415.48999999999995,0.006908303781144936,0.9567770460093026,1.7999999999999998,2846.153999999998,6.850114322847718,0.0006307014977408627,0.9972631058895264,3.940829042860003e-05
60,2.0,0.6,417.48999999999995,0.004605535854096624,0.9613825818633992,1.2,2847.353999999998,6.820172938273966,0.0004204676651605752,0.997683573554687,1.751479574604446e-05
137,1.6299999999999955,0.5,419.11999999999995,0.0037535117210887384,0.9651360935844879,0.8149999999999977,2848.168999999998,6.795593147547238,0.0002855676225882232,0.9979691411772752,1.2026636270324549e-05
27,2.0,0.5,421.11999999999995,0.004605535854096624,0.9697416294385846,1.0,2849.168999999998,6.765693863981759,0.000350389720967146,0.9983195308982423,1.810626861428675e-05
139,1.8400000000000318,0.4,422.96,0.004237092985768968,0.9739787224243536,0.7360000000000128,2849.904999999998,6.738001229430674,0.0002578868346318239,0.9985774177328741,1.5834081593247676e-05
25,3.0,0.4,425.96,0.006908303781144936,0.9808870262054985,1.2000000000000002,2851.1049999999977,6.693363226594041,0.00042046766516057527,0.9989978853980347,4.209201746787103e-05
136,3.0,0.4,428.96,0.006908303781144936,0.9877953299866434,1.2000000000000002,2852.3049999999976,6.649349589705328,0.00042046766516057527,0.9994183530631953,4.209201746787103e-05
157,3.0,0.4,431.96,0.006908303781144936,0.9947036337677884,1.2000000000000002,2853.5049999999974,6.6059473099360995,0.00042046766516057527,0.9998388207283558,4.209201746787103e-05
141,2.3000000000000114,0.2,434.26,0.005296366232211144,0.9999999999999996,0.4600000000000023,2853.9649999999974,6.57201906691843,0.00016117927164488796,1.0000000000000007,2.6370145119969698e-05
