,weight,grade,cml_weight,weight_pct,cml_weight_pct,yield,cml_yield,cml_grade,recovery,cml_recovery,distributional_heterogeneity
16,0.3000000000000007,51.4,0.3000000000000007,0.007177033492822984,0.007177033492822984,15.420000000000035,15.420000000000035,51.4,0.10975088967971551,0.10975088967971551,0.01052139597304931
3,1.0,10.3,1.3000000000000007,0.023923444976076555,0.031100478468899538,10.3,25.720000000000034,19.7846153846154,0.07330960854092525,0.18306049822064074,0.0024389931516539884
10,1.0,9.5,2.3000000000000007,0.023923444976076555,0.05502392344497609,9.5,35.220000000000034,15.31304347826088,0.0676156583629893,0.25067615658363007,0.0019090095106475168
13,1.0,8.8,3.3000000000000007,0.023923444976076555,0.07894736842105265,8.8,44.02000000000004,13.339393939393949,0.06263345195729535,0.31330960854092543,0.0014984646404860083
15,1.0,6.6,4.300000000000001,0.023923444976076555,0.10287081339712921,6.6,50.62000000000004,11.772093023255822,0.04697508896797151,0.3602846975088969,0.0005313782907290668
17,1.0,6.4,5.300000000000001,0.023923444976076555,0.12679425837320576,6.4,57.02000000000004,10.758490566037741,0.04555160142348753,0.40583629893238443,0.0004677771513136849
12,1.0,5.3,6.300000000000001,0.023923444976076555,0.1507177033492823,5.3,62.320000000000036,9.892063492063496,0.03772241992882561,0.44355871886121,0.0001904117097465957
20,1.0,4.7,7.300000000000001,0.023923444976076555,0.17464114832535887,4.7,67.02000000000004,9.180821917808224,0.033451957295373654,0.47701067615658366,9.079254701899657e-05
21,1.0,4.5,8.3,0.023923444976076555,0.19856459330143544,4.5,71.52000000000004,8.616867469879521,0.03202846975088967,0.5090391459074733,6.569142660033433e-05
0,1.8,4.4,10.100000000000001,0.0430622009569378,0.24162679425837325,7.920000000000001,79.44000000000004,7.865346534653468,0.05637010676156582,0.5654092526690392,0.0001771003569048521
24,2.0,4.1,12.100000000000001,0.04784688995215311,0.2894736842105263,8.2,87.64000000000004,7.242975206611573,0.05836298932384339,0.6237722419928826,0.00011058834599526464
14,1.2300000000000004,3.9,13.330000000000002,0.029425837320574175,0.3188995215311005,4.7970000000000015,92.43700000000004,6.9345086271567915,0.034142348754448396,0.657914590747331,2.2245480105866275e-05
22,1.0,3.5,14.330000000000002,0.023923444976076555,0.3428229665071771,3.5,95.93700000000004,6.694836008374042,0.02491103202846974,0.6828256227758008,9.75328186054661e-07
6,1.0,3.4,15.330000000000002,0.023923444976076555,0.36674641148325365,3.4,99.33700000000005,6.479908675799089,0.024199288256227747,0.7070249110320286,7.60895152045692e-08
19,1.0,3.2,16.330000000000002,0.023923444976076555,0.3906698564593302,3.2,102.53700000000005,6.279056950398043,0.022775800711743763,0.7298007117437724,1.317087357455953e-06
11,1.0,2.9,17.330000000000002,0.023923444976076555,0.4145933014354068,2.9,105.43700000000005,6.084073860357764,0.020640569395017783,0.7504412811387902,1.0777272080711961e-05
18,1.4699999999999989,2.9,18.8,0.035167464114832514,0.4497607655502393,4.262999999999996,109.70000000000005,5.835106382978726,0.030341637010676117,0.7807829181494663,2.3288607239210444e-05
7,1.0,2.6,19.8,0.023923444976076555,0.4736842105263159,2.6,112.30000000000004,5.671717171717174,0.018505338078291807,0.7992882562277581,2.9355882355822656e-05
5,1.0,2.3,20.8,0.023923444976076555,0.49760765550239244,2.3,114.60000000000004,5.509615384615386,0.01637010676156583,0.8156583629893239,5.70529181827881e-05
2,1.0,1.8,21.8,0.023923444976076555,0.521531100478469,1.8,116.40000000000003,5.339449541284405,0.012811387900355867,0.8284697508896798,0.00012347781245407422
29,2.0,1.7,23.8,0.04784688995215311,0.5693779904306221,3.4,119.80000000000004,5.033613445378153,0.024199288256227747,0.8526690391459075,0.0005592090659691321
31,2.0,1.6,25.8,0.04784688995215311,0.6172248803827752,3.2,123.00000000000004,4.767441860465118,0.022775800711743763,0.8754448398576513,0.0006285595157005693
1,1.0,1.6,26.8,0.023923444976076555,0.6411483253588518,1.6,124.60000000000004,4.6492537313432845,0.011387900355871882,0.8868327402135232,0.00015713987892514232
8,1.0,1.5,27.8,0.023923444976076555,0.6650717703349284,1.5,126.10000000000004,4.535971223021584,0.010676156583629888,0.8975088967971531,0.0001754906497526522
28,2.0,1.4,29.8,0.04784688995215311,0.7129186602870815,2.8,128.90000000000003,4.325503355704699,0.01992882562277579,0.9174377224199288,0.0007794183158992503
9,1.0,1.4,30.8,0.023923444976076555,0.7368421052631581,1.4,130.30000000000004,4.230519480519482,0.009964412811387895,0.9274021352313168,0.00019485457897481257
25,2.0,1.3,32.8,0.04784688995215311,0.7846889952153112,2.6,132.90000000000003,4.051829268292685,0.018505338078291807,0.9459074733096086,0.000860926666366494
23,2.0,1.2,34.8,0.04784688995215311,0.8325358851674644,2.4,135.30000000000004,3.8879310344827602,0.01708185053380782,0.9629893238434164,0.0009464876504123393
26,2.0,1.2,36.8,0.04784688995215311,0.8803827751196175,2.4,137.70000000000005,3.741847826086958,0.01708185053380782,0.9800711743772242,0.0009464876504123393
30,2.0,0.7,38.8,0.04784688995215311,0.9282296650717706,1.4,139.10000000000005,3.585051546391754,0.009964412811387895,0.9900355871886122,0.001435082074320599
27,2.0,0.5,40.8,0.04784688995215311,0.9760765550239238,1.0,140.10000000000005,3.4338235294117663,0.007117437722419926,0.9971530249110321,0.0016588882789341176
4,1.0,0.4,41.8,0.023923444976076555,1.0000000000000002,0.4,140.50000000000006,3.3612440191387574,0.0028469750889679704,1.0,0.00044421758290219505
