,weight,grade,cml_weight,weight_pct,cml_weight_pct,yield,cml_yield,cml_grade,recovery,cml_recovery,distributional_heterogeneity
41,0.3300000000000125,117.5,0.3300000000000125,0.0023414218816518563,0.0023414218816518563,38.77500000000147,38.77500000000147,117.5,0.13539371549686774,0.13539371549686774,0.01770291283626962
40,0.38999999999998636,70.4,0.7199999999999989,0.002767134951042901,0.005108556832694757,27.45599999999904,66.2310000000005,91.98750000000085,0.09587027344117936,0.23126398893804712,0.00866819439671353
42,0.28999999999999204,66.6,1.009999999999991,0.002057613168724224,0.007166170001418981,19.313999999999467,85.54499999999997,84.69801980198093,0.06744021202079516,0.29870420095884226,0.004274884232650829
1,1.0,21.7,2.009999999999991,0.007095217823187175,0.014261387824606155,21.7,107.24499999999998,53.355721393035054,0.07577159577774129,0.37447579673658354,0.004716444888956767
4,1.0,18.3,3.009999999999991,0.007095217823187175,0.02135660564779333,18.3,125.54499999999997,41.70930232558151,0.06389954851302607,0.43837534524960964,0.003226731985120573
0,1.799999999999999,15.1,4.80999999999999,0.012771392081736907,0.034127997729530235,27.179999999999982,152.72499999999997,31.75155925155931,0.09490654254557636,0.533281887795186,0.0067461829417175476
68,0.7999999999999972,11.1,5.609999999999987,0.00567617425854972,0.03980417198807996,8.879999999999969,161.60499999999993,28.80659536541895,0.031006994032550247,0.5642888818277363,0.000641650430422896
39,1.0300000000000011,10.3,6.639999999999988,0.007308074357882798,0.047112246345962755,10.609000000000012,172.21399999999994,25.935843373494013,0.037044279244518814,0.6013331610722551,0.000884241881059996
55,1.3199999999999932,9.0,7.959999999999981,0.009365687526607023,0.056477933872569774,11.879999999999939,184.09399999999988,23.127386934673407,0.041482329854357694,0.6428154909266128,0.0010314787144086659
43,0.8900000000000006,6.2,8.849999999999982,0.00631474386263659,0.06279267773520636,5.518000000000003,189.61199999999988,21.425084745762742,0.01926763435491137,0.6620831252815242,0.00016777737210486242
66,1.3500000000000085,5.6,10.19999999999999,0.009578544061302747,0.07237122179650911,7.560000000000048,197.17199999999994,19.33058823529413,0.0263978462709552,0.6884809715524794,0.0002828889268196198
69,1.0,5.5,11.19999999999999,0.007095217823187175,0.07946643961969628,5.5,202.67199999999994,18.095714285714298,0.019204782339980513,0.7076857538924599,0.00014664155278638026
2,0.8800000000000008,4.8,12.079999999999991,0.00624379168440472,0.085710231304101,4.224000000000004,206.89599999999996,17.127152317880803,0.014749272837105046,0.7224350267295649,7.234320963894048e-05
53,1.0,4.4,13.079999999999991,0.007095217823187175,0.09280544912728818,4.4,211.29599999999996,16.154128440366982,0.015363825871984411,0.7377988526015493,6.836987906463443e-05
57,0.6599999999999966,3.5,13.739999999999988,0.0046828437633035114,0.09748829289059169,2.309999999999988,213.60599999999994,15.546288209606995,0.008066008582791773,0.745864861184341,1.1445804195823046e-05
3,0.9499999999999993,2.7,14.689999999999987,0.006740456932027811,0.1042287498226195,2.564999999999998,216.17099999999994,14.715520762423425,0.00895641212764545,0.7548212733119865,4.910457428984813e-06
75,0.7600000000000051,2.6,15.449999999999992,0.005392365545622289,0.10962111536824179,1.9760000000000133,218.14699999999993,14.119546925566347,0.006899754527963954,0.7617210278399504,2.272221544085041e-06
54,1.0,2.1,16.449999999999992,0.007095217823187175,0.11671633319142896,2.1,220.24699999999993,13.388875379939211,0.007332735075265287,0.7690537629152158,5.64144450347374e-08
63,0.38000000000000966,2.1,16.830000000000002,0.002696182772811195,0.11941251596424016,0.7980000000000204,221.04499999999996,13.133986928104571,0.00278643932860088,0.7718402022438167,8.146245863016496e-09
62,0.8100000000000023,2.0,17.640000000000004,0.005747126436781627,0.1251596424010218,1.6200000000000045,222.66499999999996,12.62273242630385,0.005656681343776094,0.7774968835875927,8.180314848779642e-09
52,1.2000000000000028,1.9,18.840000000000007,0.00851426138782463,0.13367390378884642,2.280000000000005,224.94499999999996,11.939755838641183,0.007961255224573758,0.7854581388121665,3.0581581659344996e-07
38,1.0,1.8,19.840000000000007,0.007095217823187175,0.1407691216120336,1.8,226.74499999999998,11.428679435483867,0.006285201493084531,0.7917433403052511,6.561264550329545e-07
61,0.7800000000000011,1.5,20.620000000000008,0.0055342699020860045,0.14630339151411959,1.1700000000000017,227.91499999999996,11.053103782735203,0.004085380970504951,0.795828721275756,2.0992791360580862e-06
67,2.200000000000003,1.4,22.82000000000001,0.015609479211011804,0.16191287072513139,3.0800000000000036,230.99499999999998,10.122480280455735,0.010754678110389099,0.8065833993861451,2.3569093726607426e-05
30,1.3500000000000014,1.4,24.170000000000012,0.009578544061302697,0.1714914147864341,1.890000000000002,232.885,9.635291683905663,0.006599461567738764,0.8131828609538838,8.874932503459094e-06
87,1.009999999999991,1.3,25.180000000000003,0.0071661700014189825,0.17865758478785307,1.3129999999999882,234.19799999999998,9.300953137410641,0.004584705311344397,0.8177675662652282,6.66395994610187e-06
31,1.3800000000000026,1.2,26.560000000000006,0.009791400595998319,0.18844898538385138,1.656000000000003,235.85399999999998,8.880045180722888,0.00578238537363778,0.8235499516388659,1.607220305311853e-05
60,0.269999999999996,1.2,26.830000000000002,0.001915708812260509,0.19036469419611188,0.32399999999999524,236.17799999999997,8.802758106597091,0.001131336268755199,0.8246812879076211,6.152402870049896e-07
74,2.019999999999996,1.1,28.849999999999998,0.014332340002838066,0.20469703419894994,2.221999999999996,238.39999999999998,8.263431542461005,0.0077587320653521126,0.8324400199729732,4.321232131577832e-05
65,1.5,1.1,30.349999999999998,0.010642826734780762,0.2153398609337307,1.6500000000000001,240.04999999999998,7.909390444810543,0.005761434701994154,0.8382014546749674,2.3827988177752575e-05
8,0.7199999999999989,1.1,31.069999999999997,0.005108556832694758,0.22044841776642546,0.7919999999999988,240.84199999999998,7.75159317669778,0.0027654886569571896,0.8409669433319246,5.4899684761541765e-06
44,1.3700000000000045,1.1,32.44,0.009720448417766462,0.2301688661841919,1.5070000000000052,242.349,7.4706843403205925,0.005262110361154679,0.8462290536930792,1.9876778227032937e-05
29,2.049999999999997,1.0,34.489999999999995,0.014545196537533688,0.2447140627217256,2.049999999999997,244.399,7.086082922586258,0.007158146144901817,0.8533871998379811,5.456851350328268e-05
25,2.0,0.9,36.489999999999995,0.01419043564637435,0.2589044983681,1.8,246.199,6.747026582625378,0.006285201493084531,0.8596724013310656,6.24927270183398e-05
82,1.960000000000008,0.9,38.45,0.013906626933446919,0.2728111253015469,1.7640000000000071,247.96300000000002,6.448972691807542,0.006159497463222865,0.8658318987942885,6.001801502841404e-05
26,2.0,0.9,40.45,0.01419043564637435,0.28700156094792123,1.8,249.76300000000003,6.174610630407911,0.006285201493084531,0.872117100287373,6.24927270183398e-05
56,1.9100000000000108,0.8,42.360000000000014,0.01355186604228758,0.3005534269902088,1.5280000000000087,251.29100000000005,5.932271010387157,0.005335437711907343,0.8774525379992804,6.750969450827497e-05
78,2.0,0.8,44.360000000000014,0.01419043564637435,0.31474386263658316,1.6,252.89100000000005,5.700879170423804,0.005586845771630695,0.8830393837709111,7.402175873279155e-05
37,2.0,0.8,46.360000000000014,0.01419043564637435,0.3289342982829575,1.6,254.49100000000004,5.489452113891285,0.005586845771630695,0.8886262295425418,7.402175873279155e-05
23,1.8500000000000014,0.8,48.210000000000015,0.013126152972896283,0.34206045125585377,1.4800000000000013,255.97100000000003,5.309500103712922,0.005167832338758397,0.8937940618813002,6.333486731574486e-05
47,1.9000000000000057,0.7,50.11000000000002,0.013480913864055673,0.35554136511990947,1.3300000000000038,257.30100000000004,5.134723608062262,0.004644065547668028,0.8984381274289682,7.808988816684315e-05
45,1.5,0.7,51.61000000000002,0.010642826734780762,0.36618419185469026,1.0499999999999998,258.35100000000006,5.005832203061421,0.0036663675376326426,0.9021044949666008,4.867098292947258e-05
48,2.0,0.6,53.61000000000002,0.01419043564637435,0.3803746275010646,1.2,259.55100000000004,4.8414661443760485,0.004190134328723021,0.9062946292953239,0.0001000060264438189
32,2.4000000000000057,0.6,56.010000000000026,0.01702852277564926,0.39740315027671386,1.4400000000000033,260.99100000000004,4.659721478307444,0.005028161194467636,0.9113227904897915,0.0001440086780790999
35,2.3300000000000125,0.6,58.34000000000004,0.016531857528026207,0.4139350078047401,1.3980000000000075,262.38900000000007,4.497583133356186,0.004881506492962345,0.9162042969827539,0.00013573067924021356
10,0.5,0.6,58.84000000000004,0.0035476089115935873,0.4174826167163337,0.3,262.6890000000001,4.4644629503738935,0.0010475335821807552,0.9172518305649346,6.250376652738681e-06
64,0.8099999999999881,0.6,59.65000000000003,0.005747126436781527,0.42322974315311523,0.4859999999999928,263.17500000000007,4.411986588432522,0.0016970044031327984,0.9189488349680675,1.6403488487446912e-05
36,1.5,0.5,61.15000000000003,0.010642826734780762,0.433872569887896,0.75,263.92500000000007,4.31602616516762,0.002618833955451888,0.9215676689235194,6.43844601227219e-05
33,2.019999999999996,0.5,63.17000000000002,0.014332340002838066,0.4482049098907341,1.009999999999998,264.93500000000006,4.194000316605983,0.003526696393341869,0.9250943653168613,0.00011676193381544598
24,2.1499999999999986,0.5,65.32000000000002,0.015254718319852416,0.4634596282105865,1.0749999999999993,266.01000000000005,4.072412737293325,0.0037536620028143703,0.9288480273196756,0.00013227429640768072
51,1.2000000000000028,0.5,66.52000000000002,0.00851426138782463,0.47197388959841113,0.6000000000000014,266.61000000000007,4.007967528562838,0.0020950671643615152,0.9309430944840371,4.120605447854222e-05
14,2.210000000000001,0.5,68.73000000000002,0.015680431389243663,0.4876543209876548,1.1050000000000004,267.7150000000001,3.8951695038556675,0.0038584153610324496,0.9348015098450696,0.0001397600629712828
77,2.0,0.5,70.73000000000002,0.01419043564637435,0.5018447566340292,1.0,268.7150000000001,3.799165841934116,0.003491778607269184,0.9382932884523388,0.0001144612624403945
81,1.4199999999999875,0.5,72.15,0.0100752093089257,0.5119199659429549,0.7099999999999937,269.42500000000007,3.734234234234235,0.002479162811161099,0.9407724512635,5.769992239620185e-05
89,1.2700000000000102,0.4,73.42000000000002,0.009010926635447785,0.5209308925784026,0.5080000000000041,269.93300000000005,3.676559520566603,0.0017738235324927598,0.9425462747959927,5.237566132280126e-05
76,1.8199999999999932,0.4,75.24000000000001,0.012913296438200609,0.5338441890166032,0.7279999999999973,270.66100000000006,3.5973019670388093,0.0025420148260919566,0.9450882896220847,0.0001075634822776631
46,1.5999999999999943,0.4,76.84,0.01135234851709944,0.5451965375337027,0.6399999999999978,271.30100000000004,3.530726184279022,0.00223473830865227,0.947323027930737,8.313081591318005e-05
49,2.0,0.4,78.84,0.01419043564637435,0.559386973180077,0.8,272.10100000000006,3.451306443429732,0.0027934228858153476,0.9501164508165523,0.00012989189986434475
6,2.0000000000000018,0.4,80.84,0.014190435646374362,0.5735774088264514,0.8000000000000007,272.90100000000007,3.375816427511134,0.0027934228858153497,0.9529098737023676,0.000129891899864345
27,2.0,0.4,82.84,0.01419043564637435,0.5877678444728257,0.8,273.7010000000001,3.303971511347176,0.0027934228858153476,0.9557032965881829,0.00012989189986434475
13,2.289999999999999,0.4,85.13,0.016248048815098625,0.6040158932879244,0.9159999999999997,274.6170000000001,3.22585457535534,0.0031984692042585717,0.9589017657924415,0.00017029152801965246
16,1.2700000000000031,0.4,86.4,0.009010926635447735,0.6130268199233722,0.5080000000000012,275.12500000000006,3.18431712962963,0.0017738235324927497,0.9606755893249342,5.237566132280067e-05
5,1.0,0.4,87.4,0.007095217823187175,0.6201220377465594,0.4,275.52500000000003,3.15245995423341,0.0013967114429076738,0.9620723007678419,3.247297496608619e-05
50,1.0999999999999943,0.3,88.5,0.007804739605505852,0.6279267773520653,0.3299999999999983,275.855,3.1170056497175143,0.0011522869403988248,0.9632245877082407,4.425512646148959e-05
17,1.1400000000000006,0.3,89.64,0.008088548318433383,0.6360153256704987,0.34200000000000014,276.197,3.0811802766622045,0.0011941882836860615,0.9644187759919268,4.7532200288721086e-05
86,2.210000000000008,0.3,91.85000000000001,0.015680431389243712,0.6516957570597424,0.6630000000000024,276.86,3.0142623843222642,0.002315049216619477,0.9667338252085463,0.00017863344062030173
80,2.0800000000000125,0.3,93.93000000000002,0.014758053072229412,0.6664538101319718,0.6240000000000038,277.48400000000004,2.9541573512189925,0.002178869850935984,0.9689126950594823,0.00015823585051487013
72,2.3299999999999983,0.3,96.26000000000002,0.016531857528026106,0.6829856676599979,0.6989999999999995,278.18300000000005,2.8899127363390815,0.002440753246481158,0.9713534483059635,0.00019855921987337434
71,1.5300000000000011,0.3,97.79000000000002,0.010855683269476385,0.6938413509294743,0.4590000000000003,278.64200000000005,2.849391553328561,0.0016027263807365565,0.9729561746867,8.561721118487786e-05
18,1.8599999999999994,0.3,99.65000000000002,0.013197105151128142,0.7070384560806025,0.5579999999999998,279.20000000000005,2.801806322127446,0.0019484124628562042,0.9749045871495562,0.00012653308719518254
21,2.049999999999997,0.3,101.70000000000002,0.014545196537533688,0.7215836526181362,0.6149999999999991,279.81500000000005,2.751376597836775,0.002147443843470545,0.9770520309930267,0.00015370427186314992
22,2.0,0.3,103.70000000000002,0.01419043564637435,0.7357740882645105,0.6,280.4150000000001,2.704098360655738,0.0020950671643615104,0.9791470981573882,0.00014629793871566958
34,1.3699999999999903,0.3,105.07000000000001,0.009720448417766361,0.7454945366822768,0.4109999999999971,280.8260000000001,2.672751499000667,0.0014351210075876245,0.9805822191649758,6.864665029385909e-05
91,1.700000000000017,0.3,106.77000000000002,0.012061870299418319,0.7575564069816951,0.5100000000000051,281.33600000000007,2.6349723705160626,0.0017808070897073016,0.9823630262546831,0.00010570026072207339
70,1.009999999999991,0.2,107.78000000000002,0.0071661700014189825,0.7647225769831141,0.20199999999999818,281.53800000000007,2.612154388569308,0.0007053392786683688,0.9830683655333514,4.174233362803821e-05
73,2.0800000000000125,0.2,109.86000000000003,0.014758053072229412,0.7794806300553435,0.41600000000000253,281.95400000000006,2.566484616784999,0.0014525799006239893,0.9845209454339754,0.00017703561632031168
88,0.9099999999999966,0.2,110.77000000000002,0.0064566482191003045,0.7859372782744438,0.18199999999999933,282.1360000000001,2.5470434233095607,0.0006355037065229891,0.9851564491404984,3.3885723436309e-05
12,2.25,0.2,113.02000000000002,0.015964240102171144,0.8019015183766149,0.45,282.58600000000007,2.5003185276942137,0.0015713003732711328,0.9867277495137695,0.00020715671403974832
11,2.3000000000000007,0.2,115.32000000000002,0.01631900099333051,0.8182205193699454,0.4600000000000002,283.04600000000005,2.4544398196323276,0.0016062181593438252,0.9883339676731133,0.0002164659787200532
28,2.0,0.2,117.32000000000002,0.01419043564637435,0.8324109550163198,0.4,283.446,2.4160075008523694,0.0013967114429076738,0.989730679116021,0.00016367937899436905
9,1.75,0.2,119.07000000000002,0.012416631190577556,0.8448275862068974,0.35000000000000003,283.79600000000005,2.383438313597044,0.0012221225125442145,0.9909528016285651,0.0001253170245425638
83,2.039999999999992,0.2,121.11000000000001,0.01447424435930178,0.8593018305661991,0.4079999999999984,284.20400000000006,2.346660061101478,0.0014246456717658216,0.992377447300331,0.0001702920259057402
84,2.0,0.2,123.11000000000001,0.01419043564637435,0.8734922662125735,0.4,284.60400000000004,2.311786207456746,0.0013967114429076738,0.9937741587432386,0.00016367937899436905
85,2.0,0.1,125.11000000000001,0.01419043564637435,0.8876827018589478,0.2,284.80400000000003,2.2764287427064183,0.0006983557214538369,0.9944725144646924,0.0001820362207004431
90,1.6999999999999886,0.1,126.81,0.012061870299418116,0.8997445721583659,0.16999999999999887,284.97400000000005,2.247251794022554,0.0005936023632357574,0.9950661168279282,0.0001315211694560684
15,1.4799999999999969,0.1,128.29,0.010500922378316997,0.9102454945366829,0.1479999999999997,285.12200000000007,2.222480318029465,0.0005167832338758381,0.995582900061804,9.968303445556221e-05
7,1.5399999999999991,0.1,129.82999999999998,0.010926635447708243,0.9211721299843911,0.15399999999999991,285.27600000000007,2.1973041669876,0.000537733905519454,0.9961206339673235,0.00010792927525329259
79,2.0,0.1,131.82999999999998,0.01419043564637435,0.9353625656307655,0.2,285.47600000000006,2.165485852992491,0.0006983557214538369,0.9968189896887774,0.0001820362207004431
58,1.7099999999999937,0.1,133.53999999999996,0.012132822477650025,0.9474953881084155,0.17099999999999937,285.64700000000005,2.1390369926613757,0.0005970941418430283,0.9974160838306204,0.00013307302823754044
19,2.0,0.1,135.53999999999996,0.01419043564637435,0.9616858237547898,0.2,285.84700000000004,2.1089493876346475,0.0006983557214538369,0.9981144395520742,0.0001820362207004431
20,1.9500000000000028,0.1,137.48999999999995,0.013835674755215011,0.9755214985100048,0.19500000000000028,286.04200000000003,2.080456760491673,0.0006808968284174919,0.9987953363804918,0.0001730481823033592
59,1.75,0.1,139.23999999999995,0.012416631190577556,0.9879381297005824,0.17500000000000002,286.21700000000004,2.055565929330653,0.0006110612562721073,0.9994063976367639,0.00013937148147377676
92,1.6999999999999886,0.1,140.93999999999994,0.012061870299418116,1.0000000000000004,0.16999999999999887,286.38700000000006,2.031978146729106,0.0005936023632357574,0.9999999999999997,0.0001315211694560684
