,weight,grade,cml_weight,weight_pct,cml_weight_pct,yield,cml_yield,cml_grade,recovery,cml_recovery,distributional_heterogeneity
54,0.37999999999999545,54.2,0.37999999999999545,0.0024265644955299838,0.0024265644955299838,20.595999999999755,20.595999999999755,54.2,0.03460151805844385,0.03460151805844385,0.001035227636775664
30,1.0,33.0,1.3799999999999955,0.006385696040868455,0.008812260536398438,33.0,53.595999999999755,38.83768115942024,0.05544038142982428,0.09004189948826813,0.002406362158609436
102,2.0,17.4,3.3799999999999955,0.01277139208173691,0.02158365261813535,34.8,88.39599999999976,26.152662721893456,0.05846440223508741,0.14850630172335555,0.002087851176874192
67,2.0,15.7,5.3799999999999955,0.01277139208173691,0.03435504469987226,31.4,119.79599999999976,22.26691449814124,0.052752362936257034,0.2012586646596126,0.0015984780304699878
68,2.0,13.7,7.3799999999999955,0.01277139208173691,0.04712643678160917,27.4,147.19599999999977,19.945257452574506,0.04603231670233894,0.24729098136195155,0.0011062891066173704
65,2.0,12.2,9.379999999999995,0.01277139208173691,0.059897828863346075,24.4,171.59599999999978,18.29381663113005,0.04099228202690037,0.2882832633888519,0.000796418629297028
32,1.1499999999999986,12.0,10.529999999999994,0.007343550446998714,0.0672413793103448,13.799999999999983,185.39599999999976,17.60645773979106,0.023184159507017396,0.3114674228958693,0.0002509248953923459
37,1.0,11.3,11.529999999999994,0.006385696040868455,0.07362707535121325,11.3,196.69599999999977,17.05949696444058,0.018984130610818616,0.3304515535066879,0.00015872055361331532
31,1.1499999999999986,10.2,12.679999999999993,0.007343550446998714,0.08097062579821197,11.729999999999984,208.42599999999976,16.437381703470024,0.019706535580964784,0.3501580890876527,0.00015284340142266605
57,1.1099999999999994,9.6,13.789999999999992,0.007088122605363982,0.08805874840357596,10.655999999999993,219.08199999999977,15.887019579405358,0.017902203167157793,0.3680602922548105,0.00011694433839696674
92,0.9000000000000057,8.9,14.689999999999998,0.0057471264367816455,0.0938058748403576,8.010000000000051,227.0919999999998,15.458951667801214,0.01345689258342107,0.3815171848382316,5.944049403586729e-05
90,1.0,8.9,15.689999999999998,0.006385696040868455,0.10019157088122606,8.9,235.99199999999982,15.04091778202676,0.01495210287046776,0.3964692877086994,7.33833259702056e-05
71,0.8499999999999943,8.1,16.539999999999992,0.00542784163473815,0.10561941251596421,6.884999999999954,242.87699999999978,14.684220072551385,0.011566879580131442,0.4080361672888308,3.7687786894978675e-05
61,2.0,8.0,18.539999999999992,0.01277139208173691,0.11839080459770113,16.0,258.8769999999998,13.963160733549078,0.026880184935672378,0.4349163522245032,0.00019905803579526045
97,1.0,7.9,19.539999999999992,0.006385696040868455,0.12477650063856958,7.9,266.77699999999976,13.652865916069594,0.013272091311988237,0.44818844353649145,4.7422439830100876e-05
56,1.519999999999996,7.7,21.059999999999988,0.009706257982120025,0.13448275862068962,11.70399999999997,278.4809999999997,13.223219373219367,0.019662855280444293,0.46785129881693577,9.913382976099807e-05
55,0.6300000000000097,7.1,21.689999999999998,0.004022988505747188,0.13850574712643682,4.473000000000068,282.9539999999998,13.045366528354071,0.007514691701079023,0.4753659905180148,1.2191991204290549e-05
70,1.0,6.7,22.689999999999998,0.006385696040868455,0.14489144316730526,6.7,289.65399999999977,12.76571176729836,0.011256077441812808,0.4866220679598276,2.3720614990664676e-05
38,1.0,6.6,23.689999999999998,0.006385696040868455,0.1512771392081737,6.6,296.2539999999998,12.505445335584627,0.011088076285964855,0.49771014424579246,2.2112379969472876e-05
20,2.0,6.6,25.689999999999998,0.01277139208173691,0.16404853128991062,13.2,309.4539999999998,12.045698715453476,0.02217615257192971,0.5198862968177221,8.84495198778915e-05
21,2.0,6.5,27.689999999999998,0.01277139208173691,0.17681992337164754,13.0,322.4539999999998,11.645142650776446,0.021840150260233806,0.5417264470779559,8.224237490005434e-05
66,2.0,6.2,29.689999999999998,0.01277139208173691,0.18959131545338445,12.4,334.85399999999976,11.278342876389349,0.02083214332514609,0.562558590403102,6.497571060812267e-05
26,1.0,6.2,30.689999999999998,0.006385696040868455,0.1959770114942529,6.2,341.05399999999975,11.112870641902893,0.010416071662573046,0.572974662065675,1.6243927652030668e-05
73,2.3999999999999915,6.1,33.08999999999999,0.015325670498084237,0.21130268199233712,14.639999999999947,355.6939999999997,10.74928981565427,0.024595369216140136,0.5975700312818152,8.592731432352715e-05
64,2.0,5.9,35.08999999999999,0.01277139208173691,0.22407407407407404,11.8,367.4939999999997,10.47289826161299,0.019824136390058377,0.6173941676718736,4.9741202278560875e-05
88,1.0,5.1,36.08999999999999,0.006385696040868455,0.23045977011494248,5.1,372.5939999999997,10.324023275145464,0.008568058948245569,0.6259622266201191,4.762707859495491e-06
89,1.0,4.9,37.08999999999999,0.006385696040868455,0.23684546615581092,4.9,377.4939999999997,10.177783769210023,0.008232056636549665,0.6341942832566688,3.4090474492842756e-06
72,1.3500000000000085,4.6,38.44,0.00862068965517247,0.24546615581098338,6.210000000000039,383.7039999999997,9.981893860561907,0.010432871778157906,0.6446271550348267,3.284004046868007e-06
74,0.4000000000000057,4.4,38.84,0.0025542784163474185,0.2480204342273308,1.760000000000025,385.46399999999977,9.924407826982485,0.0029568203429240036,0.6475839753777507,1.6204000265198902e-07
96,1.0,4.4,39.84,0.006385696040868455,0.25440613026819925,4.4,389.86399999999975,9.785742971887544,0.007392050857309904,0.6549760262350606,1.0127500165749025e-06
87,1.0,4.3,40.84,0.006385696040868455,0.2607918263090677,4.3,394.16399999999976,9.65142017629774,0.007224049701461951,0.6622000759365225,7.028368602305144e-07
39,1.0,4.2,41.84,0.006385696040868455,0.2671775223499362,4.2,398.36399999999975,9.521128107074563,0.007056048545613999,0.6692561244821366,4.493724806186246e-07
27,1.0,3.8,42.84,0.006385696040868455,0.27356321839080466,3.8,402.16399999999976,9.387581699346399,0.006384043922222189,0.6756401684043587,2.729496021339835e-12
60,2.0,3.8,44.84,0.01277139208173691,0.28633461047254155,7.6,409.7639999999998,9.138358608385365,0.012768087844444378,0.6884082562488031,1.091798408535934e-11
33,0.8500000000000014,3.7,45.690000000000005,0.005427841634738196,0.29176245210727975,3.1450000000000053,412.90899999999976,9.037185379732977,0.00528363635141811,0.6936918926002212,2.0795163737426084e-08
91,1.1999999999999886,3.7,46.88999999999999,0.007662835249042073,0.29942528735632185,4.439999999999958,417.3489999999997,8.90059714224781,0.007459251319649013,0.7011511439198702,4.144641630711819e-08
48,1.0,3.7,47.88999999999999,0.006385696040868455,0.3058109833971903,3.7,421.0489999999997,8.792002505742321,0.006216042766374237,0.7073671866862444,2.8782233546610403e-08
69,2.0,3.6,49.88999999999999,0.01277139208173691,0.3185823754789272,7.2,428.2489999999997,8.583864501904184,0.01209608322105257,0.719463269907297,4.5604205731878206e-07
103,2.0,3.5,51.88999999999999,0.01277139208173691,0.3313537675606641,7.0,435.2489999999997,8.387916746964729,0.011760080909356664,0.7312233508166537,1.0227502873811068e-06
75,2.0,3.5,53.88999999999999,0.01277139208173691,0.344125159642401,7.0,442.2489999999997,8.20651326776767,0.011760080909356664,0.7429834317260103,1.0227502873811068e-06
23,1.0,3.4,54.88999999999999,0.006385696040868455,0.35051085568326945,3.4,445.64899999999966,8.118946984878843,0.00571203929883038,0.7486954710248407,4.5381340609335386e-07
76,2.0,3.4,56.88999999999999,0.01277139208173691,0.36328224776500634,6.8,452.44899999999967,7.9530497451221605,0.01142407859766076,0.7601195496225015,1.8152536243734155e-06
34,0.8500000000000014,3.1,57.739999999999995,0.005427841634738196,0.36871008939974453,2.6350000000000047,455.08399999999966,7.881607204710767,0.0044268304565935526,0.764546380079095,1.0020233787705279e-06
98,2.0,3.1,59.739999999999995,0.01277139208173691,0.3814814814814814,6.2,461.28399999999965,7.721526615333105,0.010416071662573046,0.7749624517416681,5.5475342769302405e-06
53,1.1200000000000045,3.1,60.86,0.007151979565772699,0.3886334610472541,3.472000000000014,464.7559999999997,7.636477160696676,0.0058330001310409295,0.780795451872709,1.7397067492453377e-06
83,4.0,2.8,64.86,0.02554278416347382,0.41417624521072793,11.2,475.9559999999997,7.3382053654024,0.018816129454970663,0.7996115813276797,4.524788356742771e-05
62,2.0,2.8,66.86,0.01277139208173691,0.4269476372924648,5.6,481.5559999999997,7.202452886628772,0.009408064727485331,0.8090196460551651,1.1311970891856927e-05
85,1.8000000000000114,2.8,68.66000000000001,0.011494252873563291,0.43844189016602814,5.040000000000031,486.5959999999997,7.087037576463729,0.008467258254736851,0.8174869043099019,9.162696422404226e-06
81,2.0,2.7,70.66000000000001,0.01277139208173691,0.451213282247765,5.4,491.9959999999997,6.962864421171803,0.009072062415789428,0.8265589667256913,1.3685039977359114e-05
84,2.0,2.6,72.66000000000001,0.01277139208173691,0.4639846743295019,5.2,497.1959999999997,6.842774566473983,0.008736060104093522,0.8352950268297848,1.6283904169791294e-05
40,1.0,2.5,73.66000000000001,0.006385696040868455,0.4703703703703704,2.5,499.6959999999997,6.783817540048868,0.0042000288961988085,0.8394950557259837,4.777140867288364e-06
101,2.0,2.5,75.66000000000001,0.01277139208173691,0.48314176245210727,5.0,504.6959999999997,6.670578905630447,0.008400057792397617,0.8478951135183813,1.9108563469153458e-05
99,2.0,2.5,77.66000000000001,0.01277139208173691,0.49591315453384416,5.0,509.6959999999997,6.563172804532573,0.008400057792397617,0.8562951713107789,1.9108563469153458e-05
43,1.0,2.5,78.66000000000001,0.006385696040868455,0.5022988505747126,2.5,512.1959999999997,6.511517925247897,0.0042000288961988085,0.8604952002069778,4.777140867288364e-06
100,2.0,2.4,80.66000000000001,0.01277139208173691,0.5150702426564495,4.8,516.9959999999996,6.409571038928831,0.008064055480701713,0.8685592556876794,2.2159017875445606e-05
58,1.0,2.4,81.66000000000001,0.006385696040868455,0.521455938697318,2.4,519.3959999999996,6.360470242468767,0.004032027740350857,0.8725912834280303,5.5397544688614015e-06
59,1.0,2.4,82.66000000000001,0.006385696040868455,0.5278416347381865,2.4,521.7959999999996,6.312557464311633,0.004032027740350857,0.8766233111683811,5.5397544688614015e-06
82,2.0,2.3,84.66000000000001,0.01277139208173691,0.5406130268199234,4.6,526.3959999999996,6.217765178360495,0.007728053169005808,0.8843513643373869,2.543526738866774e-05
95,1.0,2.3,85.66000000000001,0.006385696040868455,0.5469987228607919,2.3,528.6959999999996,6.172028951669385,0.003864026584502904,0.8882153909218898,6.358816847166935e-06
42,1.0,2.2,86.66000000000001,0.006385696040868455,0.5533844189016603,2.2,530.8959999999996,6.126194322640198,0.003696025428654952,0.8919114163505448,7.234328002204961e-06
80,2.0,2.1,88.66000000000001,0.01277139208173691,0.5661558109833973,4.2,535.0959999999997,6.035371080532366,0.007056048545613999,0.8989674648961589,3.2665151735901946e-05
79,2.0,2.1,90.66000000000001,0.01277139208173691,0.5789272030651342,4.2,539.2959999999997,5.94855504081182,0.007056048545613999,0.9060235134417729,3.2665151735901946e-05
47,1.0,2.1,91.66000000000001,0.006385696040868455,0.5853128991060027,2.1,541.3959999999997,5.906567750381842,0.0035280242728069995,0.9095515377145799,8.166287933975487e-06
63,2.0,2.0,93.66000000000001,0.01277139208173691,0.5980842911877396,4.0,545.3959999999997,5.823147554986116,0.0067200462339180944,0.916271583948498,3.661878656991403e-05
78,2.0,2.0,95.66000000000001,0.01277139208173691,0.6108556832694766,4.0,549.3959999999997,5.743215555090944,0.0067200462339180944,0.922991630182416,3.661878656991403e-05
35,1.0,2.0,96.66000000000001,0.006385696040868455,0.6172413793103451,2.0,551.3959999999997,5.704489964825157,0.0033600231169590472,0.9263516532993751,9.154696642478507e-06
86,1.0,2.0,97.66000000000001,0.006385696040868455,0.6236270753512135,2.0,553.3959999999997,5.666557444194139,0.0033600231169590472,0.9297116764163341,9.154696642478507e-06
94,1.3300000000000125,1.6,98.99000000000002,0.008492975734355125,0.6321200510855687,2.12800000000002,555.5239999999998,5.611920395999593,0.00357506459644446,0.9332867410127785,2.418584996038577e-05
77,2.0,1.6,100.99000000000002,0.01277139208173691,0.6448914431673056,3.2,558.7239999999998,5.532468561243684,0.0053760369871344756,0.938662777999913,5.4691276975262186e-05
7,2.0,1.5,102.99000000000002,0.01277139208173691,0.6576628352490426,3.0,561.7239999999998,5.454160598116319,0.00504003467543857,0.9437028126753516,5.977388734392419e-05
49,1.0,1.4,103.99000000000002,0.006385696040868455,0.664048531289911,1.4,563.1239999999998,5.415174536013075,0.002352016181871333,0.9460548288572229,1.6270573204879044e-05
41,1.0,1.4,104.99000000000002,0.006385696040868455,0.6704342273307795,1.4,564.5239999999998,5.376931136298691,0.002352016181871333,0.9484068450390942,1.6270573204879044e-05
24,1.0,1.4,105.99000000000002,0.006385696040868455,0.676819923371648,1.4,565.9239999999998,5.339409378243227,0.002352016181871333,0.9507588612209655,1.6270573204879044e-05
46,1.0,1.3,106.99000000000002,0.006385696040868455,0.6832056194125165,1.3,567.2239999999997,5.301654360220577,0.0021840150260233806,0.9529428762469889,1.7654123350509532e-05
28,1.0,1.3,107.99000000000002,0.006385696040868455,0.6895913154533849,1.3,568.5239999999997,5.264598573942028,0.0021840150260233806,0.9551268912730123,1.7654123350509532e-05
45,1.0,1.2,108.99000000000002,0.006385696040868455,0.6959770114942534,1.2,569.7239999999997,5.227305257363057,0.0020160138701754283,0.9571429051431878,1.909412227287253e-05
25,1.0,1.2,109.99000000000002,0.006385696040868455,0.7023627075351219,1.2,570.9239999999998,5.190690062732973,0.0020160138701754283,0.9591589190133633,1.909412227287253e-05
50,1.0,1.2,110.99000000000002,0.006385696040868455,0.7087484035759903,1.2,572.1239999999998,5.154734660780248,0.0020160138701754283,0.9611749328835387,1.909412227287253e-05
44,1.0,1.1,111.99000000000002,0.006385696040868455,0.7151340996168588,1.1,573.2239999999998,5.118528440039286,0.001848012714327476,0.9630229455978662,2.0590569971968004e-05
51,1.1200000000000045,1.0,113.11000000000003,0.007151979565772699,0.7222860791826315,1.1200000000000045,574.3439999999998,5.077747325612233,0.001881612945497074,0.9649045585433632,2.777676431211551e-05
52,1.1199999999999903,0.9,114.23000000000002,0.007151979565772608,0.7294380587484042,1.0079999999999913,575.3519999999999,5.036785432898536,0.0016934516509473452,0.9665980101943106,2.9795526996926636e-05
11,2.0,0.9,116.23000000000002,0.01277139208173691,0.7422094508301411,1.8,577.1519999999998,4.9656026843327865,0.0030240208052631423,0.9696220309995737,9.501124680142586e-05
29,1.0,0.9,117.23000000000002,0.006385696040868455,0.7485951468710096,0.9,578.0519999999998,4.930922118911539,0.0015120104026315711,0.9711340414022053,2.3752811700356464e-05
22,1.0,0.9,118.23000000000002,0.006385696040868455,0.7549808429118781,0.9,578.9519999999998,4.896828216188782,0.0015120104026315711,0.9726460518048369,2.3752811700356464e-05
8,2.0,0.9,120.23000000000002,0.01277139208173691,0.767752234993615,1.8,580.7519999999997,4.830341844797468,0.0030240208052631423,0.9756700726101,9.501124680142586e-05
12,2.0,0.7,122.23000000000002,0.01277139208173691,0.780523627075352,1.4,582.1519999999997,4.762758733535136,0.002352016181871333,0.9780220887919713,0.00010856339414269964
36,1.0,0.7,123.23000000000002,0.006385696040868455,0.7869093231162204,0.7,582.8519999999997,4.729789823906514,0.0011760080909356664,0.9791980968829069,2.714084853567491e-05
17,2.0,0.6,125.23000000000002,0.01277139208173691,0.7996807151979574,1.2,584.0519999999998,4.663834544438231,0.0020160138701754283,0.9812141107530824,0.00011567816047373147
16,2.0,0.6,127.23000000000002,0.01277139208173691,0.8124521072796943,1.2,585.2519999999998,4.599952841311009,0.0020160138701754283,0.9832301246232579,0.00011567816047373147
9,2.0,0.6,129.23000000000002,0.01277139208173691,0.8252234993614312,1.2,586.4519999999999,4.538048440764527,0.0020160138701754283,0.9852461384934333,0.00011567816047373147
93,0.7699999999999818,0.6,130.0,0.0049169859514685945,0.8301404853128999,0.4619999999999891,586.9139999999999,4.514723076923076,0.0007761653400175215,0.9860223038334509,1.7146395336218035e-05
15,2.0,0.5,132.0,0.01277139208173691,0.8429118773946368,1.0,587.9139999999999,4.4538939393939385,0.0016800115584795236,0.9877023153919304,0.00012301872191169331
6,2.0,0.4,134.0,0.01277139208173691,0.8556832694763737,0.8,588.7139999999998,4.393388059701492,0.0013440092467836189,0.989046324638714,0.00013058507845658513
3,2.0,0.4,136.0,0.01277139208173691,0.8684546615581107,0.8,589.5139999999998,4.3346617647058805,0.0013440092467836189,0.9903903338854976,0.00013058507845658513
14,2.0,0.4,138.0,0.01277139208173691,0.8812260536398476,0.8,590.3139999999997,4.277637681159418,0.0013440092467836189,0.9917343431322811,0.00013058507845658513
4,2.0,0.4,140.0,0.01277139208173691,0.8939974457215846,0.8,591.1139999999997,4.222242857142855,0.0013440092467836189,0.9930783523790647,0.00013058507845658513
19,2.0,0.4,142.0,0.01277139208173691,0.9067688378033215,0.8,591.9139999999996,4.168408450704223,0.0013440092467836189,0.9944223616258483,0.00013058507845658513
13,2.0,0.3,144.0,0.01277139208173691,0.9195402298850585,0.6,592.5139999999997,4.1146805555555535,0.0010080069350877142,0.995430368560936,0.00013837723010840693
5,2.0,0.3,146.0,0.01277139208173691,0.9323116219667954,0.6,593.1139999999997,4.062424657534245,0.0010080069350877142,0.9964383754960238,0.00013837723010840693
2,2.0,0.2,148.0,0.01277139208173691,0.9450830140485323,0.4,593.5139999999997,4.010229729729727,0.0006720046233918094,0.9971103801194156,0.0001463951768671587
1,2.0,0.2,150.0,0.01277139208173691,0.9578544061302693,0.4,593.9139999999996,3.959426666666664,0.0006720046233918094,0.9977823847428073,0.0001463951768671587
10,2.0,0.2,152.0,0.01277139208173691,0.9706257982120062,0.4,594.3139999999996,3.909960526315787,0.0006720046233918094,0.9984543893661991,0.0001463951768671587
18,2.0,0.2,154.0,0.01277139208173691,0.9833971902937432,0.4,594.7139999999996,3.8617792207792183,0.0006720046233918094,0.9991263939895909,0.0001463951768671587
0,2.5999999999999996,0.2,156.6,0.01660280970625798,1.000000000000001,0.5199999999999999,595.2339999999996,3.8009833971902913,0.0008736060104093521,1.0000000000000002,0.00024740784890549814
