,weight,grade,cml_weight,weight_pct,cml_weight_pct,yield,cml_yield,cml_grade,recovery,cml_recovery,distributional_heterogeneity
127,1.0,462.9,1.0,0.005062265870203504,0.005062265870203504,462.9,462.9,462.9,0.2597660590307005,0.2597660590307005,0.06487402225034523
42,1.1700000000000017,145.0,2.1700000000000017,0.005922851068138109,0.010985116938341612,169.65000000000026,632.5500000000002,291.49769585253443,0.0952026612973826,0.3549687203280831,0.00797088451456991
41,1.0399999999999991,53.0,3.210000000000001,0.00526475650501164,0.01624987344335325,55.119999999999955,687.6700000000002,214.22741433021807,0.03093174589278937,0.38590046622087243,0.0006587943442322948
112,2.0,51.6,5.210000000000001,0.010124531740407007,0.02637440518376026,103.2,790.8700000000002,151.79846449136278,0.057912847897965636,0.44381331411883806,0.002283723161174779
54,1.0,46.7,6.210000000000001,0.005062265870203504,0.03143667105396376,46.7,837.5700000000003,134.87439613526573,0.026206686015842976,0.47002000013468104,0.0004470865032953246
47,1.2100000000000009,42.8,7.420000000000002,0.006125341702946244,0.037562012756910006,51.78800000000003,889.3580000000003,119.85956873315365,0.029061924098254324,0.49908192423293535,0.0005260868119767567
23,1.5499999999999972,37.8,8.969999999999999,0.007846512098815418,0.04540852485572543,58.58999999999989,947.9480000000002,105.67982162764775,0.032879009286257754,0.531960933519193,0.0006266259154393085
49,1.0,37.2,9.969999999999999,0.005062265870203504,0.05047079072592893,37.2,985.1480000000003,98.81123370110335,0.020875561451592264,0.5528364949707854,0.0002500603171443694
61,0.20999999999999375,36.8,10.179999999999993,0.0010630758327427041,0.051533866558671634,7.72799999999977,992.876,97.53202357563858,0.004336729540266135,0.5571732245110514,1.07168085967819e-05
64,0.5,36.6,10.679999999999993,0.002531132935101752,0.054064999493773386,18.3,1011.1759999999999,94.67940074906373,0.010269429423767162,0.5674426539348186,5.988123254649143e-05
116,0.4200000000000159,30.9,11.100000000000009,0.0021261516654855523,0.05619115115925894,12.978000000000492,1024.1540000000005,92.2661261261261,0.007282877325773512,0.5747255312605921,2.6591819535472305e-05
72,0.6199999999999903,26.8,11.719999999999999,0.0031386048395261237,0.059329755998785066,16.61599999999974,1040.7700000000002,88.80290102389081,0.009324417448377732,0.5840499487089699,3.826427763182756e-05
126,1.0,24.8,12.719999999999999,0.005062265870203504,0.06439202186898857,24.8,1065.5700000000002,83.77122641509436,0.013917040967728176,0.597966989676698,7.840704202774309e-05
2,1.0,21.9,13.719999999999999,0.005062265870203504,0.06945428773919207,21.9,1087.4700000000003,79.2616618075802,0.012289645048114799,0.6102566347248128,5.223500978130577e-05
63,0.9000000000000057,20.9,14.620000000000005,0.004556039283183182,0.07401032702237526,18.810000000000116,1106.2800000000004,75.66894664842683,0.010555626637216476,0.6208122613620293,3.599504841867624e-05
12,1.25,20.6,15.870000000000005,0.00632783233775438,0.08033815936012964,25.75,1132.0300000000004,71.3314429741651,0.014450153424153248,0.6352624147861825,6.59720998305597e-05
55,1.0,19.1,16.870000000000005,0.005062265870203504,0.08540042523033314,19.1,1151.1300000000003,68.23532898636633,0.01071836622917775,0.6459807810153603,3.199147127078859e-05
101,1.0,18.3,17.870000000000005,0.005062265870203504,0.09046269110053665,18.3,1169.4300000000003,65.44096250699496,0.010269429423767162,0.6562502104391275,2.7114552273561713e-05
51,0.8100000000000023,14.7,18.680000000000007,0.00410043535486485,0.09456312645540149,11.907000000000032,1181.3370000000002,63.24073875802997,0.006681863177529832,0.6629320736166573,6.663769603628877e-06
137,2.0,14.5,20.680000000000007,0.010124531740407007,0.1046876581958085,29.0,1210.3370000000002,58.52693423597678,0.016273959196133753,0.679206032812791,3.781545803324593e-05
57,1.7999999999999972,13.6,22.480000000000004,0.009112078566366293,0.1137997367621748,24.47999999999996,1234.8170000000002,54.92958185053381,0.01373746624556392,0.692943499058355,2.139421118287321e-05
9,0.8499999999999996,13.4,23.330000000000005,0.004302925989672976,0.11810266275184778,11.389999999999995,1246.2070000000003,53.416502357479644,0.00639173776703322,0.6993352368253881,4.363134641238861e-06
24,1.4500000000000028,12.4,24.78000000000001,0.007340285511795095,0.12544294826364288,17.980000000000036,1264.1870000000004,51.01642453591606,0.010089854701602948,0.7094250915269911,7.560130729540611e-06
142,1.0,12.3,25.78000000000001,0.005062265870203504,0.1305052141338464,12.3,1276.4870000000003,49.51462373933281,0.006902403383187765,0.7163274949101789,3.3861060666919025e-06
43,1.009999999999998,12.3,26.790000000000006,0.005112888528905529,0.13561810266275193,12.422999999999977,1288.9100000000003,48.111608809257184,0.006971427417019629,0.7232989223271985,3.454166798632396e-06
109,1.0,11.4,27.790000000000006,0.005062265870203504,0.14068036853295543,11.4,1300.3100000000004,46.790572148254775,0.0063973494771008554,0.7296962718042994,1.782448237406042e-06
120,1.0,11.3,28.790000000000006,0.005062265870203504,0.14574263440315893,11.3,1311.6100000000004,45.55783258075721,0.006341232376424532,0.7360375041807239,1.635755324035224e-06
53,1.0999999999999943,10.8,29.89,0.005568492457223826,0.15131112686038276,11.879999999999939,1323.4900000000002,44.27868852459017,0.006666711560347172,0.742704215741071,1.20608519846505e-06
29,0.970000000000006,10.6,30.860000000000007,0.004910397894097429,0.15622152475448017,10.282000000000062,1333.7720000000004,43.2200907323396,0.005769960291539596,0.7484741760326107,7.388475150965262e-07
102,1.0,10.5,31.860000000000007,0.005062265870203504,0.16128379062468368,10.5,1344.2720000000004,42.193094789704965,0.005892295571013945,0.7543664716036246,6.889493042274713e-07
50,1.5700000000000003,10.1,33.43000000000001,0.007947757416219503,0.16923154804090318,15.857000000000003,1360.1290000000004,40.68588094525875,0.008898488654244585,0.7632649602578692,9.038898869567072e-07
100,1.0,9.6,34.43000000000001,0.005062265870203504,0.17429381391110668,9.6,1369.7290000000003,39.783009003775774,0.005387241664927035,0.7686522019227962,1.0560926715619112e-07
0,1.04,9.6,35.470000000000006,0.005264756505011644,0.17955857041611833,9.984,1379.7130000000002,38.898026501268674,0.005602731331524117,0.7742549332543203,1.1422698335613634e-07
86,1.0999999999999943,9.4,36.57,0.005568492457223826,0.18512706287334216,10.339999999999947,1390.053,38.010746513535686,0.005802508209931798,0.780057441464252,5.476337251547918e-08
99,1.0,9.2,37.57,0.005062265870203504,0.19018932874354566,9.2,1399.2530000000002,37.24389140271494,0.005162773262221742,0.7852202147264737,1.010173585030787e-08
52,1.0,9.0,38.57,0.005062265870203504,0.19525159461374916,9.0,1408.2530000000002,36.511615245009075,0.005050539060869096,0.7902707537873428,1.3751805716555158e-10
60,1.0,8.8,39.57,0.005062265870203504,0.20031386048395267,8.8,1417.053,35.81129643669447,0.0049383048595164495,0.7952090586468592,1.536633217055589e-08
65,0.8999999999999915,7.8,40.46999999999999,0.00455603928318311,0.20486989976713577,7.019999999999933,1424.073,35.18836174944404,0.0039394204674778575,0.7991484791143371,3.802187638817485e-07
11,1.1000000000000014,7.5,41.56999999999999,0.005568492457223862,0.21043839222435962,8.25000000000001,1432.323,34.45568919894155,0.0046296608057966775,0.8037781399201337,8.814048697214935e-07
66,1.2000000000000028,7.5,42.769999999999996,0.0060747190442442195,0.21651311126860384,9.000000000000021,1441.323,33.69939209726444,0.005050539060869108,0.8088286789810029,1.0489446383462425e-06
98,1.0,7.3,43.769999999999996,0.005062265870203504,0.22157537713880734,7.3,1448.623,33.096253141421066,0.0040965483493715996,0.8129252273303744,9.326103300417186e-07
35,1.0,6.7,44.769999999999996,0.005062265870203504,0.22663764300901085,6.7,1455.323,32.50665624301988,0.0037598457453136606,0.816685073075688,1.6962981817180752e-06
46,1.0999999999999943,6.4,45.86999999999999,0.005568492457223826,0.23220613546623467,7.039999999999964,1462.363,31.880597340309578,0.0039506438876131394,0.8206357169633012,2.617433994191343e-06
104,1.0,6.4,46.86999999999999,0.005062265870203504,0.23726840133643817,6.4,1468.7630000000001,31.33695327501601,0.003591494443284691,0.8242272114065858,2.163168590240802e-06
140,2.0,6.1,48.86999999999999,0.010124531740407007,0.24739293307684518,12.2,1480.9630000000002,30.30413341518315,0.0068462862825114405,0.8310734976890973,1.0746893282212914e-05
70,1.980000000000004,6.0,50.849999999999994,0.010023286423002958,0.25741621949984816,11.880000000000024,1492.8430000000003,29.357777777777788,0.00666671156034722,0.8377402092494446,1.1266594808612385e-05
103,1.0,5.5,51.849999999999994,0.005062265870203504,0.2624784853700517,5.5,1498.3430000000003,28.897647058823537,0.003086440537197781,0.8408266497866423,3.903885746547176e-06
40,1.1000000000000014,5.3,52.949999999999996,0.005568492457223862,0.26804697782727555,5.830000000000007,1504.1730000000002,28.407422096317287,0.0032716269694296517,0.844098276756072,5.275591069020132e-06
105,1.0,5.3,53.949999999999996,0.005062265870203504,0.2731092436974791,5.3,1509.4730000000002,27.979110287303065,0.0029742063358451343,0.8470724830919171,4.359992619024891e-06
111,1.0,5.2,54.949999999999996,0.005062265870203504,0.2781715095676826,5.2,1514.6730000000002,27.564567788899005,0.002918089235168811,0.8499905723270859,4.597493442228698e-06
73,1.6800000000000068,4.7,56.63,0.008504606661941921,0.2866761162296245,7.896000000000033,1522.5690000000002,26.88626169874625,0.004431006269402505,0.8544215785964884,1.6594220158097286e-05
62,1.0400000000000063,4.7,57.67000000000001,0.0052647565050116755,0.2919408727346362,4.888000000000029,1527.457,26.486162649557826,0.0027430038810586986,0.8571645824775471,6.359236296413723e-06
48,1.0100000000000051,4.5,58.680000000000014,0.005112888528905565,0.29705376126354177,4.545000000000023,1532.0020000000002,26.107736877982273,0.0025505222257389062,0.859715104703286,6.565721071603968e-06
18,1.2800000000000011,4.4,59.960000000000015,0.006479700313860491,0.30353346157740224,5.632000000000006,1537.6340000000002,25.644329553035355,0.003160515110090531,0.8628756198133766,1.1016990416925431e-05
26,1.2000000000000028,4.2,61.16000000000002,0.0060747190442442195,0.30960818062164647,5.0400000000000125,1542.6740000000002,25.223577501635052,0.0028283018740867007,0.8657039216874632,1.053922444269355e-05
85,1.0,4.1,62.16000000000002,0.005062265870203504,0.31467044649185,4.1,1546.7740000000001,24.883751608751602,0.0023008011277292546,0.8680047228151925,7.625687523928372e-06
25,0.7999999999999972,4.1,62.960000000000015,0.004049812696162789,0.3187202591880128,3.2799999999999883,1550.054,24.619663278271915,0.0018406409021833974,0.8698453637173759,4.880440015314124e-06
44,1.0200000000000031,4.0,63.98000000000002,0.00516351118760759,0.3238837703756204,4.0800000000000125,1554.134,24.290934667083455,0.0022895777075939974,0.8721349414249698,8.25949364754304e-06
56,0.8400000000000034,3.9,64.82000000000002,0.0042523033309709605,0.32813607370659137,3.276000000000013,1557.41,24.026689293427946,0.0018383962181563584,0.8739733376431262,5.826947549296928e-06
36,1.8699999999999974,3.7,66.69000000000003,0.00946643717728054,0.3376025108838719,6.918999999999991,1564.3290000000002,23.456725146198824,0.003882742195794803,0.877856079838921,3.117764964626899e-05
30,0.7299999999999969,3.7,67.42000000000002,0.003695454085248542,0.3412979649691204,2.7009999999999885,1567.0300000000002,23.242806288935032,0.0015157228892674855,0.8793718027281885,4.751228086733007e-06
59,1.25,3.7,68.67000000000002,0.00632783233775438,0.34762579730687476,4.625,1571.6550000000002,22.88706858890345,0.002595415906279952,0.8819672186344685,1.3930932417940302e-05
128,1.0,3.6,69.67000000000002,0.005062265870203504,0.3526880631770783,3.6,1575.255,22.6102339600976,0.0020202156243476384,0.8839874342588161,9.254069698311733e-06
110,1.0,3.6,70.67000000000002,0.005062265870203504,0.3577503290472818,3.6,1578.855,22.341233904061124,0.0020202156243476384,0.8860076498831637,9.254069698311733e-06
67,1.0,3.6,71.67000000000002,0.005062265870203504,0.36281259491748535,3.6,1582.455,22.0797404771871,0.0020202156243476384,0.8880278655075113,9.254069698311733e-06
37,1.1300000000000026,3.6,72.80000000000001,0.0057203604333299725,0.3685329553508153,4.068000000000009,1586.523,21.792898351648347,0.002282843655512837,0.8903107091630241,1.1816521597774306e-05
143,1.3799999999999955,3.5,74.18,0.006985926900880813,0.3755188822516961,4.829999999999984,1591.3529999999998,21.45258829873281,0.002710455962666406,0.8930211651256905,1.8279651743515977e-05
84,1.0,3.4,75.18,0.005062265870203504,0.38058114812189964,3.4,1594.753,21.212463421122635,0.0019079814229949917,0.8949291465486855,9.949510373901508e-06
132,2.0,3.3,77.18,0.010124531740407007,0.39070567986230664,6.6,1601.3529999999998,20.748289712360712,0.003703728644637337,0.8986328751933228,4.122671239464539e-05
79,2.0900000000000034,3.3,79.27000000000001,0.01058013566872534,0.401285815531032,6.897000000000011,1608.2499999999998,20.288255329885196,0.0038703964336460235,0.9025032716269689,4.502060060276278e-05
138,2.0,3.2,81.27000000000001,0.010124531740407007,0.411410347271439,6.4,1614.6499999999999,19.867724867724863,0.003591494443284691,0.9060947660702535,4.268057632559127e-05
80,0.9099999999999966,3.2,82.18,0.004606661941885171,0.4160170092133242,2.9119999999999893,1617.562,19.683158919445116,0.0016341299716945282,0.9077288960419481,8.835946313805467e-06
129,2.0,3.2,84.18,0.010124531740407007,0.4261415409537312,6.4,1623.962,19.291541933951056,0.003591494443284691,0.9113203904852327,4.268057632559127e-05
10,1.799999999999999,3.1,85.98,0.009112078566366302,0.4352536195200975,5.5799999999999965,1629.542,18.952570365201208,0.0031313342177388378,0.9144517247029715,3.576930296363936e-05
45,0.990000000000002,3.1,86.97,0.005011643211501479,0.440265262731599,3.069000000000006,1632.6109999999999,18.772116821892606,0.001722233819756365,0.9161739585227279,1.0820214146500962e-05
3,1.0,3.1,87.97,0.005062265870203504,0.4453275286018025,3.1,1635.7109999999998,18.593963851312946,0.001739630120966022,0.9179135886436939,1.1039908322110925e-05
119,1.0,3.1,88.97,0.005062265870203504,0.45038979447200606,3.1,1638.8109999999997,18.419815668202762,0.001739630120966022,0.9196532187646599,1.1039908322110925e-05
81,1.0,3.1,89.97,0.005062265870203504,0.4554520603422096,3.1,1641.9109999999996,18.249538735133928,0.001739630120966022,0.9213928488856259,1.1039908322110925e-05
28,1.2999999999999972,3.1,91.27,0.006580945631264541,0.46203300597347413,4.029999999999991,1645.9409999999996,18.033756984770456,0.002261519157255824,0.9236543680428817,1.8657445064367384e-05
1,1.0,3.0,92.27,0.005062265870203504,0.46709527184367766,3.0,1648.9409999999996,17.870824753440985,0.0016835130202896987,0.9253378810631714,1.141597082080066e-05
139,2.0,2.9,94.27,0.010124531740407007,0.47721980358408467,5.8,1654.7409999999995,17.553208868144687,0.0032547918392267505,0.9285926729023981,4.719332630986813e-05
123,1.0,2.9,95.27,0.005062265870203504,0.4822820694542882,2.9,1657.6409999999996,17.399401700430353,0.0016273959196133753,0.9302200688220115,1.1798331577467033e-05
13,1.0,2.8,96.27,0.005062265870203504,0.48734433532449173,2.8,1660.4409999999996,17.24775111665108,0.001571278818937052,0.9317913476409485,1.2186990592110038e-05
71,1.7000000000000028,2.7,97.97,0.008605851979345972,0.4959501873038377,4.590000000000008,1665.0309999999995,16.995314892313967,0.0025757749210432433,0.9343671225619917,3.636182932906887e-05
58,2.0,2.6,99.97,0.010124531740407007,0.5060747190442447,5.2,1670.2309999999995,16.707322196658993,0.002918089235168811,0.9372852117971605,5.193281358130379e-05
16,1.259999999999998,2.5,101.22999999999999,0.006378454996456405,0.5124531740407011,3.149999999999995,1673.3809999999996,16.530485034080804,0.0017676886713041808,0.9390529004684647,2.1259166105157743e-05
31,1.0,2.5,102.22999999999999,0.005062265870203504,0.5175154399109047,2.5,1675.8809999999996,16.393240731683456,0.0014029275169080823,0.9404558279853727,1.3390757183898848e-05
32,1.0,2.4,103.22999999999999,0.005062265870203504,0.5225777057811082,2.4,1678.2809999999997,16.25768671897704,0.0013468104162317588,0.9418026384016045,1.3804609230448384e-05
106,1.0,2.3,104.22999999999999,0.005062265870203504,0.5276399716513117,2.3,1680.5809999999997,16.123774345198118,0.0012906933155554356,0.9430933317171599,1.4224759534974557e-05
34,1.0,2.3,105.22999999999999,0.005062265870203504,0.5327022375215152,2.3,1682.8809999999996,15.992407108239094,0.0012906933155554356,0.9443840250327153,1.4224759534974557e-05
131,2.0,2.2,107.22999999999999,0.010124531740407007,0.5428267692619223,4.4,1687.2809999999997,15.735158071435231,0.0024691524297582247,0.9468531774624735,5.860483238990944e-05
146,1.0,2.1,108.22999999999999,0.005062265870203504,0.5478890351321258,2.1,1689.3809999999996,15.609174905294278,0.0011784591142027891,0.9480316365766763,1.5083954917956797e-05
14,1.0300000000000011,2.1,109.25999999999999,0.0052141338463096145,0.5531031689784355,2.1630000000000025,1691.5439999999996,15.481823174080175,0.0012138128876288741,0.9492454494643052,1.6002567772460405e-05
15,1.0,2.1,110.25999999999999,0.005062265870203504,0.558165434848639,2.1,1693.6439999999996,15.360457101396696,0.0011784591142027891,0.950423908578508,1.5083954917956797e-05
118,1.0,2.0,111.25999999999999,0.005062265870203504,0.5632277007188425,2.0,1695.6439999999996,15.24037389897537,0.0011223420135264657,0.9515462505920345,1.5522999996412867e-05
107,1.0500000000000114,1.9,112.31,0.005315379163713736,0.5685430798825563,1.9950000000000214,1697.6389999999997,15.115653103018428,0.0011195361584926617,0.9526657867505272,1.7605098524462618e-05
38,1.0,1.9,113.31,0.005062265870203504,0.5736053457527598,1.9,1699.5389999999998,14.99902038655017,0.0010662249128501424,0.9537320116633773,1.596834333284557e-05
39,1.2299999999999969,1.9,114.53999999999999,0.006226587020350294,0.5798319327731101,2.336999999999994,1701.8759999999997,14.858355159769511,0.0013114566428056719,0.9550434683061829,2.415850662826194e-05
69,1.5799999999999983,1.9,116.11999999999999,0.007998380074921528,0.5878303128480316,3.0019999999999967,1704.8779999999997,14.68203582500861,0.0016846353623032233,0.9567281036684862,3.9863372296115595e-05
27,1.0,1.8,117.11999999999999,0.005062265870203504,0.5928925787182351,1.8,1706.6779999999997,14.57204576502732,0.0010101078121738192,0.95773821148066,1.6419984927254907e-05
33,1.0,1.8,118.11999999999999,0.005062265870203504,0.5979548445884386,1.8,1708.4779999999996,14.463918049441244,0.0010101078121738192,0.9587483192928338,1.6419984927254907e-05
8,0.5,1.8,118.61999999999999,0.002531132935101752,0.6004859775235404,0.9,1709.3779999999997,14.410537851964254,0.0005050539060869096,0.9592533731989207,4.104996231813727e-06
108,0.9499999999999886,1.8,119.56999999999998,0.004809152576693271,0.6052951301002336,1.7099999999999795,1711.0879999999997,14.310345404365643,0.0009596024215651167,0.9602129756204858,1.48190363968472e-05
125,1.0,1.7,120.56999999999998,0.005062265870203504,0.6103573959704371,1.7,1712.7879999999998,14.205755992369578,0.0009539907114974958,0.9611669663319833,1.6877924779640877e-05
17,1.4299999999999997,1.7,121.99999999999997,0.007239040194391009,0.6175964361648282,2.4309999999999996,1715.2189999999998,14.059172131147543,0.001364206717441419,0.9625311730494247,3.451366838188762e-05
22,2.0,1.7,123.99999999999997,0.010124531740407007,0.6277209679052352,3.4,1718.619,13.859830645161292,0.0019079814229949917,0.9644391544724197,6.751169911856351e-05
130,2.0,1.6,125.99999999999997,0.010124531740407007,0.6378454996456423,3.2,1721.819,13.66523015873016,0.0017957472216423454,0.966234901694062,6.936865156001393e-05
117,0.6999999999999886,1.6,126.69999999999996,0.0035435861091423953,0.6413890857547847,1.119999999999982,1722.9389999999999,13.598571428571432,0.0006285115275748107,0.9668634132216368,8.49765981610143e-06
145,1.329999999999984,1.6,128.02999999999994,0.00673281360737058,0.6481218993621553,2.127999999999975,1725.0669999999998,13.473927985628373,0.0011941719023921453,0.968057585124029,3.0676551936126424e-05
68,1.4399999999999977,1.5,129.46999999999994,0.007289662853093034,0.6554115622152483,2.1599999999999966,1727.2269999999999,13.340750753070214,0.001212129374608581,0.9692697144986375,3.693641318209934e-05
20,1.0,1.5,130.46999999999994,0.005062265870203504,0.6604738280854519,1.5,1728.7269999999999,13.249996167701392,0.0008417565101448494,0.9701114710087824,1.7812699258342715e-05
21,2.0,1.5,132.46999999999994,0.010124531740407007,0.6705983598258589,3.0,1731.7269999999999,13.072597569260969,0.0016835130202896987,0.971794984029072,7.125079703337086e-05
5,1.0,1.4,133.46999999999994,0.005062265870203504,0.6756606256960624,1.4,1733.127,12.985142728703085,0.000785639409468526,0.9725806234385406,1.8289533884658583e-05
121,1.0,1.4,134.46999999999994,0.005062265870203504,0.680722891566266,1.4,1734.527,12.898988621997477,0.000785639409468526,0.9733662628480091,1.8289533884658583e-05
115,0.8799999999999955,1.4,135.34999999999994,0.00445479396577906,0.685177685532045,1.2319999999999935,1735.759,12.824226080531961,0.0006913626803322993,0.9740576255283414,1.416341504027946e-05
87,0.9000000000000057,1.4,136.24999999999994,0.004556039283183182,0.6897337248152282,1.2600000000000078,1737.019,12.748763302752298,0.0007070754685216778,0.9747647009968631,1.481452244657364e-05
122,1.0,1.4,137.24999999999994,0.005062265870203504,0.6947959906854317,1.4,1738.419,12.666076502732246,0.000785639409468526,0.9755503404063316,1.8289533884658583e-05
4,1.0,1.3,138.24999999999994,0.005062265870203504,0.6998582565556353,1.3,1739.719,12.58386256781194,0.0007295223087922028,0.9762798627151238,1.8772666768951086e-05
94,2.0,1.3,140.24999999999994,0.010124531740407007,0.7099827882960423,2.6,1742.319,12.422951871657759,0.0014590446175844055,0.9777389073327082,7.509066707580435e-05
124,1.0,1.3,141.24999999999994,0.005062265870203504,0.7150450541662459,1.3,1743.619,12.344205309734518,0.0007295223087922028,0.9784684296415004,1.8772666768951086e-05
113,1.0,1.3,142.24999999999994,0.005062265870203504,0.7201073200364494,1.3,1744.9189999999999,12.266565905096664,0.0007295223087922028,0.9791979519502926,1.8772666768951086e-05
19,1.0,1.3,143.24999999999994,0.005062265870203504,0.7251695859066529,1.3,1746.2189999999998,12.190010471204191,0.0007295223087922028,0.9799274742590848,1.8772666768951086e-05
7,1.0,1.2,144.24999999999994,0.005062265870203504,0.7302318517768565,1.2,1747.4189999999999,12.113823223570195,0.0006734052081158794,0.9806008794672006,1.926209791122022e-05
93,2.0,1.2,146.24999999999994,0.010124531740407007,0.7403563835172635,2.4,1749.819,11.964574358974364,0.0013468104162317588,0.9819476898834324,7.704839164488089e-05
6,1.0,1.2,147.24999999999994,0.005062265870203504,0.745418649387467,1.2,1751.019,11.891470288624792,0.0006734052081158794,0.9826210950915483,1.926209791122022e-05
83,1.0,1.2,148.24999999999994,0.005062265870203504,0.7504809152576706,1.2,1752.219,11.819352445193934,0.0006734052081158794,0.9832945002996641,1.926209791122022e-05
90,2.0,1.1,150.24999999999994,0.010124531740407007,0.7606054469980776,2.2,1754.419,11.67666555740433,0.0012345762148791124,0.9845290765145432,7.903130924586398e-05
91,2.0,1.1,152.24999999999994,0.010124531740407007,0.7707299787384847,2.2,1756.6190000000001,11.53772742200329,0.0012345762148791124,0.9857636527294223,7.903130924586398e-05
95,2.0,1.1,154.24999999999994,0.010124531740407007,0.7808545104788918,2.2,1758.8190000000002,11.4023922204214,0.0012345762148791124,0.9869982289443014,7.903130924586398e-05
96,2.0,1.1,156.24999999999994,0.010124531740407007,0.7909790422192988,2.2,1761.0190000000002,11.270521600000006,0.0012345762148791124,0.9882328051591805,7.903130924586398e-05
155,1.5,1.0,157.74999999999994,0.007593398805305256,0.7985724410246041,1.5,1762.5190000000002,11.172862123613317,0.0008417565101448494,0.9890745616693254,4.558467368179888e-05
114,1.0,1.0,158.74999999999994,0.005062265870203504,0.8036347068948076,1.0,1763.5190000000002,11.10878110236221,0.0005611710067632328,0.9896357326760886,2.0259854969688393e-05
92,2.0,1.0,160.74999999999994,0.010124531740407007,0.8137592386352147,2.0,1765.5190000000002,10.983010886469678,0.0011223420135264657,0.9907580746896151,8.103941987875357e-05
82,1.0,1.0,161.74999999999994,0.005062265870203504,0.8188215045054182,1.0,1766.5190000000002,10.92129211746523,0.0005611710067632328,0.9913192456963783,2.0259854969688393e-05
88,2.0,0.9,163.74999999999994,0.010124531740407007,0.8289460362458253,1.8,1768.3190000000002,10.798894656488555,0.0010101078121738192,0.9923293535085521,8.307272354354971e-05
148,1.039999999999992,0.9,164.78999999999994,0.0052647565050116035,0.8342107927508369,0.9359999999999928,1769.255,10.736422112992297,0.0005252560623303819,0.9928546095708825,2.2462864446175496e-05
89,2.0,0.8,166.78999999999994,0.010124531740407007,0.8443353244912439,1.6,1770.855,10.617273217818818,0.0008978736108211727,0.9937524831817036,8.513122024025238e-05
153,2.0,0.8,168.78999999999994,0.010124531740407007,0.854459856231651,1.6,1772.455,10.500947923455184,0.0008978736108211727,0.9946503567925248,8.513122024025238e-05
141,1.0,0.7,169.78999999999994,0.005062265870203504,0.8595221221018545,0.7,1773.155,10.443223982566703,0.000392819704734263,0.995043176497259,2.1803727492215403e-05
97,2.0,0.7,171.78999999999994,0.010124531740407007,0.8696466538422616,1.4,1774.555,10.329792188136683,0.000785639409468526,0.9958288159067276,8.721490996886161e-05
134,2.0,0.6,173.78999999999994,0.010124531740407007,0.8797711855826686,1.2,1775.755,10.217820357903221,0.0006734052081158794,0.9965022211148434,8.932379272937734e-05
136,2.0,0.5,175.78999999999994,0.010124531740407007,0.8898957173230757,1.0,1776.755,10.107258660902216,0.0005611710067632328,0.9970633921216067,9.14578685217996e-05
152,2.0,0.5,177.78999999999994,0.010124531740407007,0.9000202490634828,1.0,1777.755,9.999184431070368,0.0005611710067632328,0.9976245631283699,9.14578685217996e-05
150,2.0,0.4,179.78999999999994,0.010124531740407007,0.9101447808038898,0.8,1778.555,9.892402247066025,0.00044893680541058635,0.9980734999337805,9.36171373461284e-05
133,2.0,0.3,181.78999999999994,0.010124531740407007,0.9202693125442969,0.6,1779.155,9.786869464767042,0.0003367026040579397,0.9984102025378384,9.580159920236374e-05
75,2.0400000000000063,0.3,183.82999999999993,0.01032702237521518,0.9305963349195121,0.6120000000000019,1779.767,9.681591687972588,0.00034343665613909957,0.9987536391939775,9.967198381013984e-05
147,1.0,0.3,184.82999999999993,0.005062265870203504,0.9356586007897156,0.3,1780.067,9.63083373911162,0.00016835130202896986,0.9989219904960065,2.3950399800590935e-05
154,1.5,0.2,186.32999999999993,0.007593398805305256,0.9432519995950209,0.30000000000000004,1780.367,9.554913325819786,0.00016835130202896988,0.9990903417980355,5.5131330425909424e-05
151,2.0,0.2,188.32999999999993,0.010124531740407007,0.953376531335428,0.4,1780.767,9.455567355174432,0.00022446840270529318,0.9993148102007408,9.801125409050564e-05
78,1.0,0.2,189.32999999999993,0.005062265870203504,0.9584387972056315,0.2,1780.967,9.406681455659434,0.00011223420135264659,0.9994270444020934,2.450281352262641e-05
74,2.0,0.2,191.32999999999993,0.010124531740407007,0.9685633289460386,0.4,1781.3670000000002,9.310442690639213,0.00022446840270529318,0.9996515128047987,9.801125409050564e-05
149,1.6100000000000136,0.1,192.93999999999994,0.00815024805102771,0.9767135769970663,0.16100000000000136,1781.5280000000002,9.233585570643728,9.034853208888127e-05,0.9997418613368876,6.496198025539037e-05
144,0.6400000000000148,0.1,193.57999999999996,0.0032398501569303175,0.9799534271539966,0.06400000000000149,1781.5920000000003,9.20338877983263,3.591494443284774e-05,0.9997777762813205,1.0265200845881207e-05
77,1.0,0.1,194.57999999999996,0.005062265870203504,0.9850156930242001,0.1,1781.6920000000002,9.15660396751979,5.6117100676323294e-05,0.9998338933819968,2.5061525502638508e-05
135,2.0,0.1,196.57999999999996,0.010124531740407007,0.9951402247646072,0.2,1781.8920000000003,9.064462305422731,0.00011223420135264659,0.9999461275833494,0.00010024610201055403
76,0.9599999999999937,0.1,197.53999999999996,0.004859775235395332,1.0000000000000024,0.09599999999999938,1781.9880000000003,9.020897033512203,5.3872416649270005e-05,0.9999999999999987,2.3096701903231345e-05
