,weight,grade,cml_weight,weight_pct,cml_weight_pct,yield,cml_yield,cml_grade,recovery,cml_recovery,distributional_heterogeneity
59,0.9000000000000057,96.5,0.9000000000000057,0.0060614224137931424,0.0060614224137931424,86.85000000000055,86.85000000000055,96.5,0.10151791788328486,0.10151791788328486,0.009111942527317092
58,0.5999999999999943,48.3,1.5,0.004040948275862031,0.010102370689655173,28.979999999999723,115.83000000000027,77.22000000000018,0.03387437259939607,0.13539229048268092,0.0008900332068680325
94,1.0,34.9,2.5,0.006734913793103449,0.016837284482758622,34.9,150.73000000000027,60.29200000000011,0.04079418922425583,0.17618647970693674,0.0011600342428951004
93,1.0,33.0,3.5,0.006734913793103449,0.023572198275862072,33.0,183.73000000000027,52.494285714285795,0.03857330213181784,0.21475978183875458,0.0010136829720067844
51,1.0,28.1,4.5,0.006734913793103449,0.03030711206896552,28.1,211.83000000000027,47.073333333333395,0.03284575120921458,0.24760553304796917,0.0006817758305705892
89,1.0,27.6,5.5,0.006734913793103449,0.03704202586206897,27.6,239.43000000000026,43.53272727272732,0.032261307237520374,0.2798668402854895,0.0006515967622791714
61,1.0,21.8,6.5,0.006734913793103449,0.04377693965517242,21.8,261.23000000000025,40.189230769230804,0.02548175716586754,0.30534859745135706,0.00035144413644294897
95,1.0,20.9,7.5,0.006734913793103449,0.05051185344827586,20.9,282.1300000000002,37.61733333333336,0.02442975801681796,0.329778355468175,0.00031310751210152283
53,1.0,20.7,8.5,0.006734913793103449,0.05724676724137931,20.7,302.8300000000002,35.62705882352944,0.02419598042814028,0.35397433589631533,0.00030488884803319636
57,1.0,18.3,9.5,0.006734913793103449,0.06398168103448276,18.3,321.1300000000002,33.80315789473686,0.021390649364008075,0.3753649852603234,0.00021479058512427907
54,1.0,17.9,10.5,0.006734913793103449,0.07071659482758622,17.9,339.0300000000002,32.288571428571444,0.020923094186652703,0.39628807944697614,0.00020130446287989546
47,1.0,16.0,11.5,0.006734913793103449,0.07745150862068967,16.0,355.0300000000002,30.872173913043497,0.018702207094214707,0.41499028654119086,0.00014321610895482242
60,1.0,15.9,12.5,0.006734913793103449,0.08418642241379312,15.9,370.9300000000002,29.674400000000013,0.018585318299875867,0.4335756048410667,0.00014043208697413207
67,1.0,15.8,13.5,0.006734913793103449,0.09092133620689657,15.8,386.7300000000002,28.64666666666668,0.018468429505537027,0.45204403434660373,0.0001376753909739256
68,1.0,12.3,14.5,0.006734913793103449,0.09765625000000003,12.3,399.0300000000002,27.5193103448276,0.014377321703677557,0.4664213560502813,5.840639867160573e-05
62,1.0,11.9,15.5,0.006734913793103449,0.10439116379310348,11.9,410.9300000000002,26.511612903225817,0.01390976652632219,0.4803311225766035,5.147851174337644e-05
52,1.0,11.7,16.5,0.006734913793103449,0.11112607758620693,11.7,422.63000000000017,25.613939393939404,0.013675988937644504,0.494007111514248,4.817852416216565e-05
46,1.0,11.6,17.5,0.006734913793103449,0.11786099137931039,11.6,434.2300000000002,24.813142857142868,0.013559100143305663,0.5075662116575537,4.656951934228622e-05
41,1.0,11.1,18.5,0.006734913793103449,0.12459590517241384,11.1,445.3300000000002,24.0718918918919,0.012974656171611454,0.5205408678291651,3.893438495014873e-05
6,2.0,10.3,20.5,0.013469827586206897,0.13806573275862075,20.6,465.93000000000023,22.728292682926842,0.02407909163380144,0.5446199594629665,0.00011255648363158213
63,1.0,9.8,21.5,0.006734913793103449,0.1448006465517242,9.8,475.73000000000025,22.12697674418606,0.01145510184520651,0.556075061308173,2.228017524721649e-05
87,1.0,9.5,22.5,0.006734913793103449,0.15153556034482765,9.5,485.23000000000025,21.56577777777779,0.011104435462189984,0.567179496770363,1.9092719616616773e-05
69,1.0,8.4,23.5,0.006734913793103449,0.1582704741379311,8.4,493.6300000000002,21.005531914893627,0.009818658724462722,0.5769981554948257,9.509482801684013e-06
42,1.0,8.4,24.5,0.006734913793103449,0.16500538793103456,8.4,502.0300000000002,20.491020408163273,0.009818658724462722,0.5868168142192884,9.509482801684013e-06
40,1.0,8.0,25.5,0.006734913793103449,0.171740301724138,8.0,510.0300000000002,20.001176470588245,0.009351103547107354,0.5961679177663958,6.844448828955017e-06
72,1.0,7.5,26.5,0.006734913793103449,0.17847521551724146,7.5,517.5300000000002,19.529433962264157,0.008766659575413144,0.6049345773418089,4.127990923933238e-06
38,1.0,7.4,27.5,0.006734913793103449,0.18521012931034492,7.4,524.9300000000002,19.088363636363642,0.008649770781074304,0.6135843481228832,3.666677284380813e-06
49,1.0,7.3,28.5,0.006734913793103449,0.19194504310344837,7.3,532.2300000000001,18.67473684210527,0.00853288198673546,0.6221172301096186,3.23268962531236e-06
48,1.0,7.3,29.5,0.006734913793103449,0.19867995689655182,7.3,539.5300000000001,18.289152542372886,0.00853288198673546,0.630650112096354,3.23268962531236e-06
39,1.0,6.9,30.5,0.006734913793103449,0.20541487068965528,6.9,546.4300000000001,17.915737704918033,0.008065326809380094,0.6387154389057341,1.7699987938783198e-06
43,1.0,6.8,31.5,0.006734913793103449,0.21214978448275873,6.8,553.23,17.562857142857144,0.007948438015041252,0.6466638769207754,1.4726410372297481e-06
85,1.0,6.7,32.5,0.006734913793103449,0.21888469827586218,6.7,559.9300000000001,17.228615384615388,0.00783154922070241,0.6544954261414778,1.2026092610651554e-06
5,2.0,6.2,34.5,0.013469827586206897,0.2323545258620691,12.4,572.33,16.58927536231884,0.0144942104980164,0.6689896366394942,1.0493603500073141e-06
83,2.0,6.1,36.5,0.013469827586206897,0.245824353448276,12.2,584.5300000000001,16.014520547945207,0.014260432909338714,0.6832500695488329,6.250567769643649e-07
88,1.0,6.1,37.5,0.006734913793103449,0.25255926724137945,6.1,590.6300000000001,15.750133333333336,0.007130216454669357,0.6903802860035023,1.5626419424109122e-07
15,2.0,5.6,39.5,0.013469827586206897,0.26602909482758635,11.2,601.8300000000002,15.236202531645574,0.013091544965950296,0.7034718309694526,1.4309774078820075e-07
84,1.0,5.5,40.5,0.006734913793103449,0.2727640086206898,5.5,607.3300000000002,14.995802469135807,0.006428883688636306,0.7099007146580889,9.365442484017025e-08
56,1.0,5.5,41.5,0.006734913793103449,0.2794989224137932,5.5,612.8300000000002,14.766987951807232,0.006428883688636306,0.7163295983467252,9.365442484017025e-08
70,1.0,4.8,42.5,0.006734913793103449,0.28623383620689663,4.8,617.6300000000001,14.532470588235297,0.005610662128264412,0.7219402604749896,1.263941805893345e-06
90,1.0,4.7,43.5,0.006734913793103449,0.29296875000000006,4.7,622.3300000000002,14.306436781609198,0.005493773333925571,0.7274340338089151,1.5404296394082736e-06
12,2.0,4.7,45.5,0.013469827586206897,0.30643857758620696,9.4,631.7300000000001,13.884175824175827,0.010987546667851142,0.7384215804767663,6.1617185576330945e-06
86,1.0,4.7,46.5,0.006734913793103449,0.3131734913793104,4.7,636.4300000000002,13.686666666666671,0.005493773333925571,0.7439153538106918,1.5404296394082736e-06
45,1.0,4.5,47.5,0.006734913793103449,0.3199084051724138,4.5,640.9300000000002,13.49326315789474,0.005259995745247887,0.7491753495559398,2.1753832478900617e-06
10,2.0,4.5,49.5,0.013469827586206897,0.3333782327586207,9.0,649.9300000000002,13.129898989898994,0.010519991490495774,0.7596953410464355,8.701532991560247e-06
50,1.0,4.3,50.5,0.006734913793103449,0.34011314655172414,4.3,654.2300000000001,12.955049504950498,0.005026218156570203,0.7647215592030058,2.9196407783077545e-06
79,2.0,4.2,52.5,0.013469827586206897,0.35358297413793105,8.4,662.6300000000001,12.621523809523811,0.009818658724462722,0.7745402179274685,1.3331034056970255e-05
22,2.0,4.0,54.5,0.013469827586206897,0.36705280172413796,8.0,670.6300000000001,12.305137614678902,0.009351103547107354,0.7838913214745759,1.6963887710256455e-05
55,1.0,4.0,55.5,0.006734913793103449,0.3737877155172414,4.0,674.6300000000001,12.155495495495497,0.004675551773553677,0.7885668732481296,4.240971927564114e-06
37,1.0,3.9,56.5,0.006734913793103449,0.3805226293103448,3.9,678.5300000000001,12.009380530973452,0.004558662979214835,0.7931255362273444,4.736067604950853e-06
14,2.0,3.9,58.5,0.013469827586206897,0.3939924568965517,7.8,686.33,11.732136752136753,0.00911732595842967,0.802242862185774,1.8944270419803412e-05
11,2.0,3.8,60.5,0.013469827586206897,0.4074622844827586,7.6,693.9300000000001,11.469917355371901,0.008883548369751986,0.811126410555526,2.1033957051286274e-05
91,1.0,3.7,61.5,0.006734913793103449,0.41419719827586204,3.7,697.6300000000001,11.34357723577236,0.004324885390537152,0.8154512959460631,5.808236901176258e-06
92,1.0,3.7,62.5,0.006734913793103449,0.42093211206896547,3.7,701.3300000000002,11.221280000000002,0.004324885390537152,0.8197761813366002,5.808236901176258e-06
17,2.0,3.7,64.5,0.013469827586206897,0.4344019396551724,7.4,708.7300000000001,10.988062015503878,0.008649770781074304,0.8284259521176746,2.323294760470503e-05
35,2.0,3.5,66.5,0.013469827586206897,0.4478717672413793,7.0,715.7300000000001,10.762857142857145,0.008182215603718936,0.8366081677213935,2.7958840477350283e-05
32,2.0,3.3,68.5,0.013469827586206897,0.4613415948275862,6.6,722.3300000000002,10.544963503649637,0.007714660426363567,0.844322828147757,3.312194903773915e-05
71,1.0,3.3,69.5,0.006734913793103449,0.4680765086206896,3.3,725.6300000000001,10.440719424460433,0.0038573302131817834,0.8481801583609389,8.280487259434788e-06
44,2.0,3.2,71.5,0.013469827586206897,0.4815463362068965,6.4,732.0300000000001,10.23818181818182,0.007480882837685884,0.8556610411986247,3.5867459200837424e-05
34,2.0,3.1,73.5,0.013469827586206897,0.4950161637931034,6.2,738.2300000000001,10.043945578231295,0.0072471052490082,0.8629081464476329,3.872227328587163e-05
64,1.0,3.1,74.5,0.006734913793103449,0.5017510775862069,3.1,741.3300000000002,9.95073825503356,0.0036235526245041,0.866531699072137,9.680568321467907e-06
25,2.0,2.9,76.5,0.013469827586206897,0.5152209051724137,5.8,747.1300000000001,9.766405228758172,0.006779550071652832,0.8733112491437899,4.475981322174773e-05
96,1.0,2.9,77.5,0.006734913793103449,0.5219558189655171,2.9,750.0300000000001,9.677806451612904,0.003389775035826416,0.8767010241796163,1.1189953305436933e-05
98,2.0,2.8,79.5,0.013469827586206897,0.535425646551724,5.6,755.6300000000001,9.504779874213838,0.006545772482975148,0.8832467966625914,4.794253907258964e-05
36,1.0,2.8,80.5,0.006734913793103449,0.5421605603448274,2.8,758.4300000000001,9.421490683229814,0.003272886241487574,0.886519682904079,1.198563476814741e-05
66,1.0,2.7,81.5,0.006734913793103449,0.5488954741379308,2.7,761.1300000000001,9.339018404907977,0.0031559974471487323,0.8896756803512278,1.280864221134186e-05
74,1.5,2.6,83.0,0.010102370689655173,0.558997844827586,3.9000000000000004,765.0300000000001,9.217228915662652,0.004558662979214836,0.8942343433304426,3.073269517879565e-05
33,2.0,2.4,85.0,0.013469827586206897,0.5724676724137928,4.8,769.83,9.056823529411766,0.005610662128264412,0.899845005458707,6.176648169531632e-05
7,2.0,2.3,87.0,0.013469827586206897,0.5859374999999997,4.6,774.4300000000001,8.901494252873563,0.005376884539586728,0.9052218899982938,6.549572715583775e-05
82,2.0,2.3,89.0,0.013469827586206897,0.5994073275862065,4.6,779.0300000000001,8.75314606741573,0.005376884539586728,0.9105987745378805,6.549572715583775e-05
23,2.0,2.3,91.0,0.013469827586206897,0.6128771551724134,4.6,783.6300000000001,8.611318681318682,0.005376884539586728,0.9159756590774673,6.549572715583775e-05
97,2.0,2.2,93.0,0.013469827586206897,0.6263469827586202,4.4,788.0300000000001,8.473440860215055,0.005143106950909045,0.9211187660283763,6.933427653829507e-05
9,2.0,2.0,95.0,0.013469827586206897,0.6398168103448271,4.0,792.0300000000001,8.337157894736842,0.004675551773553677,0.92579431780193,7.733928706901746e-05
26,2.0,2.0,97.0,0.013469827586206897,0.6532866379310339,4.0,796.0300000000001,8.206494845360826,0.004675551773553677,0.9304698695754837,7.733928706901746e-05
75,2.0,1.9,99.0,0.013469827586206897,0.6667564655172408,3.8,799.83,8.07909090909091,0.004441774184875993,0.9349116437603597,8.150574821728251e-05
4,2.0,1.9,101.0,0.013469827586206897,0.6802262931034476,3.8,803.63,7.956732673267327,0.004441774184875993,0.9393534179452357,8.150574821728251e-05
20,2.0,1.7,103.0,0.013469827586206897,0.6936961206896545,3.4,807.03,7.835242718446602,0.003974219007520626,0.9433276369527563,9.016658227962033e-05
77,2.0,1.7,105.0,0.013469827586206897,0.7071659482758613,3.4,810.43,7.718380952380952,0.003974219007520626,0.9473018559602769,9.016658227962033e-05
24,2.0,1.6,107.0,0.013469827586206897,0.7206357758620682,3.2,813.63,7.604018691588785,0.003740441418842942,0.9510422973791198,9.466095519369307e-05
21,2.0,1.5,109.0,0.013469827586206897,0.734105603448275,3.0,816.63,7.492018348623853,0.003506663830165258,0.9545489612092851,9.926463202970174e-05
13,2.0,1.5,111.0,0.013469827586206897,0.7475754310344819,3.0,819.63,7.384054054054054,0.003506663830165258,0.9580556250394504,9.926463202970174e-05
8,2.0,1.4,113.0,0.013469827586206897,0.7610452586206887,2.8,822.43,7.2781415929203535,0.003272886241487574,0.961328511280938,0.00010397761278764636
81,2.0,1.4,115.0,0.013469827586206897,0.7745150862068956,2.8,825.2299999999999,7.17591304347826,0.003272886241487574,0.9646013975224256,0.00010397761278764636
78,2.0,1.4,117.0,0.013469827586206897,0.7879849137931024,2.8,828.0299999999999,7.077179487179486,0.003272886241487574,0.9678742837639132,0.00010397761278764636
65,1.0,1.4,118.0,0.006734913793103449,0.7947198275862059,1.4,829.4299999999998,7.0290677966101685,0.001636443120743787,0.9695107268846569,2.599440319691159e-05
18,2.0,1.4,120.0,0.013469827586206897,0.8081896551724127,2.8,832.2299999999998,6.935249999999998,0.003272886241487574,0.9727836131261445,0.00010397761278764636
27,2.0,1.3,122.0,0.013469827586206897,0.8216594827586196,2.6,834.8299999999998,6.842868852459015,0.0030391086528098903,0.9758227217789543,0.00010879989746752681
19,2.0,1.1,124.0,0.013469827586206897,0.8351293103448264,2.2,837.0299999999999,6.75024193548387,0.0025715534754545224,0.9783942752544089,0.00011877237859309545
76,1.0,1.1,125.0,0.006734913793103449,0.8418642241379298,1.1,838.1299999999999,6.7050399999999994,0.0012857767377272612,0.9796800519921361,2.9693094648273863e-05
99,2.0,1.0,127.0,0.013469827586206897,0.8553340517241367,2.0,840.1299999999999,6.6151968503936995,0.0023377758867768384,0.982017827878913,0.00012392257503878368
1,2.0,1.0,129.0,0.013469827586206897,0.8688038793103435,2.0,842.1299999999999,6.52813953488372,0.0023377758867768384,0.9843556037656899,0.00012392257503878368
30,2.0,0.9,131.0,0.013469827586206897,0.8822737068965504,1.8,843.9299999999998,6.442213740458014,0.002103998298099155,0.986459602063789,0.00012918207540640775
3,2.0,0.9,133.0,0.013469827586206897,0.8957435344827572,1.8,845.7299999999998,6.358872180451126,0.002103998298099155,0.9885636003618882,0.00012918207540640775
31,2.0,0.8,135.0,0.013469827586206897,0.9092133620689641,1.6,847.3299999999998,6.276518518518517,0.001870220709421471,0.9904338210713096,0.00013455087969596775
16,2.0,0.8,137.0,0.013469827586206897,0.9226831896551709,1.6,848.9299999999998,6.1965693430656925,0.001870220709421471,0.9923040417807311,0.00013455087969596775
0,2.48,0.8,139.48,0.016702586206896554,0.9393857758620675,1.984,850.9139999999999,6.100616575853168,0.0023190736796826236,0.9946231154604137,0.00020688543262052005
80,2.0,0.7,141.48,0.013469827586206897,0.9528556034482744,1.4,852.3139999999999,6.024271981905569,0.001636443120743787,0.9962595585811574,0.00014002898790746367
29,2.0,0.7,143.48,0.013469827586206897,0.9663254310344812,1.4,853.7139999999998,5.950055756899916,0.001636443120743787,0.9978960017019012,0.00014002898790746367
28,2.0,0.5,145.48,0.013469827586206897,0.9797952586206881,1.0,854.7139999999998,5.875130602144624,0.0011688879433884192,0.9990648896452896,0.0001513131160962632
2,2.0,0.3,147.48,0.013469827586206897,0.9932650862068949,0.6,855.3139999999999,5.799525359370762,0.0007013327660330515,0.9997662224113226,0.00016303445997280634
73,1.0,0.2,148.48,0.006734913793103449,0.9999999999999983,0.2,855.5139999999999,5.761813038793103,0.00023377758867768386,1.0000000000000002,4.2264771948495436e-05
