,weight,grade,cml_weight,weight_pct,cml_weight_pct,yield,cml_yield,cml_grade,recovery,cml_recovery,distributional_heterogeneity
77,0.03999999999999204,54196.0,0.03999999999999204,0.00020528611752626148,0.00020528611752626148,2167.8399999995686,2167.8399999995686,54196.0,0.5191498533197122,0.5191498533197122,0.26930346382866416
56,0.6800000000000068,248.4,0.7199999999999989,0.0034898639979471743,0.003695150115473436,168.9120000000017,2336.75199999957,3245.488888888297,0.040450697479499205,0.5596005507992114,0.0013661032116510181
76,0.8900000000000148,208.1,1.6100000000000136,0.004567616114960303,0.00826276623043374,185.20900000000307,2521.9609999995732,1566.4354037264297,0.04435346943663338,0.6039540202358449,0.001582914124533685
8,1.1000000000000014,170.5,2.710000000000015,0.005645368231973321,0.01390813446240706,187.55000000000024,2709.5109999995734,999.819557195409,0.044914087289713044,0.6488681075255579,0.0015420322964356914
58,0.5400000000000063,155.9,3.2500000000000213,0.0027713625866051133,0.016679497049012174,84.18600000000097,2793.6969999995745,859.5990769229403,0.02016068969646399,0.6690287972220219,0.0003023886973336729
32,1.3000000000000043,119.6,4.550000000000026,0.006671798819604847,0.02335129586861702,155.4800000000005,2949.176999999575,648.1707692306721,0.03723402981500718,0.7062628270370291,0.0009340499634163316
7,1.0999999999999979,112.5,5.6500000000000234,0.005645368231973303,0.028996664100590323,123.74999999999976,3072.9269999995745,543.8808849556747,0.029635394839253378,0.7358982218762825,0.000575521376618006
39,0.6500000000000057,78.0,6.300000000000029,0.003335899409802442,0.032332563510392764,50.70000000000044,3123.6269999995748,495.81380952373974,0.012141531461415453,0.748039753337698,7.753915582839438e-05
33,1.5,62.0,7.800000000000029,0.007698229407236337,0.0400307929176291,93.0,3216.6269999995748,412.3880769230209,0.022271448242832885,0.7703112015805309,0.00021237870723018603
9,1.6999999999999993,61.8,9.500000000000028,0.008724659994867845,0.048755452912496944,105.05999999999995,3321.6869999995747,349.6512631578489,0.025159552176258298,0.7954707537567892,0.0002701056810139291
40,0.7800000000000011,61.3,10.28000000000003,0.004003079291762901,0.05275853220425984,47.814000000000064,3369.5009999995746,327.7724708170783,0.011450398132073257,0.8069211518888625,5.5462557909241624e-05
62,1.230000000000004,37.2,11.510000000000034,0.006312548113933817,0.05907108031819366,45.75600000000015,3415.256999999575,296.72085143349824,0.010957552535473815,0.8178787044243363,2.1576066076126143e-05
37,2.0,36.3,13.510000000000034,0.010264305876315116,0.06933538619450877,72.6,3487.856999999575,258.1685418208413,0.017386098305695347,0.8352648027300317,5.07199274071776e-05
105,0.549999999999983,33.2,14.060000000000016,0.0028226841159865695,0.07215807031049534,18.259999999999437,3506.116999999574,249.36820768133498,0.00437286714961415,0.8396376698796458,2.403067437746808e-06
61,0.36999999999999034,32.7,14.430000000000007,0.0018988965871182468,0.07405696689761358,12.098999999999686,3518.215999999574,243.81261261258297,0.0028974435730110544,0.8425351134526569,9.970960830356114e-07
80,0.4000000000000057,26.5,14.830000000000013,0.0020528611752630523,0.07610982807287664,10.60000000000015,3528.815999999574,237.95118004042962,0.002538466143806795,0.8450735795964637,2.3581218547436942e-07
100,0.30000000000001137,17.2,15.130000000000024,0.0015396458814473258,0.07764947395432396,5.1600000000001955,3533.9759999995745,233.574091209489,0.0012357061605701295,0.8463092857570338,9.237935392690799e-08
38,1.8999999999999915,15.7,17.030000000000015,0.009751090582499317,0.08740056453682328,29.829999999999863,3563.8059999995744,209.26635349380922,0.007143626893373139,0.8534529126504069,6.798866890111493e-06
30,1.5,15.4,18.530000000000015,0.007698229407236337,0.09509879394405962,23.1,3586.9059999995743,193.572908796523,0.005531940369993975,0.8589848530204008,4.69280819287644e-06
23,1.9500000000000028,13.3,20.480000000000018,0.010007698229407253,0.10510649217346688,25.935000000000038,3612.8409999995743,176.40825195310404,0.006210860324493244,0.8651957133448941,1.4415978076191793e-05
103,0.3800000000000239,13.0,20.860000000000042,0.0019502181164999946,0.10705671028996687,4.94000000000031,3617.7809999995748,173.4314956855018,0.001183021014189262,0.8663787343590833,5.885913937939847e-07
51,1.25,12.5,22.110000000000042,0.006415191172696948,0.11347190146266381,15.625,3633.4059999995748,164.33315241970004,0.0037418427827340195,0.8701205771418173,7.146791614117377e-06
59,1.0,11.7,23.110000000000042,0.005132152938157558,0.11860405440082136,11.7,3645.1059999995746,157.72851579400987,0.002801891875711234,0.8729224690175286,5.4301166191534715e-06
57,0.8099999999999881,11.1,23.92000000000003,0.004157043879907561,0.12276109828072893,8.990999999999866,3654.0969999995746,152.76325250834321,0.0021531461414119085,0.8750756151589405,4.0156061463479884e-06
50,2.25,10.9,26.17000000000003,0.011547344110854505,0.13430844239158343,24.525000000000002,3678.6219999995747,140.56637371033895,0.005873196431779318,0.8809488115907198,3.219595188395434e-05
28,1.8299999999999983,10.0,28.00000000000003,0.009391839876828323,0.14370028226841175,18.299999999999983,3696.921999999575,132.03292857141327,0.00438244626713808,0.8853312578578579,2.509402433680544e-05
54,1.0,8.8,29.00000000000003,0.005132152938157558,0.1488324352065693,8.8,3705.721999999575,127.78351724136454,0.0021074058552358,0.8874386637130938,9.149094915643684e-06
21,1.5,8.2,30.50000000000003,0.007698229407236337,0.15653066461380563,12.299999999999999,3718.021999999575,121.90236065572367,0.00294557863856822,0.890384242351662,2.258768932892164e-05
31,1.5,8.2,32.00000000000003,0.007698229407236337,0.16422889402104196,12.299999999999999,3730.3219999995754,116.57256249998663,0.00294557863856822,0.8933298209902303,2.258768932892164e-05
64,2.0,8.1,34.00000000000003,0.010264305876315116,0.17449319989735707,16.2,3746.521999999575,110.19182352939917,0.0038795425971386312,0.8972093635873689,4.0765202131120456e-05
63,2.0,7.7,36.00000000000003,0.010264305876315116,0.18475750577367217,15.4,3761.9219999995753,104.49783333332145,0.00368796024666265,0.9008973238340315,4.32483218406491e-05
115,2.0,7.5,38.00000000000003,0.010264305876315116,0.19502181164998728,15.0,3776.9219999995753,99.39268421051507,0.003592169071424659,0.9044894929054562,4.4517409543173836e-05
99,1.5999999999999943,7.1,39.60000000000002,0.008211444701052064,0.20323325635103934,11.359999999999959,3788.2819999995754,95.6636868686761,0.002720469376758932,0.9072099622822152,3.0150810011996067e-05
5,1.0,6.9,40.60000000000002,0.005132152938157558,0.2083654092891969,6.9,3795.1819999995755,93.47738916255106,0.0016523977728553432,0.9088623600550705,1.2108696010447446e-05
10,1.8500000000000014,6.5,42.450000000000024,0.00949448293559149,0.21785989222478838,12.02500000000001,3807.2069999995756,89.68685512366487,0.0028797222055921036,0.9117420822606626,4.375505951514201e-05
36,2.0,6.4,44.450000000000024,0.010264305876315116,0.2281241981011035,12.8,3820.006999999576,85.93941507310628,0.003065317607615709,0.9148073998682783,5.182543209287169e-05
78,1.8700000000000045,6.1,46.32000000000003,0.009597125994354657,0.23772132409545815,11.407000000000027,3831.413999999576,82.71619170983536,0.002731724839849412,0.9175391247081277,4.713373301228195e-05
60,0.9000000000000057,5.8,47.220000000000034,0.004618937644341832,0.24234026173979997,5.220000000000033,3836.633999999576,81.25019059719554,0.001250074836855789,0.9187891995449835,1.134923661566274e-05
96,2.0,5.6,49.220000000000034,0.010264305876315116,0.2526045676161151,11.2,3847.833999999576,78.1762291751234,0.002682152906663745,0.9214713524516472,5.7489043655193106e-05
55,0.46999999999999886,5.4,49.69000000000003,0.0024121118809340464,0.25501667949704915,2.537999999999994,3850.371999999576,77.48786476151285,0.0006077950068850509,0.9220791474585323,3.2555593819779387e-06
24,2.049999999999997,5.4,51.74000000000003,0.010520913523222979,0.26553759302027213,11.069999999999986,3861.441999999576,74.63165829144906,0.002651020774711395,0.9247301682332436,6.19352118730752e-05
20,2.0,5.1,53.74000000000003,0.010264305876315116,0.27580189889658724,10.2,3871.641999999576,72.04395236322243,0.002442674968568768,0.9271728432018124,6.117791005701298e-05
52,2.0,5.1,55.74000000000003,0.010264305876315116,0.28606620477290234,10.2,3881.841999999576,69.64194474344409,0.002442674968568768,0.9296155181703811,6.117791005701298e-05
82,1.5,4.8,57.24000000000003,0.007698229407236337,0.2937644341801387,7.199999999999999,3889.0419999995756,67.94273235498906,0.001724241154283836,0.931339759324665,3.5688535646414466e-05
29,1.3999999999999986,4.5,58.64000000000003,0.007185014113420574,0.3009494482935593,6.299999999999994,3895.341999999576,66.42806957707323,0.0015087110099983553,0.9328484703346633,3.2220416921920714e-05
106,0.5500000000000114,4.4,59.19000000000004,0.0028226841159867152,0.30377213240954604,2.42000000000005,3897.761999999576,65.85169792193906,0.0005795366101898569,0.9334280069448532,5.031710732762665e-06
81,2.0999999999999943,4.1,61.290000000000035,0.010777521170130843,0.3145496535796769,8.609999999999976,3906.371999999576,63.735878609880466,0.0020619050469977483,0.9354899119918509,7.596196440581757e-05
22,2.0,4.1,63.290000000000035,0.010264305876315116,0.324813959455992,8.2,3914.571999999576,61.851350924309905,0.0019637190923788134,0.9374536310842297,6.889974095765803e-05
41,0.9699999999999989,3.8,64.26000000000003,0.004978188350012826,0.32979214780600485,3.6859999999999955,3918.257999999576,60.97507002800457,0.0008827156798180851,0.9383363467640479,1.6772896392312036e-05
15,1.8999999999999986,3.7,66.16000000000003,0.009751090582499353,0.3395432383885042,7.029999999999995,3925.287999999576,59.33022974606371,0.0016835299048076889,0.9400198766688556,6.508553528823678e-05
0,2.0,3.6,68.16000000000003,0.010264305876315116,0.3498075442648193,7.2,3932.487999999576,57.69495305163695,0.0017242411542838362,0.9417441178231394,7.293270545648319e-05
26,2.1000000000000014,3.6,70.26000000000002,0.01077752117013088,0.36058506543495017,7.560000000000005,3940.047999999576,56.078109877591444,0.0018104532119980292,0.9435545710351374,8.040830776577283e-05
65,2.0,3.5,72.26000000000002,0.010264305876315116,0.3708493713112653,7.0,3947.047999999576,54.62286188762213,0.0016763455666648408,0.9452309166018023,7.375306228012845e-05
118,1.0,3.4,73.26000000000002,0.005132152938157558,0.3759815242494228,3.4,3950.447999999576,53.92366912366332,0.0008142249895229227,0.9460451415913251,1.8644501769600113e-05
97,2.0,3.3,75.26000000000002,0.010264305876315116,0.38624583012573793,6.6,3957.047999999576,52.57836832314078,0.0015805543914268498,0.947625695982752,7.540753985129917e-05
6,1.1000000000000014,3.2,76.36000000000001,0.005645368231973321,0.39189119835771125,3.520000000000005,3960.567999999576,51.867050811937865,0.0008429623420943211,0.9484686583248464,2.3063102331144514e-05
110,2.0,3.2,78.36000000000001,0.010264305876315116,0.40215550423402635,6.4,3966.967999999576,50.62491066870311,0.0015326588038078546,0.9500013171286542,7.624166059882464e-05
4,1.0,3.2,79.36000000000001,0.005132152938157558,0.4072876571721839,3.2,3970.167999999576,50.02731854838174,0.0007663294019039273,0.9507676465305581,1.906041514970616e-05
18,2.0,3.1,81.36000000000001,0.010264305876315116,0.417551963048499,6.2,3976.3679999995757,48.873746312679145,0.001484763216188859,0.952252409746747,7.708036932097682e-05
35,2.0,3.0,83.36000000000001,0.010264305876315116,0.4278162689248141,6.0,3982.3679999995757,47.77312859884327,0.0014368676285698636,0.9536892773753168,7.792366601775578e-05
14,0.6000000000000014,3.0,83.96000000000001,0.0030792917628945423,0.4308955606877087,1.8000000000000043,3984.167999999576,47.45316817531653,0.0004310602885709601,0.9541203376638878,7.013129941598053e-06
88,2.0,3.0,85.96000000000001,0.010264305876315116,0.4411598665640238,6.0,3990.167999999576,46.418892508138384,0.0014368676285698636,0.9555572052924577,7.792366601775578e-05
3,2.0,2.9,87.96000000000001,0.010264305876315116,0.4514241724403389,5.8,3995.967999999576,45.429376989535875,0.001388972040950868,0.9569461773334086,7.877155068916148e-05
69,2.0,2.9,89.96000000000001,0.010264305876315116,0.461688478316654,5.8,4001.767999999576,44.48385949310333,0.001388972040950868,0.9583351493743595,7.877155068916148e-05
114,2.0,2.9,91.96000000000001,0.010264305876315116,0.4719527841929691,5.8,4007.5679999995764,43.57946933448865,0.001388972040950868,0.9597241214153104,7.877155068916148e-05
101,1.0999999999999943,2.8,93.06,0.005645368231973285,0.47759815242494236,3.079999999999984,4010.6479999995763,43.09744251020391,0.0007375920493325262,0.9604617134646429,2.4086267058895898e-05
74,2.0,2.8,95.06,0.010264305876315116,0.48786245830125746,5.6,4016.247999999576,42.24961077213945,0.0013410764533318725,0.9618027899179749,7.962402333519387e-05
75,1.1999999999999886,2.8,96.25999999999999,0.006158583525789011,0.4940210418270465,3.359999999999968,4019.6079999995764,41.75782256388507,0.0008046458719991159,0.962607435789974,2.866464840066925e-05
84,2.0,2.7,98.25999999999999,0.010264305876315116,0.5042853477033616,5.4,4025.0079999995764,40.962833299405425,0.0012931808657128774,0.9639006166556868,8.048108395585303e-05
102,0.9499999999999886,2.6,99.20999999999998,0.004875545291249622,0.5091608929946113,2.4699999999999704,4027.4779999995762,40.59548432617253,0.0005915105070945868,0.9644921271627814,1.8352954031850275e-05
16,2.0,2.5,101.20999999999998,0.010264305876315116,0.5194251988709264,5.0,4032.4779999995762,39.84268352929134,0.0011973896904748863,0.9656895168532563,8.220896912105154e-05
27,2.0700000000000003,2.5,103.27999999999997,0.010623556581986146,0.5300487554529125,5.175000000000001,4037.6529999995764,39.09423896204083,0.0012392983296415075,0.9669288151828979,8.806430294669846e-05
95,2.0,2.4,105.27999999999997,0.010264305876315116,0.5403130613292276,4.8,4042.4529999995766,38.397159954403286,0.0011494941028558907,0.9680783092857538,8.307979366559093e-05
68,2.0,2.3,107.27999999999997,0.010264305876315116,0.5505773672055427,4.6,4047.0529999995765,37.72420768083126,0.0011015985152368953,0.9691799078009907,8.3955206184757e-05
116,2.0,2.2,109.27999999999997,0.010264305876315116,0.5608416730818578,4.4,4051.4529999995766,37.07405746705324,0.0010537029276179,0.9702336107286086,8.483520667854987e-05
1,2.0,2.2,111.27999999999997,0.010264305876315116,0.5711059789581729,4.4,4055.8529999995767,36.44727713874531,0.0010537029276179,0.9712873136562264,8.483520667854987e-05
19,2.0,2.2,113.27999999999997,0.010264305876315116,0.581370284834488,4.4,4060.252999999577,35.84262888417707,0.0010537029276179,0.9723410165838443,8.483520667854987e-05
98,2.0,2.2,115.27999999999997,0.010264305876315116,0.5916345907108032,4.4,4064.652999999577,35.258960791113616,0.0010537029276179,0.9733947195114622,8.483520667854987e-05
70,2.0,2.2,117.27999999999997,0.010264305876315116,0.6018988965871183,4.4,4069.052999999577,34.695199522506634,0.0010537029276179,0.97444842243908,8.483520667854987e-05
83,2.0,2.1,119.27999999999997,0.010264305876315116,0.6121632024634334,4.2,4073.252999999577,34.14866700200853,0.0010058073399989045,0.9754542297790789,8.571979514696942e-05
104,1.5699999999999932,2.1,120.84999999999997,0.008057480112907332,0.6202206825763407,3.296999999999986,4076.549999999577,33.73231278444003,0.0007895587618991367,0.976243788540978,5.282268076444078e-05
25,2.0,2.1,122.84999999999997,0.010264305876315116,0.6304849884526558,4.2,4080.7499999995766,33.21733821733478,0.0010058073399989045,0.9772495958809769,8.571979514696942e-05
45,2.0,2.1,124.84999999999997,0.010264305876315116,0.6407492943289709,4.2,4084.9499999995764,32.718862635158814,0.0010058073399989045,0.9782554032209758,8.571979514696942e-05
67,2.0,2.1,126.84999999999997,0.010264305876315116,0.651013600205286,4.2,4089.1499999995763,32.2361056365753,0.0010058073399989045,0.9792612105609747,8.571979514696942e-05
17,2.0,2.0,128.84999999999997,0.010264305876315116,0.6612779060816011,4.0,4093.1499999995763,31.766783081098776,0.000957911752379909,0.9802191223133546,8.660897159001577e-05
2,2.0,2.0,130.84999999999997,0.010264305876315116,0.6715422119579162,4.0,4097.149999999576,31.311807413065164,0.000957911752379909,0.9811770340657345,8.660897159001577e-05
42,2.0,2.0,132.84999999999997,0.010264305876315116,0.6818065178342313,4.0,4101.149999999576,30.87053067368895,0.000957911752379909,0.9821349458181144,8.660897159001577e-05
71,2.0,2.0,134.84999999999997,0.010264305876315116,0.6920708237105464,4.0,4105.149999999576,30.442343344453665,0.000957911752379909,0.9830928575704944,8.660897159001577e-05
79,2.0,1.9,136.84999999999997,0.010264305876315116,0.7023351295868615,3.8,4108.949999999576,30.025210084030522,0.0009100161647609135,0.9840028737352553,8.750273600768883e-05
43,2.0,1.9,138.84999999999997,0.010264305876315116,0.7125994354631766,3.8,4112.749999999576,29.620093626212295,0.0009100161647609135,0.9849128899000162,8.750273600768883e-05
109,2.0,1.8,140.84999999999997,0.010264305876315116,0.7228637413394917,3.6,4116.3499999995765,29.225062122822703,0.0008621205771419181,0.9857750104771582,8.840108839998859e-05
85,2.0,1.8,142.84999999999997,0.010264305876315116,0.7331280472158068,3.6,4119.949999999577,28.841092054599777,0.0008621205771419181,0.9866371310543002,8.840108839998859e-05
66,2.0,1.8,144.84999999999997,0.010264305876315116,0.7433923530921219,3.6,4123.549999999577,28.46772523299674,0.0008621205771419181,0.9874992516314421,8.840108839998859e-05
107,2.0,1.7,146.84999999999997,0.010264305876315116,0.753656658968437,3.4,4126.949999999577,28.10316649642205,0.0008142249895229227,0.988313476620965,8.930402876691514e-05
87,2.0,1.7,148.84999999999997,0.010264305876315116,0.7639209648447521,3.4,4130.3499999995765,27.748404433991116,0.0008142249895229227,0.9891277016104879,8.930402876691514e-05
53,1.0,1.6,149.84999999999997,0.005132152938157558,0.7690531177829097,1.6,4131.949999999577,27.57390724057109,0.00038316470095196365,0.9895108663114399,2.2552889277117097e-05
91,2.0,1.5,151.84999999999997,0.010264305876315116,0.7793174236592249,3.0,4134.949999999577,27.230490615736436,0.0007184338142849318,0.9902293001257249,9.112367342464842e-05
113,2.0,1.5,153.84999999999997,0.010264305876315116,0.78958172953554,3.0,4137.949999999577,26.896002599932256,0.0007184338142849318,0.9909477339400098,9.112367342464842e-05
73,2.0,1.5,155.84999999999997,0.010264305876315116,0.7998460354118551,3.0,4140.949999999577,26.570099454601078,0.0007184338142849318,0.9916661677542947,9.112367342464842e-05
13,1.5,1.4,157.34999999999997,0.007698229407236337,0.8075442648190914,2.0999999999999996,4143.049999999577,26.33015570384225,0.0005029036699994522,0.9921690714242942,5.1772712464943526e-05
47,2.0,1.1,159.34999999999997,0.010264305876315116,0.8178085706954065,2.2,4145.249999999577,26.013492312516963,0.00052685146380895,0.9926959228881032,9.48180184356358e-05
12,2.0,1.1,161.34999999999997,0.010264305876315116,0.8280728765717216,2.2,4147.449999999577,25.704679268667974,0.00052685146380895,0.9932227743519121,9.48180184356358e-05
92,2.0,1.0,163.34999999999997,0.010264305876315116,0.8383371824480367,2.0,4149.449999999577,25.402203856746727,0.0004789558761899545,0.993701730228102,9.57530746249495e-05
117,2.0,1.0,165.34999999999997,0.010264305876315116,0.8486014883243518,2.0,4151.449999999577,25.10704566071713,0.0004789558761899545,0.994180686104292,9.57530746249495e-05
46,2.0,1.0,167.34999999999997,0.010264305876315116,0.8588657942006669,2.0,4153.449999999577,24.818942336418154,0.0004789558761899545,0.994659641980482,9.57530746249495e-05
111,2.0,1.0,169.34999999999997,0.010264305876315116,0.869130100076982,2.0,4155.449999999577,24.5376439326813,0.0004789558761899545,0.9951385978566719,9.57530746249495e-05
44,2.0,1.0,171.34999999999997,0.010264305876315116,0.8793944059532971,2.0,4157.449999999577,24.26291216807457,0.0004789558761899545,0.9956175537328619,9.57530746249495e-05
49,1.5,1.0,172.84999999999997,0.007698229407236337,0.8870926353605334,1.5,4158.949999999577,24.0610355799802,0.0003592169071424659,0.9959767706400043,5.38611044765341e-05
11,2.0,1.0,174.84999999999997,0.010264305876315116,0.8973569412368485,2.0,4160.949999999577,23.79725478981743,0.0004789558761899545,0.9964557265161943,9.57530746249495e-05
89,2.0,1.0,176.84999999999997,0.010264305876315116,0.9076212471131636,2.0,4162.949999999577,23.539440203559952,0.0004789558761899545,0.9969346823923843,9.57530746249495e-05
108,2.0,0.8,178.84999999999997,0.010264305876315116,0.9178855529894787,1.6,4164.549999999577,23.285155157951234,0.00038316470095196365,0.9973178470933363,9.76369509274571e-05
112,2.0,0.8,180.84999999999997,0.010264305876315116,0.9281498588657938,1.6,4166.149999999578,23.03649433231727,0.00038316470095196365,0.9977010117942883,9.76369509274571e-05
86,2.0,0.8,182.84999999999997,0.010264305876315116,0.9384141647421089,1.6,4167.749999999578,22.793273174731084,0.00038316470095196365,0.9980841764952403,9.76369509274571e-05
94,2.0,0.8,184.84999999999997,0.010264305876315116,0.948678470618424,1.6,4169.349999999578,22.555315120365588,0.00038316470095196365,0.9984673411961923,9.76369509274571e-05
34,2.0,0.7,186.84999999999997,0.010264305876315116,0.9589427764947391,1.4,4170.749999999578,22.32138078672507,0.00033526911333296814,0.9988026103095252,9.858577104065102e-05
93,2.0,0.7,188.84999999999997,0.010264305876315116,0.9692070823710542,1.4,4172.149999999578,22.092401376751805,0.00033526911333296814,0.9991378794228581,9.858577104065102e-05
48,2.0,0.7,190.84999999999997,0.010264305876315116,0.9794713882473693,1.4,4173.549999999577,21.868221116057523,0.00033526911333296814,0.9994731485361911,9.858577104065102e-05
90,2.0,0.7,192.84999999999997,0.010264305876315116,0.9897356941236845,1.4,4174.949999999577,21.648690692245673,0.00033526911333296814,0.999808417649524,9.858577104065102e-05
72,2.0,0.4,194.84999999999997,0.010264305876315116,0.9999999999999996,0.8,4175.749999999577,21.43058763150925,0.00019158235047598182,1.0,0.00010145975922799318
