,weight,grade,cml_weight,weight_pct,cml_weight_pct,yield,cml_yield,cml_grade,recovery,cml_recovery,distributional_heterogeneity
64,1.0,28.6,1.0,0.007886435331230283,0.007886435331230283,28.6,28.6,28.6,0.05713829064610219,0.05713829064610219,0.002425745251957075
73,1.0,23.3,2.0,0.007886435331230283,0.015772870662460567,23.3,51.900000000000006,25.950000000000003,0.04654972629560073,0.10368801694170292,0.0014948500681955688
66,1.0,22.2,3.0,0.007886435331230283,0.02365930599369085,22.2,74.10000000000001,24.700000000000003,0.0443520997322891,0.14804011667399203,0.0013297446802106481
78,1.0,21.8,4.0,0.007886435331230283,0.031545741324921134,21.8,95.9,23.975,0.04355296280017579,0.19159307947416782,0.0012721011816930437
65,1.0,20.9,5.0,0.007886435331230283,0.03943217665615142,20.9,116.80000000000001,23.360000000000003,0.04175490470292082,0.23334798417708863,0.0011470732175811397
21,2.0,18.0,7.0,0.015772870662460567,0.055205047318611984,36.0,152.8,21.82857142857143,0.07192232389019855,0.30527030806728717,0.003152761097773935
38,1.0,17.7,8.0,0.007886435331230283,0.06309148264984227,17.7,170.5,21.3125,0.035361809246014286,0.34063211731330145,0.000754896171757193
71,1.0,16.7,9.0,0.007886435331230283,0.07097791798107256,16.7,187.2,20.799999999999997,0.03336396691573099,0.37399608422903247,0.0006491046156392311
51,1.0,13.9,10.0,0.007886435331230283,0.07886435331230285,13.9,201.1,20.11,0.027770008390937774,0.40176609261997026,0.00039535647762072544
74,1.0,13.7,11.0,0.007886435331230283,0.08675078864353314,13.7,214.79999999999998,19.527272727272727,0.027370439924881113,0.4291365325448514,0.0003796264350054066
80,1.0,11.9,12.0,0.007886435331230283,0.09463722397476343,11.9,226.7,18.891666666666666,0.023774323730371187,0.4529108562752226,0.0002524249977835561
39,1.0,11.6,13.0,0.007886435331230283,0.10252365930599372,11.6,238.29999999999998,18.330769230769228,0.0231749710312862,0.4760858273065088,0.00023373932385188417
40,1.0,11.4,14.0,0.007886435331230283,0.11041009463722401,11.4,249.7,17.835714285714285,0.02277540256522954,0.4988612298717383,0.00022168134529510348
63,1.0,9.5,15.0,0.007886435331230283,0.1182965299684543,9.5,259.2,17.279999999999998,0.018979502137691284,0.5178407320094296,0.00012305613117260684
72,1.0,8.8,16.0,0.007886435331230283,0.1261829652996846,8.8,268.0,16.75,0.01758101250649298,0.5354217445159226,9.398482660712442e-05
70,1.0,8.5,17.0,0.007886435331230283,0.13406940063091488,8.5,276.5,16.264705882352942,0.01698165980740799,0.5524034043233306,8.272310827206204e-05
67,1.0,8.3,18.0,0.007886435331230283,0.14195583596214517,8.3,284.8,15.822222222222223,0.016582091341351333,0.5689854956646819,7.561443344635433e-05
52,1.0,8.2,19.0,0.007886435331230283,0.14984227129337546,8.2,293.0,15.421052631578947,0.016382307108323002,0.5853678027730049,7.217983725280057e-05
68,1.0,7.9,20.0,0.007886435331230283,0.15772870662460575,7.9,300.9,15.044999999999998,0.015782954409238017,0.601150757182243,6.235501354934006e-05
50,1.0,7.6,21.0,0.007886435331230283,0.16561514195583604,7.6,308.5,14.69047619047619,0.015183601710153026,0.616334358892396,5.3248637161680434e-05
75,1.0,6.6,22.0,0.007886435331230283,0.17350157728706633,6.6,315.1,14.322727272727274,0.013185759379869733,0.6295201182722657,2.8082835372488397e-05
79,1.0,6.4,23.0,0.007886435331230283,0.18138801261829662,6.4,321.5,13.978260869565217,0.012786190913813077,0.6423063091860788,2.400760476905123e-05
44,1.0,6.4,24.0,0.007886435331230283,0.1892744479495269,6.4,327.9,13.6625,0.012786190913813077,0.6550925000998918,2.400760476905123e-05
46,2.0,6.3,26.0,0.015772870662460567,0.2050473186119875,12.6,340.5,13.096153846153847,0.025172813361569492,0.6802653134614614,8.835892274653113e-05
43,1.0,5.6,27.0,0.007886435331230283,0.21293375394321779,5.6,346.1,12.81851851851852,0.011187917049586441,0.6914532305110478,1.0899781536639914e-05
37,1.0,4.7,28.0,0.007886435331230283,0.22082018927444808,4.7,350.8,12.528571428571428,0.009389858952331478,0.7008430894633793,2.260282584485024e-06
41,1.0,4.6,29.0,0.007886435331230283,0.22870662460567837,4.6,355.40000000000003,12.255172413793105,0.009190074719303148,0.7100331641826824,1.699475654134988e-06
53,2.0,4.5,31.0,0.015772870662460567,0.24447949526813895,9.0,364.40000000000003,11.75483870967742,0.017980580972549638,0.728013745155232,4.873984813273571e-06
47,2.0,4.5,33.0,0.015772870662460567,0.2602523659305995,9.0,373.40000000000003,11.315151515151516,0.017980580972549638,0.7459943261277816,4.873984813273571e-06
62,2.0,3.8,35.0,0.015772870662460567,0.2760252365930601,7.6,381.00000000000006,10.885714285714288,0.015183601710153026,0.7611779278379346,3.4723789815362867e-07
42,1.0,3.5,36.0,0.007886435331230283,0.2839116719242904,3.5,384.50000000000006,10.680555555555557,0.006992448155991525,0.7681703759939261,7.992130694913751e-07
69,1.0,3.3,37.0,0.007886435331230283,0.2917981072555207,3.3,387.80000000000007,10.481081081081083,0.0065928796899348665,0.774763255683861,1.673286197127199e-06
49,2.0,3.1,39.0,0.015772870662460567,0.30757097791798127,6.2,394.00000000000006,10.102564102564104,0.012386622447756417,0.7871498781316174,1.1466676971587053e-05
45,1.0,3.1,40.0,0.007886435331230283,0.31545741324921156,3.1,397.1000000000001,9.927500000000002,0.0061933112238782085,0.7933431893554956,2.866669242896763e-06
20,2.0,3.0,42.0,0.015772870662460567,0.33123028391167214,6.0,403.1000000000001,9.59761904761905,0.011987053981699759,0.8053302433371954,1.4332407940326799e-05
58,1.0,2.8,43.0,0.007886435331230283,0.33911671924290243,2.8,405.9000000000001,9.439534883720933,0.005593958524793221,0.8109242018619887,5.25544990805188e-06
36,1.0,2.8,44.0,0.007886435331230283,0.3470031545741327,2.8,408.7000000000001,9.288636363636366,0.005593958524793221,0.8165181603867819,5.25544990805188e-06
24,2.0,2.7,46.0,0.015772870662460567,0.3627760252365933,5.4,414.1000000000001,9.00217391304348,0.010788348583529783,0.8273065089703118,2.484546035534848e-05
30,2.0,2.3,48.0,0.015772870662460567,0.3785488958990539,4.6,418.7000000000001,8.722916666666668,0.009190074719303148,0.8364965836896149,4.33332024292498e-05
76,1.0,2.2,49.0,0.007886435331230283,0.3864353312302842,2.2,420.9000000000001,8.589795918367349,0.004395253126623245,0.8408918368162381,1.2188353185764866e-05
60,1.0,1.8,50.0,0.007886435331230283,0.39432176656151446,1.8,422.7000000000001,8.454000000000002,0.0035961161945099276,0.8444879530107481,1.8406838294908902e-05
54,2.0,1.8,52.0,0.015772870662460567,0.41009463722397504,3.6,426.3000000000001,8.198076923076925,0.007192232389019855,0.851680185399768,7.362735317963561e-05
26,2.0,1.8,54.0,0.015772870662460567,0.4258675078864356,3.6,429.90000000000015,7.961111111111114,0.007192232389019855,0.8588724177887879,7.362735317963561e-05
32,2.0,1.8,56.0,0.015772870662460567,0.4416403785488962,3.6,433.50000000000017,7.7410714285714315,0.007192232389019855,0.8660646501778078,7.362735317963561e-05
23,2.0,1.8,58.0,0.015772870662460567,0.4574132492113568,3.6,437.1000000000002,7.536206896551727,0.007192232389019855,0.8732568825668277,7.362735317963561e-05
55,2.0,1.7,60.0,0.015772870662460567,0.47318611987381737,3.4,440.50000000000017,7.3416666666666694,0.006792663922963196,0.8800495464897908,8.064411308411404e-05
9,2.0,1.7,62.0,0.015772870662460567,0.48895899053627795,3.4,443.90000000000015,7.159677419354841,0.006792663922963196,0.886842210412754,8.064411308411404e-05
27,2.0,1.7,64.0,0.015772870662460567,0.5047318611987385,3.4,447.3000000000001,6.989062500000002,0.006792663922963196,0.8936348743357172,8.064411308411404e-05
33,2.0,1.7,66.0,0.015772870662460567,0.520504731861199,3.4,450.7000000000001,6.82878787878788,0.006792663922963196,0.9004275382586804,8.064411308411404e-05
57,2.0,1.6,68.0,0.015772870662460567,0.5362776025236596,3.2,453.9000000000001,6.675000000000002,0.006393095456906538,0.906820633715587,8.798018290672615e-05
1,2.0,1.6,70.0,0.015772870662460567,0.5520504731861202,3.2,457.1000000000001,6.530000000000001,0.006393095456906538,0.9132137291724935,8.798018290672615e-05
61,1.0,1.6,71.0,0.007886435331230283,0.5599369085173505,1.6,458.7000000000001,6.460563380281692,0.003196547728453269,0.9164102769009468,2.1995045726681537e-05
59,1.0,1.4,72.0,0.007886435331230283,0.5678233438485807,1.4,460.1000000000001,6.390277777777779,0.0027969792623966103,0.9192072561633434,2.5902563076587913e-05
19,2.0,1.4,74.0,0.015772870662460567,0.5835962145110413,2.8,462.9000000000001,6.255405405405407,0.005593958524793221,0.9248012146881367,0.00010361025230635165
22,2.0,1.3,76.0,0.015772870662460567,0.5993690851735018,2.6,465.5000000000001,6.125000000000002,0.005194390058736562,0.9299956047468733,0.00011190425188336499
77,1.0,1.3,77.0,0.007886435331230283,0.6072555205047321,1.3,466.8000000000001,6.062337662337664,0.002597195029368281,0.9325927997762415,2.7976062970841247e-05
34,2.0,1.3,79.0,0.015772870662460567,0.6230283911671927,2.6,469.40000000000015,5.941772151898736,0.005194390058736562,0.9377871898349781,0.00011190425188336499
18,2.0,1.2,81.0,0.015772870662460567,0.6388012618296532,2.4,471.8000000000001,5.824691358024693,0.004794821592679903,0.942582011427658,0.00012051756137851214
7,2.0,1.2,83.0,0.015772870662460567,0.6545741324921138,2.4,474.2000000000001,5.713253012048194,0.004794821592679903,0.9473768330203378,0.00012051756137851214
29,2.0,1.0,85.0,0.015772870662460567,0.6703470031545744,2.0,476.2000000000001,5.602352941176472,0.003995684660566586,0.9513725176809044,0.00013870211012320755
8,2.0,1.0,87.0,0.015772870662460567,0.686119873817035,2.0,478.2000000000001,5.496551724137932,0.003995684660566586,0.9553682023414709,0.00013870211012320755
16,2.0,1.0,89.0,0.015772870662460567,0.7018927444794956,2.0,480.2000000000001,5.39550561797753,0.003995684660566586,0.9593638870020375,0.00013870211012320755
35,2.0,0.9,91.0,0.015772870662460567,0.7176656151419561,1.8,482.0000000000001,5.296703296703298,0.0035961161945099276,0.9629600031965474,0.0001482733493727559
25,2.0,0.9,93.0,0.015772870662460567,0.7334384858044167,1.8,483.8000000000001,5.20215053763441,0.0035961161945099276,0.9665561193910573,0.0001482733493727559
14,2.0,0.9,95.0,0.015772870662460567,0.7492113564668773,1.8,485.60000000000014,5.1115789473684226,0.0035961161945099276,0.9701522355855673,0.0001482733493727559
56,2.0,0.8,97.0,0.015772870662460567,0.7649842271293379,1.6,487.20000000000016,5.022680412371136,0.003196547728453269,0.9733487833140205,0.00015816389854043792
28,2.0,0.8,99.0,0.015772870662460567,0.7807570977917985,1.6,488.8000000000002,4.937373737373739,0.003196547728453269,0.9765453310424738,0.00015816389854043792
31,2.0,0.7,101.0,0.015772870662460567,0.796529968454259,1.4,490.20000000000016,4.853465346534655,0.0027969792623966103,0.9793423103048704,0.00016837375762625382
15,2.0,0.7,103.0,0.015772870662460567,0.8123028391167196,1.4,491.60000000000014,4.772815533980584,0.0027969792623966103,0.982139289567267,0.00016837375762625382
11,2.0,0.6,105.0,0.015772870662460567,0.8280757097791802,1.2,492.8000000000001,4.693333333333334,0.0023974107963399514,0.984536700363607,0.00017890292663020333
10,2.0,0.5,107.0,0.015772870662460567,0.8438485804416408,1.0,493.8000000000001,4.614953271028039,0.001997842330283293,0.9865345426938903,0.00018975140555228662
2,2.0,0.4,109.0,0.015772870662460567,0.8596214511041014,0.8,494.60000000000014,4.537614678899084,0.0015982738642266346,0.9881328165581169,0.00020091919439250367
13,2.0,0.4,111.0,0.015772870662460567,0.875394321766562,0.8,495.40000000000015,4.463063063063064,0.0015982738642266346,0.9897310904223435,0.00020091919439250367
5,2.0,0.4,113.0,0.015772870662460567,0.8911671924290225,0.8,496.20000000000016,4.391150442477877,0.0015982738642266346,0.9913293642865701,0.00020091919439250367
6,2.0,0.4,115.0,0.015772870662460567,0.9069400630914831,0.8,497.00000000000017,4.321739130434784,0.0015982738642266346,0.9929276381507968,0.00020091919439250367
48,2.0,0.4,117.0,0.015772870662460567,0.9227129337539437,0.8,497.8000000000002,4.2547008547008565,0.0015982738642266346,0.9945259120150234,0.00020091919439250367
4,2.0,0.3,119.0,0.015772870662460567,0.9384858044164043,0.6,498.4000000000002,4.188235294117649,0.0011987053981699757,0.9957246174131934,0.00021240629315085447
3,2.0,0.3,121.0,0.015772870662460567,0.9542586750788649,0.6,499.0000000000002,4.123966942148762,0.0011987053981699757,0.9969233228113634,0.00021240629315085447
17,2.0,0.3,123.0,0.015772870662460567,0.9700315457413254,0.6,499.60000000000025,4.061788617886181,0.0011987053981699757,0.9981220282095334,0.00021240629315085447
0,1.7999999999999998,0.3,124.8,0.01419558359621451,0.98422712933754,0.5399999999999999,500.14000000000027,4.007532051282054,0.0010788348583529782,0.9992008630678865,0.0001720490974521921
12,2.0,0.2,126.8,0.015772870662460567,1.0000000000000004,0.4,500.54000000000025,3.9474763406940085,0.0007991369321133173,0.9999999999999998,0.00022421270182733898
