,weight,grade,cml_weight,weight_pct,cml_weight_pct,yield,cml_yield,cml_grade,recovery,cml_recovery,distributional_heterogeneity
103,0.6399999999999864,200.0,0.6399999999999864,0.00238797059811196,0.00238797059811196,127.99999999999727,127.99999999999727,200.0,0.06256265429881076,0.06256265429881076,0.0036209925584791457
61,0.8099999999999881,111.4,1.4499999999999744,0.003022275288235469,0.005410245886347429,90.23399999999867,218.23399999999594,150.5062068965516,0.04410373865624162,0.10666639295505238,0.0016876866324568318
98,0.5999999999999943,106.7,2.0499999999999687,0.002238722435729989,0.007648968322077418,64.0199999999994,282.25399999999536,137.68487804878032,0.031291102564139944,0.13795749551919234,0.0008440407911256294
100,1.0,98.7,3.0499999999999687,0.003731204059550017,0.011380172381627435,98.7,380.95399999999535,124.90295081967189,0.04824167171322464,0.18619916723241697,0.001981181730748815
96,1.5999999999999943,97.1,4.649999999999963,0.005969926495280006,0.01735009887690744,155.35999999999945,536.3139999999948,115.33634408602131,0.07593542165518291,0.2621345888875999,0.004895170512970396
75,0.2599999999999909,83.0,4.909999999999954,0.0009701130554829704,0.01832021193239041,21.579999999999245,557.8939999999941,113.6240325865579,0.010547672498189983,0.2726822613857899,9.172964487858627e-05
19,1.0,55.9,5.909999999999954,0.003731204059550017,0.022051415991940427,55.9,613.7939999999941,103.85685279187798,0.027322284182059346,0.3000045455678492,0.0005565390613466547
86,1.450000000000017,55.4,7.359999999999971,0.005410245886347588,0.027461661878288017,80.33000000000094,694.123999999995,94.31032608695622,0.03926295327987214,0.33926749884772134,0.0011460057978715922
88,0.799999999999983,54.2,8.159999999999954,0.00298496324763995,0.030446625125927967,43.359999999999076,737.4839999999941,90.37794117647037,0.021193099143722145,0.3604605979914435,0.00033153621281019704
63,0.7000000000000028,43.0,8.859999999999957,0.0026118428416850225,0.03305846796761299,30.100000000000122,767.5839999999943,86.63476297968374,0.014711999174955092,0.37517259716639856,0.00014641378328957577
3,0.7699999999999996,40.0,9.629999999999956,0.0028730271258535114,0.0359314950934665,30.799999999999983,798.3839999999942,82.90591900311505,0.015054138690651652,0.3902267358570502,0.00014837947895405903
73,0.8500000000000227,37.4,10.479999999999979,0.003171523450617599,0.0391030185440841,31.79000000000085,830.1739999999951,79.21507633587755,0.01553802171999445,0.40576475757704467,0.00015293027944650068
62,1.0,36.9,11.479999999999979,0.003731204059550017,0.04283422260363412,36.9,867.0739999999951,75.52909407665476,0.018035640184579423,0.4238003977616241,0.00020461689285504632
6,1.0,35.8,12.479999999999979,0.003731204059550017,0.04656542666318414,35.8,902.873999999995,72.3456730769228,0.017497992374199006,0.4412983901358231,0.00018952446050035597
74,0.5699999999999932,34.5,13.049999999999972,0.0021267863139434844,0.04869221297712763,19.664999999999765,922.5389999999948,70.69264367816066,0.009611676537391603,0.4509100666732147,5.602358165706923e-05
15,1.0100000000000016,31.8,14.059999999999974,0.003768516100145523,0.05246072907727315,32.11800000000005,954.6569999999948,67.89879089615907,0.015698338521634766,0.4666084051948495,0.0001423206630082675
58,1.0600000000000023,31.6,15.119999999999976,0.003955076303123027,0.05641580538039618,33.49600000000007,988.1529999999949,65.35403439153416,0.016371864596820426,0.4829802697916699,0.0001541766315305008
14,1.0,31.6,16.119999999999976,0.003731204059550017,0.0601470094399462,31.6,1019.7529999999949,63.2601116625308,0.015445155280019237,0.49842542507168913,0.00013721665319553234
99,1.0999999999999943,31.1,17.21999999999997,0.004104324465504998,0.0642513339054512,34.20999999999982,1053.9629999999947,61.20574912891966,0.016720846902830867,0.51514627197452,0.00015917663841154712
87,0.37999999999999545,29.1,17.599999999999966,0.0014178575426289895,0.06566919144808019,11.057999999999868,1065.0209999999945,60.51255681818162,0.00540482680653325,0.5205510987810532,1.5895923911317277e-05
67,1.0,25.3,18.599999999999966,0.003731204059550017,0.0694003955076302,25.3,1090.3209999999945,58.619408602150344,0.012365899638749579,0.5329169984198028,7.455796774544847e-05
7,1.0,25.1,19.599999999999966,0.003731204059550017,0.07313159956718022,25.1,1115.4209999999944,56.909234693877366,0.012268145491407685,0.5451851439112104,7.287936901096805e-05
16,0.8999999999999986,22.0,20.499999999999964,0.00335808365359501,0.07648968322077523,19.79999999999997,1135.2209999999943,55.37663414634128,0.009677660586847481,0.5548628044980579,3.993705261529671e-05
17,1.0,21.7,21.499999999999964,0.003731204059550017,0.08022088728032525,21.7,1156.9209999999944,53.81027906976727,0.010606324986595488,0.5654691294846534,4.7267287761498576e-05
102,1.4399999999999977,20.5,22.939999999999962,0.005372933845752016,0.08559382112607727,29.519999999999953,1186.4409999999943,51.71931124673044,0.014428512147663516,0.5798976416323169,8.200349838205041e-05
72,1.8699999999999761,18.6,24.80999999999994,0.006977351591358443,0.09257117271743572,34.781999999999556,1221.2229999999938,49.22301491334127,0.017000423764228553,0.5968980653965454,0.00010046197578256316
114,2.0,18.3,26.80999999999994,0.007462408119100034,0.10003358083653575,36.6,1257.8229999999937,46.91618798955601,0.017889008963566586,0.614787074360112,0.0001087140051698306
41,2.0,18.1,28.80999999999994,0.007462408119100034,0.1074959889556358,36.2,1294.0229999999938,44.915758417216125,0.017693500668882797,0.6324805750289948,0.00010467525476222039
4,1.0,15.5,29.80999999999994,0.003731204059550017,0.11122719301518581,15.5,1309.5229999999938,43.92898356256278,0.0075759464189967774,0.6400565214479915,1.4782043810524241e-05
97,1.6000000000000227,14.2,31.40999999999996,0.005969926495280112,0.11719711951046592,22.720000000000322,1332.242999999994,42.41461318051562,0.011104871138039304,0.6511613925860308,2.636765648420133e-05
95,0.5300000000000011,13.3,31.939999999999962,0.0019775381515615134,0.11917465766202744,7.0490000000000155,1339.291999999994,41.93149655604244,0.003445344923065058,0.6546067375090958,2.1544567184716595e-06
112,2.0,10.9,33.93999999999996,0.007462408119100034,0.12663706578112746,21.8,1361.091999999994,40.10288744843829,0.010655202060266435,0.6652619395693623,1.0193933150748884e-05
0,1.0099999999999998,10.8,34.94999999999996,0.0037685161001455164,0.130405581881273,10.907999999999998,1371.9999999999939,39.256080114449084,0.005331511196026892,0.6705934507653892,2.4429536697492325e-06
9,1.0,10.8,35.94999999999996,0.003731204059550017,0.134136785940823,10.8,1382.7999999999938,38.46453407510418,0.005278723956462271,0.6758721747218515,2.3948178313393133e-06
8,1.0,10.8,36.94999999999996,0.003731204059550017,0.13786799000037303,10.8,1393.5999999999938,37.71583220568323,0.005278723956462271,0.6811508986783137,2.3948178313393133e-06
18,1.0,10.5,37.94999999999996,0.003731204059550017,0.14159919405992305,10.5,1404.0999999999938,36.99868247694322,0.00513209273544943,0.6862829914137631,1.96248908226321e-06
70,1.0,10.4,38.94999999999996,0.003731204059550017,0.14533039811947307,10.4,1414.4999999999939,36.31578947368409,0.005083215661778483,0.6913662070755416,1.827935372560384e-06
91,0.9399999999999977,10.4,39.88999999999996,0.0035073318159770076,0.14883772993545008,9.775999999999977,1424.275999999994,35.705088994735405,0.004778222722071762,0.6961444297976134,1.6151636951943472e-06
20,0.9600000000000009,10.1,40.84999999999996,0.0035819558971680195,0.1524196858326181,9.696000000000009,1433.9719999999938,35.10335373317002,0.0047391210631350204,0.7008835508607484,1.3390312213274368e-06
110,2.0,10.0,42.84999999999996,0.007462408119100034,0.15988209395171815,20.0,1453.9719999999938,33.93166861143513,0.00977541473418939,0.7106589655949378,5.349999601447121e-06
121,2.0,9.3,44.84999999999996,0.007462408119100034,0.1673445020708182,18.6,1472.5719999999937,32.83326644370112,0.009091135702796134,0.719750101297734,2.652753541892535e-06
152,0.7299999999999613,9.3,45.57999999999992,0.0027237789634713683,0.17006828103428956,6.788999999999641,1479.3609999999933,32.45636243966643,0.0033182645315204128,0.7230683658292544,3.534130906185955e-07
68,1.0000000000000142,9.1,46.579999999999934,0.00373120405955007,0.17379948509383963,9.10000000000013,1488.4609999999934,31.95493774151987,0.004447813704056235,0.7275161795333106,5.135293825992528e-07
60,1.6300000000000097,9.0,48.209999999999944,0.006081862617066564,0.1798813477109062,14.670000000000087,1503.1309999999935,31.178821821198824,0.00717026670752796,0.7346864462408386,1.1846234641330994e-06
64,0.9099999999999966,9.0,49.11999999999994,0.0033953956941905027,0.1832767434050967,8.18999999999997,1511.3209999999935,30.767935667752347,0.0040030323336505405,0.7386894785744891,3.692222856142876e-07
45,1.0,9.0,50.11999999999994,0.003731204059550017,0.18700794746464672,9.0,1520.3209999999935,30.333619313647155,0.004398936630385226,0.7430884152048743,4.458667861541968e-07
71,2.0,8.8,52.11999999999994,0.007462408119100034,0.19447035558374676,17.6,1537.9209999999935,29.507310053722087,0.008602364966086663,0.751690780170961,1.299501612991699e-06
44,1.0,8.5,53.11999999999994,0.003731204059550017,0.19820155964329678,8.5,1546.4209999999935,29.11184111445774,0.0041545512620304904,0.7558453314329915,1.7922285384804326e-07
43,1.0,8.2,54.11999999999994,0.003731204059550017,0.2019327637028468,8.2,1554.6209999999935,28.725443458979957,0.004007920041017649,0.7598532514740092,7.657173439959517e-08
122,2.0,7.7,56.11999999999994,0.007462408119100034,0.20939517182194683,15.4,1570.0209999999936,27.976140413399772,0.00752706934532583,0.767380320819335,4.181074177023634e-09
48,1.0,7.6,57.11999999999994,0.003731204059550017,0.21312637588149685,7.6,1577.6209999999935,27.61941526610636,0.003714657598991968,0.771094978418327,2.7378535699906975e-10
69,1.0,7.4,58.11999999999994,0.003731204059550017,0.21685757994104687,7.4,1585.0209999999936,27.27152443220914,0.0036169034516500744,0.7747118818699771,1.30646289662964e-08
167,1.5,7.1,59.61999999999994,0.005596806089325025,0.2224543860303719,10.649999999999999,1595.6709999999937,26.76402214022132,0.00520540834595585,0.7799172902159329,1.53192193514483e-07
146,2.0,6.8,61.61999999999994,0.007462408119100034,0.22991679414947194,13.6,1609.2709999999936,26.116049983771426,0.006647282019248785,0.7865645722351817,6.644305586587082e-07
66,1.0,6.5,62.61999999999994,0.003731204059550017,0.23364799820902196,6.5,1615.7709999999936,25.802794634302064,0.0031770097886115517,0.7897415820237933,3.07131289941017e-07
153,1.7900000000000205,6.4,64.40999999999997,0.006678855266594607,0.24032685347561658,11.456000000000131,1627.2269999999937,25.263577084303595,0.005599357559743746,0.795340939583537,1.1653152990962649e-06
37,2.0,6.3,66.40999999999997,0.007462408119100034,0.24778926159471662,12.6,1639.8269999999936,24.692471013401512,0.006158511282539316,0.8014994508660763,1.700146960393049e-06
59,1.5,6.0,67.90999999999997,0.005596806089325025,0.25338606768404165,9.0,1648.8269999999936,24.279590634663442,0.004398936630385226,0.8058983874964616,1.434891240660729e-06
117,2.0,5.8,69.90999999999997,0.007462408119100034,0.2608484758031417,11.6,1660.4269999999935,23.750922614790362,0.005669740545829846,0.8115681280422914,3.2136570282544248e-06
76,0.8700000000000045,5.5,70.77999999999997,0.0032461475318085317,0.2640946233349502,4.785000000000025,1665.2119999999936,23.52658943204287,0.002338767975154824,0.8139068960174463,8.233376598330796e-07
111,2.0,5.4,72.77999999999997,0.007462408119100034,0.27155703145405025,10.8,1676.0119999999936,23.028469359714126,0.005278723956462271,0.8191856199739085,4.768476522154989e-06
104,2.0900000000000034,5.1,74.86999999999998,0.007798216484459548,0.2793552479385098,10.659000000000017,1686.6709999999937,22.527995191665475,0.005209807282586244,0.8243954272564947,6.699862196342398e-06
65,1.0900000000000034,4.9,75.95999999999998,0.004067012424909531,0.28342226036341933,5.341000000000017,1692.0119999999938,22.275039494470697,0.002610524504765285,0.82700595176126,2.1213570615261126e-06
21,0.9800000000000004,4.8,76.93999999999998,0.003656579978359018,0.28707884034177833,4.7040000000000015,1696.7159999999938,22.052456459578817,0.0022991775454813453,0.8293051293067414,1.842541364782225e-06
1,1.0,4.8,77.93999999999998,0.003731204059550017,0.29081004440132835,4.8,1701.5159999999937,21.83110084680516,0.0023460995362054537,0.8316512288429468,1.9185145405895707e-06
10,1.0,4.8,78.93999999999998,0.003731204059550017,0.29454124846087837,4.8,1706.3159999999937,21.615353432987003,0.0023460995362054537,0.8339973283791523,1.9185145405895707e-06
51,1.9599999999999937,4.8,80.89999999999998,0.00731315995671801,0.30185440841759636,9.40799999999997,1715.7239999999936,21.207960444993745,0.004598355090962674,0.8385956834701149,7.370165459128848e-06
5,1.0,4.7,81.89999999999998,0.003731204059550017,0.3055856124771464,4.7,1720.4239999999936,21.006398046397972,0.0022972224625345066,0.8408929059326494,2.056303220579153e-06
36,2.069999999999993,4.5,83.96999999999997,0.007723592403268509,0.3133092048804149,9.31499999999997,1729.7389999999937,20.59948791234958,0.004552899412448693,0.8454458053450982,1.0053294042033911e-05
118,2.0,4.4,85.96999999999997,0.007462408119100034,0.32077161299951495,8.8,1738.5389999999936,20.222624171222453,0.004301182483043332,0.8497469878281415,9.9933475220621e-06
101,1.7700000000000102,4.3,87.73999999999998,0.006604231185403568,0.3273758441849185,7.611000000000043,1746.1499999999937,19.901413266469046,0.0037200340770957934,0.8534670219052373,8.318592959570929e-06
79,2.0,4.3,89.73999999999998,0.007462408119100034,0.33483825230401854,8.6,1754.7499999999936,19.5537107198573,0.0042034283357014375,0.8576704502409387,1.0620949228600763e-05
132,2.0,4.2,91.73999999999998,0.007462408119100034,0.3423006604231186,8.4,1763.1499999999937,19.218988445607085,0.004105674188359544,0.8617761244292982,1.12676626817845e-05
124,2.0,4.2,93.73999999999998,0.007462408119100034,0.3497630685422186,8.4,1771.5499999999938,18.898549178578985,0.004105674188359544,0.8658817986176577,1.12676626817845e-05
120,2.0,4.1,95.73999999999998,0.007462408119100034,0.35722547666131865,8.2,1779.7499999999939,18.589408815542033,0.004007920041017649,0.8698897186586754,1.1933487881613326e-05
82,2.0,4.1,97.73999999999998,0.007462408119100034,0.3646878847804187,8.2,1787.949999999994,18.292919991814962,0.004007920041017649,0.8738976386996931,1.1933487881613326e-05
42,2.0,4.0,99.73999999999998,0.007462408119100034,0.37215029289951873,8.0,1795.949999999994,18.00631642269896,0.003910165893675756,0.8778078045933688,1.2618424828087227e-05
2,1.2300000000000004,3.9,100.96999999999998,0.004589380993246522,0.37673967389276525,4.7970000000000015,1800.746999999994,17.834475586807905,0.002344633223995326,0.8801524378173642,5.038892547558224e-06
80,2.0,3.8,102.96999999999998,0.007462408119100034,0.3842020820118653,7.6,1808.3469999999938,17.561882101582928,0.003714657598991968,0.8838670954163561,1.404563396097028e-05
109,2.0,3.7,104.96999999999998,0.007462408119100034,0.3916644901309653,7.4,1815.746999999994,17.297770791654703,0.0036169034516500744,0.8874839988680062,1.4787906147379424e-05
13,1.4899999999999984,3.6,106.45999999999998,0.0055594940487295194,0.39722398417969484,5.3639999999999946,1821.110999999994,17.106058613563725,0.002621766231709592,0.8901057650997158,8.63024472689267e-06
92,0.6700000000000159,3.5,107.13,0.0024999067198985705,0.3997238908995934,2.3450000000000557,1823.455999999994,17.02096518248851,0.0011461673775837332,0.8912519324772996,1.832610206931009e-06
126,2.0,3.4,109.13,0.007462408119100034,0.40718629901869346,6.8,1830.255999999994,16.771336937597304,0.0033236410096243924,0.894575573486924,1.712939318647736e-05
119,2.0,3.4,111.13,0.007462408119100034,0.4146487071377935,6.8,1837.055999999994,16.530693782056996,0.0033236410096243924,0.8978992144965483,1.712939318647736e-05
116,2.0,3.3,113.13,0.007462408119100034,0.42211111525689354,6.6,1843.6559999999938,16.296791302041843,0.0032258868622824987,0.9011251013588308,1.7948112359466832e-05
115,2.0,3.2,115.13,0.007462408119100034,0.4295735233759936,6.4,1850.055999999994,16.069278207243933,0.003128132714940605,0.9042532340737715,1.878594327910138e-05
83,2.0,3.1,117.13,0.007462408119100034,0.4370359314950936,6.2,1856.255999999994,15.84782720054635,0.003030378567598711,0.9072836126413701,1.9642885945381015e-05
81,2.0,3.1,119.13,0.007462408119100034,0.44449833961419366,6.2,1862.455999999994,15.633811802232804,0.003030378567598711,0.9103139912089688,1.9642885945381015e-05
162,1.9300000000000068,3.1,121.06,0.0072012238349315584,0.4516995634491252,5.983000000000021,1868.438999999994,15.43399140921852,0.002924315317732766,0.9132383065267016,1.8291946464487565e-05
107,2.0,3.0,123.06,0.007462408119100034,0.45916197156822525,6.0,1874.438999999994,15.231911262798585,0.002932624420256817,0.9161709309469583,2.0518940358305735e-05
125,2.0,3.0,125.06,0.007462408119100034,0.4666243796873253,6.0,1880.438999999994,15.036294578602222,0.002932624420256817,0.9191035553672151,2.0518940358305735e-05
105,2.0,3.0,127.06,0.007462408119100034,0.4740867878064253,6.0,1886.438999999994,14.84683614040606,0.002932624420256817,0.9220361797874719,2.0518940358305735e-05
77,1.2800000000000011,2.9,128.34,0.004775941196224026,0.47886272900264937,3.7120000000000033,1890.150999999994,14.727684276141451,0.0018143169746655523,0.9238504967621374,8.771218029721838e-06
85,1.4099999999999966,2.8,129.75,0.005260997723965511,0.48412372672661486,3.94799999999999,1894.098999999994,14.598065510597257,0.0019296668685289807,0.9257801636306664,1.1097765268383485e-05
94,1.0300000000000011,2.7,130.78,0.003843140181336522,0.4879668669079514,2.7810000000000032,1896.879999999994,14.504358464596987,0.0013592714187890362,0.9271394350494554,6.1696040295591776e-06
50,2.0,2.7,132.78,0.007462408119100034,0.4954292750270514,5.4,1902.279999999994,14.326555204096957,0.0026393619782311356,0.9297787970276865,2.3261774076950375e-05
22,1.0,2.6,133.78,0.003731204059550017,0.49916047908660144,2.6,1904.879999999994,14.238899686051681,0.0012708039154446208,0.9310496009431312,6.0535688691138535e-06
90,2.0,2.6,135.78,0.007462408119100034,0.5066228872057015,5.2,1910.079999999994,14.067462070997157,0.0025416078308892415,0.9335912087740204,2.4214275476455414e-05
12,1.0,2.6,136.78,0.003731204059550017,0.5103540912652514,2.6,1912.679999999994,13.983623336745094,0.0012708039154446208,0.934862012689465,6.0535688691138535e-06
78,2.0,2.6,138.78,0.007462408119100034,0.5178164993843515,5.2,1917.879999999994,13.819570543305908,0.0025416078308892415,0.9374036205203542,2.4214275476455414e-05
11,1.0,2.5,139.78,0.003731204059550017,0.5215477034439014,2.5,1920.379999999994,13.738589211618214,0.0012219268417736737,0.9386255473621279,6.296472155651386e-06
165,2.0,2.5,141.78,0.007462408119100034,0.5290101115630015,5.0,1925.379999999994,13.58005360417544,0.0024438536835473474,0.9410694010456753,2.5185888622605543e-05
52,1.8800000000000097,2.4,143.66000000000003,0.007014663631954068,0.5360247751949555,4.512000000000023,1929.891999999994,13.433746345538031,0.0022053335640331373,0.9432747346097085,2.3129655702208345e-05
46,1.0,2.4,144.66000000000003,0.003731204059550017,0.5397559792545055,2.4,1932.291999999994,13.357472694594177,0.0011730497681027268,0.9444477843778112,6.544153378850189e-06
38,3.0,2.4,147.66000000000003,0.01119361217865005,0.5509495914331555,7.199999999999999,1939.491999999994,13.134850331843381,0.00351914930430818,0.9479669336821194,5.88973804096517e-05
49,2.0,2.3,149.66000000000003,0.007462408119100034,0.5584119995522555,4.6,1944.091999999994,12.990057463584082,0.0022483453888635595,0.9502152790709829,2.718645015484104e-05
28,2.0,2.2,151.66000000000003,0.007462408119100034,0.5658744076713556,4.4,1948.491999999994,12.847764736911472,0.002150591241521666,0.9523658703125045,2.8215398540926403e-05
40,2.0,2.2,153.66000000000003,0.007462408119100034,0.5733368157904556,4.4,1952.8919999999941,12.709176103084692,0.002150591241521666,0.9545164615540261,2.8215398540926403e-05
113,2.0,2.1,155.66000000000003,0.007462408119100034,0.5807992239095556,4.2,1957.0919999999942,12.572863934215558,0.002052837094179772,0.956569298648206,2.926345867365685e-05
26,0.8100000000000023,2.1,156.47000000000003,0.0030222752882355223,0.5838214991977911,1.701000000000005,1958.7929999999942,12.518648942289218,0.0008313990231428101,0.9574006976713487,4.799938808946591e-06
39,2.0,2.1,158.47000000000003,0.007462408119100034,0.5912839073168912,4.2,1962.9929999999943,12.387158452703943,0.002052837094179772,0.9594535347655285,2.926345867365685e-05
89,1.960000000000008,2.1,160.43000000000004,0.007313159956718063,0.5985970672736093,4.1160000000000165,1967.1089999999942,12.261478526460099,0.0020117803522961848,0.9614653151178247,2.8104625710180264e-05
161,2.0,2.0,162.43000000000004,0.007462408119100034,0.6060594753927093,4.0,1971.1089999999942,12.135128978636914,0.001955082946837878,0.9634203980646626,3.0330630553032385e-05
168,2.0,2.0,164.43000000000004,0.007462408119100034,0.6135218835118094,4.0,1975.1089999999942,12.01185306817487,0.001955082946837878,0.9653754810115005,3.0330630553032385e-05
108,2.0,1.9,166.43000000000004,0.007462408119100034,0.6209842916309094,3.8,1978.9089999999942,11.89033828035807,0.001857328799495984,0.9672328098109965,3.1416914179053006e-05
166,1.5,1.8,167.93000000000004,0.005596806089325025,0.6265810977202344,2.7,1981.6089999999942,11.800208420175036,0.0013196809891155678,0.9685524908001121,1.8293799122841764e-05
24,0.9400000000000013,1.8,168.87000000000003,0.0035073318159770206,0.6300884295362115,1.6920000000000024,1983.3009999999942,11.744543139693219,0.0008270000865124236,0.9693794908866245,7.1841781799746794e-06
47,1.0,1.8,169.87000000000003,0.003731204059550017,0.6338196335957614,1.8,1985.1009999999942,11.686001059633801,0.0008797873260770451,0.9702592782127015,8.130577387929674e-06
23,1.0,1.7,170.87000000000003,0.003731204059550017,0.6375508376553114,1.7,1986.8009999999942,11.627558962954257,0.0008309102524060981,0.9710901884651076,8.411704167757366e-06
106,2.0,1.6,172.87000000000003,0.007462408119100034,0.6450132457744114,3.2,1990.0009999999943,11.5115462486261,0.0015640663574703025,0.972654254822578,3.479043553698532e-05
123,2.0,1.6,174.87000000000003,0.007462408119100034,0.6524756538935115,3.2,1993.2009999999943,11.398187224795528,0.0015640663574703025,0.9742183211800483,3.479043553698532e-05
127,2.0,1.6,176.87000000000003,0.007462408119100034,0.6599380620126115,3.2,1996.4009999999944,11.2873918697348,0.0015640663574703025,0.9757823875375186,3.479043553698532e-05
163,1.0,1.5,177.87000000000003,0.003731204059550017,0.6636692660721615,1.5,1997.9009999999944,11.232366334963704,0.0007331561050642043,0.9765155436425828,8.988291537396566e-06
57,2.0,1.5,179.87000000000003,0.007462408119100034,0.6711316741912615,3.0,2000.9009999999944,11.124150775560093,0.0014663122101284086,0.9779818558527111,3.595316614958626e-05
35,2.0,1.4,181.87000000000003,0.007462408119100034,0.6785940823103616,2.8,2003.7009999999943,11.017215593555804,0.0013685580627865145,0.9793504139154976,3.713500850883229e-05
32,2.0,1.3,183.87000000000003,0.007462408119100034,0.6860564904294616,2.6,2006.3009999999942,10.911519007994746,0.0012708039154446208,0.9806212178309422,3.833596261472339e-05
151,1.4800000000000182,1.3,185.35000000000005,0.005522182008134093,0.6915786724375957,1.9240000000000237,2008.2249999999942,10.834772052872909,0.0009403948974290309,0.9815616127283713,2.099277312782304e-05
149,2.0,1.2,187.35000000000005,0.007462408119100034,0.6990410805566958,2.4,2010.6249999999943,10.731918868428043,0.0011730497681027268,0.982734662496474,3.955602846725957e-05
56,1.5499999999999972,1.1,188.90000000000003,0.005783366292302515,0.7048244468489983,1.704999999999997,2012.3299999999942,10.652885124404415,0.000833354106089644,0.9835680166025637,2.4502620643655928e-05
164,2.0,1.0,190.90000000000003,0.007462408119100034,0.7122868549680983,2.0,2014.3299999999942,10.5517548454688,0.000977541473418939,0.9845455580759825,4.205349541226718e-05
128,2.0,1.0,192.90000000000003,0.007462408119100034,0.7197492630871983,2.0,2016.3299999999942,10.45272161741832,0.000977541473418939,0.9855230995494014,4.205349541226718e-05
33,2.0,1.0,194.90000000000003,0.007462408119100034,0.7272116712062984,2.0,2018.3299999999942,10.355720882503817,0.000977541473418939,0.9865006410228203,4.205349541226718e-05
136,2.0,1.0,196.90000000000003,0.007462408119100034,0.7346740793253984,2.0,2020.3299999999942,10.260690705942071,0.000977541473418939,0.9874781824962392,4.205349541226718e-05
55,1.2099999999999937,0.9,198.11,0.004514756912055497,0.7391888362374539,1.0889999999999944,2021.4189999999942,10.203518247438263,0.0005322713322766095,0.9880104538285158,1.586019139314678e-05
145,2.0,0.8,200.11,0.007462408119100034,0.746651244356554,1.6,2023.018999999994,10.109534755884233,0.0007820331787351513,0.988792487007251,4.4627409343855116e-05
140,2.0,0.8,202.11,0.007462408119100034,0.754113652475654,1.6,2024.618999999994,10.017411310672376,0.0007820331787351513,0.9895745201859861,4.4627409343855116e-05
84,2.0,0.8,204.11,0.007462408119100034,0.761576060594754,1.6,2026.218999999994,9.927093234040438,0.0007820331787351513,0.9903565533647213,4.4627409343855116e-05
53,2.0,0.8,206.11,0.007462408119100034,0.7690384687138541,1.6,2027.8189999999938,9.838527970501158,0.0007820331787351513,0.9911385865434564,4.4627409343855116e-05
129,2.0,0.8,208.11,0.007462408119100034,0.7765008768329541,1.6,2029.4189999999937,9.751664984863742,0.0007820331787351513,0.9919206197221916,4.4627409343855116e-05
27,2.0,0.7,210.11,0.007462408119100034,0.7839632849520541,1.4,2030.8189999999938,9.665503783732301,0.0006842790313932572,0.9926048987535848,4.59430339296167e-05
159,2.0,0.7,212.11,0.007462408119100034,0.7914256930711542,1.4,2032.218999999994,9.580967422563734,0.0006842790313932572,0.993289177784978,4.59430339296167e-05
154,2.3999999999999986,0.7,214.51000000000002,0.008954889742920035,0.8003805828140742,1.6799999999999988,2033.898999999994,9.481604587198703,0.0008211348376719081,0.9941103126226499,6.615796885864797e-05
29,2.0,0.6,216.51000000000002,0.007462408119100034,0.8078429909331742,1.2,2035.098999999994,9.399561221190678,0.0005865248840513634,0.9946968375067012,4.727777026202338e-05
131,2.0,0.6,218.51000000000002,0.007462408119100034,0.8153053990522743,1.2,2036.298999999994,9.319019724497707,0.0005865248840513634,0.9952833623907525,4.727777026202338e-05
139,2.0,0.6,220.51000000000002,0.007462408119100034,0.8227678071713743,1.2,2037.498999999994,9.239939231780845,0.0005865248840513634,0.9958698872748039,4.727777026202338e-05
54,2.0,0.5,222.51000000000002,0.007462408119100034,0.8302302152904744,1.0,2038.498999999994,9.1613815109433,0.0004887707367094695,0.9963586580115134,4.863161834107512e-05
130,2.0,0.5,224.51000000000002,0.007462408119100034,0.8376926234095744,1.0,2039.498999999994,9.084223419892183,0.0004887707367094695,0.9968474287482229,4.863161834107512e-05
141,2.0,0.5,226.51000000000002,0.007462408119100034,0.8451550315286744,1.0,2040.498999999994,9.008427883978605,0.0004887707367094695,0.9973361994849324,4.863161834107512e-05
93,1.9899999999999807,0.3,228.5,0.0074250960785044616,0.8525801276071789,0.5969999999999942,2041.095999999994,8.932586433260369,0.00029179612981555044,0.9976279956147479,5.088396815796522e-05
25,1.509999999999998,0.3,230.01,0.005634118129920518,0.8582142457370995,0.4529999999999994,2041.548999999994,8.875914090691683,0.0002214131437293894,0.9978494087584773,2.9297375267538307e-05
148,2.0,0.2,232.01,0.007462408119100034,0.8656766538561995,0.4,2041.9489999999942,8.801124951510685,0.00019550829468378781,0.998044917053161,5.280783305810087e-05
31,2.0,0.2,234.01,0.007462408119100034,0.8731390619752996,0.4,2042.3489999999942,8.72761420452115,0.00019550829468378781,0.9982404253478447,5.280783305810087e-05
34,2.0,0.2,236.01,0.007462408119100034,0.8806014700943996,0.4,2042.7489999999943,8.655349349603807,0.00019550829468378781,0.9984359336425285,5.280783305810087e-05
144,2.0,0.1,238.01,0.007462408119100034,0.8880638782134996,0.2,2042.9489999999944,8.583458678206775,9.775414734189391e-05,0.9985336877898704,5.4238128123732955e-05
135,2.0,0.1,240.01,0.007462408119100034,0.8955262863325997,0.2,2043.1489999999944,8.512766134744362,9.775414734189391e-05,0.9986314419372123,5.4238128123732955e-05
134,2.0,0.1,242.01,0.007462408119100034,0.9029886944516997,0.2,2043.3489999999945,8.443242014792755,9.775414734189391e-05,0.9987291960845542,5.4238128123732955e-05
142,2.0,0.1,244.01,0.007462408119100034,0.9104511025707998,0.2,2043.5489999999945,8.374857587803756,9.775414734189391e-05,0.9988269502318962,5.4238128123732955e-05
143,2.0,0.1,246.01,0.007462408119100034,0.9179135106898998,0.2,2043.7489999999946,8.307585057517965,9.775414734189391e-05,0.9989247043792381,5.4238128123732955e-05
160,2.0,0.1,248.01,0.007462408119100034,0.9253759188089998,0.2,2043.9489999999946,8.241397524293355,9.775414734189391e-05,0.99902245852658,5.4238128123732955e-05
158,2.0,0.1,250.01,0.007462408119100034,0.9328383269280999,0.2,2044.1489999999947,8.17626894924201,9.775414734189391e-05,0.9991202126739219,5.4238128123732955e-05
147,2.0,0.1,252.01,0.007462408119100034,0.9403007350471999,0.2,2044.3489999999947,8.11217412007458,9.775414734189391e-05,0.9992179668212638,5.4238128123732955e-05
157,2.0,0.1,254.01,0.007462408119100034,0.9477631431663,0.2,2044.5489999999947,8.049088618558304,9.775414734189391e-05,0.9993157209686058,5.4238128123732955e-05
156,2.0,0.1,256.01,0.007462408119100034,0.9552255512854,0.2,2044.7489999999948,7.98698878950039,9.775414734189391e-05,0.9994134751159477,5.4238128123732955e-05
155,2.0,0.1,258.01,0.007462408119100034,0.9626879594045,0.2,2044.9489999999948,7.925851711173966,9.775414734189391e-05,0.9995112292632896,5.4238128123732955e-05
133,2.0,0.1,260.01,0.007462408119100034,0.9701503675236001,0.2,2045.1489999999949,7.865655167108938,9.775414734189391e-05,0.9996089834106315,5.4238128123732955e-05
138,2.0,0.1,262.01,0.007462408119100034,0.9776127756427001,0.2,2045.348999999995,7.806377619174822,9.775414734189391e-05,0.9997067375579735,5.4238128123732955e-05
30,2.0,0.1,264.01,0.007462408119100034,0.9850751837618001,0.2,2045.548999999995,7.747998181887031,9.775414734189391e-05,0.9998044917053154,5.4238128123732955e-05
150,2.0,0.1,266.01,0.007462408119100034,0.9925375918809002,0.2,2045.748999999995,7.690496597872242,9.775414734189391e-05,0.9999022458526573,5.4238128123732955e-05
137,2.0,0.1,268.01,0.007462408119100034,1.0000000000000002,0.2,2045.948999999995,7.633853214432279,9.775414734189391e-05,0.9999999999999992,5.4238128123732955e-05
