,weight,grade,cml_weight,weight_pct,cml_weight_pct,yield,cml_yield,cml_grade,recovery,cml_recovery,distributional_heterogeneity
18,0.5500000000000007,309.1,0.5500000000000007,0.0022613271934873802,0.0022613271934873802,170.00500000000022,170.00500000000022,309.1,0.08047242551431023,0.08047242551431023,0.006116975900549419
103,0.4300000000000068,278.3,0.9800000000000075,0.0017679467149083411,0.004029273908395721,119.6690000000019,289.67400000000214,295.5857142857142,0.05664571447235159,0.13711813998666184,0.0030115693940398766
146,0.3499999999999943,212.8,1.3300000000000018,0.0014390263958555802,0.005468300304251302,74.4799999999988,364.1540000000009,273.8000000000003,0.035255352797304323,0.17237349278396616,0.0011435439312893188
65,1.4699999999999989,85.9,2.8000000000000007,0.006043910862593531,0.011512211166844833,126.27299999999991,490.4270000000008,175.15250000000026,0.05977173957806227,0.23214523236202844,0.0028866795784787467
126,2.0,80.9,4.800000000000001,0.008223007976317736,0.01973521914316257,161.8,652.2270000000008,135.88062500000015,0.07658856179650822,0.30873379415853663,0.004673848949141361
62,1.0,64.1,5.800000000000001,0.004111503988158868,0.02384672313132144,64.1,716.3270000000008,123.50465517241392,0.03034194568081691,0.3390757398393535,0.0006880360713919331
34,2.0,57.6,7.800000000000001,0.008223007976317736,0.03206973110763918,115.2,831.5270000000008,106.60602564102574,0.05453029863385504,0.3936060384732086,0.0021443651680416414
148,0.8700000000000045,52.4,8.670000000000005,0.0035770084696982334,0.03564673957733741,45.588000000000235,877.115000000001,101.16666666666673,0.02157922963646004,0.4151852681096686,0.0003240799669370067
11,0.40000000000000036,40.7,9.070000000000006,0.0016446015952635484,0.03729134117260096,16.280000000000015,893.395000000001,98.50000000000006,0.00770619150832605,0.4228914596179947,3.6742872274141055e-05
127,2.0,40.6,11.070000000000006,0.008223007976317736,0.04551434914891869,81.2,974.595000000001,88.03929539295397,0.038436286884279774,0.4613277465022745,0.0009128422223703033
66,1.0,28.0,12.070000000000006,0.004111503988158868,0.04962585313707756,28.0,1002.595000000001,83.06503728251869,0.01325389202906199,0.47458163853133645,8.358325909044838e-05
111,1.0,26.0,13.070000000000006,0.004111503988158868,0.05373735712523643,26.0,1028.5950000000012,78.69892884468254,0.012307185455557562,0.48688882398689404,6.716919471506239e-05
67,1.0,25.5,14.070000000000006,0.004111503988158868,0.0578488611133953,25.5,1054.0950000000012,74.91791044776124,0.012070508812181455,0.4989593327990755,6.334575778881478e-05
36,1.0,24.2,15.070000000000006,0.004111503988158868,0.06196036510155417,24.2,1078.2950000000012,71.55242203052427,0.011455149539403577,0.5104144823384791,5.392912998231619e-05
63,1.0,24.0,16.070000000000007,0.004111503988158868,0.06607186908971303,24.0,1102.2950000000012,68.59334163036719,0.011360478882053134,0.5217749612205322,5.2547637012309374e-05
119,0.700000000000017,23.9,16.770000000000024,0.0028780527917112776,0.0689499218814243,16.730000000000405,1119.0250000000017,66.72778771615981,0.007919200487364731,0.529694161707897,2.5413170089392117e-05
137,1.0,22.2,17.770000000000024,0.004111503988158868,0.07306142586958317,22.2,1141.2250000000017,64.22200337647722,0.010508442965899149,0.5402026046737961,4.0920828284932864e-05
112,0.9900000000000091,21.3,18.760000000000034,0.004070388948277316,0.07713181481786048,21.087000000000195,1162.312000000002,61.95692963752664,0.009981600757744027,0.5501842054315401,3.494242505637869e-05
85,0.8700000000000045,21.3,19.630000000000038,0.0035770084696982334,0.08070882328755871,18.5310000000001,1180.8430000000021,60.155017829852255,0.008771709756805322,0.5589559151883454,2.6984921462272036e-05
17,1.0,19.5,20.630000000000038,0.004111503988158868,0.08482032727571757,19.5,1200.3430000000021,58.184343189529805,0.009230389091668172,0.5681863042800136,2.6202984702929447e-05
54,0.45000000000000284,16.9,21.08000000000004,0.001850176794671502,0.08667050407038908,7.6050000000000475,1207.9480000000021,57.30303605313092,0.0035998517457506095,0.5717861560257642,3.0613624344336753e-06
84,1.0,16.0,22.08000000000004,0.004111503988158868,0.09078200805854794,16.0,1223.9480000000021,55.43242753623188,0.007573652588035423,0.5793598086137997,1.1986472927627186e-05
138,1.0,15.5,23.08000000000004,0.004111503988158868,0.0948935120467068,15.5,1239.4480000000021,53.702253032928944,0.007336975944659316,0.586696784558459,1.0403669342170825e-05
58,0.9900000000000091,15.2,24.07000000000005,0.004070388948277316,0.09896390099498412,15.048000000000137,1254.4960000000024,52.118653926049014,0.00712302025904738,0.5938198048175064,9.318557919493755e-06
128,2.0,14.5,26.07000000000005,0.008223007976317736,0.10718690897130186,29.0,1283.4960000000024,49.23268124280782,0.013727245315814204,0.6075470501333206,3.0296628689507147e-05
143,1.0,14.3,27.07000000000005,0.004111503988158868,0.11129841295946072,14.3,1297.7960000000023,47.942223864056146,0.00676895200055666,0.6143160021338772,7.062029938596971e-06
105,1.0,14.0,28.07000000000005,0.004111503988158868,0.11540991694761958,14.0,1311.7960000000023,46.73302458140363,0.006626946014530995,0.6209429481484081,6.327448588039111e-06
83,1.0,13.4,29.07000000000005,0.004111503988158868,0.11952142093577844,13.4,1325.1960000000024,45.58637770897833,0.006342934042479667,0.6272858821908878,4.979280087326122e-06
149,1.009999999999991,12.7,30.08000000000004,0.004152619028040419,0.12367403996381886,12.826999999999884,1338.0230000000024,44.482147606383,0.006071702609170593,0.6333575848000583,3.6828817913634115e-06
133,0.7199999999999989,12.7,30.80000000000004,0.00296028287147438,0.12663432283529324,9.143999999999986,1347.1670000000024,43.73918831168833,0.004328342454062237,0.6376859272541205,1.8715870215104608e-06
59,1.009999999999991,11.8,31.81000000000003,0.004152619028040419,0.13078694186333367,11.917999999999893,1359.0850000000023,42.72508645080167,0.005641424471512835,0.6433273517256334,2.2165416485130963e-06
136,2.0,11.7,33.81000000000003,0.008223007976317736,0.1390099498396514,23.4,1382.4850000000024,40.88982549541559,0.011076466910001805,0.6544038186356352,8.142227886221425e-06
145,1.3499999999999943,11.5,35.160000000000025,0.0055505303840144475,0.14456048022366585,15.524999999999935,1398.0100000000023,39.761376564277626,0.00734880977682809,0.6617526284124633,3.2338087746182e-06
61,1.0,10.9,36.160000000000025,0.004111503988158868,0.14867198421182473,10.9,1408.9100000000024,38.963219026548714,0.005159550825599132,0.6669121792380625,1.098402173468539e-06
78,2.0,10.9,38.160000000000025,0.008223007976317736,0.15689499218814246,21.8,1430.7100000000023,37.49240041928725,0.010319101651198264,0.6772312808892608,4.393608693874156e-06
134,1.5,10.8,39.660000000000025,0.006167255982238301,0.16306224817038076,16.200000000000003,1446.9100000000024,36.48285426122041,0.007668323245385867,0.6848996041346467,2.2532029284933182e-06
140,1.0,10.4,40.660000000000025,0.004111503988158868,0.16717375215853963,10.4,1457.3100000000024,35.84136743728484,0.004922874182223025,0.6898224783168697,6.583215918157077e-07
147,0.7900000000000205,10.3,41.450000000000045,0.0032480881506455894,0.17042184030918522,8.137000000000212,1465.4470000000026,35.35457177322077,0.003851675694302865,0.6936741540111726,3.643179228582227e-07
139,1.0,10.2,42.450000000000045,0.004111503988158868,0.1745333442973441,10.2,1475.6470000000027,34.76200235571263,0.004828203524872582,0.6985023575360452,5.136582259256518e-07
69,1.4699999999999989,9.1,43.920000000000044,0.006043910862593531,0.18057725515993764,13.37699999999999,1489.0240000000026,33.903096539162135,0.006332046916884361,0.7048344044529296,8.302238578228773e-08
42,1.0,8.9,44.920000000000044,0.004111503988158868,0.18468875914809652,8.9,1497.9240000000027,33.346482635797,0.004212844252094704,0.7090472487050242,1.0269849094584933e-08
135,2.0,8.6,46.920000000000044,0.008223007976317736,0.19291176712441424,17.2,1515.1240000000028,32.29164535379372,0.008141676532138079,0.7171889252371623,6.614803812348611e-09
91,2.0,7.9,48.920000000000044,0.008223007976317736,0.20113477510073197,15.8,1530.9240000000027,31.294439901880647,0.0074789819306849805,0.7246679071678472,5.535747565799151e-07
125,2.0,7.7,50.920000000000044,0.008223007976317736,0.2093577830770497,15.4,1546.3240000000028,30.36771406127261,0.0072896406159840945,0.7319575477838314,8.711746293361892e-07
132,1.8100000000000023,7.5,52.73000000000005,0.00744182221856756,0.21679960529561726,13.575000000000017,1559.8990000000028,29.582761236487794,0.0064257708676613125,0.7383833186514926,1.0323603476784117e-06
70,2.219999999999999,7.5,54.950000000000045,0.009127538853712681,0.22592714414932993,16.64999999999999,1576.549000000003,28.690609645131968,0.007881332224424357,0.746264650875917,1.5530309628821663e-06
10,1.0,7.5,55.950000000000045,0.004111503988158868,0.2300386481374888,7.5,1584.049000000003,28.311867739052754,0.0035501496506416042,0.7498148005265586,3.151186922494457e-07
129,2.0,7.4,57.950000000000045,0.008223007976317736,0.23826165611380654,14.8,1598.849000000003,27.590146678170864,0.007005628643932766,0.7568204291704913,1.4820124389180734e-06
40,1.0,7.3,58.950000000000045,0.004111503988158868,0.2423731601019654,7.3,1606.1490000000028,27.24595419847331,0.0034554789932911617,0.7602759081637824,4.303687938911741e-07
57,0.9299999999999926,7.3,59.88000000000004,0.0038236987089877166,0.24619685881095313,6.7889999999999455,1612.9380000000028,26.93617234468941,0.0032135954637607547,0.7634895036275432,3.7222596983647053e-07
106,1.0,7.1,60.88000000000004,0.004111503988158868,0.250308362799112,7.1,1620.0380000000027,26.610348226018424,0.0033608083359407187,0.766850311963484,5.635439622592323e-07
37,1.0,6.6,61.88000000000004,0.004111503988158868,0.25441986678727085,6.6,1626.6380000000026,26.286974789915995,0.0031241316925646116,0.7699744436560486,9.74904050107071e-07
80,2.0,6.6,63.88000000000004,0.008223007976317736,0.2626428747635886,13.2,1639.8380000000027,25.670601127113365,0.006248263385129223,0.7762227070411778,3.899616200428284e-06
12,1.0,6.4,64.88000000000004,0.004111503988158868,0.26675437875174746,6.4,1646.2380000000028,25.373581997533936,0.0030294610352141695,0.779252168076392,1.170816952017283e-06
141,1.0,6.0,65.88000000000004,0.004111503988158868,0.2708658827399063,6.0,1652.2380000000028,25.07950819672134,0.0028401197205132835,0.7820922877969052,1.6164179560166984e-06
86,1.1299999999999955,5.7,67.01000000000003,0.004645999506619502,0.2755118822465258,6.440999999999974,1658.6790000000028,24.752708550962573,0.003048868519970998,0.7851411563168762,2.5508273885128243e-06
118,0.6699999999999875,5.4,67.68000000000002,0.00275470767206639,0.27826658991859216,3.617999999999933,1662.2970000000028,24.561125886524856,0.0017125921914694783,0.7868537485083457,1.0860046748997327e-06
56,1.0,5.4,68.68000000000002,0.004111503988158868,0.282378093906751,5.4,1667.6970000000028,24.282134536983143,0.0025561077484619553,0.7894098562568076,2.4192574624632948e-06
81,2.0,5.3,70.68000000000002,0.008223007976317736,0.29060110188306876,10.6,1678.2970000000028,23.745005659309594,0.005017544839573468,0.7944274010963811,1.0274993921026403e-05
124,2.0,5.2,72.68000000000002,0.008223007976317736,0.2988241098593865,10.4,1688.6970000000028,23.23468629609249,0.004922874182223025,0.7993502752786041,1.0890883058925949e-05
107,2.0,5.2,74.68000000000002,0.008223007976317736,0.30704711783570426,10.4,1699.097000000003,22.751700589180537,0.004922874182223025,0.8042731494608272,1.0890883058925949e-05
87,1.0,5.0,75.68000000000002,0.004111503988158868,0.3111586218238631,5.0,1704.097000000003,22.517137949260075,0.0023667664337610698,0.8066399158945883,3.0441091337260095e-06
68,1.0,5.0,76.68000000000002,0.004111503988158868,0.31527012581202196,5.0,1709.097000000003,22.288693270735557,0.0023667664337610698,0.8090066823283494,3.0441091337260095e-06
93,2.0,4.9,78.68000000000002,0.008223007976317736,0.3234931337883397,9.8,1718.897000000003,21.846682765632973,0.0046388622101716966,0.8136455445385211,1.2846100872982575e-05
53,1.2199999999999989,4.7,79.90000000000002,0.0050160348655538135,0.3285091686538935,5.733999999999995,1724.6310000000028,21.584868585732195,0.002714207746237192,0.8163597522847583,5.298408087221457e-06
131,1.9699999999999989,4.6,81.87000000000002,0.008099662856672964,0.3366088315105665,9.061999999999994,1733.6930000000027,21.176169537070994,0.00428952748454856,0.8206492797693069,1.4517131553913577e-05
151,1.5800000000000125,4.5,83.45000000000003,0.006496176301291062,0.34310500781185754,7.110000000000056,1740.8030000000028,20.860431396045563,0.0033655418688082676,0.8240148216381151,9.800871949846872e-06
27,2.019999999999996,4.5,85.47000000000003,0.008305238056080896,0.35141024586793845,9.089999999999982,1749.8930000000028,20.4737685737686,0.004302781376577616,0.8283176030146927,1.6019659471300424e-05
46,2.5,4.5,87.97000000000003,0.010278759970397169,0.36168900583833563,11.25,1761.1430000000028,20.01981357280894,0.005325224475962407,0.8336428274906551,2.4537513894625048e-05
43,2.0,4.5,89.97000000000003,0.008223007976317736,0.3699120138146534,9.0,1770.1430000000028,19.67481382683119,0.004260179580769925,0.8379030070714251,1.5704008892560032e-05
79,2.0,4.4,91.97000000000003,0.008223007976317736,0.37813502179097114,8.8,1778.9430000000027,19.342644340545853,0.004165508923419483,0.8420685159948446,1.646329856427022e-05
104,1.3700000000000045,4.4,93.34000000000003,0.005632760463777667,0.3837677822547488,6.028000000000021,1784.9710000000027,19.12332333404759,0.0028533736125423556,0.8449218896073869,7.724991268819743e-06
120,1.6299999999999955,4.3,94.97000000000003,0.006701751500698935,0.39046953375544774,7.00899999999998,1791.9800000000027,18.868905970306436,0.003317733186846258,0.8482396227942332,1.145157994849032e-05
88,1.0,4.3,95.97000000000003,0.004111503988158868,0.3945810377436066,4.3,1796.2800000000027,18.717099093466732,0.0020354191330345197,0.8502750419272677,4.310128325676684e-06
110,1.0,4.2,96.97000000000003,0.004111503988158868,0.39869254173176544,4.2,1800.4800000000027,18.567391976900094,0.0019880838043592986,0.852263125731627,4.508913276967396e-06
48,2.0,4.2,98.97000000000003,0.008223007976317736,0.4069155497080832,8.4,1808.8800000000028,18.27705365262203,0.003976167608718597,0.8562392933403455,1.8035653107869584e-05
142,1.0,4.1,99.97000000000003,0.004111503988158868,0.41102705369624204,4.1,1812.9800000000027,18.135240572171675,0.001940748475684077,0.8581800418160296,4.7121794949396915e-06
30,2.0,4.0,101.97000000000003,0.008223007976317736,0.4192500616725598,8.0,1820.9800000000027,17.85799745023048,0.0037868262940177113,0.8619668681100473,1.967970791837427e-05
121,2.0,4.0,103.97000000000003,0.008223007976317736,0.42747306964887755,8.0,1828.9800000000027,17.59142060209678,0.0037868262940177113,0.865753694404065,1.967970791837427e-05
117,2.0,4.0,105.97000000000003,0.008223007976317736,0.4356960776251953,8.0,1836.9800000000027,17.334906105501577,0.0037868262940177113,0.8695405206980827,1.967970791837427e-05
16,1.379999999999999,3.9,107.35000000000002,0.005673875503659233,0.4413699531288545,5.381999999999996,1842.3620000000028,17.162198416394993,0.0025475873893004135,0.8720881080873831,9.773677373981223e-06
31,2.0,3.9,109.35000000000002,0.008223007976317736,0.4495929611051723,7.8,1850.1620000000028,16.91963420210336,0.0036921556366672687,0.8757802637240504,2.0528622923716106e-05
92,2.0,3.8,111.35000000000002,0.008223007976317736,0.45781596908149,7.6,1857.7620000000027,16.6839874270319,0.0035974849793168257,0.8793777487033672,2.1395462995784277e-05
19,1.7699999999999996,3.7,113.12000000000002,0.007277362059041194,0.4650933311405312,6.548999999999999,1864.3110000000027,16.48082567185292,0.003099990674940248,0.8824777393783074,1.7450431680705448e-05
144,1.0,3.6,114.12000000000002,0.004111503988158868,0.46920483512869005,3.6,1867.9110000000026,16.367954784437455,0.00170407183230797,0.8841818112106153,5.795729585024901e-06
82,1.0,3.6,115.12000000000002,0.004111503988158868,0.4733163391168489,3.6,1871.5110000000025,16.257044822793624,0.00170407183230797,0.8858858830429233,5.795729585024901e-06
96,2.0,3.6,117.12000000000002,0.008223007976317736,0.48153934709316665,7.2,1878.7110000000025,16.0409067622951,0.00340814366461594,0.8892940267075392,2.3182918340099606e-05
130,2.0,3.5,119.12000000000002,0.008223007976317736,0.4897623550694844,7.0,1885.7110000000025,15.830347548690415,0.0033134730072654976,0.8926074997148047,2.410353361234676e-05
41,1.0,3.3,120.12000000000002,0.004111503988158868,0.49387385905764325,3.3,1889.0110000000025,15.726032301032319,0.0015620658462823058,0.894169565561087,6.499634839255016e-06
47,2.5,3.3,122.62000000000002,0.010278759970397169,0.5041526190280404,8.25,1897.2610000000025,15.47268797912251,0.003905164615705765,0.8980747301767927,4.062271774534385e-05
60,1.460000000000008,3.2,124.08000000000003,0.006002795822711979,0.5101554148507524,4.6720000000000255,1901.9330000000025,15.328280141843988,0.0022115065557063553,0.9002862367324991,1.437387430611204e-05
35,1.0,3.1,125.08000000000003,0.004111503988158868,0.5142669188389113,3.1,1905.0330000000024,15.230516469459563,0.0014673951889318632,0.901753631921431,6.9913113421496726e-06
52,2.0,3.0,127.08000000000003,0.008223007976317736,0.522489926815229,6.0,1911.0330000000024,15.038031161473103,0.0028401197205132835,0.9045937516419442,2.8975485974477494e-05
64,1.0,3.0,128.08000000000004,0.004111503988158868,0.5266014308033878,3.0,1914.0330000000024,14.944042785758915,0.0014200598602566417,0.9060138115022008,7.243871493619373e-06
108,1.0,2.9,129.08000000000004,0.004111503988158868,0.5307129347915467,2.9,1916.9330000000025,14.85073597768827,0.0013727245315814202,0.9073865360337823,7.500912911770656e-06
76,2.0,2.8,131.08000000000004,0.008223007976317736,0.5389359427678644,5.6,1922.5330000000024,14.666867561794337,0.002650778405812398,0.9100373144395947,3.1049742386414096e-05
95,2.0,2.8,133.08000000000004,0.008223007976317736,0.5471589507441821,5.6,1928.1330000000023,14.488525698827786,0.002650778405812398,0.9126880928454071,3.1049742386414096e-05
39,1.0,2.8,134.08000000000004,0.004111503988158868,0.5512704547323409,2.8,1930.9330000000023,14.401349940334141,0.001325389202906199,0.9140134820483132,7.762435596603524e-06
99,1.8599999999999852,2.7,135.94000000000003,0.007647397417975433,0.5589178521503164,5.02199999999996,1935.9550000000022,14.241246138002074,0.0023771802060695993,0.9163906622543828,2.7775189460668492e-05
115,2.0,2.7,137.94000000000003,0.008223007976317736,0.5671408601266341,5.4,1941.3550000000023,14.073908945918529,0.0025561077484619553,0.9189467700028447,3.211375819247189e-05
71,1.4500000000000028,2.7,139.39000000000004,0.0059616807828303696,0.5731025409094644,3.915000000000008,1945.2700000000023,13.955592223258495,0.0018531781176349214,0.9207999481204797,1.68797941499181e-05
109,1.1399999999999864,2.5,140.53000000000003,0.004687114546501053,0.5777896554559655,2.849999999999966,1948.1200000000022,13.862662776631337,0.0013490568672437934,0.9221490049877236,1.1142629070048361e-05
150,1.6299999999999955,2.5,142.16000000000003,0.006701751500698935,0.5844914069566645,4.074999999999989,1952.1950000000022,13.7323790095667,0.0019289146435152664,0.9240779196312389,2.277997166529088e-05
55,1.0,2.5,143.16000000000003,0.004111503988158868,0.5886029109448233,2.5,1954.6950000000022,13.653918692372184,0.0011833832168805349,0.9252613028481194,8.573891251191618e-06
162,2.0,2.4,145.16000000000003,0.008223007976317736,0.596825918921141,4.8,1959.4950000000022,13.498863323229552,0.0022720957764106268,0.92753339862453,3.541335601100325e-05
45,2.0,2.4,147.16000000000003,0.008223007976317736,0.6050489268974587,4.8,1964.2950000000021,13.348022560478404,0.0022720957764106268,0.9298054944009406,3.541335601100325e-05
33,2.0,2.4,149.16000000000003,0.008223007976317736,0.6132719348737764,4.8,1969.095000000002,13.20122687047467,0.0022720957764106268,0.9320775901773513,3.541335601100325e-05
38,1.0,2.3,150.16000000000003,0.004111503988158868,0.6173834388619353,2.3,1971.395000000002,13.12862946190731,0.0010887125595300919,0.9331663027368814,9.137268020991593e-06
75,2.0,2.3,152.16000000000003,0.008223007976317736,0.625606446838253,4.6,1975.995000000002,12.986297318611998,0.0021774251190601838,0.9353437278559416,3.654907208396637e-05
29,2.0,2.3,154.16000000000003,0.008223007976317736,0.6338294548145706,4.6,1980.5950000000018,12.847658277114697,0.0021774251190601838,0.9375211529750017,3.654907208396637e-05
116,2.0,2.3,156.16000000000003,0.008223007976317736,0.6420524627908883,4.6,1985.1950000000018,12.71257044057378,0.0021774251190601838,0.9396985780940619,3.654907208396637e-05
114,1.8700000000000045,2.2,158.03000000000003,0.007688512457857101,0.6497409752487454,4.1140000000000105,1989.3090000000018,12.588173131683867,0.001947375421698613,0.9416459535157605,3.296065446795067e-05
1,0.9999999999999996,2.2,159.03000000000003,0.004111503988158865,0.6538524792369043,2.1999999999999993,1991.5090000000018,12.522851034396036,0.0010413772308548704,0.9426873307466154,9.425678305913947e-06
89,1.0,2.2,160.03000000000003,0.004111503988158868,0.6579639832250631,2.2,1993.7090000000019,12.458345310254337,0.0010413772308548708,0.9437287079774702,9.425678305913955e-06
90,1.0,2.2,161.03000000000003,0.004111503988158868,0.662075487213222,2.2,1995.909000000002,12.394640750170785,0.0010413772308548708,0.9447700852083251,9.425678305913955e-06
28,1.7800000000000011,2.2,162.81000000000003,0.007318477098922789,0.6693939643121447,3.916000000000003,1999.8250000000019,12.283182851176226,0.0018536514709216712,0.9466237366792467,2.9864319144457813e-05
113,1.0,2.1,163.81000000000003,0.004111503988158868,0.6735054683003036,2.1,2001.9250000000018,12.221018252853925,0.0009940419021796493,0.9476177785814264,9.718569857517901e-06
72,2.3299999999999983,2.1,166.14000000000004,0.009579804292410154,0.6830852725927137,4.892999999999996,2006.8180000000018,12.079077886120148,0.002316117632078581,0.949933896213505,5.276114389947885e-05
44,2.0,2.1,168.14000000000004,0.008223007976317736,0.6913082805690314,4.2,2011.0180000000018,11.960378256215067,0.0019880838043592986,0.9519219800178643,3.8874279430071605e-05
77,2.0,2.0,170.14000000000004,0.008223007976317736,0.6995312885453491,4.0,2015.0180000000018,11.843293758081588,0.0018934131470088557,0.9538153931648732,4.0063770703213704e-05
98,2.0200000000000102,2.0,172.16000000000005,0.008305238056080955,0.70783652660143,4.0400000000000205,2019.0580000000018,11.727799721189598,0.0019123472784789539,0.9557277404433522,4.0869052494348716e-05
101,2.469999999999999,2.0,174.63000000000005,0.010155414850752399,0.7179919414521825,4.939999999999998,2023.9980000000019,11.590207868063914,0.0023383652365559357,0.9580661056799081,6.110626467080905e-05
123,2.0,2.0,176.63000000000005,0.008223007976317736,0.7262149494285002,4.0,2027.9980000000019,11.48161693936478,0.0018934131470088557,0.959959518826917,4.0063770703213704e-05
49,2.0,1.9,178.63000000000005,0.008223007976317736,0.7344379574048179,3.8,2031.7980000000018,11.374338017130388,0.0017987424896584129,0.9617582613165754,4.127118704308213e-05
102,0.7299999999999898,1.9,179.36000000000004,0.003001397911355931,0.7374393553161738,1.3869999999999805,2033.1850000000018,11.33577720785014,0.0006565410087253114,0.9624148023253007,5.498353893814463e-06
26,1.2000000000000028,1.8,180.56000000000006,0.004933804785790653,0.7423731601019644,2.160000000000005,2035.3450000000018,11.272402525476302,0.0010224430993847845,0.9634372454246856,1.5298750241883756e-05
73,2.0,1.7,182.56000000000006,0.008223007976317736,0.7505961680782821,3.4,2038.745000000002,11.167533961437343,0.0016094011749575273,0.9650466465996431,4.3739794922998e-05
74,2.0,1.7,184.56000000000006,0.008223007976317736,0.7588191760545998,3.4,2042.145000000002,11.064938231469448,0.0016094011749575273,0.9666560477746007,4.3739794922998e-05
9,1.0,1.6,185.56000000000006,0.004111503988158868,0.7629306800427587,1.6,2043.745000000002,11.013930804052604,0.0007573652588035424,0.9674134130334042,1.1250246615761357e-05
51,2.0,1.6,187.56000000000006,0.008223007976317736,0.7711536880190764,3.2,2046.945000000002,10.913547664747288,0.0015147305176070847,0.9689281435510113,4.500098646304543e-05
161,2.030000000000001,1.6,189.59000000000006,0.008346353095962506,0.7795000411150389,3.248000000000002,2050.193000000002,10.813824568806378,0.0015374514753711919,0.9704655950263825,4.6361141278891023e-05
20,2.0,1.6,191.59000000000006,0.008223007976317736,0.7877230490913566,3.2,2053.393000000002,10.71764183934444,0.0015147305176070847,0.9719803255439896,4.500098646304543e-05
152,2.4199999999999875,1.6,194.01000000000005,0.009949839651344407,0.797672888742701,3.8719999999999803,2057.2650000000017,10.603912169475807,0.001832823926304563,0.9738131494702942,6.588594428054414e-05
32,2.0,1.5,196.01000000000005,0.008223007976317736,0.8058958967190187,3.0,2060.2650000000017,10.511019845926235,0.0014200598602566417,0.9752332093305508,4.628010306981918e-05
100,2.1200000000000045,1.5,198.13000000000005,0.008716388454896818,0.8146122851739156,3.180000000000007,2063.4450000000015,10.41460152425176,0.0015052634518720434,0.9767384727824229,5.200032380924906e-05
25,1.0,1.5,199.13000000000005,0.004111503988158868,0.8187237891620744,1.5,2064.9450000000015,10.36983377692965,0.0007100299301283209,0.9774485027125512,1.1570025767454794e-05
160,1.9699999999999989,1.5,201.10000000000005,0.008099662856672964,0.8268234520187474,2.9549999999999983,2067.9000000000015,10.282943809050229,0.0013987589623527914,0.978847261674904,4.4902113000915264e-05
156,2.0,1.5,203.10000000000005,0.008223007976317736,0.8350464599950651,3.0,2070.9000000000015,10.196454948301334,0.0014200598602566417,0.9802673215351606,4.628010306981918e-05
153,2.0,1.5,205.10000000000005,0.008223007976317736,0.8432694679713828,3.0,2073.9000000000015,10.111652852267191,0.0014200598602566417,0.9816873813954172,4.628010306981918e-05
122,2.0,1.4,207.10000000000005,0.008223007976317736,0.8514924759477005,2.8,2076.7000000000016,10.027522935779823,0.001325389202906199,0.9830127705983234,4.7577144743319254e-05
97,2.0,1.4,209.10000000000005,0.008223007976317736,0.8597154839240182,2.8,2079.500000000002,9.945002391200388,0.001325389202906199,0.9843381598012295,4.7577144743319254e-05
157,2.0,1.3,211.10000000000005,0.008223007976317736,0.8679384919003359,2.6,2082.1000000000017,9.863098057792522,0.0012307185455557562,0.9855688783467853,4.889211148354568e-05
50,2.0,1.3,213.10000000000005,0.008223007976317736,0.8761614998766536,2.6,2084.7000000000016,9.782731112153924,0.0012307185455557562,0.9867995968923411,4.889211148354568e-05
94,2.0,1.3,215.10000000000005,0.008223007976317736,0.8843845078529713,2.6,2087.3000000000015,9.703858670385872,0.0012307185455557562,0.9880303154378969,4.889211148354568e-05
159,2.0,1.2,217.10000000000005,0.008223007976317736,0.892607515829289,2.4,2089.7000000000016,9.625518194380476,0.0011360478882053134,0.9891663633261022,5.022500329049842e-05
8,1.0,1.2,218.10000000000005,0.004111503988158868,0.8967190198174478,1.2,2090.9000000000015,9.586886749197621,0.0005680239441026567,0.9897343872702048,1.2556250822624606e-05
4,1.0,1.2,219.10000000000005,0.004111503988158868,0.9008305238056067,1.2,2092.1000000000013,9.548607941579192,0.0005680239441026567,0.9903024112143074,1.2556250822624606e-05
2,1.1500000000000004,1.2,220.25000000000006,0.004728229586382699,0.9055587533919894,1.3800000000000003,2093.4800000000014,9.505017026106701,0.0006532275357180554,0.9909556387500255,1.6605641712921053e-05
155,2.0,1.2,222.25000000000006,0.008223007976317736,0.9137817613683071,2.4,2095.8800000000015,9.430281214848149,0.0011360478882053134,0.9920916866382308,5.022500329049842e-05
23,2.0,1.2,224.25000000000006,0.008223007976317736,0.9220047693446248,2.4,2098.2800000000016,9.35687848383501,0.0011360478882053134,0.9932277345264361,5.022500329049842e-05
0,1.0700000000000003,1.1,225.32000000000005,0.004399309267329989,0.9264040786119548,1.1770000000000005,2099.4570000000017,9.317668205219249,0.000557136818507356,0.9937848713449434,1.4762289126491713e-05
3,1.0,1.0,226.32000000000005,0.004111503988158868,0.9305155826001137,1.0,2100.4570000000017,9.280916401555325,0.0004733532867522139,0.9942582246316957,1.3236140526145726e-05
154,2.0,1.0,228.32000000000005,0.008223007976317736,0.9387385905764314,2.0,2102.4570000000017,9.2083785914506,0.0009467065735044278,0.9952049312052,5.2944562104582905e-05
24,2.0,1.0,230.32000000000005,0.008223007976317736,0.9469615985527491,2.0,2104.4570000000017,9.137100555748528,0.0009467065735044278,0.9961516377787044,5.2944562104582905e-05
5,1.0,0.9,231.32000000000005,0.004111503988158868,0.9510731025409079,0.9,2105.357000000002,9.101491440428848,0.0004260179580769925,0.9965776557367814,1.3582807277928658e-05
15,1.3000000000000007,0.9,232.62000000000006,0.005344955184606531,0.9564180577255145,1.1700000000000006,2106.527000000002,9.055657295159493,0.0005538233455000906,0.9971314790822815,2.2954944299699457e-05
7,1.0,0.7,233.62000000000006,0.004111503988158868,0.9605295617136733,0.7,2107.2270000000017,9.019891276431817,0.00033134730072654974,0.9974628263830081,1.4289584581539273e-05
6,1.0,0.7,234.62000000000006,0.004111503988158868,0.9646410657018322,0.7,2107.9270000000015,8.984430142357859,0.00033134730072654974,0.9977941736837347,1.4289584581539273e-05
22,2.0,0.7,236.62000000000006,0.008223007976317736,0.9728640736781499,1.4,2109.3270000000016,8.914407066182068,0.0006626946014530995,0.9984568682851878,5.715833832615709e-05
13,1.5999999999999996,0.6,238.22000000000006,0.006578406381054187,0.9794424800592041,0.9599999999999997,2110.2870000000016,8.85856351271934,0.0004544191552821252,0.9989112874404699,3.750321954141939e-05
21,2.0,0.6,240.22000000000006,0.008223007976317736,0.9876654880355218,1.2,2111.4870000000014,8.7898051785863,0.0005680239441026567,0.9994793113845725,5.8598780533467826e-05
158,2.0,0.5,242.22000000000006,0.008223007976317736,0.9958884960118395,1.0,2112.4870000000014,8.721356617950628,0.0004733532867522139,0.9999526646713247,6.005714780750487e-05
14,1.0,0.1,243.22000000000006,0.004111503988158868,0.9999999999999983,0.1,2112.5870000000014,8.685909875832584,4.73353286752214e-05,0.9999999999999999,1.6517466892729097e-05
