,weight,grade,cml_weight,weight_pct,cml_weight_pct,yield,cml_yield,cml_grade,recovery,cml_recovery,distributional_heterogeneity
39,0.480000000000004,642.8,0.480000000000004,0.0024155804941875295,0.0024155804941875295,308.54400000000254,308.54400000000254,642.8,0.18369760006668265,0.18369760006668265,0.0328631706202825
40,0.30999999999999517,282.3,0.7899999999999991,0.0015600624024960756,0.0039756428966836056,87.51299999999864,396.05700000000115,501.3379746835463,0.05210254639414546,0.23580014646082811,0.0025545426880461343
41,0.44000000000000483,160.3,1.230000000000004,0.0022142821196719084,0.006189925016355514,70.53200000000078,466.58900000000193,379.3406504065044,0.041992581699541384,0.2777927281603695,0.0015823131174658447
18,0.3200000000000003,135.2,1.5500000000000043,0.001610386996125008,0.007800312012480522,43.26400000000003,509.85300000000194,328.93741935483905,0.02575805385709947,0.30355078201746893,0.0005831098148286044
36,0.4199999999999946,101.3,1.9699999999999989,0.002113632932414044,0.009913944944894566,42.54599999999945,552.3990000000014,280.405583756346,0.025330578758416676,0.3288813607758856,0.0005390265734875413
43,1.0,98.9,2.969999999999999,0.005032459362890645,0.01494640430778521,98.9,651.2990000000013,219.29259259259314,0.05888201568202514,0.3877633764579107,0.0028997747157676382
59,0.6899999999999977,42.1,3.6599999999999966,0.003472396960394534,0.018418801268179744,29.048999999999904,680.3480000000012,185.88743169398958,0.017294880420092442,0.4050582568780031,0.00019106104899362233
34,0.7700000000000031,41.3,4.43,0.0038749937094258126,0.022293794977605558,31.801000000000126,712.1490000000014,160.75598194130959,0.018933336508635885,0.423991593386639,0.00022675368785852183
42,1.259999999999998,35.4,5.689999999999998,0.006340898797242203,0.02863469377484776,44.60399999999993,756.7530000000013,132.997012302285,0.02655584860951512,0.4505474419961541,0.0004086441959127128
7,1.8399999999999999,23.8,7.529999999999998,0.009259725227718786,0.03789441900256655,43.791999999999994,800.5450000000013,106.31407702523262,0.026072408804319967,0.4766198508004741,0.00028266632904691514
38,1.3800000000000026,22.5,8.91,0.006944793920789103,0.04483921292335565,31.050000000000058,831.5950000000014,93.33277216610566,0.018486214225752112,0.4951060650262262,0.0001332043826558125
8,1.0,22.3,9.91,0.005032459362890645,0.049871672286246296,22.3,853.8950000000013,86.1649848637741,0.01327673356632114,0.5083827985925473,6.796805714134951e-05
54,0.8799999999999955,19.8,10.789999999999996,0.004428564239343745,0.05430023652559004,17.42399999999991,871.3190000000012,80.75245597775732,0.010373713258277056,0.5187565118508244,3.5344796857323716e-05
102,0.8600000000000136,19.7,11.65000000000001,0.004327915052086024,0.05862815157767606,16.942000000000267,888.2610000000014,76.24557939914169,0.010086745295094901,0.5288432571459193,3.316412576779369e-05
17,2.4400000000000013,19.5,14.09000000000001,0.01227920084545318,0.07090735242312925,47.58000000000003,935.8410000000015,66.4188076650107,0.028327667402939915,0.5571709245488592,0.00025755327884677016
96,0.5,18.9,14.59000000000001,0.0025162296814453225,0.07342358210457457,9.45,945.2910000000015,64.79033584647024,0.0056262391121854145,0.5627971636610446,9.672158659292317e-06
33,1.3800000000000026,18.8,15.970000000000013,0.006944793920789103,0.08036837602536367,25.94400000000005,971.2350000000016,60.816217908578636,0.015446258997517321,0.5782434226585619,7.227490845082954e-05
98,1.1699999999999875,17.4,17.14,0.005887977454581992,0.08625635347994566,20.35799999999978,991.5930000000014,57.852567094515834,0.01212052654453645,0.5903639492030983,3.8844668158692155e-05
53,1.0,16.8,18.14,0.005032459362890645,0.09128881284283631,16.8,1008.3930000000014,55.58947078280052,0.010002202866107406,0.6003661520692057,2.4698350487765204e-05
4,1.2100000000000009,16.6,19.35,0.006089275829097685,0.097378088671934,20.086000000000016,1028.4790000000014,53.151369509043995,0.011958586117180566,0.6123247381863863,3.444880325779555e-05
60,1.0,16.4,20.35,0.005032459362890645,0.10241054803482465,16.4,1044.8790000000015,51.34540540540547,0.009764055178819132,0.6220887933652055,2.2387998965311975e-05
9,1.0,15.9,21.35,0.005032459362890645,0.1074430073977153,15.9,1060.7790000000016,49.68519906323192,0.009466370569708794,0.6315551639349143,1.965956858994758e-05
128,1.1299999999999955,15.1,22.479999999999997,0.005686679080066406,0.11312968647778171,17.06299999999993,1077.8420000000015,47.94670818505345,0.010158784970499402,0.6417139489054137,1.999973109524551e-05
88,0.5900000000000034,15.0,23.07,0.0029691510241054977,0.11609883750188721,8.850000000000051,1086.6920000000016,47.104117902037345,0.005269017581253039,0.6469829664866668,5.2893861806856825e-06
87,0.9499999999999886,13.8,24.01999999999999,0.004780836394746055,0.12087967389663326,13.109999999999843,1099.8020000000015,45.78692756036644,0.007805290450873007,0.6547882569375397,9.14732233762277e-06
12,1.0300000000000011,12.4,25.04999999999999,0.0051834331437773705,0.12606310704041063,12.772000000000014,1112.5740000000014,44.41413173652702,0.007604055655114519,0.6623923125926543,5.8594133423921674e-06
62,2.0,11.7,27.04999999999999,0.01006491872578129,0.13612802576619193,23.4,1135.9740000000015,41.99534195933464,0.013931639706363885,0.6763239522990182,1.4951531141677626e-05
97,1.0200000000000102,10.6,28.07,0.005133108550148509,0.14126113431634044,10.812000000000108,1146.7860000000016,40.85450659066625,0.006437131987402044,0.6827610842864202,1.7004771249065246e-06
137,0.5800000000000125,10.1,28.650000000000013,0.002918826430476637,0.14417996074681708,5.858000000000126,1152.6440000000018,40.231902268760955,0.0034876728803368115,0.686248757166757,3.235862835185246e-07
95,0.8899999999999864,10.0,29.54,0.004478888832972605,0.14865884957978967,8.899999999999864,1161.5440000000017,39.3210561949899,0.0052987860421639605,0.691547543208921,6.722314336397733e-07
101,1.0,9.5,30.54,0.005032459362890645,0.15369130894268032,9.5,1171.0440000000017,38.344597249508894,0.005656007573096449,0.6972035507820175,3.888123704508621e-07
134,1.289999999999992,9.4,31.82999999999999,0.006491872578128892,0.1601831815208092,12.125999999999925,1183.1700000000017,37.17153628652221,0.007219447140143907,0.7044229979221613,5.293647432913424e-07
130,0.4200000000000159,8.9,32.25000000000001,0.002113632932414151,0.16229681445322336,3.7380000000001417,1186.9080000000017,36.80334883720935,0.002225490137708982,0.7066484880598703,1.2512034376369995e-08
35,0.6099999999999994,8.6,32.86000000000001,0.0030698002113632907,0.16536661466458666,5.245999999999995,1192.1540000000018,36.279793061472965,0.0031233069187856784,0.7097717949786561,2.862967739185012e-09
30,2.0,8.2,34.86000000000001,0.01006491872578129,0.17543153339036796,16.4,1208.554000000002,34.668789443488286,0.009764055178819132,0.7195358501574752,9.051887389065011e-08
5,1.0399999999999991,7.9,35.900000000000006,0.005233757737406267,0.18066529112777424,8.215999999999994,1216.7700000000018,33.893314763231245,0.004891553496901094,0.7244274036543763,1.1710374221972198e-07
127,2.0,6.8,37.900000000000006,0.01006491872578129,0.19073020985355554,13.6,1230.3700000000017,32.46358839050136,0.008097021367801233,0.7325244250221775,3.87262001154489e-06
37,0.9299999999999997,6.6,38.830000000000005,0.004680187207488299,0.19541039706104385,6.137999999999998,1236.5080000000016,31.844141127993858,0.0036543762614385258,0.736178801283616,1.0522880970355298e-06
103,1.9799999999999898,6.3,40.809999999999995,0.009964269538523427,0.20537466659956727,12.473999999999934,1248.9820000000016,30.604802744425427,0.007426635628084709,0.7436054369117007,6.439585863408489e-06
0,1.0,6.2,41.809999999999995,0.005032459362890645,0.21040712596245792,6.2,1255.1820000000016,30.021095431714944,0.0036912891529682092,0.7472967260646689,1.7987375319833908e-06
6,1.1600000000000001,6.2,42.97,0.0058376528609531495,0.21624477882341106,7.192000000000001,1262.3740000000016,29.378031184547396,0.0042818954174431234,0.7515786214821121,2.420381223036851e-06
100,1.0,5.9,43.97,0.005032459362890645,0.2212772381863017,5.9,1268.2740000000017,28.844075506026876,0.0035126783875020057,0.7550912998696141,2.309734213153244e-06
10,1.0,5.8,44.97,0.005032459362890645,0.22630969754919236,5.8,1274.0740000000017,28.331643317767437,0.003453141465679937,0.7585444413352941,2.494245020450051e-06
105,0.6999999999999886,5.8,45.66999999999999,0.0035227215540233944,0.22983241910321575,4.059999999999934,1278.1340000000016,27.986292971316004,0.002417199025975917,0.76096164036127,1.2221800600204853e-06
23,0.740000000000002,5.7,46.40999999999999,0.0037240199285390875,0.23355643903175483,4.2180000000000115,1282.3520000000017,27.63094160741224,0.0025112673624548302,0.7634729077237249,1.4707687865439502e-06
27,0.29999999999999716,5.6,46.70999999999999,0.0015097378088671793,0.235066176840622,1.679999999999984,1284.0320000000017,27.489445514879087,0.001000220286610731,0.7644731280103356,2.5960810548635016e-07
93,1.0,5.6,47.70999999999999,0.005032459362890645,0.24009863620351266,5.6,1289.6320000000017,27.03064347097049,0.0033340676220358014,0.7678071956323714,2.8845345054039456e-06
52,1.0,5.4,48.70999999999999,0.005032459362890645,0.2451310955664033,5.4,1295.0320000000017,26.586573598850382,0.003214993778391666,0.7710221894107631,3.303181150838215e-06
94,1.0,5.4,49.70999999999999,0.005032459362890645,0.25016355492929393,5.4,1300.4320000000018,26.160370146851783,0.003214993778391666,0.7742371831891547,3.303181150838215e-06
16,1.0399999999999991,5.3,50.749999999999986,0.005233757737406267,0.2553973126667002,5.511999999999995,1305.9440000000018,25.732886699507432,0.003281675130832379,0.777518858319987,3.8106265028883023e-06
47,1.6499999999999986,5.2,52.399999999999984,0.008303557948769557,0.26370087061546976,8.579999999999993,1314.5240000000017,25.086335877862634,0.00510826789233342,0.7826271262123204,1.0209878544759648e-05
129,2.5,5.1,54.899999999999984,0.012581148407226612,0.2762820190226964,12.75,1327.2740000000017,24.17621129326051,0.007590957532313656,0.7902180837446341,2.4902004968064544e-05
114,1.3100000000000023,5.0,56.20999999999999,0.006592521765386756,0.28287454078808316,6.550000000000011,1333.8240000000017,23.729300836150188,0.0038996683793454533,0.7941177521239795,7.251459358714111e-06
84,2.0,4.9,58.20999999999999,0.01006491872578129,0.29293945951386446,9.8,1343.6240000000016,23.08235698333623,0.005834618338562653,0.7999523704625422,1.7895441366102148e-05
115,1.6899999999999977,4.9,59.899999999999984,0.00850485632328518,0.30144431583714965,8.28099999999999,1351.9050000000016,22.569365609348946,0.004930252496085435,0.8048826229586277,1.2777792521431051e-05
19,1.0,4.9,60.899999999999984,0.005032459362890645,0.3064767752000403,4.9,1356.8050000000017,22.27922824302138,0.0029173091692813267,0.807799932127909,4.473860341525537e-06
91,1.0,4.9,61.899999999999984,0.005032459362890645,0.31150923456293095,4.9,1361.7050000000017,21.998465266559,0.0029173091692813267,0.8107172412971904,4.473860341525537e-06
90,1.0,4.9,62.899999999999984,0.005032459362890645,0.3165416939258216,4.9,1366.6050000000018,21.726629570747253,0.0029173091692813267,0.8136345504664717,4.473860341525537e-06
2,1.0,4.7,63.899999999999984,0.005032459362890645,0.32157415328871225,4.7,1371.3050000000019,21.460172143974997,0.002798235325637191,0.8164327857921089,4.991757048641124e-06
44,0.9799999999999969,4.7,64.87999999999998,0.0049318101756328165,0.3265059634643451,4.605999999999986,1375.9110000000019,21.207012946979074,0.002742270619124438,0.8191750564112333,4.794083469514906e-06
108,1.3799999999999955,4.7,66.25999999999998,0.006944793920789068,0.33345075738513413,6.4859999999999784,1382.3970000000018,20.86322064594027,0.0038615647493793104,0.8230366211606126,9.506302123432094e-06
86,1.960000000000008,4.7,68.21999999999998,0.009863620351265704,0.34331437773639983,9.212000000000037,1391.6090000000017,20.39884198182354,0.005484541238248916,0.8285211623988615,1.9176333878059898e-05
85,2.0900000000000034,4.6,70.30999999999999,0.010517840068441465,0.3538322178048413,9.614000000000015,1401.2230000000018,19.929213483146096,0.005723879663973616,0.8342450420628351,2.298205635960555e-05
99,0.9900000000000091,4.6,71.3,0.0049821347692617845,0.3588143525741031,4.554000000000041,1405.7770000000019,19.7163674614306,0.0027113114197769963,0.8369563534826121,5.1566386845653115e-06
76,1.4399999999999977,4.4,72.74,0.007246741482562518,0.3660610940566656,6.3359999999999905,1412.1130000000019,19.413156447621695,0.0037722593666462156,0.8407286128492584,1.2072025973822223e-05
3,1.4600000000000009,4.4,74.19999999999999,0.007347390669820346,0.3734084847264859,6.424000000000004,1418.5370000000019,19.11774932614558,0.0038246518578496434,0.844553264707108,1.2409688737364757e-05
89,1.0,4.4,75.19999999999999,0.005032459362890645,0.37844094408937656,4.4,1422.937000000002,18.922034574468114,0.0026196245601709874,0.847172889267279,5.82177178521521e-06
126,2.0,4.2,77.19999999999999,0.01006491872578129,0.38850586281515787,8.4,1431.337000000002,18.540634715025934,0.005001101433053703,0.8521739907003326,2.5642245574126948e-05
123,2.25,4.2,79.44999999999999,0.011323033566503951,0.3998288963816618,9.450000000000001,1440.787000000002,18.134512271869127,0.005626239112185416,0.857800229812518,3.245346705475442e-05
83,2.0,4.1,81.44999999999999,0.01006491872578129,0.4098938151074431,8.2,1448.9870000000021,17.78989564149788,0.004882027589409566,0.8626822574019276,2.6862360531480577e-05
140,0.8100000000000023,4.1,82.25999999999999,0.004076292083941434,0.41397010719138455,3.321000000000009,1452.308000000002,17.65509360564068,0.00197722117371088,0.8646594785756385,4.406098686176126e-06
55,0.8900000000000006,4.0,83.14999999999999,0.004478888832972677,0.41844899602435726,3.5600000000000023,1455.868000000002,17.508935658448614,0.0021195144168656183,0.8667789929925042,5.566647635380525e-06
58,1.0900000000000034,4.0,84.24,0.005485380705550821,0.4239343767299081,4.360000000000014,1460.2280000000019,17.33414055080724,0.002595809791442168,0.8693748027839463,8.349620067662713e-06
136,1.710000000000008,3.9,85.95,0.008605505510543043,0.43253988224045115,6.669000000000031,1466.897000000002,17.066864456079138,0.003970517316313726,0.87334532010026,2.1483115560645143e-05
32,0.9600000000000009,3.9,86.91,0.0048311609883750235,0.4373710432288262,3.7440000000000033,1470.641000000002,16.921424462087238,0.0022290623530182236,0.8755743824532782,6.770917308125719e-06
125,2.0,3.9,88.91,0.01006491872578129,0.4474359619546075,7.8,1478.4410000000018,16.62851197840515,0.004643879902121295,0.8802182623553996,2.938766192762894e-05
22,1.3700000000000045,3.8,90.28,0.006894469327160207,0.4543304312817677,5.206000000000017,1483.6470000000018,16.433839167035906,0.0030994921500568646,0.8833177545054565,1.4401851774735252e-05
107,2.3700000000000045,3.7,92.65,0.011926928690050851,0.46625735997181855,8.769000000000018,1492.4160000000018,16.10810577441988,0.005220792674577143,0.8885385471800336,4.497226025803359e-05
15,1.5199999999999996,3.6,94.17,0.007649338231593778,0.47390669820341236,5.471999999999999,1497.8880000000017,15.906212169480744,0.003257860362103554,0.8917964075421371,1.92850778782224e-05
122,2.0,3.5,96.17,0.01006491872578129,0.48397161692919366,7.0,1504.8880000000017,15.648206301341393,0.004167584527544752,0.8959639920696818,3.477855064569019e-05
46,0.36999999999999744,3.5,96.53999999999999,0.0018620099642695257,0.4858336268934632,1.294999999999991,1506.1830000000018,15.601646985705427,0.0007710031375957738,0.8967349952072776,1.1902958958487303e-06
139,1.039999999999992,3.3,97.57999999999998,0.005233757737406231,0.49106738463086946,3.4319999999999737,1509.6150000000018,15.47053699528594,0.002043307156933354,0.898778302364211,1.0178974906439714e-05
24,1.0,3.2,98.57999999999998,0.005032459362890645,0.4960998439937601,3.2,1512.8150000000019,15.346064110367236,0.0019051814983061725,0.9006834838625172,9.779866842320018e-06
121,2.0,3.2,100.57999999999998,0.01006491872578129,0.5061647627195414,6.4,1519.215000000002,15.104543646848303,0.003810362996612345,0.9044938468591295,3.911946736928007e-05
138,0.6599999999999966,3.2,101.23999999999998,0.003321423179507809,0.5094861858990491,2.111999999999989,1521.327000000002,15.02693599367841,0.0012574197888820672,0.9057512666480115,4.260109996514556e-06
13,0.9699999999999989,3.1,102.20999999999998,0.00488148558200392,0.5143676714810531,3.0069999999999966,1524.334000000002,14.913746208785856,0.0017902752391895794,0.9075415418872012,9.555581383522356e-06
25,1.0,3.1,103.20999999999998,0.005032459362890645,0.5194001308439438,3.1,1527.434000000002,14.799283015211726,0.0018456445764841046,0.9093871864636852,1.0155788482859365e-05
11,1.0,3.0,104.20999999999998,0.005032459362890645,0.5244325902068344,3.0,1530.434000000002,14.686057000287903,0.0017861076546620367,0.9111732941183472,1.0538799413518804e-05
104,1.9300000000000068,3.0,106.13999999999999,0.00971264657037898,0.5341452367772134,5.7900000000000205,1536.224000000002,14.473563218390826,0.003447187773497743,0.914620481891845,3.9255973935416476e-05
45,1.1200000000000045,3.0,107.25999999999999,0.005636354486437545,0.5397815912636509,3.3600000000000136,1539.584000000002,14.353757225433547,0.002000440573221489,0.9166209224650664,1.3219869984318096e-05
80,2.0,3.0,109.25999999999999,0.01006491872578129,0.5498465099894322,6.0,1545.584000000002,14.145927146256655,0.0035722153093240734,0.9201931377743905,4.2155197654075214e-05
61,1.25,2.9,110.50999999999999,0.006290574203613306,0.5561370841930455,3.625,1549.209000000002,14.018722287575805,0.002158213416049961,0.9223513511904404,1.707640567859115e-05
50,1.8900000000000006,2.9,112.39999999999999,0.009511348195863321,0.5656484323889088,5.481000000000002,1554.690000000002,13.831761565836318,0.0032632186850675418,0.9256145698755079,3.903912238367711e-05
92,1.0,2.9,113.39999999999999,0.005032459362890645,0.5706808917517995,2.9,1557.5900000000022,13.73536155202824,0.0017265707328399686,0.9273411406083479,1.0928899634298336e-05
117,2.0,2.8,115.39999999999999,0.01006491872578129,0.5807458104775808,5.6,1563.190000000002,13.54584055459274,0.0033340676220358014,0.9306752082303837,4.530435658079186e-05
1,1.0,2.8,116.39999999999999,0.005032459362890645,0.5857782698404714,2.8,1565.990000000002,13.453522336769778,0.0016670338110179007,0.9323422420414016,1.1326089145197966e-05
106,2.0,2.7,118.39999999999999,0.01006491872578129,0.5958431885662527,5.4,1571.3900000000021,13.27187500000002,0.003214993778391666,0.9355572358197932,4.692147178487074e-05
14,1.0,2.7,119.39999999999999,0.005032459362890645,0.6008756479291434,2.7,1574.0900000000022,13.183333333333353,0.001607496889195833,0.937164732708989,1.1730367946217685e-05
51,1.5,2.6,120.89999999999999,0.007548689044335968,0.6084243369734793,3.9000000000000004,1577.9900000000023,13.05202646815552,0.0023219399510606476,0.9394866726600497,2.7318906084054383e-05
48,1.2800000000000011,2.6,122.17999999999999,0.006441547984500032,0.6148658849579793,3.328000000000003,1581.3180000000023,12.942527418562795,0.001981388758238421,0.9414680614182881,1.9893020323606568e-05
29,2.0,2.5,124.17999999999999,0.01006491872578129,0.6249308036837606,5.0,1586.3180000000023,12.774343694636837,0.0029768460911033944,0.9444449075093915,5.0240773674469644e-05
20,1.0,2.4,125.17999999999999,0.005032459362890645,0.6299632630466513,2.4,1588.7180000000023,12.691468285668657,0.0014288861237296293,0.9458737936331211,1.2985740089997414e-05
49,1.0,2.4,126.17999999999999,0.005032459362890645,0.6349957224095419,2.4,1591.1180000000024,12.609906482802366,0.0014288861237296293,0.9473026797568507,1.2985740089997414e-05
21,1.0899999999999963,2.3,127.26999999999998,0.005485380705550784,0.6404811031150928,2.5069999999999912,1593.6250000000025,12.521607605877291,0.0014925906300792366,0.9487952703869299,1.594237258678409e-05
112,1.799999999999983,2.2,129.06999999999996,0.009058426853203076,0.6495395299682959,3.9599999999999627,1597.5850000000025,12.377663283489602,0.002357662104153866,0.9511529324910838,4.490024822210051e-05
28,1.2800000000000011,2.2,130.34999999999997,0.006441547984500032,0.6559810779527959,2.816000000000003,1600.4010000000026,12.277721518987365,0.0016765597185094334,0.9528294922095932,2.270511317502809e-05
116,2.0,2.2,132.34999999999997,0.01006491872578129,0.6660459966785772,4.4,1604.8010000000027,12.125432565168138,0.0026196245601709874,0.9554491167697642,5.543240521247082e-05
109,1.6200000000000045,2.0,133.96999999999997,0.008152584167882868,0.6741985808464601,3.240000000000009,1608.0410000000027,12.002993207434523,0.0019289962670350049,0.9573781130367992,3.873304635957991e-05
113,1.9000000000000057,2.0,135.86999999999998,0.009561672789492255,0.6837602536359524,3.8000000000000114,1611.8410000000026,11.863111798042267,0.0022624030292385864,0.9596405160660378,5.327933903295364e-05
118,2.039999999999992,1.9,137.90999999999997,0.010266217100296876,0.6940264707362492,3.875999999999985,1615.7170000000026,11.715734899572206,0.0023076510898233423,0.9619481671558612,6.33387729430646e-05
135,1.6999999999999886,1.8,139.60999999999996,0.00855518091691404,0.7025816516531633,3.0599999999999796,1618.7770000000025,11.594993195329868,0.0018218298077552653,0.9637699969636164,4.53380171592097e-05
81,2.0,1.8,141.60999999999996,0.01006491872578129,0.7126465703789446,3.6,1622.3770000000025,11.45665560341786,0.002143329185594444,0.9659133261492109,6.275158084319766e-05
26,0.8999999999999986,1.8,142.50999999999996,0.004529213426601573,0.7171757838055463,1.6199999999999974,1623.9970000000023,11.395670479264632,0.0009644981335174982,0.9668778242827284,1.2707195120747483e-05
82,2.0,1.7,144.50999999999996,0.01006491872578129,0.7272407025313276,3.4,1627.3970000000024,11.261483634350585,0.0020242553419503083,0.9689020796246787,6.465226765208029e-05
133,2.210000000000008,1.6,146.71999999999997,0.011121735191988365,0.7383624377233159,3.536000000000013,1630.9330000000025,11.115955561613978,0.002105225555628328,0.971007305180307,8.129744602257341e-05
57,2.469999999999999,1.5,149.18999999999997,0.012430174626339888,0.7507926123496558,3.7049999999999983,1634.6380000000024,10.95675313358806,0.0022058429535076144,0.9732131481338145,0.0001045369581560812
63,1.0,1.5,150.18999999999997,0.005032459362890645,0.7558250717125464,1.5,1636.1380000000024,10.893787868699665,0.0008930538273310184,0.9741062019611456,1.7134678187821682e-05
75,2.4399999999999977,1.5,152.62999999999997,0.012279200845453163,0.7681042725579996,3.6599999999999966,1639.7980000000025,10.743615278778766,0.0021790513386876825,0.9762852532998333,0.00010201302005901498
120,2.0,1.4,154.62999999999997,0.01006491872578129,0.7781691912837809,2.8,1642.5980000000025,10.622764017331713,0.0016670338110179007,0.9779522871108511,7.052447104161049e-05
131,1.9499999999999886,1.2,156.57999999999996,0.009813295757636701,0.7879824870414176,2.339999999999986,1644.9380000000024,10.505415761910863,0.0013931639706363803,0.9793454510814875,7.089861931045319e-05
124,1.75,1.2,158.32999999999996,0.008806803885058629,0.7967892909264762,2.1,1647.0380000000023,10.402564264510849,0.0012502753582634258,0.9805957264397509,5.710112337626968e-05
31,1.6599999999999966,1.2,159.98999999999995,0.008353882542398454,0.8051431734688747,1.9919999999999958,1649.0300000000022,10.307081692605806,0.0011859754826955898,0.9817817019224465,5.137889161653816e-05
67,2.0,1.1,161.98999999999995,0.01006491872578129,0.815208092194656,2.2,1651.2300000000023,10.193407000432142,0.0013098122800854937,0.983091514202532,7.665188887546409e-05
119,1.960000000000008,1.1,163.94999999999996,0.009863620351265704,0.8250717125459217,2.156000000000009,1653.3860000000022,10.084696553827403,0.001283616034483789,0.9843751302370158,7.361647407599631e-05
66,2.0,1.1,165.94999999999996,0.01006491872578129,0.835136631271703,2.2,1655.5860000000023,9.976414582705651,0.0013098122800854937,0.9856849425171014,7.665188887546409e-05
65,2.0,1.0,167.94999999999996,0.01006491872578129,0.8452015499974843,2.0,1657.5860000000023,9.869520690681766,0.0011907384364413577,0.9868756809535427,7.875107580770936e-05
71,2.0,0.9,169.94999999999996,0.01006491872578129,0.8552664687232656,1.8,1659.3860000000022,9.763965872315403,0.001071664592797222,0.9879473455463399,8.087861990043501e-05
64,3.0,0.9,172.94999999999996,0.015097378088671936,0.8703638468119376,2.7,1662.0860000000023,9.610211043654251,0.001607496889195833,0.9895548424355357,0.0001819768947759788
68,2.0,0.9,174.94999999999996,0.01006491872578129,0.8804287655377189,1.8,1663.8860000000022,9.51063732495,0.001071664592797222,0.9906265070283329,8.087861990043501e-05
69,2.0,0.9,176.94999999999996,0.01006491872578129,0.8904936842635002,1.8,1665.6860000000022,9.413314495620247,0.001071664592797222,0.99169817162113,8.087861990043501e-05
110,2.0,0.8,178.94999999999996,0.01006491872578129,0.9005586029892815,1.6,1667.286000000002,9.317049455155084,0.0009525907491530863,0.9926507623702832,8.303452115364107e-05
73,1.8299999999999983,0.8,180.77999999999997,0.009209400634089872,0.9097680036233714,1.4639999999999986,1668.750000000002,9.23083305675408,0.0008716205354750731,0.9935223829057582,6.9518576972857e-05
56,2.3400000000000034,0.7,183.11999999999998,0.011775954909164128,0.9215439585325356,1.6380000000000023,1670.388000000002,9.121821756225438,0.0009752147794454734,0.9944975976852037,0.00011665598734971491
74,2.5,0.7,185.61999999999998,0.012581148407226612,0.9341251069397621,1.75,1672.138000000002,9.008393492080607,0.001041896131886188,0.99553949381709,0.00013315434307394918
111,1.3000000000000114,0.6,186.92,0.006542197171757896,0.94066730411152,0.7800000000000068,1672.918000000002,8.94991440188317,0.00046438799021213356,0.996003881807302,3.693976444728197e-05
72,2.1700000000000017,0.6,189.08999999999997,0.010920436817472708,0.9515877409289927,1.302000000000001,1674.2200000000018,8.854090644666572,0.0007751707221233244,0.9967790525294253,0.00010292642414544575
132,2.0,0.6,191.08999999999997,0.01006491872578129,0.961652659654774,1.2,1675.420000000002,8.767701083259208,0.0007144430618648146,0.9974934955912902,8.743139514149427e-05
78,2.0,0.6,193.08999999999997,0.01006491872578129,0.9717175783805553,1.2,1676.620000000002,8.683101144544006,0.0007144430618648146,0.998207938653155,8.743139514149427e-05
70,2.0,0.6,195.08999999999997,0.01006491872578129,0.9817824971063366,1.2,1677.820000000002,8.600235788610396,0.0007144430618648146,0.9989223817150199,8.743139514149427e-05
79,2.0,0.5,197.08999999999997,0.01006491872578129,0.9918474158321179,1.0,1678.820000000002,8.518037444822173,0.0005953692182206788,0.9995177509332406,8.967236787614142e-05
77,1.6200000000000045,0.5,198.70999999999998,0.008152584167882868,1.0000000000000007,0.8100000000000023,1679.630000000002,8.452669719692024,0.0004822490667587512,0.9999999999999993,5.8834040563536714e-05
