,weight,grade,cml_weight,weight_pct,cml_weight_pct,yield,cml_yield,cml_grade,recovery,cml_recovery,distributional_heterogeneity
30,1.25,116.1,1.25,0.006578947368421052,0.006578947368421052,145.125,145.125,116.1,0.12025903859061803,0.12025903859061803,0.012923163140287025
29,0.8500000000000014,92.8,2.1000000000000014,0.004473684210526323,0.011052631578947376,78.88000000000012,224.0050000000001,106.6690476190476,0.06536456822758287,0.1856236068182009,0.003707699756378633
12,0.5,57.0,2.6000000000000014,0.002631578947368421,0.013684210526315797,28.5,252.5050000000001,97.11730769230768,0.023616762100483125,0.20924036891868403,0.0004403779119697693
0,1.0,44.6,3.6000000000000014,0.005263157894736842,0.01894736842105264,44.6,297.10500000000013,82.52916666666667,0.036958161041457806,0.24619852996014183,0.0010045732244706518
28,0.5499999999999972,40.8,4.149999999999999,0.002894736842105248,0.02184210526315789,22.439999999999884,319.545,76.99879518072292,0.018595092685432933,0.26479362264557477,0.00024650117360711376
68,0.4200000000000017,37.3,4.57,0.0022105263157894827,0.02405263157894737,15.666000000000063,335.21100000000007,73.35032822757113,0.012981761230391934,0.2777753838759667,0.0001160195015855509
61,1.0,30.9,5.57,0.005263157894736842,0.02931578947368421,30.9,366.11100000000005,65.72908438061042,0.0256055420668396,0.3033809259428063,0.00041381259380541684
22,0.5399999999999991,29.9,6.109999999999999,0.00284210526315789,0.0321578947368421,16.145999999999972,382.257,62.56252045826515,0.013379517223663154,0.31676044316646945,0.00011103705082539946
38,1.6000000000000014,28.7,7.710000000000001,0.008421052631578954,0.040578947368421055,45.92000000000004,428.177,55.53527885862516,0.0380519900229539,0.35481243318942335,0.0008779924506915816
96,0.9499999999999886,27.9,8.65999999999999,0.00499999999999994,0.045578947368421,26.504999999999683,454.6819999999997,52.5036951501155,0.021963588753449045,0.3767760219428724,0.000287763343396145
87,0.3499999999999943,21.6,9.009999999999984,0.0018421052631578648,0.047421052631578864,7.559999999999878,462.24199999999956,51.30321864594899,0.006264656894022791,0.3830406788368952,1.9558962927666018e-05
9,1.0,21.1,10.009999999999984,0.005263157894736842,0.05268421052631571,21.1,483.3419999999996,48.28591408591412,0.017484690537550668,0.4005253693744458,0.00014936586013936386
21,1.3999999999999986,20.5,11.409999999999982,0.007368421052631572,0.06005263157894728,28.69999999999997,512.0419999999996,44.87659947414552,0.02378249376434614,0.424307863138792,0.0002694217829854529
86,0.5500000000000114,19.3,11.959999999999994,0.002894736842105323,0.0629473684210526,10.61500000000022,522.6569999999998,43.700418060200676,0.008796208059531003,0.433104071198323,3.482736253010373e-05
8,1.0,17.4,12.959999999999994,0.005263157894736842,0.06821052631578944,17.4,540.0569999999998,41.67106481481482,0.014418654756084434,0.44752272595440745,8.38231227781456e-05
18,1.0,16.4,13.959999999999994,0.005263157894736842,0.07347368421052629,16.4,556.4569999999998,39.86081661891117,0.013589996436769235,0.4611127223911767,6.933624010507616e-05
64,0.5499999999999972,15.8,14.509999999999991,0.002894736842105248,0.07636842105263153,8.689999999999955,565.1469999999997,38.9487939352171,0.007201040794849028,0.4683137631860257,1.854425373341671e-05
66,0.2600000000000051,14.9,14.769999999999996,0.001368421052631606,0.07773684210526313,3.8740000000000765,569.0209999999997,38.52545700744752,0.003210222329027138,0.4715239855150528,3.3922319417322117e-06
5,1.0,14.7,15.769999999999996,0.005263157894736842,0.08299999999999998,14.7,583.7209999999998,37.014648065947995,0.012181277293933401,0.48370526280898624,4.7860376021539764e-05
1,1.0,14.1,16.769999999999996,0.005263157894736842,0.08826315789473682,14.1,597.8209999999998,35.64824090638044,0.011684082302344283,0.49538934511133054,4.122827024820897e-05
53,0.3499999999999943,14.1,17.11999999999999,0.0018421052631578648,0.09010526315789469,4.93499999999992,602.7559999999997,35.20771028037384,0.004089428805820433,0.49947877391715095,5.0504631054054345e-06
10,0.9999999999999982,13.3,18.11999999999999,0.0052631578947368324,0.09536842105263152,13.299999999999978,616.0559999999997,33.99867549668874,0.011021155646892107,0.5104999295640431,3.315453811382519e-05
63,1.2999999999999972,13.2,19.419999999999987,0.006842105263157879,0.1022105263157894,17.15999999999996,633.2159999999997,32.60638516992791,0.014219776759448756,0.5247197063234919,5.4430036707182845e-05
13,0.5,12.3,19.919999999999987,0.002631578947368421,0.10484210526315782,6.15,639.3659999999996,32.096686746987956,0.005096248663788465,0.5298159549872803,6.074596811038057e-06
48,0.8500000000000014,11.5,20.76999999999999,0.004473684210526323,0.10931578947368414,9.775000000000016,649.1409999999996,31.25377948964853,0.008100135071306068,0.5379160900585863,1.3151145845650152e-05
62,0.7000000000000028,11.2,21.46999999999999,0.0036842105263158046,0.11299999999999995,7.840000000000031,656.9809999999997,30.599953423381457,0.0064966812234311735,0.5444127712820175,7.90999142213261e-06
92,0.5999999999999943,11.2,22.069999999999986,0.0031578947368420753,0.11615789473684203,6.719999999999936,663.7009999999996,30.07254191209787,0.005568583905798073,0.5499813551878155,5.811422269321761e-06
123,2.0,11.0,24.069999999999986,0.010526315789473684,0.1266842105263157,22.0,685.7009999999996,28.487785625259658,0.01823048302493434,0.5682118382127499,5.935419279194553e-05
16,1.0,8.8,25.069999999999986,0.005263157894736842,0.13194736842105254,8.8,694.5009999999995,27.70247307538891,0.007292193209973738,0.5755040314227237,4.116984310478489e-06
125,2.0,8.7,27.069999999999986,0.010526315789473684,0.14247368421052622,17.4,711.9009999999995,26.298522349464346,0.014418654756084434,0.589922686178808,1.5150302630996437e-05
97,1.0500000000000114,8.3,28.119999999999997,0.005526315789473744,0.14799999999999996,8.715000000000096,720.6159999999996,25.626458036984342,0.007221757252832025,0.5971444434316401,2.8745217556744665e-06
126,2.0,7.8,30.119999999999997,0.010526315789473684,0.15852631578947365,15.6,736.2159999999997,24.442762284196537,0.01292706978131708,0.6100715132129572,5.7636197293519965e-06
117,2.0,7.7,32.12,0.010526315789473684,0.16905263157894734,15.4,751.6159999999996,23.40024906600248,0.01276133811745404,0.6228328513304112,4.995324806570731e-06
32,1.0,7.6,33.12,0.005263157894736842,0.17431578947368417,7.6,759.2159999999997,22.92318840579709,0.0062978032267955,0.6291306545572067,1.0704909631507705e-06
71,0.960000000000008,7.2,34.080000000000005,0.00505263157894741,0.1793684210526316,6.912000000000058,766.1279999999997,22.48028169014083,0.005727686303106693,0.6348583408603135,4.556988806097641e-07
39,1.5,7.1,35.580000000000005,0.007894736842105263,0.18726315789473685,10.649999999999999,776.7779999999997,21.831871838111287,0.00882521110070685,0.6436835519610203,8.657823459201765e-07
41,1.7100000000000009,6.9,37.290000000000006,0.009000000000000005,0.19626315789473686,11.799000000000007,788.5769999999997,21.14714400643603,0.00977733950960002,0.6534608914706204,6.042567131851922e-07
119,2.0,6.7,39.290000000000006,0.010526315789473684,0.20678947368421055,13.4,801.9769999999996,20.411733265461937,0.011104021478823646,0.664564912949444,3.3374386350731414e-07
118,2.0,6.7,41.290000000000006,0.010526315789473684,0.21731578947368424,13.4,815.3769999999996,19.747565996609335,0.011104021478823646,0.6756689344282676,3.3374386350731414e-07
124,2.0,6.3,43.290000000000006,0.010526315789473684,0.22784210526315793,12.6,827.9769999999996,19.126287826287815,0.010441094823371487,0.6861100292516391,7.262613063391825e-09
15,1.0,6.2,44.290000000000006,0.005263157894736842,0.23310526315789476,6.2,834.1769999999997,18.834432151727242,0.005137681579754224,0.6912477108313934,1.5744305621617164e-08
11,0.6000000000000014,5.9,44.89000000000001,0.0031578947368421126,0.23626315789473687,3.5400000000000085,837.7169999999996,18.661550456671854,0.002933450450375806,0.6941811612817692,5.037523772736957e-08
121,2.0,5.8,46.89000000000001,0.010526315789473684,0.24678947368421056,11.6,849.3169999999997,18.112966517381096,0.00961243650405629,0.7037935977858255,8.351753483150076e-07
17,1.0,5.7,47.89000000000001,0.005263157894736842,0.2520526315789474,5.7,855.0169999999997,17.853769054082264,0.004723352420096625,0.7085169502059221,2.913899504515496e-07
19,1.7899999999999991,5.6,49.68000000000001,0.009421052631578943,0.26147368421052636,10.023999999999994,865.0409999999997,17.412258454106272,0.008306470992815534,0.7168234211987377,1.2422922294685253e-06
122,2.0,5.5,51.68000000000001,0.010526315789473684,0.272,11.0,876.0409999999997,16.95125773993807,0.00911524151246717,0.7259386627112048,1.9911306152294524e-06
31,0.75,5.4,52.43000000000001,0.003947368421052632,0.27594736842105266,4.050000000000001,880.0909999999997,16.786019454510768,0.00335606619322655,0.7292947289044314,3.4963832463208755e-07
44,2.0,5.2,54.43000000000001,0.010526315789473684,0.2864736842105263,10.4,890.4909999999996,16.360297629983457,0.008618046520878053,0.7379127754253094,3.6414916014665035e-06
106,1.5999999999999943,5.1,56.03,0.008421052631578918,0.29489473684210527,8.15999999999997,898.6509999999996,16.038747099767974,0.006761851885611986,0.7446746273109214,2.7529471154172208e-06
36,2.25,5.0,58.28,0.011842105263157895,0.30673684210526314,11.25,909.9009999999996,15.612577213452292,0.009322406092295971,0.7539970334032173,6.348883911642265e-06
111,2.0,5.0,60.28,0.010526315789473684,0.3172631578947368,10.0,919.9009999999996,15.260467816854671,0.008286583193151974,0.7622836165963693,5.016402103025988e-06
120,2.0,4.9,62.28,0.010526315789473684,0.32778947368421046,9.8,929.7009999999996,14.927761721258824,0.008120851529288936,0.7704044681256583,5.786258307026161e-06
20,1.2100000000000009,4.6,63.49,0.006368421052631583,0.33415789473684204,5.566000000000003,935.2669999999996,14.730934005355167,0.004612312205308391,0.7750167803309668,3.083918283646789e-06
35,0.44999999999999574,4.6,63.94,0.0023684210526315566,0.3365263157894736,2.0699999999999803,937.3369999999995,14.659634031904904,0.0017153227209824424,0.7767321030519492,4.265374308028565e-07
14,0.46000000000000085,4.4,64.4,0.002421052631578952,0.33894736842105255,2.024000000000004,939.3609999999995,14.58635093167701,0.0016772044382939628,0.7784093074902432,5.533101346533424e-07
43,2.0,4.4,66.4,0.010526315789473684,0.3494736842105262,8.8,948.1609999999995,14.279533132530112,0.007292193209973738,0.7857015007002169,1.0459548859231387e-05
88,2.0,4.3,68.4,0.010526315789473684,0.3599999999999999,8.6,956.7609999999995,13.987733918128647,0.007126461546110697,0.7928279622463277,1.1559008876113307e-05
7,1.4000000000000004,4.3,69.80000000000001,0.0073684210526315805,0.36736842105263146,6.020000000000001,962.7809999999995,13.793424068767898,0.004988523082277489,0.7978164853286052,5.663914349295523e-06
59,1.6700000000000017,4.3,71.47000000000001,0.008789473684210534,0.37615789473684197,7.181000000000007,969.9619999999995,13.571596474045045,0.005950595391002438,0.8037670807196076,8.059229963648117e-06
40,1.240000000000002,4.2,72.71000000000001,0.006526315789473694,0.3826842105263157,5.208000000000008,975.1699999999995,13.41177279603905,0.004315652526993555,0.8080827332466011,4.887032060079334e-06
23,1.1000000000000014,4.1,73.81,0.0057894736842105336,0.3884736842105262,4.510000000000005,979.6799999999995,13.272998238721033,0.0037372490201115446,0.8118199822667126,4.2116260719362084e-06
67,1.7399999999999949,4.0,75.55,0.009157894736842078,0.3976315789473683,6.9599999999999795,986.6399999999994,13.059430840502971,0.005767461902433757,0.8175874441691463,1.1495034804634044e-05
110,2.0,3.9,77.55,0.010526315789473684,0.40815789473684194,7.8,994.4399999999994,12.823210831721463,0.00646353489065854,0.8240509790598048,1.6506188631777195e-05
42,1.5499999999999972,3.9,79.1,0.00815789473684209,0.41631578947368403,6.044999999999988,1000.4849999999993,12.648356510745884,0.0050092395402603586,0.8290602186000652,9.914029546961139e-06
113,2.0,3.7,81.1,0.010526315789473684,0.4268421052631577,7.4,1007.8849999999993,12.42768187422934,0.006132071562932461,0.8351922901629977,1.930938232249087e-05
101,2.0,3.6,83.1,0.010526315789473684,0.43736842105263135,7.2,1015.0849999999994,12.21522262334536,0.0059663398990694215,0.8411586300620671,2.079338012106815e-05
47,1.5,3.6,84.6,0.007894736842105263,0.44526315789473664,5.4,1020.4849999999993,12.06247044917257,0.004474754924302066,0.8456333849863692,1.1696276318100834e-05
25,1.5,3.4,86.1,0.007894736842105263,0.4531578947368419,5.1,1025.5849999999994,11.911556329849006,0.004226157428507507,0.8498595424148767,1.3458474913873258e-05
114,2.0,3.3,88.1,0.010526315789473684,0.4636842105263156,6.6,1032.1849999999993,11.716061293984101,0.005469144907480302,0.855328687322357,2.557497732968172e-05
2,1.0,3.1,89.1,0.005263157894736842,0.46894736842105245,3.1,1035.2849999999992,11.61936026936026,0.002568840789877112,0.8578975281122341,7.259344661539717e-06
65,1.1099999999999994,2.9,90.21,0.0058421052631578915,0.4747894736842103,3.218999999999998,1038.5039999999992,11.51207183239108,0.002667451129875619,0.8605649792421097,1.0078428865966217e-05
107,0.950000000000017,2.9,91.16000000000001,0.0050000000000000894,0.47978947368421043,2.755000000000049,1041.2589999999993,11.422323387450627,0.0022829536697134096,0.8628479329118232,7.382340760924315e-06
99,2.0,2.8,93.16000000000001,0.010526315789473684,0.4903157894736841,5.6,1046.8589999999992,11.237215543151558,0.004640486588165105,0.8674884194999882,3.4642985386976786e-05
85,1.0999999999999943,2.8,94.26,0.005789473684210496,0.4961052631578946,3.079999999999984,1049.9389999999992,11.138754508805423,0.002552267623490795,0.870040687123479,1.0479503079560368e-05
33,1.0,2.8,95.26,0.005263157894736842,0.5013684210526315,2.8,1052.7389999999991,11.051217719924407,0.0023202432940825526,0.8723609304175616,8.660746346744197e-06
115,2.0,2.8,97.26,0.010526315789473684,0.5118947368421052,5.6,1058.338999999999,10.881544314209325,0.004640486588165105,0.8770014170057266,3.4642985386976786e-05
116,2.0,2.8,99.26,0.010526315789473684,0.5224210526315789,5.6,1063.938999999999,10.718708442474298,0.004640486588165105,0.8816419035938917,3.4642985386976786e-05
102,2.0,2.7,101.26,0.010526315789473684,0.5329473684210526,5.4,1069.338999999999,10.560329843966018,0.004474754924302066,0.8861166585181938,3.662138890487666e-05
45,2.0,2.7,103.26,0.010526315789473684,0.5434736842105263,5.4,1074.7389999999991,10.40808638388533,0.004474754924302066,0.8905914134424958,3.662138890487666e-05
27,1.6000000000000014,2.6,104.86000000000001,0.008421052631578954,0.5518947368421053,4.160000000000004,1078.8989999999992,10.288947167652099,0.003447218608351224,0.894038632050847,2.4739024890617753e-05
4,1.0,2.6,105.86000000000001,0.005263157894736842,0.5571578947368422,2.6,1081.4989999999991,10.216313999622132,0.0021545116302195133,0.8961931436810665,9.663681597897542e-06
95,2.0,2.5,107.86000000000001,0.010526315789473684,0.5676842105263159,5.0,1086.4989999999991,10.07323382162061,0.004143291596575987,0.9003364352776425,4.0742997847117296e-05
91,2.0,2.5,109.86000000000001,0.010526315789473684,0.5782105263157896,5.0,1091.4989999999991,9.935363189513918,0.004143291596575987,0.9044797268742185,4.0742997847117296e-05
72,0.8499999999999943,2.5,110.71000000000001,0.004473684210526286,0.5826842105263159,2.124999999999986,1093.6239999999991,9.878276578448189,0.0017608989285447826,0.9062406258027633,7.359203986135463e-06
24,1.0,2.5,111.71000000000001,0.005263157894736842,0.5879473684210528,2.5,1096.1239999999991,9.812228090591702,0.0020716457982879934,0.9083122716010513,1.0185749461779324e-05
69,1.2800000000000011,2.4,112.99000000000001,0.0067368421052631635,0.5946842105263159,3.0720000000000027,1099.195999999999,9.728259137976803,0.0025456383569362885,0.9108579099579877,1.756618885998925e-05
34,1.7000000000000028,2.3,114.69000000000001,0.008947368421052647,0.6036315789473685,3.9100000000000064,1103.105999999999,9.61815328276222,0.003240054028522427,0.9140979639865101,3.2573437575182585e-05
54,2.0,2.3,116.69000000000001,0.010526315789473684,0.6141578947368422,4.6,1107.705999999999,9.49272431228039,0.003811828268849908,0.9179097922553601,4.508434266461243e-05
60,1.0,2.3,117.69000000000001,0.005263157894736842,0.6194210526315791,2.3,1110.005999999999,9.431608462911028,0.001905914134424954,0.919815706389785,1.1271085666153107e-05
6,1.0,2.3,118.69000000000001,0.005263157894736842,0.624684210526316,2.3,1112.305999999999,9.371522453450154,0.001905914134424954,0.92172162052421,1.1271085666153107e-05
98,2.0,2.2,120.69000000000001,0.010526315789473684,0.6352105263157897,4.4,1116.705999999999,9.252680420913073,0.003646096604986869,0.9253677171291969,4.733741602658042e-05
104,2.0,2.2,122.69000000000001,0.010526315789473684,0.6457368421052634,4.4,1121.105999999999,9.137712935039522,0.003646096604986869,0.9290138137341837,4.733741602658042e-05
94,2.0,2.2,124.69000000000001,0.010526315789473684,0.6562631578947371,4.4,1125.5059999999992,9.026433555216931,0.003646096604986869,0.9326599103391705,4.733741602658042e-05
84,2.0,2.1,126.69000000000001,0.010526315789473684,0.6667894736842108,4.2,1129.7059999999992,8.917088957297333,0.003480364941123829,0.9361402752802943,4.964542335736205e-05
109,2.0,2.1,128.69,0.010526315789473684,0.6773157894736845,4.2,1133.9059999999993,8.811143056958578,0.003480364941123829,0.9396206402214181,4.964542335736205e-05
127,1.5,2.0,130.19,0.007894736842105263,0.6852105263157898,3.0,1136.9059999999993,8.732667639603651,0.0024859749579455924,0.9421066151793637,2.9254705119538473e-05
3,1.0,2.0,131.19,0.005263157894736842,0.6904736842105267,2.0,1138.9059999999993,8.681347663693874,0.0016573166386303947,0.9437639318179941,1.3002091164239322e-05
112,2.0,1.8,133.19,0.010526315789473684,0.7010000000000004,3.6,1142.5059999999992,8.57801636759516,0.0029831699495347108,0.9467471017675289,5.6899049162588644e-05
90,2.0,1.7,135.19,0.010526315789473684,0.7115263157894741,3.4,1145.9059999999993,8.47626303720689,0.002817438285671671,0.9495645400532006,5.942679236862475e-05
37,1.0,1.7,136.19,0.005263157894736842,0.716789473684211,1.7,1147.6059999999993,8.426507085689106,0.0014087191428358355,0.9509732591960364,1.4856698092156188e-05
57,2.0,1.7,138.19,0.010526315789473684,0.7273157894736847,3.4,1151.0059999999994,8.329155510528977,0.002817438285671671,0.9537906974817081,5.942679236862475e-05
70,1.3799999999999955,1.7,139.57,0.007263157894736818,0.7345789473684216,2.345999999999992,1153.3519999999994,8.263609658236007,0.0019440324171134465,0.9557347298988216,2.8293095846702057e-05
56,2.0,1.6,141.57,0.010526315789473684,0.7451052631578953,3.2,1156.5519999999995,8.169470933107293,0.0026517066218086317,0.9583864365206302,6.200946954347449e-05
58,1.3299999999999983,1.6,142.89999999999998,0.006999999999999991,0.7521052631578953,2.1279999999999974,1158.6799999999994,8.108327501749471,0.001763384903502738,0.9601498214241329,2.742213766886294e-05
46,2.5,1.6,145.39999999999998,0.013157894736842105,0.7652631578947374,4.0,1162.6799999999994,7.996423658872074,0.0033146332772607894,0.9634644547013936,9.688979616167889e-05
80,2.0,1.5,147.39999999999998,0.010526315789473684,0.7757894736842111,3.0,1165.6799999999994,7.908276797829034,0.0024859749579455924,0.9659504296593392,6.464708068713786e-05
52,1.6500000000000057,1.5,149.04999999999998,0.008684210526315819,0.784473684210527,2.4750000000000085,1168.1549999999993,7.83733646427373,0.002050929340305121,0.9680013589996443,4.4000419292683505e-05
26,2.0,1.4,151.04999999999998,0.010526315789473684,0.7950000000000007,2.8,1170.9549999999992,7.752101952995693,0.0023202432940825526,0.9703216022937269,6.733962579961482e-05
105,2.0,1.3,153.04999999999998,0.010526315789473684,0.8055263157894744,2.6,1173.5549999999992,7.667788304475657,0.0021545116302195133,0.9724761139239464,7.008710488090544e-05
50,2.0,1.2,155.04999999999998,0.010526315789473684,0.8160526315789481,2.4,1175.9549999999992,7.584359883908412,0.0019887799663564736,0.9744648938903029,7.288951793100966e-05
74,2.0,1.2,157.04999999999998,0.010526315789473684,0.8265789473684219,2.4,1178.3549999999993,7.503056351480417,0.0019887799663564736,0.9764536738566594,7.288951793100966e-05
89,2.0,1.2,159.04999999999998,0.010526315789473684,0.8371052631578956,2.4,1180.7549999999994,7.423797547940897,0.0019887799663564736,0.9784424538230159,7.288951793100966e-05
51,2.0,1.1,161.04999999999998,0.010526315789473684,0.8476315789473693,2.2,1182.9549999999995,7.345265445513813,0.0018230483024934345,0.9802655021255093,7.574686494992752e-05
73,1.4500000000000028,1.1,162.5,0.007631578947368436,0.8552631578947377,1.5950000000000033,1184.5499999999995,7.289538461538458,0.0013217100193077425,0.981587212144817,3.9814445889305806e-05
79,2.0,1.1,164.5,0.010526315789473684,0.8657894736842114,2.2,1186.7499999999995,7.214285714285712,0.0018230483024934345,0.9834102604473105,7.574686494992752e-05
93,1.4000000000000057,1.1,165.9,0.007368421052631609,0.873157894736843,1.5400000000000065,1188.2899999999995,7.162688366485832,0.0012761338117454094,0.9846863942590559,3.7115963825464785e-05
55,2.0,1.0,167.9,0.010526315789473684,0.8836842105263167,2.0,1190.2899999999995,7.089279332936268,0.0016573166386303947,0.9863437108976864,7.865914593765899e-05
83,2.0,1.0,169.9,0.010526315789473684,0.8942105263157905,2.0,1192.2899999999995,7.017598587404352,0.0016573166386303947,0.9880010275363168,7.865914593765899e-05
103,2.0,0.9,171.9,0.010526315789473684,0.9047368421052642,1.8,1194.0899999999995,6.946422338568932,0.0014915849747673554,0.9894926125110841,8.162636089420408e-05
75,2.0,0.9,173.9,0.010526315789473684,0.9152631578947379,1.8,1195.8899999999994,6.876883266244965,0.0014915849747673554,0.9909841974858514,8.162636089420408e-05
100,2.0,0.8,175.9,0.010526315789473684,0.9257894736842116,1.6,1197.4899999999993,6.8077885162023835,0.0013258533109043158,0.9923100507967557,8.464850981956282e-05
76,2.0,0.8,177.9,0.010526315789473684,0.9363157894736853,1.6,1199.0899999999992,6.740247329960647,0.0013258533109043158,0.99363590410766,8.464850981956282e-05
108,1.9499999999999886,0.8,179.85,0.010263157894736783,0.9465789473684221,1.559999999999991,1200.6499999999992,6.675840978593268,0.0012927069781317004,0.9949286110857917,8.046898964722097e-05
49,2.1499999999999986,0.8,182.0,0.011315789473684203,0.9578947368421062,1.7199999999999989,1202.3699999999992,6.606428571428567,0.0014252923092221387,0.9963539033950138,9.782193416023216e-05
78,2.0,0.8,184.0,0.010526315789473684,0.96842105263158,1.6,1203.9699999999991,6.543315217391299,0.0013258533109043158,0.9976797567059181,8.464850981956282e-05
81,2.0,0.6,186.0,0.010526315789473684,0.9789473684210537,1.2,1205.1699999999992,6.479408602150533,0.0009943899831782368,0.9986741466890964,9.085760957672112e-05
77,2.0,0.5,188.0,0.010526315789473684,0.9894736842105274,1.0,1206.1699999999992,6.415797872340421,0.0008286583193151974,0.9995028050084116,9.40445604085207e-05
82,2.0,0.3,190.0,0.010526315789473684,1.000000000000001,0.6,1206.769999999999,6.351421052631574,0.0004971949915891184,1.0000000000000007,0.00010058326397856075
