,weight,grade,cml_weight,weight_pct,cml_weight_pct,yield,cml_yield,cml_grade,recovery,cml_recovery,distributional_heterogeneity
276,0.9600000000000364,184.0,0.9600000000000364,0.0013880855986119671,0.0013880855986119671,176.6400000000067,176.6400000000067,184.0,0.09064004525844951,0.09064004525844951,0.007965912303121271
252,1.0900000000000318,170.0,2.050000000000068,0.0015760555234239908,0.0029641411220359577,185.3000000000054,361.9400000000121,176.55609756097564,0.09508378841933056,0.18572383367778006,0.00874369611133221
278,0.9599999999999795,55.3,3.0100000000000477,0.001388085598611885,0.0043522267206478425,53.087999999998864,415.028000000011,137.8830564784068,0.027241274471695442,0.2129651081494755,0.0006683873749073314
37,0.7299999999999898,53.0,3.7400000000000375,0.0010555234239444618,0.0054077501445923045,38.68999999999946,453.7180000000104,121.31497326203366,0.019853166615994282,0.2328182747654698,0.00035335138957561695
233,0.7700000000000387,42.6,4.510000000000076,0.0011133603238866958,0.0065211104684790005,32.80200000000165,486.5200000000121,107.87583148558844,0.016831831774047203,0.249650106539517,0.00024707034472951095
181,1.2199999999999136,38.1,5.72999999999999,0.00176402544823585,0.00828513591671485,46.48199999999671,533.0020000000088,93.0195462478202,0.02385150919215802,0.27350161573167503,0.00048785693813802614
120,0.6599999999999966,34.6,6.389999999999986,0.0009543088490456864,0.009239444765760538,22.83599999999988,555.8380000000087,86.98560250391391,0.011717935198833017,0.28521955093050805,0.00011585565219783612
214,0.9800000000000182,26.4,7.3700000000000045,0.0014170040485830225,0.01065644881434356,25.87200000000048,581.7100000000092,78.92944369063892,0.013275810976712866,0.2984953619072209,0.00014063130175866035
267,1.089999999999975,25.5,8.45999999999998,0.0015760555234239084,0.012232504337767468,27.794999999999362,609.5050000000086,72.04550827423287,0.01426256826289884,0.31275793017011977,0.00016094760548885972
107,0.5200000000000102,21.9,8.97999999999999,0.0007518796992481352,0.012984384037015604,11.388000000000224,620.8930000000089,69.14175946547991,0.005843573569990966,0.31860150374011076,2.592534647336011e-05
274,1.9300000000000068,21.6,10.909999999999997,0.00279063042220938,0.015775014459224985,41.68800000000015,662.581000000009,60.73153070577536,0.021391543289934974,0.33999304703004574,0.00034599395951271966
85,0.5800000000000125,21.4,11.490000000000009,0.0008386350491613831,0.01661364950838637,12.412000000000267,674.9930000000093,58.74612706701556,0.00636902310772111,0.3463620701377668,3.0585192078260035e-05
279,1.0300000000000296,21.1,12.520000000000039,0.0014893001735107427,0.018102949681897112,21.733000000000626,696.7260000000099,55.64904153354694,0.0111519480502823,0.3575140181880491,9.336676399047787e-05
280,1.5299999999999727,21.0,14.050000000000011,0.0022122614227876995,0.020315211104684813,32.12999999999943,728.8560000000093,51.875871886121615,0.01648700551491067,0.3740010237029598,0.00020376831889559963
124,0.789999999999992,19.1,14.840000000000003,0.00114227877385771,0.021457489878542523,15.08899999999985,743.9450000000091,50.13106469002756,0.007742683666806382,0.38174370736976615,4.3565344750860774e-05
342,1.0199999999999818,17.7,15.859999999999985,0.001474840948525133,0.022932330827067655,18.05399999999968,761.9990000000088,48.045334174023296,0.009264126908378377,0.3910078342781445,6.067297576436687e-05
182,1.240000000000009,16.6,17.099999999999994,0.0017929438982070695,0.024725274725274724,20.584000000000152,782.583000000009,45.76508771929878,0.010562356723278238,0.40157019100142277,7.690260129652271e-05
198,0.6700000000000159,15.9,17.77000000000001,0.000968768074031255,0.02569404279930598,10.653000000000253,793.2360000000092,44.63905458638203,0.005466419849061645,0.4070366108504844,2.0228871489434027e-05
239,2.0500000000000114,14.5,19.82000000000002,0.0029641411220358758,0.028658183921341854,29.725000000000165,822.9610000000093,41.52174571140305,0.015252917489285126,0.42228952833976957,0.00015101402460426374
337,1.1499999999999773,14.5,20.97,0.0016628108733371565,0.03032099479467901,16.67499999999967,839.6360000000091,40.039866475918416,0.008556514689110952,0.4308460430288805,4.752315229961419e-05
197,1.009999999999991,14.5,21.97999999999999,0.0014603817235396054,0.031781376518218614,14.644999999999868,854.2810000000089,38.86628753412236,0.007514852031306221,0.4383608950601867,3.665661070762759e-05
270,1.759999999999991,13.2,23.73999999999998,0.0025448235974551638,0.03432620011567378,23.23199999999988,877.5130000000088,36.96347935973081,0.011921136387252085,0.4502820314474388,8.791524153210935e-05
138,1.960000000000008,12.7,25.69999999999999,0.002834008097166004,0.03716020821283978,24.8920000000001,902.4050000000088,35.113035019455616,0.012772939348806888,0.4630549707962457,9.878235442484387e-05
275,1.8599999999999568,12.6,27.559999999999945,0.002689415847310522,0.0398496240601503,23.435999999999456,925.8410000000083,33.59365021770719,0.01202581578734654,0.4750807865835922,8.71683638403046e-05
265,1.920000000000016,12.1,29.47999999999996,0.0027761711972238523,0.04262579525737415,23.23200000000019,949.0730000000085,32.193792401628556,0.011921136387252246,0.48700192297084444,8.363038832683108e-05
69,2.0,11.5,31.47999999999996,0.0028918449971081553,0.04551764025448231,23.0,972.0730000000085,30.879066073697892,0.011802089226360167,0.4988040121972046,7.93924522249188e-05
137,2.0100000000000193,10.5,33.48999999999998,0.0029063042220937242,0.04842394447657603,21.105000000000203,993.1780000000088,29.655957002090453,0.010829699700971031,0.5096337118981756,6.278019591469337e-05
19,1.3299999999999983,10.3,34.81999999999998,0.0019230769230769208,0.050347021399652955,13.698999999999984,1006.8770000000087,28.916628374497684,0.0070294269700829455,0.5166631388682585,2.6074810802558433e-05
199,1.0699999999999932,9.8,35.88999999999997,0.0015471370734528533,0.05189415847310581,10.485999999999933,1017.3630000000087,28.346698244636652,0.005380726418591822,0.5220438652868503,1.4696407267163038e-05
207,2.4399999999999977,9.6,38.32999999999997,0.003528050896471946,0.05542220936957775,23.423999999999978,1040.7870000000087,27.153326376206874,0.012019658175576535,0.5340635234624268,7.210739418254204e-05
291,1.8000000000000114,9.2,40.12999999999998,0.002602660497397356,0.05802486986697511,16.5600000000001,1057.3470000000088,26.348043857463477,0.008497504242979372,0.5425610277054062,3.474918278482744e-05
122,1.6899999999999977,8.9,41.81999999999998,0.002443609022556388,0.060468478889531496,15.04099999999998,1072.3880000000088,25.642945958871575,0.00771805321972535,0.5502790809251314,2.7819761589049342e-05
284,1.0399999999999636,8.5,42.85999999999994,0.0015037593984961882,0.061972238288027684,8.83999999999969,1081.2280000000085,25.226971535231215,0.004536107337435662,0.5548151882625671,9.195134022790478e-06
272,2.2299999999999613,7.9,45.089999999999904,0.0032244071717755373,0.06519664545980322,17.616999999999695,1098.8450000000082,24.370037702373267,0.009039887213077542,0.5638550754756447,3.381980811078198e-05
154,0.6000000000000227,7.8,45.68999999999993,0.0008675534991324795,0.0660641989589357,4.680000000000177,1103.5250000000083,24.152440358940908,0.0024014685904072903,0.566256544066052,2.3528955072406106e-06
268,2.0,7.6,47.68999999999993,0.0028918449971081553,0.06895604395604385,15.2,1118.7250000000083,23.458272174460266,0.007799641575681501,0.5740561856417334,2.408646725665625e-05
273,2.0300000000000296,7.5,49.719999999999956,0.0029352226720648204,0.07189126662810867,15.225000000000222,1133.9500000000085,22.806717618664713,0.007812469933536355,0.5818686555752698,2.3787540849531588e-05
282,1.4599999999999795,7.4,51.179999999999936,0.0021110468478889237,0.07400231347599759,10.80399999999985,1144.7540000000083,22.367213755373385,0.0055439031305040635,0.5874125587057738,1.178450225709024e-05
287,2.0500000000000114,7.3,53.22999999999995,0.0029641411220358758,0.07696645459803346,14.965000000000083,1159.7190000000085,21.786943452940253,0.007679055011846995,0.5950916137176208,2.2230412988333814e-05
206,2.019999999999982,7.1,55.24999999999993,0.0029207634470792107,0.07988721804511267,14.34199999999987,1174.0610000000083,21.249972850678912,0.0073593723341067825,0.6024509860517275,1.970124885200014e-05
196,1.509999999999991,7.0,56.75999999999992,0.002183342972816644,0.08207056101792931,10.569999999999936,1184.6310000000083,20.870877378435694,0.005423829700983748,0.6078748157527113,1.0500754235427146e-05
277,1.240000000000009,7.0,57.99999999999993,0.0017929438982070695,0.08386350491613638,8.680000000000064,1193.3110000000083,20.574327586207065,0.004454005847165522,0.6123288215998768,7.0812506961945585e-06
269,1.990000000000009,6.6,59.98999999999994,0.0028773857721226277,0.086740890688259,13.134000000000059,1206.4450000000083,20.110768461410395,0.006739506082565875,0.6190683276824427,1.4915973292338248e-05
286,1.9300000000000068,6.4,61.919999999999945,0.00279063042220938,0.08953152111046839,12.352000000000045,1218.7970000000084,19.68341408268749,0.006338235048869622,0.6254065627313123,1.258549858710116e-05
195,1.8900000000000432,6.4,63.80999999999999,0.002732793522267269,0.09226431463273566,12.096000000000277,1230.8930000000087,19.289970224102944,0.0062068726644372105,0.6316134353957495,1.2069225886060239e-05
46,2.3599999999999994,6.3,66.16999999999999,0.0034123770965876227,0.09567669172932328,14.867999999999997,1245.7610000000086,18.826673719208234,0.007629280983370562,0.6392427163791201,1.778227839036506e-05
156,1.9800000000000182,5.8,68.15,0.0028629265471371,0.09853961827646038,11.484000000000105,1257.2450000000088,18.448202494497558,0.005892834464153104,0.6451355508432732,9.180341985596261e-06
231,2.0500000000000114,5.4,70.20000000000002,0.0029641411220358758,0.10150375939849625,11.070000000000062,1268.315000000009,18.067165242165366,0.005680396858078599,0.6508159477013519,7.378045223584999e-06
157,1.7999999999999545,5.3,71.99999999999997,0.002602660497397274,0.10410641989589352,9.53999999999976,1277.8550000000087,17.74798611111124,0.004895301357368398,0.6557112490587202,5.256202112809135e-06
336,2.990000000000009,5.3,74.98999999999998,0.0043233082706767055,0.10842972816657022,15.847000000000047,1293.7020000000086,17.251660221362968,0.00813163947696218,0.6638428885356824,1.4503386576767777e-05
153,1.8600000000000136,5.2,76.85,0.002689415847310604,0.11111914401388082,9.672000000000072,1303.3740000000087,16.959973975276625,0.004963035086841582,0.668805923622524,5.169344446365421e-06
205,2.009999999999991,5.2,78.85999999999999,0.002906304222093683,0.1140254482359745,10.451999999999954,1313.8260000000087,16.660233324879645,0.005363279851909388,0.6741692034744334,6.036729245508279e-06
323,2.169999999999959,5.0,81.02999999999994,0.0031376518218622896,0.1171631000578368,10.849999999999795,1324.6760000000086,16.34796988769603,0.005567507308956756,0.6797367107833902,5.9041976881630905e-06
183,1.259999999999991,5.0,82.28999999999994,0.0018218623481781248,0.11898496240601492,6.2999999999999545,1330.9760000000085,16.174213148620847,0.003232746179394283,0.6829694569627844,1.990593185187186e-06
271,2.410000000000025,4.7,84.69999999999996,0.0034846732215153635,0.12246963562753028,11.327000000000117,1342.3030000000088,15.847733175915105,0.005812272376825347,0.6887817293396098,5.417717827799755e-06
213,0.9900000000000091,4.4,85.68999999999997,0.00143146327356855,0.12390109890109884,4.356000000000041,1346.6590000000087,15.715474384409024,0.0022352130726097986,0.6910169424122196,6.460137394588473e-07
94,0.6400000000000148,4.4,86.32999999999998,0.0009253903990746311,0.12482648930017347,2.816000000000065,1349.4750000000088,15.631588092204437,0.0014449862287578695,0.6924619286409774,2.6997982622421305e-07
25,1.5,4.4,87.82999999999998,0.0021688837478311164,0.1269953730480046,6.6000000000000005,1356.0750000000087,15.43977001024717,0.0033866864736511785,0.6958486151146286,1.4830434790147738e-06
360,2.3999999999999773,4.3,90.22999999999996,0.0034702139965297535,0.13046558704453434,10.319999999999903,1366.3950000000086,15.143466696220871,0.005295546122436338,0.7011441612370649,3.33183736986665e-06
281,1.6000000000000227,4.2,91.82999999999998,0.0023134759976865572,0.1327790630422209,6.720000000000096,1373.1150000000086,14.952793204835118,0.0034482625913539763,0.7045924238284189,1.2877406131673045e-06
38,0.9399999999999977,4.1,92.76999999999998,0.0013591671486408298,0.1341382301908617,3.8539999999999903,1376.9690000000087,14.842826344723607,0.0019776196468866076,0.7065700434753055,3.8248349258644367e-07
373,2.1000000000000227,4.0,94.87,0.003036437246963596,0.1371746674378253,8.400000000000091,1385.3690000000088,14.602814377569397,0.004310328239192455,0.7108803717144979,1.6227982600818285e-06
290,1.9699999999999704,4.0,96.83999999999997,0.0028484673221514903,0.1400231347599768,7.879999999999882,1393.2490000000087,14.387123089632476,0.00404349839581377,0.7149238701103117,1.4280992670184225e-06
359,2.1100000000000136,3.8,98.94999999999999,0.003050896471949124,0.1430740312319259,8.018000000000052,1401.2670000000087,14.161364325416967,0.004114310931172019,0.7190381810414836,1.1308503120843224e-06
149,2.0299999999999727,3.8,100.97999999999996,0.0029352226720647384,0.14600925390399067,7.713999999999896,1408.9810000000086,13.953069914834712,0.003958318099658308,0.722996499141142,1.0467242539628713e-06
92,1.009999999999991,3.7,101.98999999999995,0.0014603817235396054,0.14746963562753027,3.7369999999999663,1412.7180000000085,13.851534464163242,0.001917582932126415,0.7249140820732684,2.090329451332397e-07
203,1.9699999999999704,3.5,103.95999999999992,0.0028484673221514903,0.15031810294968176,6.8949999999998965,1419.6130000000085,13.655377068103208,0.0035380610963370493,0.7284521431696054,4.755395733954838e-07
204,1.2600000000000477,3.4,105.21999999999997,0.001821862348178207,0.15213996529785997,4.284000000000162,1423.8970000000086,13.532569853640078,0.0021982674019882117,0.7306504105715936,1.4168076453371268e-07
285,1.1999999999999886,3.4,106.41999999999996,0.0017351069982648767,0.15387507229612485,4.079999999999961,1427.9770000000085,13.418314226649212,0.002093588001893436,0.732743998573487,1.28508629962539e-07
202,0.7900000000000205,3.4,107.20999999999998,0.001142278773857751,0.1550173510699826,2.6860000000000697,1430.6630000000087,13.344492118272633,0.0013782787679132275,0.7341222773414002,5.569599719418491e-08
194,1.599999999999966,3.2,108.80999999999995,0.002313475997686475,0.15733082706766907,5.119999999999891,1435.7830000000085,13.195322121128658,0.002627247688650555,0.7367495250300508,9.845267405045836e-08
338,1.8500000000000227,3.2,110.65999999999997,0.0026749566223250765,0.16000578368999416,5.920000000000073,1441.7030000000086,13.02822157961331,0.0030377551400023062,0.739787280170053,1.3162276442879545e-07
135,1.8500000000000227,3.2,112.50999999999999,0.0026749566223250765,0.16268074031231924,5.920000000000073,1447.6230000000087,12.866616300773343,0.0030377551400023062,0.7428250353100553,1.3162276442879545e-07
229,2.0,3.1,114.50999999999999,0.0028918449971081553,0.1655725853094274,6.2,1453.8230000000087,12.696035280761583,0.0031814327479753493,0.7460064680580306,8.386106545232016e-08
200,1.5600000000000023,3.1,116.07,0.0022556390977443645,0.16782822440717177,4.836000000000007,1458.6590000000087,12.567062979236743,0.002481517543420776,0.7484879856014514,5.1021072221191736e-08
24,1.240000000000002,3.1,117.31,0.0017929438982070593,0.16962116830537882,3.844000000000006,1462.5030000000088,12.466993436194773,0.0019724883037447196,0.7504604739051961,3.2236193559871973e-08
266,1.9800000000000182,3.1,119.29000000000002,0.0028629265471371,0.17248409485251592,6.138000000000057,1468.641000000009,12.31151814904861,0.003149618420495625,0.7536100923256918,8.219223024982051e-08
263,1.9799999999999613,3.0,121.26999999999998,0.002862926547137018,0.17534702139965294,5.939999999999884,1474.5810000000088,12.159487094912254,0.003048017826286001,0.7566581101519778,3.425878161700683e-08
201,2.089999999999975,3.0,123.35999999999996,0.003021978021977986,0.17836899942163092,6.269999999999925,1480.8510000000088,12.004304474708247,0.003217352149968581,0.7598754623019464,3.8171049888085356e-08
331,1.6599999999999682,3.0,125.01999999999992,0.002400231347599723,0.18076923076923065,4.9799999999999045,1485.8310000000088,11.884746440569586,0.002555408884664022,0.7624308711866103,2.408006800934193e-08
17,1.0600000000000023,2.9,126.07999999999993,0.0015326778484673256,0.182301908617698,3.0740000000000065,1488.9050000000088,11.80920843908637,0.0015773748818187492,0.7640082460684291,1.9978247904182714e-09
174,2.009999999999991,2.9,128.08999999999992,0.002906304222093683,0.18520821283979166,5.828999999999973,1494.7340000000088,11.669404325084,0.0029910599174110043,0.7669993059858401,7.183527888722634e-09
264,1.9300000000000068,2.8,130.01999999999992,0.00279063042220938,0.18799884326200103,5.404000000000019,1500.1380000000088,11.537748038763342,0.0027729778338804593,0.7697722838197205,3.116138747103354e-10
361,2.009999999999991,2.8,132.02999999999992,0.002906304222093683,0.1909051474840947,5.627999999999974,1505.7660000000087,11.404726198591302,0.002887919920258901,0.7726602037399795,3.379825539523761e-10
140,1.9799999999999898,2.8,134.0099999999999,0.002862926547137059,0.19376807403123175,5.543999999999971,1511.3100000000086,11.277591224535554,0.002844816637866975,0.7755050203778464,3.2796881377067235e-10
257,2.0,2.8,136.0099999999999,0.0028918449971081553,0.1966599190283399,5.6,1516.9100000000085,11.152929931622745,0.0028735521594616055,0.778378572537308,3.3462790916301984e-10
27,1.8999999999999986,2.8,137.9099999999999,0.0027472527472527457,0.19940717177559264,5.319999999999996,1522.2300000000084,11.037850772242836,0.0027298745514885234,0.7811084470887966,3.0200168801962495e-10
30,3.0900000000000034,2.7,140.99999999999991,0.004467900520532105,0.20387507229612475,8.34300000000001,1530.5730000000085,10.855127659574535,0.004281079583283609,0.7853895266720802,3.49020625944067e-08
134,1.7399999999999807,2.7,142.7399999999999,0.002515905147484067,0.20639097744360882,4.697999999999948,1535.2710000000084,10.755716687683968,0.002410705008062585,0.7878002316801428,1.1067069334299297e-08
228,1.9499999999999886,2.7,144.68999999999988,0.002819548872180435,0.20921052631578926,5.2649999999999695,1540.5360000000082,10.647149077337822,0.0027016521642080835,0.7905018838443508,1.3899633750717905e-08
209,2.069999999999993,2.6,146.75999999999988,0.002993059572006931,0.2122035858877962,5.381999999999983,1545.9180000000083,10.533646770237187,0.00276168887896827,0.793263572723319,5.3532397597190174e-08
102,0.8100000000000023,2.6,147.56999999999988,0.0011711972238288063,0.213374783111625,2.106000000000006,1548.0240000000083,10.490099613742695,0.0010806608656832428,0.7943442335890023,8.196832146261733e-09
230,1.6899999999999977,2.5,149.25999999999988,0.002443609022556388,0.21581839213418139,4.224999999999994,1552.2490000000082,10.399631515476413,0.002167992477450941,0.7965122260664532,7.596447993586294e-08
100,2.0,2.5,151.25999999999988,0.0028918449971081553,0.21871023713128954,5.0,1557.2490000000082,10.29518048393501,0.0025656715709478626,0.7990778976374011,1.06389103933144e-07
211,3.6499999999999773,2.4,154.90999999999985,0.005277617119722351,0.2239878542510119,8.759999999999945,1566.0090000000082,10.109153702149698,0.004495056592300627,0.8035729542297018,6.124009790785663e-07
93,0.9399999999999977,2.3,155.84999999999985,0.0013591671486408298,0.2253470213996527,2.1619999999999946,1568.1710000000082,10.062053256336283,0.001109396387277853,0.8046823506169796,6.238543323184107e-08
358,2.0,2.3,157.84999999999985,0.0028918449971081553,0.22823886639676086,4.6,1572.7710000000081,9.963706050047575,0.0023604178452720334,0.8070427684622516,2.8241481770865265e-07
329,1.92999999999995,2.3,159.7799999999998,0.0027906304222092976,0.23102949681897017,4.438999999999885,1577.210000000008,9.87113531105276,0.0022778032206874532,0.8093205716829391,2.629917386207264e-07
369,2.009999999999991,2.3,161.7899999999998,0.002906304222093683,0.23393580104106385,4.622999999999979,1581.833000000008,9.77707522096551,0.002372219934498383,0.8116927916174376,2.8524602625617937e-07
347,2.1200000000000045,2.3,163.9099999999998,0.003065355696934651,0.2370011567379985,4.87600000000001,1586.709000000008,9.680367274723995,0.0025020429159883606,0.8141948345334259,3.173212891774435e-07
355,2.009999999999991,2.2,165.9199999999998,0.002906304222093683,0.23990746096009216,4.42199999999998,1591.131000000008,9.589748071359752,0.0022690799373462794,0.8164639144707722,4.0605478907183996e-07
139,2.3799999999999955,2.2,168.29999999999978,0.0034412955465586985,0.24334875650665086,5.23599999999999,1596.367000000008,9.485246583481937,0.0026867712690965963,0.8191506857398687,5.693068852797065e-07
244,1.8700000000000045,2.2,170.1699999999998,0.002703875072296132,0.246052631578947,4.1140000000000105,1600.481000000008,9.405188928718399,0.0021110345685759068,0.8212617203084446,3.514598628512504e-07
123,1.0600000000000023,2.2,171.2299999999998,0.0015326778484673256,0.24758530942741433,2.332000000000005,1602.813000000008,9.360585177831046,0.0011966292206900856,0.8224583495291347,1.1292868023096592e-07
155,1.4600000000000364,2.1,172.68999999999983,0.002111046847889006,0.24969635627530334,3.0660000000000767,1605.879000000008,9.299200880189991,0.0015732698073052686,0.82403161933644,2.892041453790028e-07
219,2.009999999999991,2.1,174.69999999999982,0.002906304222093683,0.25260266049739705,4.220999999999981,1610.100000000008,9.216370921579907,0.002165939940194176,0.8261975592766342,5.481392699125728e-07
111,2.079999999999984,2.0,176.7799999999998,0.0030075187969924584,0.2556101792943895,4.159999999999968,1614.260000000008,9.131462835162404,0.002134638747028605,0.8283321980236628,7.619195816248989e-07
180,1.2300000000000182,2.0,178.00999999999982,0.0017784846732215418,0.25738866396761106,2.4600000000000364,1616.720000000008,9.082186394022862,0.001262310412906367,0.8295945084365691,2.664358670119179e-07
248,1.9699999999999704,2.0,179.9799999999998,0.0028484673221514903,0.26023713128976256,3.939999999999941,1620.660000000008,9.00466718524286,0.002021749197906885,0.831616257634476,6.834628569545181e-07
129,1.4499999999999886,1.9,181.42999999999978,0.0020965876229033964,0.26233371891266594,2.754999999999978,1623.415000000008,8.947886237116299,0.001413685035592261,0.8330299426700682,4.6635594375624256e-07
289,2.0300000000000296,1.9,183.4599999999998,0.0029352226720648204,0.26526894158473074,3.857000000000056,1627.272000000008,8.869900795813853,0.00197915904982921,0.8350091017198975,9.140576497622761e-07
208,1.8000000000000114,1.9,185.25999999999982,0.002602660497397356,0.2678716020821281,3.4200000000000212,1630.692000000008,8.802180718989579,0.0017549193545283487,0.8367640210744258,7.186650453128507e-07
352,2.0,1.9,187.25999999999982,0.0028918449971081553,0.2707634470792363,3.8,1634.492000000008,8.728463099433993,0.0019499103939203753,0.8387139314683462,8.872407966825204e-07
18,0.9399999999999977,1.8,188.19999999999982,0.0013591671486408298,0.2721226142278771,1.691999999999996,1636.184000000008,8.693857598299731,0.0008682232596087545,0.8395821547279549,2.4102590217793853e-07
36,0.9900000000000091,1.8,189.18999999999983,0.00143146327356855,0.2735540775014456,1.7820000000000165,1637.9660000000079,8.657783180929274,0.0009144053478858266,0.8404965600758407,2.6734889851132075e-07
212,1.009999999999991,1.8,190.19999999999982,0.0014603817235396054,0.27501445922498524,1.8179999999999836,1639.7840000000078,8.62136698212413,0.0009328781831966343,0.8414294382590374,2.7825998507436833e-07
132,1.990000000000009,1.8,192.18999999999983,0.0028773857721226277,0.2778918449971079,3.5820000000000163,1643.366000000008,8.550736250585407,0.001838047113427057,0.8432674853724644,1.0802248474591078e-06
148,2.0200000000000387,1.8,194.20999999999987,0.0029207634470792927,0.2808126084441872,3.63600000000007,1647.002000000008,8.480521085423042,0.0018657563663933214,0.8451332417388577,1.113039940297536e-06
288,2.019999999999982,1.8,196.22999999999985,0.0029207634470792107,0.2837333718912664,3.6359999999999673,1650.6380000000079,8.411751516078118,0.0018657563663932687,0.846998998105251,1.1130399402974733e-06
106,0.9399999999999977,1.7,197.16999999999985,0.0013591671486408298,0.2850925390399072,1.597999999999996,1652.2360000000078,8.379753512197642,0.0008199886340749348,0.847818986739326,2.907134705694849e-07
173,2.050000000000068,1.7,199.2199999999999,0.0029641411220359577,0.2880566801619432,3.485000000000116,1655.721000000008,8.311017970083368,0.0017882730849507196,0.8496072598242767,1.382665640638691e-06
330,2.240000000000009,1.7,201.45999999999992,0.0032388663967611473,0.2912955465587043,3.8080000000000154,1659.529000000008,8.23751116847021,0.0019540154684339,0.8515612752927105,1.6508419080233888e-06
319,2.4599999999999795,1.6,203.9199999999999,0.0035569693464430016,0.2948525159051473,3.9359999999999675,1663.4650000000079,8.15743919183998,0.0020196966606501406,0.8535809719533607,2.3632073104847956e-06
299,1.5,1.6,205.4199999999999,0.0021688837478311164,0.29702139965297847,2.4000000000000004,1665.865000000008,8.10955603154517,0.0012315223540549742,0.8548124943074157,8.786463825419525e-07
283,1.4800000000000182,1.6,206.89999999999992,0.0021399652978600615,0.2991613649508385,2.368000000000029,1668.233000000008,8.062991783470316,0.0012151020560009227,0.8560275963634166,8.553720161421955e-07
97,1.920000000000016,1.6,208.81999999999994,0.0027761711972238523,0.30193753614806235,3.072000000000026,1671.305000000008,8.003567665932422,0.00157634861319038,0.857603944976607,1.4395742331567587e-06
210,1.2300000000000182,1.6,210.04999999999995,0.0017784846732215418,0.3037160208212839,1.9680000000000293,1673.273000000008,7.9660699833373405,0.0010098483303250937,0.8586137933069321,5.908018276212263e-07
133,1.1899999999999977,1.6,211.23999999999995,0.0017206477732793493,0.30543666859456325,1.9039999999999964,1675.177000000008,7.930207347093393,0.0009770077342169442,0.859590801041149,5.530005076967352e-07
192,1.9600000000000364,1.6,213.2,0.002834008097166045,0.3082706766917293,3.1360000000000583,1678.313000000008,7.8720121951219895,0.0016091892092985293,0.8611999902504476,1.5001813080770178e-06
238,1.4699999999999704,1.5,214.66999999999996,0.0021255060728744514,0.31039618276460373,2.2049999999999557,1680.518000000008,7.8283784413285895,0.0011314611627879845,0.8623314514132355,9.88125283268812e-07
136,1.8999999999999773,1.5,216.56999999999994,0.002747252747252715,0.31314343551185647,2.849999999999966,1683.368000000008,7.772858660017585,0.001462432795440264,0.8637938842086758,1.6507623085753478e-06
146,1.9499999999999886,1.5,218.51999999999992,0.002819548872180435,0.3159629843840369,2.924999999999983,1686.2930000000079,7.716881749954276,0.0015009178690044908,0.8652948020776803,1.7387877225367969e-06
325,2.089999999999975,1.5,220.6099999999999,0.003021978021977986,0.3189849624060149,3.1349999999999625,1689.4280000000078,7.65798467884506,0.0016086760749842906,0.8669034781526646,1.9974223933761707e-06
320,2.569999999999993,1.5,223.1799999999999,0.0037160208212839697,0.3227009832272989,3.8549999999999898,1693.2830000000079,7.587073214445778,0.001978132781200797,0.8688816109338654,3.0202548398641323e-06
185,2.0499999999999545,1.5,225.22999999999985,0.0029641411220357934,0.3256651243493347,3.074999999999932,1696.358000000008,7.5316698485992495,0.0015778880161329003,0.8704594989499983,1.9216976736254175e-06
131,1.460000000000008,1.5,226.68999999999986,0.002111046847888965,0.3277761711972237,2.190000000000012,1698.548000000008,7.492822797653223,0.00112376414807517,0.8715832630980734,9.74727129351616e-07
262,1.9499999999999886,1.4,228.63999999999984,0.002819548872180435,0.33059572006940413,2.729999999999984,1701.278000000008,7.440858992302349,0.0014008566777375248,0.8729841197758109,2.0126875425732403e-06
346,1.9799999999999045,1.4,230.61999999999975,0.0028629265471369356,0.33345864661654107,2.771999999999866,1704.050000000008,7.388994883357947,0.0014224083189334261,0.8744065280947444,2.075092765786578e-06
356,1.990000000000009,1.4,232.60999999999976,0.0028773857721226277,0.3363360323886637,2.7860000000000125,1706.836000000008,7.337758479859033,0.0014295921993321553,0.8758361202940765,2.0961062294134005e-06
225,1.9800000000000182,1.4,234.58999999999978,0.0028629265471371,0.3391989589358008,2.772000000000025,1709.608000000008,7.287642269491494,0.0014224083189335079,0.87725852861301,2.075092765786816e-06
375,3.0,1.4,237.58999999999978,0.004337767495662233,0.34353672643146305,4.199999999999999,1713.808000000008,7.213300223073402,0.0021551641195962042,0.8794136927326062,4.763757497214826e-06
130,2.6000000000000227,1.4,240.1899999999998,0.0037593984962406347,0.3472961249277037,3.6400000000000317,1717.448000000008,7.150372621674547,0.00186780890365006,0.8812815016362562,3.578111186796976e-06
343,1.3899999999999864,1.4,241.57999999999979,0.0020098322729901483,0.34930595720069385,1.9459999999999809,1719.394000000008,7.1172861991887135,0.0009985593754128982,0.8822800610116691,1.0226728733742873e-06
95,0.8899999999999864,1.4,242.46999999999977,0.0012868710237131094,0.35059282822440696,1.245999999999981,1720.640000000008,7.096300573266836,0.0006393653554801975,0.8829194263671493,4.1926359039374973e-07
119,1.0500000000000114,1.3,243.51999999999978,0.001518218623481798,0.35211104684788874,1.3650000000000149,1722.005000000008,7.071308311432365,0.0007004283388687741,0.883619854706018,6.687809496074506e-07
254,2.4599999999999795,1.3,245.97999999999976,0.0035569693464430016,0.35566801619433175,3.1979999999999733,1725.203000000008,7.013590535815959,0.001641003536778239,0.8852608582427962,3.670924983804348e-06
296,1.75,1.3,247.72999999999976,0.002530364372469636,0.35819838056680137,2.275,1727.478000000008,6.973228918580752,0.0011673805647812773,0.8864282388075775,1.8577248600206562e-06
217,1.5699999999999932,1.3,249.29999999999976,0.002270098322729892,0.36046847888953126,2.040999999999991,1729.519000000008,6.937501002807901,0.0010473071352609129,0.8874755459428384,1.4952182881517963e-06
158,2.3600000000000136,1.2,251.65999999999977,0.003412377096587643,0.3638808559861189,2.8320000000000163,1732.351000000008,6.883696256854525,0.0014531963777848775,0.8889287423206232,3.838389088928521e-06
345,1.4700000000000273,1.2,253.1299999999998,0.0021255060728745338,0.36600636205899345,1.7640000000000327,1734.1150000000082,6.8506893690989195,0.0009051689302304226,0.8898339112508536,1.4892227417167935e-06
298,2.0,1.2,255.1299999999998,0.0028918449971081553,0.3688982070561016,2.4,1736.5150000000083,6.806392819347037,0.001231522354054974,0.8910654336049086,2.7566712790351022e-06
260,2.0600000000000023,1.2,257.1899999999998,0.0029786003470214035,0.371876807403123,2.4720000000000026,1738.9870000000083,6.761487616159297,0.0012684680246766245,0.8923339016295853,2.9245525599283463e-06
128,1.920000000000016,1.2,259.10999999999984,0.0027761711972238523,0.37465297860034685,2.304000000000019,1741.2910000000084,6.720277102388983,0.0011822614598927847,0.893516163089478,2.5405482507587924e-06
247,2.0,1.2,261.10999999999984,0.0028918449971081553,0.377544823597455,2.4,1743.6910000000084,6.677993948910458,0.001231522354054974,0.894747685443533,2.7566712790351022e-06
292,1.9600000000000364,1.2,263.0699999999999,0.002834008097166045,0.38037883169462106,2.3520000000000434,1746.0430000000085,6.637180218192912,0.0012068919069738967,0.8959545773505069,2.64750709638541e-06
4,2.210000000000001,1.2,265.27999999999986,0.003195488721804513,0.3835743204164256,2.652000000000001,1748.6950000000086,6.591884047044668,0.0013608322012307467,0.8973154095517376,3.365964548483838e-06
246,3.160000000000025,1.1,268.4399999999999,0.004569115095430921,0.3881434355118565,3.476000000000028,1752.1710000000087,6.527235136343352,0.0017836548761229682,0.8990990644278606,7.758788633347112e-06
26,1.9500000000000028,1.1,270.3899999999999,0.0028195488721804557,0.3909629843840369,2.145000000000003,1754.3160000000087,6.488094973926586,0.0011006731039366346,0.9001997375317973,2.9545339066557854e-06
184,2.0300000000000864,1.1,272.41999999999996,0.0029352226720649028,0.39389820705610185,2.233000000000095,1756.5490000000088,6.447944350635082,0.0011458289235853642,0.9013455664553827,3.2019299870976534e-06
187,2.019999999999982,1.1,274.43999999999994,0.0029207634470792107,0.39681897050318105,2.22199999999998,1758.7710000000088,6.408581110625307,0.0011401844461292198,0.9024857509015118,3.170461578624067e-06
193,1.25,1.1,275.68999999999994,0.0018074031231925971,0.39862637362637365,1.375,1760.1460000000088,6.384511589103737,0.0007055596820106622,0.9031913105835225,1.214058968875648e-06
334,1.9600000000000364,1.1,277.65,0.002834008097166045,0.4014603817235397,2.15600000000004,1762.3020000000088,6.347206915181015,0.0011063175813927387,0.9042976281649153,2.984914518293032e-06
64,2.1899999999999977,1.1,279.84,0.003166570271833427,0.40462695199537313,2.4089999999999976,1764.7110000000089,6.306142795883394,0.0012361405628826788,0.905533768727798,3.7265588611996696e-06
307,1.990000000000009,1.1,281.83,0.0028773857721226277,0.4075043377674958,2.1890000000000103,1766.900000000009,6.269382251712057,0.0011232510137609794,0.906657019741559,3.076988750492478e-06
105,1.460000000000008,1.1,283.28999999999996,0.002111046847888965,0.40961538461538477,1.606000000000009,1768.506000000009,6.242740654453066,0.000824093708588458,0.9074811134501475,1.65624838275543e-06
317,1.2300000000000182,1.1,284.52,0.0017784846732215418,0.41139386928860633,1.3530000000000202,1769.859000000009,6.220508224377932,0.0006942707270985019,0.908175384177246,1.1755198809676942e-06
224,1.8599999999999568,1.1,286.37999999999994,0.002689415847310522,0.41408328513591686,2.0459999999999527,1771.905000000009,6.187251204693098,0.001049872806831841,0.9092252569840779,2.688101381582078e-06
348,1.2700000000000955,1.1,287.65000000000003,0.0018363215731638167,0.4159196067090807,1.3970000000001053,1773.3020000000092,6.164790544063998,0.0007168486369228868,0.9099421056210008,1.2532196549758894e-06
63,2.3499999999999943,1.0,290.0,0.0033979178716020742,0.4193175245806828,2.3499999999999943,1775.6520000000091,6.122937931034515,0.0012058656383454923,0.9111479712593462,4.805092993325169e-06
365,2.1399999999999864,1.0,292.14,0.0030942741469057065,0.4224117987275885,2.1399999999999864,1777.792000000009,6.085411104265109,0.001098107432365678,0.9122460786917119,3.984681552237531e-06
364,2.009999999999991,1.0,294.15,0.002906304222093683,0.4253181029496822,2.009999999999991,1779.802000000009,6.0506612272650315,0.001031399971521036,0.9132774786632329,3.515265948815379e-06
326,2.1399999999999864,1.0,296.28999999999996,0.0030942741469057065,0.4284123770965879,2.1399999999999864,1781.942000000009,6.014182051368623,0.001098107432365678,0.9143755860955987,3.984681552237531e-06
259,2.0399999999999636,1.0,298.3299999999999,0.002949681897050266,0.43136205899363816,2.0399999999999636,1783.982000000009,5.979894747427378,0.0010467940009467093,0.9154223800965454,3.6209823451374205e-06
13,1.9999999999999964,1.0,300.3299999999999,0.00289184499710815,0.4342539039907463,1.9999999999999964,1785.982000000009,5.946731928212332,0.001026268628379143,0.9164486487249246,3.480375187560108e-06
220,2.1899999999999977,1.0,302.5199999999999,0.003166570271833427,0.43742047426257974,2.1899999999999977,1788.1720000000091,5.910921591960894,0.0011237641480751626,0.9175724128729997,4.173056859264265e-06
218,1.8700000000000045,1.0,304.38999999999993,0.002703875072296132,0.4401243493348759,1.8700000000000045,1790.042000000009,5.880751667268995,0.0009595611675345029,0.9185319740405342,3.0426309983447614e-06
65,1.6200000000000045,1.0,306.00999999999993,0.0023423944476576126,0.4424667437825335,1.6200000000000045,1791.662000000009,5.8549132381295035,0.0008312775889871098,0.9193632516295214,2.283474160558208e-06
232,1.0299999999999727,1.0,307.0399999999999,0.0014893001735106605,0.44395604395604416,1.0299999999999727,1792.6920000000089,5.838626889004721,0.0005285283436152456,0.9198917799731366,9.23082509120584e-07
372,3.2799999999999727,0.9,310.3199999999999,0.004742625795257335,0.4486986697513015,2.9519999999999755,1795.6440000000089,5.7864269141531635,0.0015147724954876053,0.9214065524686242,1.0419036924834334e-05
256,2.0,0.9,312.3199999999999,0.0028918449971081553,0.45159051474840967,1.8,1797.4440000000088,5.755135758196752,0.0009236417655412305,0.9223301942341655,3.873823960750486e-06
321,1.990000000000009,0.9,314.3099999999999,0.0028773857721226277,0.4544679005205323,1.7910000000000081,1799.2350000000088,5.724396296649834,0.0009190235567135285,0.9232492177908791,3.835182566742035e-06
237,2.4700000000000273,0.9,316.7799999999999,0.003571428571428611,0.45803932909196093,2.2230000000000247,1801.4580000000087,5.686779468400812,0.0011406975804434322,0.9243899153713225,5.9084531505357915e-06
116,1.6699999999999875,0.9,318.44999999999993,0.002414690572585292,0.46045401966454624,1.5029999999999888,1802.9610000000087,5.661676872350476,0.0007712408742269217,0.9251611562455495,2.7009269110342173e-06
261,1.9500000000000455,0.9,320.4,0.0028195488721805173,0.46327356853672674,1.755000000000041,1804.7160000000088,5.632696629213511,0.0009005507214027207,0.9260617069669522,3.682553902688603e-06
302,2.0,0.9,322.4,0.0028918449971081553,0.4661654135338349,1.8,1806.5160000000087,5.603337468982658,0.0009236417655412305,0.9269853487324935,3.873823960750486e-06
221,1.920000000000016,0.9,324.32,0.0027761711972238523,0.46894158473105874,1.7280000000000144,1808.2440000000088,5.575493339911226,0.0008866960949195887,0.927872044827413,3.570116162227707e-06
127,1.4599999999999795,0.8,325.78,0.0021110468478889237,0.47105263157894767,1.1679999999999837,1809.4120000000087,5.554091718337555,0.0005993408789734124,0.9284713857063864,2.2852549364547847e-06
226,2.079999999999984,0.8,327.85999999999996,0.0030075187969924584,0.4740601503759401,1.6639999999999873,1811.0760000000087,5.523930946135573,0.0008538554988114421,0.9293252412051979,4.638265601931932e-06
243,1.990000000000009,0.8,329.84999999999997,0.0028773857721226277,0.4769375361480628,1.5920000000000074,1812.6680000000088,5.4954312566318295,0.0008169098281898032,0.9301421510333877,4.245561115525864e-06
378,3.0,0.8,332.84999999999997,0.004337767495662233,0.481275303643725,2.4000000000000004,1815.0680000000089,5.4531110109659275,0.0012315223540549742,0.9313736733874427,9.648758879758697e-06
216,0.4900000000000091,0.8,333.34,0.0007085020242915113,0.4819838056680165,0.3920000000000073,1815.460000000009,5.446271074578536,0.00020114865116231616,0.931574822038605,2.5740744522557215e-07
47,1.9299999999999926,0.8,335.27,0.002790630422209359,0.48477443609022586,1.5439999999999943,1817.004000000009,5.4195245622931045,0.000792279381108697,0.9323671014197137,3.9934068834680995e-06
83,1.9499999999999886,0.8,337.21999999999997,0.002819548872180435,0.4875939849624063,1.559999999999991,1818.564000000009,5.39281181424592,0.0008004895301357284,0.9331675909498494,4.076600626698002e-06
58,2.0700000000000074,0.8,339.28999999999996,0.0029930595720069515,0.49058704453441326,1.656000000000006,1820.220000000009,5.364791181585102,0.000849750424297935,0.9340173413741473,4.593774102653149e-06
179,1.990000000000009,0.8,341.28,0.0028773857721226277,0.4934644303065359,1.5920000000000074,1821.812000000009,5.338173933427124,0.0008169098281898032,0.9348342512023371,4.245561115525864e-06
324,1.9700000000000273,0.8,343.25,0.0028484673221515727,0.49631289762868747,1.5760000000000218,1823.388000000009,5.312128186453049,0.0008086996791627774,0.9356429508814998,4.160652037384063e-06
328,1.4400000000000546,0.8,344.69000000000005,0.0020821283979179507,0.4983950260266054,1.1520000000000437,1824.540000000009,5.293278017929179,0.0005911307299464099,0.9362340816114463,2.2230740458965726e-06
222,2.319999999999993,0.7,347.01000000000005,0.0033545401966454504,0.5017495662232508,1.6239999999999952,1826.164000000009,5.262568802051839,0.0008333301262438633,0.9370674117376901,6.356500219094377e-06
245,2.0600000000000023,0.7,349.07000000000005,0.0029786003470214035,0.5047281665702722,1.4420000000000015,1827.606000000009,5.23564328071736,0.0007399396810613643,0.9378073514187515,5.011601577316646e-06
253,1.0600000000000023,0.7,350.13000000000005,0.0015326778484673256,0.5062608444187395,0.7420000000000015,1828.348000000009,5.221911861308682,0.0003807456611286636,0.9381880970798802,1.3269477642268348e-06
249,2.0,0.7,352.13000000000005,0.0028918449971081553,0.5091526894158477,1.4,1829.7480000000091,5.19622866554968,0.0007183880398654014,0.9389064851197455,4.723915144986931e-06
0,2.0,0.7,354.13000000000005,0.0028918449971081553,0.5120445344129558,1.4,1831.1480000000092,5.170835568858919,0.0007183880398654014,0.9396248731596109,4.723915144986931e-06
113,2.329999999999984,0.7,356.46000000000004,0.003368999421630978,0.5154135338345868,1.6309999999999887,1832.7790000000093,5.141611962071506,0.0008369220664431869,0.940461795226054,6.4114157326548e-06
309,1.9399999999999977,0.7,358.40000000000003,0.0028050896471949072,0.5182186234817817,1.3579999999999983,1834.1370000000093,5.117569754464311,0.0006968363986694385,0.9411586316247235,4.4447317599181936e-06
126,2.480000000000018,0.7,360.88000000000005,0.003585887796414139,0.5218045112781958,1.7360000000000126,1835.8730000000094,5.087211815561985,0.0008908011694331044,0.9420494327941565,7.263491926932011e-06
16,1.0,0.7,361.88000000000005,0.0014459224985540777,0.52325043377675,0.7,1836.5730000000094,5.075088427102933,0.0003591940199327007,0.9424086268140892,1.1809787862467328e-06
322,1.910000000000025,0.7,363.7900000000001,0.0027617119722383246,0.5260121457489882,1.3370000000000175,1837.9100000000094,5.05211798015341,0.0006860605780714674,0.9430946873921606,4.308328710106818e-06
147,2.0600000000000023,0.7,365.8500000000001,0.0029786003470214035,0.5289907460960096,1.4420000000000015,1839.3520000000094,5.027612409457452,0.0007399396810613643,0.943834627073222,5.011601577316646e-06
327,1.490000000000009,0.7,367.3400000000001,0.0021544245228455887,0.5311451706188552,1.0430000000000064,1840.3950000000095,5.010058801110713,0.0005351990896997273,0.9443698261629216,2.6218910033464034e-06
152,2.2399999999999523,0.7,369.58000000000004,0.003238866396761065,0.5343840370156163,1.5679999999999665,1841.9630000000095,4.9839358190378515,0.0008045946046492324,0.9451744207675709,5.925679157871353e-06
159,1.9700000000000273,0.7,371.55000000000007,0.0028484673221515727,0.5372325043377679,1.379000000000019,1843.3420000000096,4.9612219082223366,0.0007076122192674302,0.9458820329868383,4.5832605715450725e-06
117,1.5999999999999943,0.7,373.1500000000001,0.002313475997686516,0.5395459803354544,1.1199999999999959,1844.4620000000095,4.942950556076669,0.0005747104318923191,0.9464567434187305,3.0233056927916144e-06
350,1.6999999999999318,0.7,374.85,0.0024580682475418333,0.5420040485829962,1.1899999999999522,1845.6520000000096,4.923708149926663,0.0006106298338855667,0.9470673732526161,3.4130286922527835e-06
297,2.1100000000000136,0.7,376.96000000000004,0.003050896471949124,0.5450549450549453,1.4770000000000094,1847.1290000000097,4.900066320033981,0.0007578993820580034,0.9478252726346742,5.257835654249147e-06
72,1.789999999999992,0.7,378.75,0.0025882012724117876,0.5476431463273571,1.2529999999999943,1848.3820000000096,4.880216501650191,0.0006429572956795314,0.9484682299303537,3.783974129013123e-06
68,2.259999999999991,0.7,381.01,0.0032677848467322023,0.5509109311740893,1.5819999999999936,1849.9640000000095,4.855421117555995,0.0008117784850479004,0.9492800084154016,6.031967248633764e-06
43,1.9099999999999966,0.7,382.91999999999996,0.0027617119722382834,0.5536726431463276,1.3369999999999975,1851.3010000000095,4.8346939308472,0.0006860605780714572,0.949966068993473,4.308328710106691e-06
44,1.940000000000012,0.6,384.85999999999996,0.002805089647194928,0.5564777327935225,1.164000000000007,1852.4650000000095,4.813347710855921,0.000597288341716666,0.9505633573351897,4.8743866044715165e-06
357,2.0799999999999272,0.6,386.9399999999999,0.0030075187969923764,0.5594852515905149,1.2479999999999563,1853.7130000000095,4.7906988163539825,0.000640391624108564,0.9512037489592983,5.60329105260491e-06
234,1.009999999999991,0.6,387.9499999999999,0.0014603817235396054,0.5609456333140544,0.6059999999999945,1854.3190000000095,4.779788632555768,0.0003109593943988781,0.9515147083536971,1.3211716907272938e-06
318,1.0600000000000023,0.6,389.0099999999999,0.0015326778484673256,0.5624783111625218,0.6360000000000013,1854.9550000000095,4.768399269941672,0.0003263534238245688,0.9518410617775217,1.4552186174896782e-06
29,1.8299999999999983,0.6,390.83999999999986,0.0026460381723539595,0.5651243493348758,1.097999999999999,1856.0530000000094,4.748881895404795,0.0005634214769801501,0.9524044832545019,4.337292299849727e-06
258,1.9800000000000182,0.6,392.8199999999999,0.0028629265471371,0.5679872758820128,1.1880000000000108,1857.2410000000095,4.7279695534850825,0.0006096035652572177,0.9530140868197591,5.077464460668043e-06
242,1.9899999999999523,0.6,394.80999999999983,0.0028773857721225457,0.5708646616541354,1.1939999999999713,1858.4350000000095,4.707162939135307,0.0006126823711423348,0.9536267691909014,5.128881494411332e-06
91,1.9099999999999966,0.6,396.7199999999998,0.0027617119722382834,0.5736263736263737,1.145999999999998,1859.5810000000095,4.687389090542474,0.000588051924061249,0.9542148211149626,4.7247980050409866e-06
251,1.9399999999999977,0.6,398.6599999999998,0.0028050896471949072,0.5764314632735686,1.1639999999999986,1860.7450000000094,4.667498620378293,0.0005972883417166617,0.9548121094566793,4.874386604471445e-06
121,1.0300000000000011,0.6,399.6899999999998,0.0014893001735107017,0.5779207634470793,0.6180000000000007,1861.3630000000094,4.657016687933174,0.0003171170061691561,0.9551292264628485,1.3740133777988573e-06
241,2.0400000000000205,0.6,401.72999999999985,0.002949681897050348,0.5808704453441297,1.2240000000000122,1862.5870000000093,4.636415005102955,0.000628076400568043,0.9557573028634165,5.3898520812968495e-06
240,2.0600000000000023,0.6,403.78999999999985,0.0029786003470214035,0.583849045691151,1.2360000000000013,1863.8230000000094,4.615822581044627,0.0006342340123383122,0.9563915368757548,5.496053511195429e-06
48,1.8700000000000045,0.6,405.65999999999985,0.002703875072296132,0.5865529207634471,1.1220000000000028,1864.9450000000095,4.597310555637751,0.0005757367005207018,0.9569672735762755,4.528972929422978e-06
313,2.0200000000000387,0.6,407.6799999999999,0.0029207634470792927,0.5894736842105264,1.212000000000023,1866.1570000000095,4.577504415227654,0.0006219187887977737,0.9575891923650733,5.284686762909473e-06
168,2.019999999999982,0.6,409.6999999999999,0.0029207634470792107,0.5923944476576056,1.211999999999989,1867.3690000000095,4.557893580668806,0.0006219187887977562,0.9582111111538711,5.284686762909175e-06
215,0.8899999999999864,0.6,410.58999999999986,0.0012868710237131094,0.5936813186813187,0.5339999999999918,1867.9030000000093,4.549314401227527,0.00027401372377722753,0.9584851248776484,1.0258799100334048e-06
12,2.0,0.6,412.58999999999986,0.0028918449971081553,0.5965731636784268,1.2,1869.1030000000094,4.530170387067089,0.000615761177027487,0.9591008860546758,5.180557556033008e-06
125,0.8199999999999932,0.6,413.40999999999985,0.0011856564488143338,0.5977588201272411,0.4919999999999959,1869.5950000000093,4.522374882078348,0.00025246208258126757,0.959353348137257,8.70851725169134e-07
118,1.8400000000000034,0.5,415.2499999999999,0.002660497397339508,0.6004193175245807,0.9200000000000017,1870.5150000000094,4.5045514750150755,0.00047208356905440753,0.9598254317063114,4.789155083829448e-06
81,1.9399999999999977,0.5,417.1899999999999,0.0028050896471949072,0.6032244071717756,0.9699999999999989,1871.4850000000094,4.485929672331576,0.0004977402847638848,0.9603231719910753,5.323861080310847e-06
52,2.049999999999997,0.5,419.2399999999999,0.002964141122035855,0.6061885482938114,1.0249999999999986,1872.5100000000095,4.466439271061946,0.0005259626720443111,0.9608491346631196,5.944714154003167e-06
354,2.050000000000068,0.5,421.28999999999996,0.0029641411220359577,0.6091526894158473,1.025000000000034,1873.5350000000096,4.447138550642099,0.0005259626720443293,0.9613750973351639,5.94471415400358e-06
42,2.0999999999999943,0.5,423.39,0.003036437246963555,0.6121891266628109,1.0499999999999972,1874.5850000000096,4.427560877677814,0.0005387910298990497,0.961913888365063,6.238236625616633e-06
362,2.0699999999999363,0.5,425.4599999999999,0.0029930595720068487,0.6151821862348177,1.0349999999999682,1875.6200000000094,4.408452028392821,0.0005310940151861911,0.9624449823802491,6.06127440297125e-06
363,1.9300000000000637,0.5,427.39,0.002790630422209462,0.6179728166570272,0.9650000000000318,1876.5850000000096,4.390802311705959,0.0004951746131929538,0.962940156993442,5.2691173711476324e-06
10,2.039999999999999,0.5,429.43,0.0029496818970503173,0.6209224985540776,1.0199999999999996,1877.6050000000096,4.372319120694897,0.0005233970004733637,0.9634635539939154,5.886858399357438e-06
304,1.9699999999999704,0.5,431.4,0.0028484673221514903,0.623770965876229,0.9849999999999852,1878.5900000000095,4.3546360686138375,0.0005054372994767213,0.9639689912933921,5.489789687155328e-06
341,1.3100000000000591,0.5,432.71000000000004,0.0018941584731059272,0.625665124349335,0.6550000000000296,1879.2450000000094,4.342966420928588,0.00033610297579418516,0.9643050942691863,2.42753693270334e-06
33,2.6999999999999957,0.5,435.41,0.0039039907460960035,0.629569115095431,1.3499999999999979,1880.5950000000093,4.31913598677111,0.0006927313241559218,0.9649978255933422,1.0312187074998949e-05
89,1.710000000000008,0.5,437.12,0.0024725274725274846,0.6320416425679585,0.855000000000004,1881.4500000000094,4.304195644216713,0.0004387298386320865,0.9654365554319744,4.136332815638519e-06
333,1.259999999999991,0.5,438.38,0.0018218623481781248,0.6338635049161366,0.6299999999999955,1882.0800000000095,4.2932615539030285,0.00032327461793942833,0.9657598300499138,2.2457651852219675e-06
151,1.5,0.5,439.88,0.0021688837478311164,0.6360323886639677,0.75,1882.8300000000095,4.280326452668931,0.00038485073564217934,0.966144680785556,3.182773788579932e-06
22,2.0500000000000043,0.5,441.93,0.0029641411220358654,0.6389965297860036,1.0250000000000021,1883.8550000000096,4.262790487181249,0.0005259626720443129,0.9666706434576003,5.944714154003209e-06
227,3.090000000000032,0.5,445.02000000000004,0.004467900520532146,0.6434644303065358,1.545000000000016,1885.4000000000096,4.236663520740662,0.0007927925154228977,0.9674634359730232,1.3506418849218078e-05
310,2.0,0.5,447.02000000000004,0.0028918449971081553,0.6463562753036439,1.0,1886.4000000000096,4.21994541631249,0.0005131343141895725,0.9679765702872127,5.65826451303099e-06
235,1.0199999999999818,0.5,448.04,0.001474840948525133,0.647831116252169,0.5099999999999909,1886.9100000000096,4.2114766538702115,0.0002616985002366773,0.9682382687874495,1.4717145998393082e-06
306,2.0,0.5,450.04,0.0028918449971081553,0.6507229612492772,1.0,1887.9100000000096,4.194982668207292,0.0005131343141895725,0.968751403101639,5.65826451303099e-06
186,2.0299999999999727,0.5,452.07,0.0029352226720647384,0.6536581839213419,1.0149999999999864,1888.9250000000097,4.178390514743313,0.000520831328902409,0.9692722344305414,5.8292855579371965e-06
371,2.0100000000001046,0.25,454.0800000000001,0.0029063042220938474,0.6565644881434357,0.5025000000000261,1889.4275000000098,4.161001365398189,0.0002578499928802736,0.9695300844234217,7.014309804239266e-06
370,1.349999999999909,0.25,455.43,0.0019519953730478734,0.6585164835164836,0.33749999999997726,1889.7650000000099,4.14940825154252,0.00017318283103896905,0.9697032672544607,3.16417405960818e-06
367,1.990000000000009,0.25,457.42,0.0028773857721226277,0.6613938692886062,0.4975000000000023,1890.2625000000098,4.13244392462072,0.00025528432130931346,0.9699585515757699,6.8754160183572875e-06
374,3.0499999999999545,0.25,460.46999999999997,0.004410063620589871,0.665803932909196,0.7624999999999886,1891.0250000000099,4.106727908441397,0.0003912649145695432,0.9703498164903395,1.6150743039510664e-05
368,2.060000000000059,0.25,462.53000000000003,0.0029786003470214854,0.6687825332562175,0.5150000000000148,1891.54000000001,4.089550948046634,0.0002642641718076374,0.970614080662147,7.367620872074541e-06
376,3.0,0.25,465.53000000000003,0.004337767495662233,0.6731203007518798,0.75,1892.29000000001,4.064807853414409,0.00038485073564217934,0.9709989313977893,1.5625550911647438e-05
377,3.0,0.25,468.53000000000003,0.004337767495662233,0.6774580682475421,0.75,1893.04000000001,4.040381619106588,0.00038485073564217934,0.9713837821334315,1.5625550911647438e-05
379,3.0,0.25,471.53000000000003,0.004337767495662233,0.6817958357432043,0.75,1893.79000000001,4.016266197272729,0.00038485073564217934,0.9717686328690737,1.5625550911647438e-05
366,1.3899999999999864,0.25,472.92,0.0020098322729901483,0.6838056680161945,0.3474999999999966,1894.13750000001,4.005196439144062,0.0001783141741808747,0.9719469470432546,3.3544585462659366e-06
293,2.0,0.25,474.92,0.0028918449971081553,0.6866975130133026,0.5,1894.63750000001,3.9893824223027248,0.00025656715709478626,0.9722035142003493,6.944689294065528e-06
353,1.9399999999999409,0.25,476.85999999999996,0.0028050896471948253,0.6895026026604975,0.4849999999999852,1895.12250000001,3.9741695675879924,0.00024887014238193507,0.9724523843427313,6.534258156785857e-06
351,2.0400000000000773,0.25,478.90000000000003,0.0029496818970504305,0.6924522845575479,0.5100000000000193,1895.63250000001,3.958305491751952,0.0002616985002366919,0.972714082842968,7.225254741546324e-06
294,1.9899999999999523,0.25,480.89,0.0028773857721225457,0.6953296703296705,0.49749999999998806,1896.1300000000099,3.94295992846599,0.0002552843213093062,0.9729693671642773,6.875416018356895e-06
295,0.2300000000000182,0.25,481.12,0.00033256217466746415,0.695662232504338,0.05750000000000455,1896.18750000001,3.941194504489545,2.950522306590275e-05,0.9729988723873432,9.184351591403114e-08
300,2.0299999999999727,0.25,483.15,0.0029352226720647384,0.6985974551764027,0.5074999999999932,1896.69500000001,3.9256856048846323,0.0002604156644512045,0.9732592880517944,7.154592527978468e-06
301,2.0100000000000477,0.25,485.16,0.002906304222093765,0.7015037593984965,0.5025000000000119,1897.19750000001,3.9104573748866556,0.0002578499928802663,0.9735171380446747,7.014309804238869e-06
303,2.0,0.25,487.16,0.0028918449971081553,0.7043956043956047,0.5,1897.69750000001,3.895429632974813,0.00025656715709478626,0.9737737052017694,6.944689294065528e-06
305,1.9800000000000182,0.25,489.14000000000004,0.0028629265471371,0.7072585309427417,0.49500000000000455,1898.19250000001,3.880673222390338,0.0002540014855238407,0.9740277066872932,6.806489977113748e-06
308,2.0299999999999727,0.25,491.17,0.0029352226720647384,0.7101937536148064,0.5074999999999932,1898.70000000001,3.865667691430686,0.0002604156644512045,0.9742881223517444,7.154592527978468e-06
311,2.0500000000000114,0.25,493.22,0.0029641411220358758,0.7131578947368423,0.5125000000000028,1899.21250000001,3.8506396739791775,0.00026298133602215733,0.9745511036877667,7.296264189577677e-06
312,1.9599999999999795,0.25,495.18,0.0028340080971659626,0.7159919028340083,0.4899999999999949,1899.70250000001,3.8363877781816917,0.0002514358139528879,0.9748025395017196,6.669679598020394e-06
315,1.9499999999999886,0.25,497.13,0.002819548872180435,0.7188114517061887,0.48749999999999716,1900.19000000001,3.8223201174743227,0.00025015297816741514,0.975052692479887,6.601795260170966e-06
316,1.4599999999999795,0.25,498.59,0.0021110468478889237,0.7209224985540775,0.3649999999999949,1900.55500000001,3.81185944363106,0.00018729402467919132,0.9752399865045662,3.7008249248074164e-06
332,1.990000000000009,0.25,500.58,0.0028773857721226277,0.7237998843262001,0.4975000000000023,1901.05250000001,3.797699668384694,0.00025528432130931346,0.9754952708258755,6.8754160183572875e-06
335,1.3799999999999955,0.25,501.96,0.0019953730480046206,0.7257952573742047,0.34499999999999886,1901.39750000001,3.7879462506972867,0.00017703133839540192,0.9756723021642709,3.3063665729045766e-06
339,1.9800000000000182,0.25,503.94,0.0028629265471371,0.7286581839213417,0.49500000000000455,1901.89250000001,3.774045521292237,0.0002540014855238407,0.9759263036497947,6.806489977113748e-06
340,1.6899999999999409,0.25,505.62999999999994,0.002443609022556306,0.7311017929438981,0.4224999999999852,1902.3150000000098,3.762266874987659,0.00021679924774508678,0.9761431028975398,4.9586817731947925e-06
344,1.9600000000000364,0.25,507.59,0.002834008097166045,0.7339358010410642,0.4900000000000091,1902.8050000000098,3.7487046632124548,0.0002514358139528952,0.9763945387114927,6.669679598020781e-06
349,2.0299999999999727,0.25,509.61999999999995,0.0029352226720647384,0.7368710237131288,0.5074999999999932,1903.3125000000098,3.7347680624779445,0.0002604156644512045,0.976654954375944,7.154592527978468e-06
314,2.0600000000000023,0.25,511.67999999999995,0.0029786003470214035,0.7398496240601502,0.5150000000000006,1903.8275000000099,3.720738547529726,0.00026426417180763014,0.9769192185477515,7.3676208720741364e-06
190,1.9800000000000182,0.25,513.66,0.0028629265471371,0.7427125506072872,0.49500000000000455,1904.3225000000098,3.707359926799848,0.0002540014855238407,0.9771732200332753,6.806489977113748e-06
255,1.990000000000009,0.25,515.65,0.0028773857721226277,0.7455899363794098,0.4975000000000023,1904.8200000000097,3.6940172597692422,0.00025528432130931346,0.9774285043545846,6.8754160183572875e-06
62,2.0400000000000063,0.25,517.6899999999999,0.0029496818970503277,0.7485396182764602,0.5100000000000016,1905.3300000000097,3.6804458266530355,0.0002616985002366828,0.9776902028548213,7.2252547415458205e-06
51,1.9000000000000057,0.25,519.5899999999999,0.0027472527472527557,0.7512868710237129,0.4750000000000014,1905.8050000000096,3.667901614734714,0.00024373879924004767,0.9779339416540613,6.267582087894177e-06
53,1.9399999999999977,0.25,521.53,0.0028050896471949072,0.7540919606709079,0.48499999999999943,1906.2900000000095,3.655187621038118,0.0002488701423819424,0.9781828117964433,6.534258156786241e-06
54,2.1599999999999966,0.25,523.6899999999999,0.003123192596876803,0.7572151532677847,0.5399999999999991,1906.8300000000095,3.6411426607344226,0.0002770925296623687,0.9784599043261056,8.100285592598007e-06
55,1.490000000000009,0.25,525.18,0.0021544245228455887,0.7593695777906303,0.3725000000000023,1907.2025000000094,3.6315215735557516,0.00019114253203561692,0.9786510468581413,3.854476175438767e-06
56,1.9499999999999886,0.25,527.1299999999999,0.002819548872180435,0.7621891266628107,0.48749999999999716,1907.6900000000094,3.6190123878360363,0.00025015297816741514,0.9789011998363087,6.601795260170966e-06
57,0.9200000000000017,0.25,528.0499999999998,0.001330248698669754,0.7635193753614804,0.23000000000000043,1907.9200000000094,3.613142694820585,0.00011802089226360188,0.9790192207285724,1.4694962546242714e-06
59,1.8499999999999943,0.25,529.8999999999999,0.0026749566223250357,0.7661943319838055,0.4624999999999986,1908.3825000000095,3.6014012077750706,0.00023732462031267654,0.9792565453488851,5.942049777234782e-06
60,1.9500000000000028,0.25,531.8499999999999,0.0028195488721804557,0.769013880855986,0.4875000000000007,1908.8700000000094,3.589113471843583,0.0002501529781674169,0.9795066983270525,6.601795260171062e-06
61,1.9099999999999966,0.25,533.7599999999999,0.0027617119722382834,0.7717755928282243,0.47749999999999915,1909.3475000000094,3.57716483063551,0.00024502163502552045,0.979751719962078,6.3337302534200915e-06
66,1.8599999999999994,0.25,535.6199999999999,0.002689415847310584,0.7744650086755349,0.46499999999999986,1909.8125000000093,3.565610880848381,0.00023860745609815114,0.9799903274181762,6.006461770437272e-06
49,1.9300000000000068,0.25,537.55,0.00279063042220938,0.7772556390977443,0.4825000000000017,1910.2950000000094,3.5537066319412327,0.0002475873065964696,0.9802379147247726,6.4670682878662175e-06
67,1.9300000000000068,0.25,539.48,0.00279063042220938,0.7800462695199537,0.4825000000000017,1910.7775000000095,3.5418875583895777,0.0002475873065964696,0.9804855020313691,6.4670682878662175e-06
70,1.9799999999999898,0.25,541.46,0.002862926547137059,0.7829091960670908,0.49499999999999744,1911.2725000000094,3.529849850404479,0.0002540014855238371,0.9807395035168929,6.8064899771135544e-06
71,1.4400000000000261,0.25,542.9000000000001,0.0020821283979179095,0.7849913244650086,0.36000000000000654,1911.6325000000093,3.521150303923391,0.00018472835310824945,0.9809242318700011,3.6001269300437007e-06
73,1.9799999999999898,0.25,544.8800000000001,0.002862926547137059,0.7878542510121457,0.49499999999999744,1912.1275000000091,3.509263507561314,0.0002540014855238371,0.9811782333555249,6.8064899771135544e-06
74,2.0,0.25,546.8800000000001,0.0028918449971081553,0.7907460960092538,0.5,1912.6275000000091,3.4973440242832226,0.00025656715709478626,0.9814348005126197,6.944689294065528e-06
75,1.8600000000000136,0.25,548.7400000000001,0.002689415847310604,0.7934355118565645,0.4650000000000034,1913.092500000009,3.4863368808543367,0.00023860745609815295,0.9816734079687178,6.006461770437364e-06
76,1.9199999999999875,0.25,550.6600000000001,0.002776171197223811,0.7962116830537883,0.4799999999999969,1913.572500000009,3.4750526640758523,0.0002463044708109932,0.9819197124395288,6.4002256534107076e-06
77,1.5,0.25,552.1600000000001,0.0021688837478311164,0.7983805668016194,0.375,1913.947500000009,3.466291473485962,0.00019242536782108967,0.9821121378073498,3.906387727911859e-06
78,2.3700000000000045,0.25,554.5300000000001,0.003426836321573171,0.8018074031231925,0.5925000000000011,1914.540000000009,3.4525453988062123,0.00030403208115732227,0.9824161698885072,9.751906323959205e-06
50,1.9899999999999949,0.25,556.5200000000001,0.0028773857721226073,0.8046847888953151,0.4974999999999987,1915.037500000009,3.4410937612305195,0.00025528432130931167,0.9826714542098165,6.87541601835719e-06
45,0.9899999999999949,0.25,557.5100000000001,0.0014314632735685296,0.8061162521688837,0.24749999999999872,1915.285000000009,3.4354271672257153,0.00012700074276191854,0.9827984549525784,1.7016224942783886e-06
80,2.0,0.25,559.5100000000001,0.0028918449971081553,0.8090080971659919,0.5,1915.785000000009,3.424040678450803,0.00025656715709478626,0.9830550221096732,6.944689294065528e-06
15,1.0200000000000031,0.25,560.5300000000001,0.0014748409485251638,0.810482938114517,0.2550000000000008,1916.040000000009,3.4182648564751372,0.0001308492501183414,0.9831858713597915,1.8063136853864551e-06
2,2.039999999999999,0.25,562.57,0.0029496818970503173,0.8134326200115674,0.5099999999999998,1916.550000000009,3.4067760456476686,0.00026169850023668187,0.9834475698600282,7.22525474154577e-06
3,1.9700000000000006,0.25,564.5400000000001,0.002848467322151534,0.8162810873337188,0.49250000000000016,1917.042500000009,3.3957602649945247,0.00025271864973836454,0.9837002885097667,6.737911170334732e-06
5,2.0299999999999994,0.25,566.57,0.0029352226720647766,0.8192163100057837,0.5074999999999998,1917.550000000009,3.3844891187320347,0.00026041566445120793,0.9839607041742179,7.154592527978654e-06
6,2.030000000000001,0.25,568.6,0.002935222672064779,0.8221515326778485,0.5075000000000003,1918.057500000009,3.3732984523390943,0.0002604156644512082,0.9842211198386691,7.154592527978667e-06
7,2.039999999999999,0.25,570.64,0.0029496818970503173,0.8251012145748988,0.5099999999999998,1918.567500000009,3.3621328683583505,0.00026169850023668187,0.9844828183389058,7.22525474154577e-06
8,1.870000000000001,0.25,572.51,0.0027038750722961267,0.8278050896471949,0.46750000000000025,1919.035000000009,3.3519676512200816,0.00023989029188362527,0.9847227086307895,6.071220998104443e-06
9,1.7199999999999989,0.25,574.23,0.002486986697513012,0.8302920763447079,0.4299999999999997,1919.465000000009,3.342676279539573,0.000220647755101516,0.984943356385891,5.136292201890859e-06
11,2.030000000000001,0.25,576.26,0.002935222672064779,0.8332272990167727,0.5075000000000003,1919.972500000009,3.331781661055789,0.0002604156644512082,0.9852037720503423,7.154592527978667e-06
14,2.0,0.25,578.26,0.0028918449971081553,0.8361191440138809,0.5,1920.472500000009,3.3211228513125737,0.00025656715709478626,0.985460339207437,6.944689294065528e-06
20,2.0,0.25,580.26,0.0028918449971081553,0.839010989010989,0.5,1920.972500000009,3.310537517664511,0.00025656715709478626,0.9857169063645318,6.944689294065528e-06
41,2.0400000000000063,0.25,582.3,0.0029496818970503277,0.8419606709080394,0.5100000000000016,1921.482500000009,3.299815387257443,0.0002616985002366828,0.9859786048647685,7.2252547415458205e-06
21,2.0,0.25,584.3,0.0028918449971081553,0.8448525159051475,0.5,1921.982500000009,3.289376176621614,0.00025656715709478626,0.9862351720218633,6.944689294065528e-06
23,1.1999999999999957,0.25,585.5,0.0017351069982648871,0.8465876229034124,0.29999999999999893,1922.282500000009,3.283146883005993,0.0001539402942568712,0.9863891123161201,2.5000881458635726e-06
28,1.9299999999999997,0.25,587.43,0.0027906304222093696,0.8493782533256218,0.48249999999999993,1922.765000000009,3.2731814854536014,0.0002475873065964687,0.9866366996227166,6.46706828786617e-06
31,0.9399999999999977,0.25,588.3699999999999,0.0013591671486408298,0.8507374204742626,0.23499999999999943,1923.0000000000089,3.268351547495639,0.00012058656383454924,0.9867572861865511,1.5340818650590677e-06
32,2.0,0.25,590.3699999999999,0.0028918449971081553,0.8536292654713707,0.5,1923.5000000000089,3.25812625980319,0.00025656715709478626,0.9870138533436459,6.944689294065528e-06
34,2.1300000000000097,0.25,592.4999999999999,0.0030798149219201996,0.856709080393291,0.5325000000000024,1924.032500000009,3.2473122362869353,0.0002732440223059486,0.9872870973659519,7.876840214561545e-06
35,1.8699999999999903,0.25,594.3699999999999,0.0027038750722961115,0.859412955465587,0.4674999999999976,1924.5000000000089,3.2378821272944616,0.0002398902918836239,0.9875269876578355,6.071220998104374e-06
39,2.1300000000000097,0.25,596.4999999999999,0.0030798149219201996,0.8624927703875073,0.5325000000000024,1925.032500000009,3.227212908633712,0.0002732440223059486,0.9878002316801415,7.876840214561545e-06
40,1.9899999999999949,0.25,598.4899999999999,0.0028773857721226073,0.8653701561596299,0.4974999999999987,1925.5300000000088,3.217313572490784,0.00025528432130931167,0.9880555160014508,6.87541601835719e-06
79,1.9799999999999898,0.25,600.4699999999999,0.002862926547137059,0.8682330827067669,0.49499999999999744,1926.0250000000087,3.207529102203289,0.0002540014855238371,0.9883095174869746,6.8064899771135544e-06
82,1.990000000000009,0.25,602.4599999999999,0.0028773857721226277,0.8711104684788895,0.4975000000000023,1926.5225000000087,3.1977600172625715,0.00025528432130931346,0.9885648018082839,6.8754160183572875e-06
250,2.009999999999991,0.25,604.4699999999999,0.002906304222093683,0.8740167727009832,0.5024999999999977,1927.0250000000087,3.187958045891457,0.000257849992880259,0.9888226518011641,7.0143098042384714e-06
172,2.0299999999999727,0.25,606.4999999999999,0.0029352226720647384,0.8769519953730479,0.5074999999999932,1927.5325000000087,3.1781244847485723,0.0002604156644512045,0.9890830674656154,7.154592527978468e-06
162,2.009999999999991,0.25,608.5099999999999,0.002906304222093683,0.8798582995951416,0.5024999999999977,1928.0350000000087,3.1684524494256614,0.000257849992880259,0.9893409174584956,7.0143098042384714e-06
163,1.9700000000000273,0.25,610.4799999999999,0.0028484673221515727,0.8827067669172932,0.4925000000000068,1928.5275000000088,3.1590346940112846,0.00025271864973836795,0.989593636108234,6.737911170334914e-06
164,2.019999999999982,0.25,612.4999999999999,0.0029207634470792107,0.8856275303643725,0.5049999999999955,1929.032500000009,3.1494408163265457,0.00025913282866573176,0.9898527689368998,7.084277548876118e-06
165,2.0299999999999727,0.25,614.5299999999999,0.0029352226720647384,0.8885627530364372,0.5074999999999932,1929.5400000000088,3.139862984720045,0.0002604156644512045,0.990113184601351,7.154592527978468e-06
166,2.0100000000001046,0.25,616.54,0.0029063042220938474,0.891469057258531,0.5025000000000261,1930.0425000000089,3.1304416582865815,0.0002578499928802736,0.9903710345942313,7.014309804239266e-06
167,2.0599999999999454,0.25,618.5999999999999,0.002978600347021321,0.8944476576055523,0.5149999999999864,1930.557500000009,3.1208494988684277,0.0002642641718076228,0.9906352987660388,7.367620872073729e-06
169,1.9700000000000273,0.25,620.5699999999999,0.0028484673221515727,0.8972961249277039,0.4925000000000068,1931.050000000009,3.11173598465928,0.00025271864973836795,0.9908880174157773,6.737911170334914e-06
170,2.0,0.25,622.5699999999999,0.0028918449971081553,0.9001879699248121,0.5,1931.550000000009,3.102542685963039,0.00025656715709478626,0.991144584572872,6.944689294065528e-06
171,2.0299999999999727,0.25,624.5999999999999,0.0029352226720647384,0.9031231925968768,0.5074999999999932,1932.057500000009,3.0932716938841005,0.0002604156644512045,0.9914050002373233,7.154592527978468e-06
175,1.9800000000000182,0.25,626.5799999999999,0.0028629265471371,0.9059861191440138,0.49500000000000455,1932.5525000000089,3.084286922659531,0.0002540014855238407,0.991659001722847,6.806489977113748e-06
160,1.9700000000000273,0.25,628.55,0.0028484673221515727,0.9088345864661654,0.4925000000000068,1933.045000000009,3.075403706944569,0.00025271864973836795,0.9919117203725855,6.737911170334914e-06
176,1.8999999999999773,0.25,630.4499999999999,0.002747252747252715,0.9115818392134182,0.4749999999999943,1933.5200000000088,3.0668887302720425,0.000243738799240044,0.9921554591718255,6.26758208789399e-06
177,2.1000000000000227,0.25,632.55,0.003036437246963596,0.9146182764603817,0.5250000000000057,1934.045000000009,3.05753695360052,0.00026939551494952846,0.992424854686775,7.656519946707411e-06
178,2.009999999999991,0.25,634.56,0.002906304222093683,0.9175245806824754,0.5024999999999977,1934.547500000009,3.0486439422592175,0.000257849992880259,0.9926827046796552,7.0143098042384714e-06
188,2.009999999999991,0.25,636.5699999999999,0.002906304222093683,0.9204308849045691,0.5024999999999977,1935.050000000009,3.0398070911290342,0.000257849992880259,0.9929405546725355,7.0143098042384714e-06
189,1.9800000000000182,0.25,638.55,0.0028629265471371,0.9232938114517062,0.49500000000000455,1935.5450000000092,3.031156526505378,0.0002540014855238407,0.9931945561580593,6.806489977113748e-06
1,3.0,0.25,641.55,0.004337767495662233,0.9276315789473685,0.75,1936.2950000000092,3.01815135219392,0.00038485073564217934,0.9935794068937015,1.5625550911647438e-05
191,2.0,0.25,643.55,0.0028918449971081553,0.9305234239444766,0.5,1936.7950000000092,3.009548597622577,0.00025656715709478626,0.9938359740507963,6.944689294065528e-06
223,2.0500000000000114,0.25,645.5999999999999,0.0029641411220358758,0.9334875650665125,0.5125000000000028,1937.3075000000092,3.000786090458503,0.00026298133602215733,0.9940989553868185,7.296264189577677e-06
236,2.0,0.25,647.5999999999999,0.0028918449971081553,0.9363794100636207,0.5,1937.8075000000092,2.9922907659048943,0.00025656715709478626,0.9943555225439132,6.944689294065528e-06
161,2.0699999999999363,0.25,649.6699999999998,0.0029930595720068487,0.9393724696356275,0.5174999999999841,1938.3250000000091,2.9835531885418898,0.00026554700759309557,0.9946210695515063,7.4393247890348885e-06
150,1.910000000000025,0.25,651.5799999999999,0.0027617119722383246,0.9421341816078658,0.47750000000000625,1938.802500000009,2.9755402252985195,0.0002450216350255241,0.9948660911865318,6.3337302534202795e-06
84,1.5600000000000023,0.25,653.1399999999999,0.0022556390977443645,0.9443898207056102,0.39000000000000057,1939.1925000000092,2.969030376335869,0.00020012238253393357,0.9950662135690658,4.2251489665094805e-06
104,0.9300000000000068,0.25,654.0699999999999,0.001344707923655302,0.9457345286292654,0.2325000000000017,1939.4250000000093,2.9651642790527153,0.00011930372804907648,0.9951855172971148,1.501615442609341e-06
86,1.0,0.25,655.0699999999999,0.0014459224985540777,0.9471804511278196,0.25,1939.6750000000093,2.961019433037705,0.00012828357854739313,0.9953138008756622,1.736172323516382e-06
87,1.9799999999999898,0.25,657.05,0.002862926547137059,0.9500433776749566,0.49499999999999744,1940.1700000000092,2.952849859219252,0.0002540014855238371,0.995567802361186,6.8064899771135544e-06
88,1.3799999999999955,0.25,658.43,0.0019953730480046206,0.9520387507229612,0.34499999999999886,1940.5150000000092,2.9471849703081716,0.00017703133839540192,0.9957448336995814,3.3063665729045766e-06
90,1.960000000000008,0.25,660.39,0.002834008097166004,0.9548727588201272,0.490000000000002,1941.0050000000092,2.9391798785566245,0.0002514358139528915,0.9959962695135344,6.669679598020588e-06
96,1.7800000000000011,0.25,662.17,0.00257374204742626,0.9574465008675535,0.4450000000000003,1941.4500000000091,2.9319510095594925,0.0002283447698143599,0.9962246142833487,5.5008883898293124e-06
98,1.3499999999999943,0.25,663.52,0.0019519953730479966,0.9593984962406015,0.3374999999999986,1941.7875000000092,2.9264943031106965,0.00017318283103897998,0.9963977971143877,3.1641740596085798e-06
99,1.9099999999999966,0.25,665.43,0.0027617119722382834,0.9621602082128398,0.47749999999999915,1942.2650000000092,2.918811896067219,0.00024502163502552045,0.9966428187494132,6.3337302534200915e-06
101,1.8499999999999943,0.25,667.28,0.0026749566223250357,0.9648351648351648,0.4624999999999986,1942.7275000000093,2.9114127502697658,0.00023732462031267654,0.9968801433697259,5.942049777234782e-06
103,1.3199999999999932,0.25,668.5999999999999,0.0019086176980913727,0.9667437825332562,0.3299999999999983,1943.0575000000092,2.9061583906670796,0.00016933432368255804,0.9970494776934085,3.0251066564949125e-06
108,0.9099999999999966,0.25,669.5099999999999,0.0013157894736842057,0.9680595720069404,0.22749999999999915,1943.2850000000092,2.9025481322161126,0.0001167380564781273,0.9971662157498866,1.4377243011039055e-06
145,1.9399999999999977,0.25,671.4499999999998,0.0028050896471949072,0.9708646616541353,0.48499999999999943,1943.770000000009,2.894884205823233,0.0002488701423819424,0.9974150858922686,6.534258156786241e-06
109,1.960000000000008,0.25,673.4099999999999,0.002834008097166004,0.9736986697513014,0.490000000000002,1944.260000000009,2.8871861124723566,0.0002514358139528915,0.9976665217062215,6.669679598020588e-06
110,2.0,0.25,675.4099999999999,0.0028918449971081553,0.9765905147484095,0.5,1944.760000000009,2.879376971025021,0.00025656715709478626,0.9979230888633163,6.944689294065528e-06
112,2.0500000000000114,0.25,677.4599999999998,0.0029641411220358758,0.9795546558704454,0.5125000000000028,1945.2725000000091,2.8714204528680805,0.00026298133602215733,0.9981860701993385,7.296264189577677e-06
114,1.8499999999999943,0.25,679.3099999999998,0.0026749566223250357,0.9822296124927705,0.4624999999999986,1945.7350000000092,2.864281403188544,0.00023732462031267654,0.9984233948196511,5.942049777234782e-06
115,1.8200000000000216,0.25,681.1299999999999,0.0026315789473684527,0.984861191440139,0.4550000000000054,1946.1900000000091,2.8572959640597384,0.00023347611295625824,0.9986568709326074,5.750897204415802e-06
141,1.9099999999999966,0.25,683.0399999999998,0.0027617119722382834,0.9876229034123772,0.47749999999999915,1946.667500000009,2.850005124150869,0.00024502163502552045,0.9989018925676328,6.3337302534200915e-06
142,1.7800000000000011,0.25,684.8199999999998,0.00257374204742626,0.9901966454598035,0.4450000000000003,1947.112500000009,2.843247130632881,0.0002283447698143599,0.9991302373374472,5.5008883898293124e-06
143,1.5999999999999943,0.25,686.4199999999998,0.002313475997686516,0.99251012145749,0.3999999999999986,1947.5125000000091,2.8372024416538117,0.00020525372567582826,0.999335491063123,4.4446011482019065e-06
144,2.180000000000007,0.25,688.5999999999999,0.0031521110468478992,0.9956622325043378,0.5450000000000017,1948.0575000000092,2.8290117629974,0.0002796582012333179,0.9996151492643564,8.250985350279306e-06
380,3.0,0.25,691.5999999999999,0.004337767495662233,1.0,0.75,1948.8075000000092,2.817824609600939,0.00038485073564217934,0.9999999999999986,1.5625550911647438e-05
