,weight,grade,cml_weight,weight_pct,cml_weight_pct,yield,cml_yield,cml_grade,recovery,cml_recovery,distributional_heterogeneity
158,1.5,288.0,1.5,0.0027979854504756574,0.0027979854504756574,432.0,432.0,288.0,0.1933777953051275,0.1933777953051275,0.036320663924235254
72,1.6599999999999966,93.7,3.1599999999999966,0.003096437231859721,0.005894422682335379,155.5419999999997,587.5419999999997,185.93101265822796,0.06962585425312519,0.2630036495582527,0.004426163329189448
156,1.5,73.6,4.659999999999997,0.0027979854504756574,0.008692408132811037,110.39999999999999,697.9419999999997,149.7729613733906,0.049418769911310355,0.312422419469563,0.0021734975437436056
41,1.3999999999999986,51.1,6.059999999999995,0.002611453087110611,0.011303861219921649,71.53999999999994,769.4819999999996,126.97722772277231,0.03202372100955742,0.3444461404791204,0.0008650815043417938
125,1.0800000000000125,29.5,7.140000000000008,0.0020145495243424965,0.013318410744264146,31.86000000000037,801.342,112.23277310924358,0.014261612403753317,0.35870775288287376,0.00014999054917224248
19,1.6500000000000021,27.4,8.79000000000001,0.003077783995523227,0.016396194739787373,45.21000000000006,846.552,96.30853242320809,0.020237523439224133,0.3789452763220979,0.0002944566577757047
73,1.0,27.0,9.79000000000001,0.0018653236336504382,0.018261518373437813,27.0,873.552,89.22900919305405,0.012086112206570469,0.39103138852866837,0.00010446451905233266
130,1.3799999999999955,23.8,11.170000000000005,0.0025741466144375965,0.02083566498787541,32.843999999999895,906.396,81.14556848701876,0.014702084048614785,0.40573347257728315,0.00014708686640731636
192,2.0,20.4,13.170000000000005,0.0037306472673008764,0.024566312255176286,40.8,947.1959999999999,71.92072892938494,0.01826345844548426,0.4239969310227674,0.00021120260074073197
330,1.7999999999999545,20.2,14.96999999999996,0.003357582540570704,0.02792389479574699,36.35999999999908,983.555999999999,65.70180360721454,0.01627596443818115,0.44027289546094855,0.00016688459085250934
65,1.4000000000000057,18.5,16.369999999999965,0.0026114530871106244,0.030535347882857614,25.900000000000105,1009.4559999999991,61.66499694563233,0.011593715042599125,0.4518666105035477,8.068102983701614e-05
183,1.1999999999999886,16.5,17.569999999999954,0.0022383883603805045,0.03277373624323812,19.799999999999812,1029.255999999999,58.58030734206042,0.008863148951484925,0.46072975945503264,4.388745288945021e-05
106,1.740000000000009,15.1,19.309999999999963,0.0032456631225517797,0.0360193993657899,26.274000000000136,1055.529999999999,54.6623511134128,0.011761130078349412,0.47249088953338203,7.251317747528142e-05
18,1.4499999999999993,14.9,20.759999999999962,0.002704719268793134,0.038724118634583034,21.60499999999999,1077.134999999999,51.885115606936466,0.009671127934183512,0.48216201746756554,4.853084969322616e-05
126,1.5,13.6,22.259999999999962,0.0027979854504756574,0.04152210408505869,20.4,1097.5349999999992,49.30525606469007,0.00913172922274213,0.4912937466903077,4.0116310172724344e-05
17,1.5,13.3,23.759999999999962,0.0027979854504756574,0.04432008953553435,19.950000000000003,1117.4849999999992,47.03219696969701,0.008930294019299291,0.500224040709607,3.7605208383267764e-05
268,1.1999999999999886,13.1,24.95999999999995,0.0022383883603805045,0.04655847789591486,15.719999999999851,1133.204999999999,45.400841346153896,0.007036803106936517,0.5072608438165436,2.30247840799662e-05
66,1.5999999999999943,13.1,26.559999999999945,0.0029845178138406905,0.049542995709755545,20.959999999999926,1154.164999999999,43.45500753012053,0.009382404142582079,0.5166432479591256,4.093294947549595e-05
279,1.1000000000000227,12.9,27.659999999999968,0.0020518559970155244,0.05159485170677107,14.190000000000294,1168.3549999999993,42.239877078814196,0.006351923415231055,0.5229951713743567,1.849057980119878e-05
71,1.8400000000000034,12.7,29.49999999999997,0.0034321954859168127,0.05502704719268788,23.36800000000004,1191.7229999999993,40.39738983050849,0.010460306297894044,0.5334554776722508,4.939434158543127e-05
205,2.0,12.4,31.49999999999997,0.0037306472673008764,0.05875769445998876,24.8,1216.5229999999992,38.61977777777779,0.01110131787862769,0.5445567955508784,5.4326785260676784e-05
77,1.4000000000000057,11.5,32.89999999999998,0.0026114530871106244,0.061369147547099386,16.100000000000065,1232.6229999999994,37.46574468085107,0.007206903945399456,0.5517636994962779,2.111816859094757e-05
39,1.6000000000000014,11.4,34.49999999999998,0.002984517813840704,0.06435366536094009,18.240000000000016,1250.8629999999994,36.25689855072464,0.008164840246216502,0.5599285397424945,2.6835740503375903e-05
139,1.5,10.9,35.99999999999998,0.0027979854504756574,0.06715165081141575,16.35,1267.2129999999993,35.200361111111114,0.007318812391756561,0.567247352134251,2.043787623301126e-05
169,1.2000000000000455,10.5,37.200000000000024,0.0022383883603806108,0.06939003917179636,12.600000000000477,1279.8129999999996,34.40357526881717,0.005640185696399766,0.5728875378306508,1.157222511534702e-05
174,0.5,10.0,37.700000000000024,0.0009326618168252191,0.07032270098862158,5.0,1284.8129999999996,34.07992042440315,0.002238168927142679,0.5751257067577935,1.7043488150894453e-06
175,1.1000000000000227,9.8,38.80000000000005,0.0020518559970155244,0.0723745569856371,10.780000000000223,1295.5929999999998,33.39157216494841,0.004825492206919716,0.5799511989647133,7.693057824891692e-06
195,1.5,9.7,40.30000000000005,0.0027979854504756574,0.07517254243611277,14.549999999999999,1310.1429999999998,32.50975186104214,0.006513071577985196,0.5864642705426985,1.3801864934813822e-05
37,0.9399999999999977,9.3,41.240000000000045,0.0017534042156314078,0.07692594665174417,8.74199999999998,1318.8849999999998,31.980722599418,0.003913214552216251,0.5903774850949147,4.664780690018735e-06
48,1.5499999999999972,9.3,42.79000000000004,0.002891251632158174,0.07981719828390234,14.414999999999974,1333.2999999999997,31.159149333956496,0.006452641016952333,0.596830126111867,1.268349435012452e-05
13,1.2299999999999986,8.8,44.02000000000004,0.0022943480693900366,0.08211154635329238,10.82399999999999,1344.1239999999998,30.53439345751928,0.004845188093478467,0.6016753142053455,6.506784828491465e-06
184,1.6000000000000227,8.8,45.62000000000006,0.002984517813840744,0.08509606416713311,14.0800000000002,1358.204,29.772117492327887,0.006302683698833874,0.6079779979041794,1.1010224840332252e-05
155,1.5999999999999943,8.7,47.220000000000056,0.0029845178138406905,0.08808058198097381,13.91999999999995,1372.1239999999998,29.05811096992796,0.006231062293165197,0.6142090601973446,1.0540051056232427e-05
269,1.1000000000000227,8.6,48.32000000000008,0.0020518559970155244,0.09013243797798934,9.460000000000194,1381.584,28.59238410596022,0.004234615610154036,0.6184436758074986,4.7644395287485864e-06
74,1.1299999999999955,8.6,49.450000000000074,0.0021078157060249866,0.09224025368401433,9.717999999999961,1391.3020000000001,28.135530839231507,0.004350105126794494,0.622793780934293,5.027861846494852e-06
170,1.2999999999999545,8.4,50.75000000000003,0.002424920723745485,0.09466517440775982,10.919999999999618,1402.2219999999998,27.629990147783232,0.00488816093687944,0.6276819418711725,6.067552347600217e-06
159,1.5,8.4,52.25000000000003,0.0027979854504756574,0.09746315985823548,12.600000000000001,1414.8219999999997,27.077933014354045,0.005640185696399552,0.6333221275675721,8.078102237929848e-06
75,1.8700000000000045,8.1,54.12000000000003,0.003488155194926328,0.10095131505316181,15.147000000000036,1429.9689999999996,26.422191426459694,0.006780308947886049,0.6401024365154582,1.0838276333126774e-05
76,1.5999999999999943,7.9,55.72000000000003,0.0029845178138406905,0.1039358328670025,12.639999999999956,1442.6089999999995,25.890326633165806,0.005658091047816674,0.6457605275632748,7.147993837432796e-06
278,1.6000000000000227,6.9,57.32000000000005,0.002984517813840744,0.10692035068084324,11.040000000000157,1453.6489999999997,25.360240753663614,0.0049418769911311064,0.650702404554406,3.8312549489228065e-06
168,0.8999999999999773,6.8,58.22000000000003,0.001678791270285352,0.10859914195112859,6.119999999999846,1459.7689999999996,25.0733253177602,0.00273951876682257,0.6534419233212285,1.1251428219101145e-06
68,1.9000000000000057,6.7,60.12000000000003,0.0035441149039358434,0.11214325685506443,12.730000000000038,1472.4989999999996,24.492664670658662,0.005698378088505278,0.6591403014097338,4.640849868391246e-06
138,1.6000000000000227,6.4,61.720000000000056,0.002984517813840744,0.11512777466890517,10.240000000000146,1482.7389999999998,24.023639014906003,0.004583769962788272,0.6637240713725221,2.55760743591329e-06
91,0.5999999999999943,6.2,62.32000000000005,0.0011191941801902523,0.11624696884909543,3.7199999999999647,1486.4589999999998,23.85203786906288,0.0016651976817941376,0.6653892690543163,2.981198237637041e-07
117,2.009999999999991,6.2,64.33000000000004,0.003749300503637364,0.11999626935273279,12.461999999999945,1498.9209999999998,23.300497435100247,0.005578412234010389,0.6709676812883266,3.345649722188202e-06
40,1.6000000000000014,6.1,65.93000000000004,0.002984517813840704,0.1229807871665735,9.760000000000009,1508.6809999999998,22.883072956165616,0.004368905745782514,0.6753365870341091,1.916529946106121e-06
42,1.7999999999999972,6.0,67.73000000000003,0.0033575825405707835,0.1263383697071443,10.799999999999983,1519.4809999999998,22.434386534770397,0.004834444882628179,0.6801710319167373,2.181122377387257e-06
24,2.1000000000000014,5.9,69.83000000000004,0.003917179630665923,0.13025554933781022,12.39000000000001,1531.8709999999999,21.937147357869097,0.005546182601459564,0.6857172145181969,2.6536506788545064e-06
129,1.5400000000000205,5.6,71.37000000000006,0.002872598395821713,0.13312814773363194,8.624000000000114,1540.495,21.584629396104784,0.0038603937655357443,0.6895776082837326,9.757396924284797e-07
15,1.6900000000000013,5.5,73.06000000000006,0.003152396940869243,0.13628054467450118,9.295000000000007,1549.79,21.2125650150561,0.004160756035558244,0.6937383643192908,1.0167880638420216e-06
105,2.0,5.3,75.06000000000006,0.0037306472673008764,0.14001119194180206,10.6,1560.3899999999999,20.788569144684235,0.00474491812554248,0.6984832824448333,1.028745373878159e-06
35,1.4400000000000048,5.3,76.50000000000006,0.00268606603245664,0.1426972579742587,7.632000000000025,1568.022,20.49701960784312,0.003416341050390597,0.7018996234952238,5.333016018184413e-07
196,1.1999999999999886,5.3,77.70000000000005,0.0022383883603805045,0.1449356463346392,6.35999999999994,1574.3819999999998,20.262316602316588,0.002846950875325461,0.7047465743705493,3.703483345961302e-07
104,1.0,5.2,78.70000000000005,0.0018653236336504382,0.14680096996828965,5.2,1579.5819999999999,20.07092757306225,0.0023276956842283865,0.7070742700547777,2.137879131556568e-07
95,2.0,5.1,80.70000000000005,0.0037306472673008764,0.15053161723559053,10.2,1589.782,19.69990086741015,0.004565864611371065,0.7116401346661488,6.975880118356605e-07
20,1.8999999999999986,5.0,82.60000000000005,0.00354411490393583,0.15407573213952636,9.499999999999993,1599.282,19.361767554479407,0.004252520961571088,0.71589265562772,5.018391424943278e-07
31,1.5,4.9,84.10000000000005,0.0027979854504756574,0.15687371759000202,7.3500000000000005,1606.6319999999998,19.103828775267527,0.0032901083228997386,0.7191827639506198,2.421849215629288e-07
78,1.25,4.8,85.35000000000005,0.002331654542063048,0.15920537213206506,6.0,1612.6319999999998,18.894340949033378,0.002685802712571215,0.721868566663191,1.254209266742819e-07
30,2.0,4.6,87.35000000000005,0.0037306472673008764,0.16293601939936594,9.2,1621.8319999999999,18.567052089295924,0.004118230825942529,0.7259867974891335,1.5022101492932776e-07
64,1.5999999999999943,4.5,88.95000000000005,0.0029845178138406905,0.16592053721320663,7.199999999999974,1629.032,18.314019111860585,0.003222963255085447,0.729209760744219,5.685622845040647e-08
280,1.1999999999999886,4.5,90.15000000000003,0.0022383883603805045,0.16815892557358714,5.399999999999949,1634.4319999999998,18.13013865779256,0.0024172224413140705,0.731626983185533,3.1981628503353255e-08
38,2.259999999999998,4.4,92.41000000000003,0.004215631412049987,0.1723745569856371,9.943999999999992,1644.3759999999997,17.794351260686064,0.004451270362301357,0.7360782535478343,5.552571487556778e-08
157,1.5,4.4,93.91000000000003,0.0027979854504756574,0.17517254243611277,6.6000000000000005,1650.9759999999997,17.58040677244169,0.0029543829838283367,0.7390326365316626,2.4460188438802516e-08
191,2.0,4.3,95.91000000000003,0.0037306472673008764,0.17890318970341365,8.6,1659.5759999999996,17.303472005004682,0.0038496505546854083,0.7428822870863481,1.4161782408325455e-08
123,1.8000000000000114,4.2,97.71000000000004,0.00335758254057081,0.18226077224398446,7.5600000000000485,1667.1359999999995,17.062081670248684,0.003384111417839753,0.7462663985041879,7.037813291506181e-10
267,1.8000000000000114,4.2,99.51000000000005,0.00335758254057081,0.18561835478455527,7.5600000000000485,1674.6959999999995,16.82942417847451,0.003384111417839753,0.7496505099220276,7.037813291506181e-10
282,1.3999999999999773,4.2,100.91000000000003,0.002611453087110571,0.18822980787166585,5.879999999999905,1680.5759999999993,16.65420671885838,0.002632086658319748,0.7522825965803474,4.257442608441818e-10
193,2.0,4.2,102.91000000000003,0.0037306472673008764,0.19196045513896673,8.4,1688.9759999999994,16.41216597026527,0.0037601237975997013,0.7560427203779471,8.688658384575422e-10
194,2.0,4.1,104.91000000000003,0.0037306472673008764,0.1956911024062676,8.2,1697.1759999999995,16.17744733581164,0.0036705970405139935,0.759713317418461,3.6060297371560508e-09
16,1.8999999999999986,4.1,106.81000000000003,0.00354411490393583,0.19923521731020344,7.789999999999994,1704.9659999999994,15.96260649751895,0.0034870671884882913,0.7632003846069494,3.2544418377833314e-09
128,2.319999999999993,4.1,109.13000000000002,0.004327550830069004,0.20356276814027244,9.511999999999972,1714.4779999999994,15.710418766608623,0.00425789256699622,0.7674582771739457,4.852273614317154e-09
93,2.0,4.0,111.13000000000002,0.0037306472673008764,0.20729341540757332,8.0,1722.4779999999994,15.49966705660037,0.003581070283428287,0.7710393474573739,2.237327410442093e-08
176,1.3999999999999773,3.8,112.53,0.002611453087110571,0.2099048684946839,5.319999999999913,1727.7979999999993,15.354110015107077,0.002381411738479772,0.7734207591958536,5.291902207987688e-08
166,1.5,3.8,114.03,0.0027979854504756574,0.21270285394515956,5.699999999999999,1733.4979999999994,15.202122248531083,0.002551512576942654,0.7759722717727963,6.074887738761574e-08
99,1.539999999999992,3.8,115.57,0.0028725983958216602,0.21557545234098122,5.851999999999969,1739.3499999999992,15.050186034437997,0.002619552912327778,0.778591824685124,6.403201671665245e-08
14,1.7800000000000011,3.8,117.35,0.003320276067897782,0.218895728408879,6.764000000000004,1746.1139999999991,14.879539838091173,0.003027794924638618,0.7816196196097627,8.554521916218753e-08
287,1.3600000000000136,3.7,118.71000000000001,0.0025368401417646216,0.2214325685506436,5.032000000000051,1751.1459999999993,14.751461544941447,0.002252493208276415,0.783872112818039,8.085317858414643e-08
204,2.0,3.6,120.71000000000001,0.0037306472673008764,0.2251632158179445,7.2,1758.3459999999993,14.566697042498543,0.003222963255085458,0.7870950760731245,2.577430562591449e-07
177,1.6200000000000045,3.6,122.33000000000001,0.0030218242865137183,0.2281850401044582,5.832000000000017,1764.1779999999994,14.421466524973427,0.0026106002366192284,0.7897056763097436,1.6910521921162592e-07
132,2.5999999999999943,3.6,124.93,0.004849841447491129,0.23303488155194932,9.35999999999998,1773.5379999999993,14.196253902185218,0.004189852231611086,0.7938955285413547,4.35585765077953e-07
186,1.5,3.6,126.43,0.0027979854504756574,0.23583286700242498,5.4,1778.9379999999994,14.070537056078457,0.002417222441314094,0.7963127509826688,1.44980469145769e-07
69,1.0999999999999943,3.6,127.53,0.0020518559970154715,0.23788472299944044,3.9599999999999795,1782.8979999999995,13.980224260958202,0.0017726297902969927,0.7980853807729659,7.796727451839053e-08
67,1.4000000000000057,3.5,128.93,0.0026114530871106244,0.24049617608655108,4.90000000000002,1787.7979999999995,13.86642364073528,0.0021934055485998347,0.8002787863215657,1.7476374445493008e-07
141,2.799999999999983,3.5,131.73,0.005222906174221195,0.24571908226077227,9.79999999999994,1797.5979999999995,13.646079101191829,0.004386811097199624,0.8046655974187653,6.990549778197061e-07
94,2.0,3.4,133.73,0.0037306472673008764,0.24944972952807315,6.8,1804.3979999999995,13.492843789725564,0.0030439097409140437,0.8077095071596794,4.716084301479058e-07
273,1.1999999999999886,3.3,134.92999999999998,0.0022383883603805045,0.25168811788845363,3.959999999999962,1808.3579999999995,13.402193730082264,0.001772629790296985,0.8094821369499764,2.169310456062448e-07
140,1.5,3.3,136.42999999999998,0.0027979854504756574,0.2544861033389293,4.949999999999999,1813.3079999999995,13.291123653155463,0.002215787237871252,0.8116979241878477,3.38954758759764e-07
101,1.0999999999999943,3.3,137.52999999999997,0.0020518559970154715,0.25653795933594475,3.6299999999999812,1816.9379999999994,13.21121209917836,0.0016249106411055766,0.8133228348289533,1.8228233693302674e-07
270,1.1999999999999886,3.2,138.72999999999996,0.0022383883603805045,0.25877634769632524,3.839999999999964,1820.7779999999993,13.124616160888054,0.0017189137360455614,0.8150417485649989,2.6985388532793035e-07
103,1.25,3.2,139.97999999999996,0.002331654542063048,0.26110800223838826,4.0,1824.7779999999993,13.035990855836546,0.0017905351417141435,0.816832283706713,2.928102054339578e-07
179,2.5,3.1,142.47999999999996,0.004663309084126096,0.26577131132251436,7.75,1832.5279999999993,12.861650758001122,0.003469161837071153,0.8203014455437841,1.4259876476488981e-06
167,2.0,3.1,144.47999999999996,0.0037306472673008764,0.26950195858981524,6.2,1838.7279999999994,12.726522702104097,0.0027753294696569223,0.8230767750134411,9.126320944952948e-07
124,1.4199999999999875,3.1,145.89999999999995,0.002648759559783599,0.27215071814959885,4.401999999999961,1843.1299999999994,12.63283070596299,0.001970483923456397,0.8250472589368976,4.6005783883507003e-07
187,2.0,3.0,147.89999999999995,0.0037306472673008764,0.2758813654168997,6.0,1849.1299999999994,12.502569303583503,0.002685802712571215,0.8277330616494688,1.0917001435482243e-06
70,1.5,3.0,149.39999999999995,0.0027979854504756574,0.2786793508673754,4.5,1853.6299999999994,12.407161981258367,0.002014352034428411,0.8297474136838973,6.140813307458762e-07
259,1.0,3.0,150.39999999999995,0.0018653236336504382,0.2805446745010258,3.0,1856.6299999999994,12.344614361702128,0.0013429013562856074,0.8310903150401828,2.729250358870561e-07
281,0.6999999999999886,3.0,151.09999999999994,0.0013057265435552855,0.2818504010445811,2.099999999999966,1858.7299999999993,12.301323626737261,0.00094003094939991,0.8320303459895827,1.3373326758465312e-07
100,1.9000000000000057,2.9,152.99999999999994,0.0035441149039358434,0.28539451594851695,5.510000000000017,1864.2399999999993,12.184575163398693,0.00246646215771124,0.834496808147294,1.1613354414454293e-06
185,2.6999999999999886,2.9,155.69999999999993,0.005036373810856162,0.2904308897593731,7.829999999999967,1872.0699999999993,12.023570969813745,0.003504972539905421,0.8380017806871994,2.3451898526695457e-06
189,1.8000000000000114,2.9,157.49999999999994,0.00335758254057081,0.2937884722999439,5.220000000000033,1877.2899999999993,11.919301587301588,0.002336648359936972,0.8403384290471364,1.0423066011864867e-06
47,1.25,2.9,158.74999999999994,0.002331654542063048,0.29612012684200695,3.625,1880.9149999999993,11.84828346456693,0.0016226724721784425,0.8419611015193148,5.026555754178594e-07
277,1.3999999999999773,2.8,160.14999999999992,0.002611453087110571,0.29873157992911753,3.919999999999936,1884.8349999999991,11.76918513893225,0.0017547244388798318,0.8437158259581946,7.339839766992696e-07
266,1.099999999999966,2.8,161.2499999999999,0.0020518559970154186,0.30078343592613294,3.079999999999904,1887.914999999999,11.708000000000002,0.0013787120591198475,0.8450945380173145,4.531227611255562e-07
206,1.8999999999999773,2.8,163.14999999999986,0.0035441149039357905,0.30432755083006874,5.319999999999936,1893.234999999999,11.604259883542756,0.002381411738479782,0.8474759497557943,1.3518786509614215e-06
118,1.7900000000000205,2.8,164.93999999999988,0.0033389293042343227,0.3076664801343031,5.012000000000057,1898.246999999999,11.508712259003275,0.0022435405325678475,0.8497194902883621,1.1998765610929898e-06
127,2.1599999999999966,2.7,167.09999999999988,0.00402909904868494,0.311695579182988,5.831999999999991,1904.0789999999988,11.394847396768403,0.002610600236619217,0.8523300905249813,2.012138879831868e-06
137,2.3999999999999773,2.6,169.49999999999986,0.004476776720761009,0.31617235590374904,6.239999999999941,1910.3189999999988,11.270318584070798,0.0027932348210740372,0.8551233253460554,2.834313328001619e-06
304,1.6999999999999886,2.6,171.19999999999985,0.003171050177205724,0.31934340608095474,4.419999999999971,1914.738999999999,11.184223130841126,0.0019785413315941153,0.8571018666776495,1.4220773468619313e-06
36,1.4600000000000009,2.6,172.65999999999985,0.0027233725051296416,0.3220667785860844,3.7960000000000025,1918.534999999999,11.111635584385501,0.0016992178494867232,0.8588010845271362,1.0488927586750645e-06
33,2.1499999999999986,2.6,174.80999999999986,0.00401044581234844,0.32607722439843284,5.589999999999996,1924.1249999999989,11.006950403295008,0.0025022728605455136,0.8613033573876817,2.2745856525499504e-06
131,1.4000000000000057,2.6,176.20999999999987,0.0026114530871106244,0.3286886774855435,3.640000000000015,1927.764999999999,10.940156631292211,0.0016293869789598772,0.8629327443666416,9.644538407783548e-07
271,1.3500000000000227,2.6,177.5599999999999,0.002518186905428134,0.33120686439097163,3.5100000000000593,1931.274999999999,10.876745888713675,0.0015711945868541874,0.8645039389534958,8.967944514380593e-07
85,1.4000000000000057,2.6,178.9599999999999,0.0026114530871106244,0.33381831747808227,3.640000000000015,1934.914999999999,10.811997094322754,0.0016293869789598772,0.8661333259324556,9.644538407783548e-07
21,1.5500000000000007,2.6,180.5099999999999,0.0028912516321581805,0.33670956911024047,4.030000000000002,1938.944999999999,10.741482466345355,0.0018039641552770004,0.8679372900877326,1.1821940573826431e-06
120,2.930000000000007,2.5,183.4399999999999,0.0054653982465957965,0.3421749673568363,7.325000000000017,1946.269999999999,10.609845180985609,0.0032789174782640327,0.8712162075659966,4.780698150284662e-06
98,1.460000000000008,2.4,184.89999999999992,0.0027233725051296546,0.34489833986196594,3.504000000000019,1949.773999999999,10.545018929150892,0.0015685087841415981,0.8727847163501382,1.33371021405438e-06
258,0.8999999999999773,2.4,185.7999999999999,0.001678791270285352,0.3465771311322513,2.1599999999999455,1951.9339999999988,10.50556512378902,0.000966888976525613,0.8737516053266638,5.068048758603778e-07
84,2.109999999999985,2.4,187.90999999999988,0.003935832867002397,0.3505129639992537,5.0639999999999645,1956.9979999999987,10.414549518386462,0.0022668174894100897,0.8760184228160739,2.7856123306395934e-06
61,1.7000000000000028,2.4,189.6099999999999,0.0031710501772057504,0.35368401417645945,4.080000000000006,1961.0779999999986,10.342692895944305,0.001826345844548429,0.8778447686606223,1.808229742267371e-06
121,1.0300000000000011,2.4,190.6399999999999,0.0019212833426599536,0.3556052975191194,2.4720000000000026,1963.5499999999986,10.299779689467057,0.0011065507175793418,0.8789513193782017,6.637892503707447e-07
160,2.1000000000000227,2.4,192.73999999999992,0.003917179630665963,0.35952247714978536,5.040000000000054,1968.5899999999986,10.213707585348134,0.0022560742785598447,0.8812073936567616,2.7592709907955893e-06
28,1.6999999999999957,2.4,194.4399999999999,0.003171050177205737,0.3626935273269911,4.079999999999989,1972.6699999999985,10.145391894671874,0.0018263458445484215,0.88303373950131,1.808229742267356e-06
49,2.0,2.4,196.4399999999999,0.0037306472673008764,0.366424174594292,4.8,1977.4699999999984,10.066534310731008,0.002148642170056972,0.885182381671367,2.502740127705696e-06
150,1.8999999999999773,2.3,198.3399999999999,0.0035441149039357905,0.3699682894982278,4.369999999999948,1981.8399999999983,9.992134718160731,0.0019561596423226784,0.8871385413136896,2.5216019128847677e-06
102,1.75,2.2,200.0899999999999,0.003264316358888267,0.37323260585711604,3.8500000000000005,1985.6899999999982,9.923984207106798,0.0017233900738998632,0.8888619313875895,2.3744538157681633e-06
80,1.8000000000000114,2.2,201.8899999999999,0.00335758254057081,0.3765901883976869,3.9600000000000253,1989.6499999999983,9.855119124275593,0.0017726297902970133,0.8906345611778865,2.512075220600472e-06
29,1.7000000000000028,2.2,203.58999999999992,0.0031710501772057504,0.37976123857489263,3.7400000000000064,1993.3899999999983,9.791197995972293,0.001674150357502727,0.8923087115353893,2.240709070226944e-06
53,1.2000000000000028,2.1,204.7899999999999,0.0022383883603805314,0.3819996269352732,2.5200000000000062,1995.9099999999983,9.746130182137795,0.001128037139279913,0.8934367486746692,1.232879834199634e-06
288,1.6000000000000227,2.1,206.38999999999993,0.002984517813840744,0.3849841447491139,3.360000000000048,1999.2699999999984,9.68685498328407,0.001504049519039902,0.8949407981937091,2.1917863719105123e-06
63,1.7000000000000028,2.1,208.08999999999992,0.0031710501772057504,0.38815519492631967,3.570000000000006,2002.8399999999983,9.624873852659903,0.0015980526139798756,0.8965388508076889,2.4743213339145393e-06
153,2.0,2.0,210.08999999999992,0.0037306472673008764,0.39188584219362055,4.0,2006.8399999999983,9.552287115045928,0.0017905351417141435,0.898329385949403,3.764035059848672e-06
133,1.960000000000008,2.0,212.04999999999993,0.003656034321954874,0.39554187651557543,3.920000000000016,2010.7599999999984,9.482480547040788,0.0017547244388798676,0.900084110388283,3.614979271478694e-06
92,0.5,2.0,212.54999999999993,0.0009326618168252191,0.39647453833240065,1.0,2011.7599999999984,9.464878852034811,0.00044763378542853586,0.9005317441737115,2.35252191240542e-07
62,1.5999999999999943,2.0,214.14999999999992,0.0029845178138406905,0.39945905614624133,3.1999999999999886,2014.9599999999984,9.409105766985753,0.0014324281133713096,0.9019641722870828,2.408982438303133e-06
83,1.0300000000000153,2.0,215.17999999999995,0.00192128334265998,0.40138033948890134,2.0600000000000307,2017.0199999999984,9.373640672924989,0.0009221255979827976,0.9028862978850656,9.98316198748394e-07
96,1.6800000000000068,2.0,216.85999999999996,0.003133743704532749,0.40451408319343407,3.3600000000000136,2020.3799999999983,9.31651756893848,0.0015040495190398865,0.9043903474041055,2.655903138229245e-06
257,1.1000000000000227,1.9,217.95999999999998,0.0020518559970155244,0.4065659391904496,2.090000000000043,2022.4699999999984,9.279087906037798,0.0009355546115456592,0.9053259020156512,1.2461287832019406e-06
32,1.3500000000000014,1.9,219.30999999999997,0.0025181869054280944,0.4090841260958777,2.5650000000000026,2025.0349999999985,9.233664675573383,0.0011481806596241957,0.9064740826752754,1.8769171135416927e-06
122,1.7699999999999818,1.9,221.07999999999996,0.003301622831561242,0.41238574892743896,3.3629999999999654,2028.3979999999985,9.174950244255468,0.0015053924203961505,0.9079794750956716,3.2264436899943126e-06
90,1.0,1.9,222.07999999999996,0.0018653236336504382,0.4142510725610894,1.9,2030.2979999999986,9.14219200288184,0.000850504192314218,0.9088299792879858,1.029858498513958e-06
88,1.9000000000000057,1.9,223.97999999999996,0.0035441149039358434,0.41779518746502525,3.6100000000000105,2033.9079999999985,9.080757210465215,0.0016159579653970192,0.9104459372533829,3.7177891796354107e-06
165,2.0,1.8,225.97999999999996,0.0037306472673008764,0.42152583473232613,3.6,2037.5079999999984,9.016320028321084,0.001611481627542729,0.9120574188809256,4.49086300873156e-06
97,1.3199999999999932,1.8,227.29999999999995,0.002462227196418566,0.4239880619287447,2.375999999999988,2039.8839999999984,8.974412670479538,0.0010635778741781958,0.9131209967551038,1.956219926603447e-06
45,1.2000000000000028,1.8,228.49999999999994,0.0022383883603805314,0.42622645028912526,2.160000000000005,2042.0439999999985,8.936735229759295,0.0009668889765256397,0.9140878857316295,1.616710683143369e-06
221,1.8000000000000114,1.8,230.29999999999995,0.00335758254057081,0.4295840328296961,3.2400000000000206,2045.2839999999985,8.880955275727308,0.0014503334647884654,0.915538219196418,3.6375990370726093e-06
264,1.1999999999999886,1.8,231.49999999999994,0.0022383883603805045,0.4318224211900766,2.1599999999999797,2047.4439999999986,8.8442505399568,0.0009668889765256283,0.9165051081729436,1.6167106831433305e-06
27,1.0,1.7,232.49999999999994,0.0018653236336504382,0.433687744823727,1.7,2049.1439999999984,8.813522580645156,0.0007609774352285109,0.9172660856081721,1.2195805259689628e-06
161,2.099999999999966,1.7,234.5999999999999,0.003917179630665857,0.43760492445439286,3.569999999999942,2052.7139999999986,8.749846547314576,0.001598052613979847,0.918864138222152,5.378350119522951e-06
294,1.3999999999999773,1.7,235.9999999999999,0.002611453087110571,0.44021637754150345,2.3799999999999613,2055.0939999999987,8.708025423728813,0.001065368409319898,0.9199295066314719,2.3903778308990893e-06
149,1.9000000000000057,1.7,237.8999999999999,0.0035441149039358434,0.4437604924454393,3.2300000000000098,2058.3239999999987,8.652055485498106,0.0014458571269341752,0.921375363758406,4.402685698747982e-06
152,2.0,1.6,239.8999999999999,0.0037306472673008764,0.4474911397127402,3.2,2061.5239999999985,8.59326385994164,0.0014324281133713149,0.9228077918717773,5.281811279488711e-06
151,2.1000000000000227,1.6,241.99999999999991,0.003917179630665963,0.45140831934340614,3.3600000000000367,2064.8839999999987,8.532578512396691,0.001504049519039897,0.9243118413908172,5.823196935636429e-06
261,1.1000000000000227,1.6,243.09999999999994,0.0020518559970155244,0.45346017534042166,1.7600000000000364,2066.643999999999,8.501209378856435,0.0007878354623542394,0.9250996768531715,1.5977479120454009e-06
143,1.0999999999999943,1.6,244.19999999999993,0.0020518559970154715,0.4555120313374371,1.759999999999991,2068.4039999999986,8.470122850122847,0.000787835462354219,0.9258875123155257,1.5977479120453185e-06
12,1.3999999999999773,1.5,245.5999999999999,0.002611453087110571,0.4581234844245477,2.099999999999966,2070.5039999999985,8.430390879478825,0.00094003094939991,0.9268275432649256,2.7936519624292764e-06
274,1.8000000000000114,1.5,247.39999999999992,0.00335758254057081,0.46148106696511854,2.700000000000017,2073.2039999999984,8.379967663702502,0.0012086112206570543,0.9280361544855826,4.6180777338118695e-06
10,1.5,1.5,248.89999999999992,0.0027979854504756574,0.4642790524155942,2.25,2075.4539999999984,8.338505423865001,0.0010071760172142056,0.9290433305027969,3.2069984262582027e-06
43,2.299999999999997,1.5,251.19999999999993,0.004290244357396003,0.4685692967729902,3.4499999999999957,2078.903999999998,8.275891719745218,0.0015443365597284469,0.9305876670625253,7.540009633291488e-06
136,2.1000000000000227,1.5,253.29999999999995,0.003917179630665963,0.47248647640365615,3.150000000000034,2082.0539999999983,8.219715752072636,0.001410046424099903,0.9319977134866252,6.2857169154662115e-06
107,1.259999999999991,1.5,254.55999999999995,0.002350307778399535,0.47483678418205566,1.8899999999999864,2083.943999999998,8.186455059710868,0.0008460278544599266,0.9328437413410852,2.262858089567755e-06
154,1.5999999999999943,1.5,256.15999999999997,0.0029845178138406905,0.47782130199589634,2.3999999999999915,2086.3439999999982,8.144690818238596,0.0010743210850284821,0.9339180624261136,3.648851542764862e-06
59,2.0999999999999943,1.4,258.26,0.00391717963066591,0.48173848162656224,2.939999999999992,2089.2839999999983,8.089847440563767,0.0013160433291598919,0.9352341057552735,6.765910059012406e-06
134,2.9399999999999977,1.4,261.2,0.005484051482932285,0.48722253310949454,4.115999999999997,2093.3999999999983,8.01454823889739,0.0018424606608238522,0.9370765664160974,1.3261183715664366e-05
144,2.299999999999983,1.4,263.5,0.004290244357395976,0.49151277746689054,3.2199999999999758,2096.619999999998,7.956812144212517,0.0014413807890798745,0.9385179472051772,8.116023630878751e-06
321,1.3999999999999773,1.4,264.9,0.002611453087110571,0.4941242305540011,1.959999999999968,2098.579999999998,7.922159305398257,0.0008773622194399159,0.9393953094246171,3.007071137338766e-06
22,1.4499999999999993,1.4,266.34999999999997,0.002704719268793134,0.49682894982279424,2.029999999999999,2100.6099999999983,7.886652900319124,0.0009086965844199272,0.9403040060090371,3.2256974827831394e-06
272,1.6499999999999773,1.4,267.99999999999994,0.0030777839955231806,0.4999067338183174,2.309999999999968,2102.9199999999983,7.846716417910443,0.0010340340443399036,0.941338040053377,4.176913862961649e-06
275,1.5,1.3,269.49999999999994,0.0027979854504756574,0.502704719268793,1.9500000000000002,2104.869999999998,7.810278293135431,0.000872885881585645,0.9422109259349626,3.7060083501405124e-06
34,1.2999999999999972,1.3,270.79999999999995,0.0024249207237455645,0.5051296399925386,1.6899999999999964,2106.559999999998,7.77902511078286,0.0007565010973742239,0.9429674270323368,2.783624049661084e-06
25,1.8999999999999986,1.3,272.69999999999993,0.00354411490393583,0.5086737548964744,2.4699999999999984,2109.029999999998,7.733883388338828,0.0011056554500084828,0.9440730824823453,5.946084508447657e-06
50,2.0,1.3,274.69999999999993,0.0037306472673008764,0.5124044021637753,2.6,2111.629999999998,7.687040407717504,0.0011638478421141932,0.9452369303244595,6.588459289138689e-06
116,1.259999999999991,1.3,275.9599999999999,0.002350307778399535,0.5147547099421748,1.6379999999999881,2113.2679999999978,7.6578779533265635,0.0007332241405319364,0.9459701544649914,2.6149594918591075e-06
331,1.2000000000000455,1.3,277.15999999999997,0.0022383883603806108,0.5169930983025554,1.5600000000000591,2114.8279999999977,7.630350699956696,0.0006983087052685424,0.94666846317026,2.371845344090108e-06
251,1.2000000000000455,1.3,278.36,0.0022383883603806108,0.519231486662936,1.5600000000000591,2116.3879999999976,7.603060784595479,0.0006983087052685424,0.9473667718755285,2.371845344090108e-06
162,1.8000000000000114,1.3,280.16,0.00335758254057081,0.5225890692035068,2.340000000000015,2118.727999999998,7.5625642490005625,0.0010474630579027807,0.9484142349334314,5.336652024202405e-06
314,1.5,1.3,281.66,0.0027979854504756574,0.5253870546539824,1.9500000000000002,2120.6779999999976,7.529212525740245,0.000872885881585645,0.949287120815017,3.7060083501405124e-06
163,2.0,1.2,283.66,0.0037306472673008764,0.5291177019212833,2.4,2123.0779999999977,7.484587181837402,0.001074321085028486,0.9503614419000455,7.056068786625813e-06
86,1.5500000000000114,1.2,285.21000000000004,0.0028912516321582004,0.5320089535534415,1.8600000000000136,2124.937999999998,7.450433014270178,0.0008325988408970828,0.9511940407409425,4.238051314967191e-06
319,1.3000000000000114,1.2,286.51000000000005,0.002424920723745591,0.534433874277187,1.5600000000000136,2126.497999999998,7.422072528009484,0.000698308705268522,0.951892349446211,2.981189062349458e-06
112,2.0,1.2,288.51000000000005,0.0037306472673008764,0.5381645215444879,2.4,2128.897999999998,7.378940071401329,0.001074321085028486,0.9529666705312395,7.056068786625813e-06
322,1.1999999999999886,1.1,289.71000000000004,0.0022383883603805045,0.5404029099048684,1.3199999999999876,2130.217999999998,7.352932242587407,0.0005908765967656618,0.9535575471280052,2.71429501124929e-06
284,0.8999999999999773,1.1,290.61,0.001678791270285352,0.5420817011751538,0.9899999999999751,2131.207999999998,7.333567323904882,0.00044315744757423935,0.9540007045755795,1.5267909438276776e-06
57,1.1999999999999886,1.1,291.81,0.0022383883603805045,0.5443200895355342,1.3199999999999876,2132.527999999998,7.307933244234255,0.0005908765967656618,0.9545915811723452,2.71429501124929e-06
142,1.200000000000017,1.1,293.01,0.002238388360380558,0.5465584778959148,1.320000000000019,2133.847999999998,7.282509129381244,0.0005908765967656758,0.9551824577691109,2.714295011249419e-06
81,1.5999999999999943,1.1,294.61,0.0029845178138406905,0.5495429957097555,1.7599999999999938,2135.6079999999984,7.248932487016728,0.0007878354623542203,0.9559702932314651,4.8254133533321284e-06
188,2.1999999999999886,1.1,296.81,0.004103711994030943,0.5536467077037864,2.4199999999999875,2138.0279999999984,7.203355682086178,0.001083273760737051,0.9570535669922021,9.123047121143525e-06
263,1.3999999999999773,1.1,298.21,0.002611453087110571,0.556258160790897,1.5399999999999752,2139.5679999999984,7.174702390932559,0.0006893560295599341,0.957742923021762,3.694457098644817e-06
52,1.7999999999999972,1.1,300.01,0.0033575825405707835,0.5596157433314678,1.979999999999997,2141.5479999999984,7.138255391486945,0.0008863148951484996,0.9586292379169105,6.107163775310999e-06
82,1.4599999999999937,1.1,301.46999999999997,0.002723372505129628,0.5623391158365975,1.6059999999999932,2143.153999999998,7.109012505390249,0.0007188998593982255,0.9593481377763087,4.01791058748545e-06
46,1.7000000000000028,1.1,303.16999999999996,0.0031710501772057504,0.5655101660138032,1.8700000000000032,2145.023999999998,7.07531747864234,0.0008370751787513635,0.96018521295506,5.447439293410154e-06
332,1.8999999999999773,1.1,305.06999999999994,0.0035441149039357905,0.569054280917739,2.089999999999975,2147.113999999998,7.03810273052086,0.0009355546115456287,0.9611207675666056,6.8045867990346455e-06
201,1.8999999999999773,1.1,306.9699999999999,0.0035441149039357905,0.5725983958216748,2.089999999999975,2149.2039999999984,7.001348665993416,0.0009355546115456287,0.9620563221781512,6.8045867990346455e-06
318,1.6999999999999886,1.0,308.6699999999999,0.003171050177205724,0.5757694459988806,1.6999999999999886,2150.903999999998,6.968296238701522,0.0007609774352285058,0.9628172996133797,5.808450621621586e-06
265,1.400000000000034,1.0,310.06999999999994,0.0026114530871106773,0.5783808990859912,1.400000000000034,2152.3039999999983,6.941348727706643,0.0006266872995999654,0.9634439869129796,3.9392952312730155e-06
181,1.8000000000000114,1.0,311.86999999999995,0.00335758254057081,0.581738481626562,1.8000000000000114,2154.1039999999985,6.907057427774389,0.0008057408137713696,0.964249727726751,6.511896198634751e-06
222,1.1999999999999886,1.0,313.06999999999994,0.0022383883603805045,0.5839768699869425,1.1999999999999886,2155.3039999999983,6.884415625898357,0.0005371605425142379,0.9647868882692653,2.89417608828202e-06
58,1.3000000000000114,1.0,314.36999999999995,0.002424920723745591,0.5864017907106881,1.3000000000000114,2156.6039999999985,6.8600820688997,0.0005819239210571017,0.9653688121903223,3.396637214719994e-06
44,2.200000000000003,1.0,316.56999999999994,0.00410371199403097,0.590505502704719,2.200000000000003,2158.8039999999983,6.819357488075303,0.0009847943279427801,0.9663536065182651,9.727647407836998e-06
79,1.3499999999999943,1.0,317.91999999999996,0.002518186905428081,0.5930236896101471,1.3499999999999943,2160.153999999998,6.79464645193759,0.0006043056103285209,0.9669579121285936,3.6629416117319694e-06
203,1.900000000000034,1.0,319.82,0.0035441149039358963,0.596567804514083,1.900000000000034,2162.0539999999983,6.760221374523164,0.0008505041923142334,0.9678084163209079,7.255538665762961e-06
276,1.5,0.9,321.32,0.0027979854504756574,0.5993657899645586,1.35,2163.403999999998,6.732864434208882,0.0006043056103285235,0.9684127219312364,4.812231241067956e-06
256,1.3999999999999773,0.9,322.71999999999997,0.002611453087110571,0.6019772430516691,1.2599999999999796,2164.663999999998,6.7075607337630085,0.000564018569639946,0.9689767405008763,4.191988103330172e-06
290,1.1999999999999886,0.9,323.91999999999996,0.0022383883603805045,0.6042156314120496,1.0799999999999899,2165.743999999998,6.686045937268456,0.00048344448826281416,0.9694601849891391,3.079827994283433e-06
172,2.1000000000000227,0.9,326.02,0.003917179630665963,0.6081328110427155,1.8900000000000206,2167.6339999999977,6.648776148702527,0.000846027854459942,0.9703062128435991,9.431973232493397e-06
23,1.5,0.9,327.52,0.0027979854504756574,0.6109307964931912,1.35,2168.9839999999976,6.6224474841231,0.0006043056103285235,0.9709105184539276,4.812231241067956e-06
327,1.2999999999999545,0.9,328.81999999999994,0.002424920723745485,0.6133557172169366,1.169999999999959,2170.1539999999977,6.599823611702446,0.0005237315289513686,0.971434249982879,3.614520354401901e-06
299,1.3999999999999773,0.9,330.2199999999999,0.002611453087110571,0.6159671703040471,1.2599999999999796,2171.4139999999975,6.5756586518078795,0.000564018569639946,0.9719982685525189,4.191988103330172e-06
200,2.0,0.8,332.2199999999999,0.0037306472673008764,0.619697817571348,1.6,2173.0139999999974,6.540888567816501,0.0007162140566856574,0.9727144826092046,9.08680758125998e-06
89,2.0,0.8,334.2199999999999,0.0037306472673008764,0.6234284648386489,1.6,2174.6139999999973,6.506534617916336,0.0007162140566856574,0.9734306966658902,9.08680758125998e-06
164,2.0,0.8,336.2199999999999,0.0037306472673008764,0.6271591121059498,1.6,2176.213999999997,6.472589376003801,0.0007162140566856574,0.9741469107225759,9.08680758125998e-06
296,1.5,0.8,337.7199999999999,0.0027979854504756574,0.6299570975564254,1.2000000000000002,2177.413999999997,6.447394291128739,0.0005371605425142431,0.9746840712650902,5.111329264458739e-06
54,1.5,0.8,339.2199999999999,0.0027979854504756574,0.632755083006901,1.2000000000000002,2178.613999999997,6.422422027003117,0.0005371605425142431,0.9752212318076044,5.111329264458739e-06
323,1.5000000000000568,0.8,340.71999999999997,0.0027979854504757633,0.6355530684573767,1.2000000000000455,2179.8139999999967,6.397669640760733,0.0005371605425142634,0.9757583923501187,5.111329264459126e-06
219,1.6000000000000227,0.8,342.32,0.002984517813840744,0.6385375862712175,1.2800000000000182,2181.093999999997,6.371506193035747,0.000572971245348534,0.9763313635954672,5.815556852006552e-06
51,2.0,0.8,344.32,0.0037306472673008764,0.6422682335385184,1.6,2182.693999999997,6.339143819702593,0.0007162140566856574,0.9770475776521529,9.08680758125998e-06
248,1.1000000000000227,0.8,345.42,0.0020518559970155244,0.6443200895355339,0.8800000000000182,2183.573999999997,6.321504255688717,0.0003939177311771197,0.97744149538333,2.7487592933312575e-06
328,1.7999999999999545,0.8,347.21999999999997,0.003357582540570704,0.6476776720761046,1.4399999999999638,2185.013999999997,6.292880594435796,0.0006445926510170754,0.9780860880343472,7.360314140820211e-06
11,1.6000000000000227,0.8,348.82,0.002984517813840744,0.6506621898899454,1.2800000000000182,2186.293999999997,6.26768533914339,0.000572971245348534,0.9786590592796957,5.815556852006552e-06
305,1.3000000000000114,0.8,350.12,0.002424920723745591,0.653087110613691,1.0400000000000091,2187.333999999997,6.2473837541414285,0.0004655391368456814,0.9791245984165413,3.8391762030824085e-06
87,1.4499999999999886,0.7,351.57,0.0027047192687931145,0.6557918298824841,1.014999999999992,2188.348999999997,6.22450436612907,0.00045434829220996026,0.9795789467087512,5.064169532247818e-06
292,1.5,0.7,353.07,0.0027979854504756574,0.6585898153329597,1.0499999999999998,2189.398999999997,6.201033789333552,0.00047001547469996256,0.9800489621834512,5.419444208113089e-06
223,1.0,0.7,354.07,0.0018653236336504382,0.6604551389666101,0.7,2190.098999999997,6.185497218064216,0.00031334364979997506,0.9803623058332511,2.408641870272484e-06
295,1.6000000000000227,0.7,355.67,0.002984517813840744,0.6634396567804509,1.1200000000000159,2191.218999999997,6.160820423426201,0.0005013498396799673,0.9808636556729311,6.1661231878977334e-06
285,1.1000000000000227,0.7,356.77000000000004,0.0020518559970155244,0.6654915127774664,0.7700000000000159,2191.988999999997,6.143983518793611,0.0003446780147799797,0.9812083336877111,2.9144566630298255e-06
135,0.8999999999999773,0.7,357.67,0.001678791270285352,0.6671703040477518,0.629999999999984,2192.618999999997,6.1302848994883465,0.0002820092848199704,0.981490342972531,1.950999914920613e-06
250,0.8999999999999773,0.7,358.57,0.001678791270285352,0.6688490953180372,0.629999999999984,2193.248999999997,6.11665504643444,0.0002820092848199704,0.9817723522573509,1.950999914920613e-06
228,1.8999999999999773,0.7,360.46999999999997,0.0035441149039357905,0.672393210221973,1.329999999999984,2194.578999999997,6.088104419230441,0.0005953529346199455,0.9823677051919709,8.69519715168346e-06
260,1.8999999999999773,0.7,362.36999999999995,0.0035441149039357905,0.6759373251259088,1.329999999999984,2195.908999999997,6.059853188729743,0.0005953529346199455,0.9829630581265909,8.69519715168346e-06
147,2.0999999999999943,0.6,364.4699999999999,0.00391717963066591,0.6798545047565747,1.2599999999999965,2197.168999999997,6.028394655252827,0.0005640185696399536,0.9835270766962309,1.1243689101180717e-05
333,2.2000000000000455,0.6,366.66999999999996,0.004103711994031049,0.6839582167506058,1.3200000000000272,2198.4889999999973,5.995824583412872,0.0005908765967656795,0.9841179532929966,1.2340012528280546e-05
249,1.8999999999999773,0.6,368.56999999999994,0.0035441149039357905,0.6875023316545416,1.1399999999999864,2199.628999999997,5.968008790731741,0.0005103025153885247,0.9846282558083851,9.204017608902865e-06
6,1.3999999999999773,0.6,369.9699999999999,0.002611453087110571,0.6901137847416521,0.8399999999999863,2200.4689999999973,5.947695759115598,0.000376012379759964,0.985004268188145,4.9971951560801835e-06
108,1.460000000000008,0.6,371.42999999999995,0.0027233725051296546,0.6928371572467817,0.8760000000000048,2201.3449999999975,5.92667528201814,0.00039212719603539954,0.9853963953841804,5.4347046911739696e-06
115,1.990000000000009,0.6,373.41999999999996,0.003711994030964389,0.6965491512777461,1.1940000000000055,2202.5389999999975,5.898288790102292,0.0005344747398016743,0.9859308701239822,1.0096628845711202e-05
220,1.3999999999999773,0.6,374.81999999999994,0.002611453087110571,0.6991606043648566,0.8399999999999863,2203.3789999999976,5.878499012859501,0.000376012379759964,0.9863068825037421,4.9971951560801835e-06
182,1.1999999999999886,0.6,376.0199999999999,0.0022383883603805045,0.7013989927252371,0.7199999999999932,2204.0989999999974,5.861653635444918,0.0003222963255085428,0.9866291788292506,3.671408686099776e-06
114,2.25,0.6,378.2699999999999,0.004196978175713486,0.7055959709009506,1.3499999999999999,2205.4489999999973,5.830356623575747,0.0006043056103285234,0.9872334844395791,1.290729616206977e-05
7,1.7999999999999545,0.6,380.0699999999999,0.003357582540570704,0.7089535534415213,1.0799999999999728,2206.5289999999973,5.80558581313968,0.0004834444882628065,0.9877169289278419,8.260669543724234e-06
329,1.2000000000000455,0.6,381.2699999999999,0.0022383883603806108,0.7111919418019019,0.7200000000000273,2207.248999999997,5.789201877934266,0.000322296325508558,0.9880392252533504,3.671408686100124e-06
320,1.6000000000000227,0.6,382.86999999999995,0.002984517813840744,0.7141764596157427,0.9600000000000136,2208.208999999997,5.767516389374977,0.0004297284340114005,0.9884689536873619,6.5269487752888e-06
283,1.1000000000000227,0.6,383.96999999999997,0.0020518559970155244,0.7162283156127582,0.6600000000000136,2208.868999999997,5.752712451493599,0.00029543829838283973,0.9887643919857447,3.0850031320701365e-06
198,2.0,0.6,385.96999999999997,0.0037306472673008764,0.7199589628800591,1.2,2210.068999999997,5.726012384382198,0.000537160542514243,0.989301552528259,1.019835746138846e-05
247,1.5,0.6,387.46999999999997,0.0027979854504756574,0.7227569483305347,0.8999999999999999,2210.968999999997,5.706168219475049,0.0004028704068856822,0.9897044229351447,5.736576072031009e-06
334,1.8999999999999773,0.5,389.36999999999995,0.0035441149039357905,0.7263010632344705,0.9499999999999886,2211.9189999999967,5.680763797929981,0.00042525209615710397,0.9901296750313018,9.727305213745152e-06
298,1.1000000000000227,0.5,390.46999999999997,0.0020518559970155244,0.728352919231486,0.5500000000000114,2212.468999999997,5.66616897584961,0.0002461985819856998,0.9903758736132875,3.2603987004521882e-06
252,0.8999999999999773,0.5,391.36999999999995,0.001678791270285352,0.7300317105017714,0.44999999999998863,2212.9189999999967,5.654288780437941,0.00020143520344283604,0.9905773088167303,2.1825809482363887e-06
286,1.1399999999999864,0.5,392.50999999999993,0.0021264689423614743,0.7321581794441329,0.5699999999999932,2213.488999999997,5.639318743471497,0.00025515125769426237,0.9908324600744246,3.5018298769482547e-06
289,1.3999999999999773,0.5,393.9099999999999,0.002611453087110571,0.7347696325312434,0.6999999999999886,2214.1889999999967,5.6210530324185655,0.00031334364979997,0.9911458037242246,5.281306985856048e-06
335,1.6000000000000227,0.5,395.50999999999993,0.002984517813840744,0.7377541503450842,0.8000000000000114,2214.988999999997,5.600336274683313,0.00035810702834283375,0.9915039107525674,6.898033614179748e-06
246,1.5,0.5,397.00999999999993,0.0027979854504756574,0.7405521357955598,0.75,2215.738999999997,5.581065968111627,0.00033572533907140186,0.9918396360916388,6.062724856212497e-06
60,1.5,0.5,398.50999999999993,0.0027979854504756574,0.7433501212460354,0.75,2216.488999999997,5.561940729216324,0.00033572533907140186,0.9921753614307103,6.062724856212497e-06
119,2.1699999999999875,0.5,400.67999999999995,0.004047752285021427,0.7473978735310568,1.0849999999999937,2217.573999999997,5.534526305281015,0.00048568265718995857,0.9926610440879002,1.2688340033519421e-05
3,2.2999999999999545,0.5,402.9799999999999,0.004290244357395923,0.7516881178884527,1.1499999999999773,2218.723999999997,5.505791850712188,0.0005147788532428061,0.993175822941143,1.4254139773050152e-05
171,2.1000000000000227,0.5,405.0799999999999,0.003917179630665963,0.7556052975191186,1.0500000000000114,2219.773999999997,5.479841019057957,0.0004700154746999677,0.993645838415843,1.1882940718176751e-05
26,2.1000000000000014,0.5,407.17999999999995,0.003917179630665923,0.7595224771497846,1.0500000000000007,2220.8239999999973,5.45415786629991,0.00047001547469996294,0.9941158538905429,1.188294071817651e-05
111,1.3600000000000136,0.5,408.53999999999996,0.0025368401417646216,0.7620593172915492,0.6800000000000068,2221.503999999997,5.43766583443481,0.00030439097409140745,0.9944202448646343,4.983829286244827e-06
310,1.8000000000000114,0.25,410.34,0.00335758254057081,0.76541689983212,0.45000000000000284,2221.953999999997,5.414909587171607,0.0002014352034428424,0.9946216800680772,9.96126601365996e-06
309,1.6000000000000227,0.25,411.94,0.002984517813840744,0.7684014176459608,0.4000000000000057,2222.353999999997,5.3948487643831555,0.00017905351417141688,0.9948007335822486,7.870629936719106e-06
308,1.3999999999999773,0.25,413.34,0.002611453087110571,0.7710128707330713,0.3499999999999943,2222.703999999997,5.377422944791206,0.000156671824899985,0.9949574054071486,6.025951045300198e-06
307,1.8000000000000114,0.25,415.14,0.00335758254057081,0.7743704532736422,0.45000000000000284,2223.153999999997,5.355191019896894,0.0002014352034428424,0.9951588406105915,9.96126601365996e-06
306,1.1999999999999886,0.25,416.34,0.0022383883603805045,0.7766088416340227,0.29999999999999716,2223.453999999997,5.340476533602337,0.00013429013562855948,0.9952931307462201,4.4272293394042875e-06
145,2.1000000000000227,0.25,418.44,0.003917179630665963,0.7805260212646886,0.5250000000000057,2223.978999999997,5.314929261064901,0.00023500773734998385,0.99552813848357,1.355838985192618e-05
302,1.1000000000000227,0.25,419.54,0.0020518559970155244,0.7825778772617041,0.2750000000000057,2224.253999999997,5.3016494255613225,0.0001230992909928499,0.9956512377745629,3.7201024310274377e-06
303,1.8999999999999773,0.25,421.44,0.0035441149039357905,0.7861219921656399,0.4749999999999943,2224.728999999997,5.278874810174632,0.00021262604807855198,0.9958638638226415,1.1098817996700971e-05
312,1.1999999999999886,0.25,422.64,0.0022383883603805045,0.7883603805260204,0.29999999999999716,2225.0289999999973,5.26459634677266,0.00013429013562855948,0.9959981539582701,4.4272293394042875e-06
301,1.6000000000000227,0.25,424.24,0.002984517813840744,0.7913448983398612,0.4000000000000057,2225.4289999999974,5.245684046765975,0.00017905351417141688,0.9961772074724415,7.870629936719106e-06
300,1.8999999999999773,0.25,426.14,0.0035441149039357905,0.794889013243797,0.4749999999999943,2225.9039999999973,5.223410146900074,0.00021262604807855198,0.9963898335205201,1.1098817996700971e-05
148,1.9000000000000057,0.25,428.03999999999996,0.0035441149039358434,0.7984331281477328,0.4750000000000014,2226.378999999997,5.2013339874778,0.00021262604807855516,0.9966024595685987,1.1098817996701302e-05
1,1.2000000000000455,0.25,429.24,0.0022383883603806108,0.8006715165081134,0.30000000000001137,2226.6789999999974,5.187491846053484,0.00013429013562856585,0.9967367497042273,4.427229339404707e-06
297,1.5,0.25,430.74,0.0027979854504756574,0.803469501958589,0.375,2227.0539999999974,5.170297627338992,0.00016786266953570093,0.996904612373763,6.91754584281933e-06
173,3.3999999999999773,0.25,434.14,0.006342100354411448,0.8098116023130004,0.8499999999999943,2227.9039999999973,5.1317639471138286,0.0003804887176142529,0.9972851010913772,3.554081330799573e-05
178,2.180000000000007,0.25,436.32,0.0040664055213579684,0.8138780078343584,0.5450000000000017,2228.4489999999973,5.107373028969557,0.0002439604130585528,0.9975290615044358,1.4611086605962129e-05
311,1.1999999999999886,0.25,437.52,0.0022383883603805045,0.8161163961947389,0.29999999999999716,2228.7489999999975,5.094050557688786,0.00013429013562855948,0.9976633516400644,4.4272293394042875e-06
315,1.5,0.25,439.02,0.0027979854504756574,0.8189143816452145,0.375,2229.1239999999975,5.077499886109967,0.00016786266953570093,0.9978312143096001,6.91754584281933e-06
313,1.8000000000000114,0.25,440.82,0.00335758254057081,0.8222719641857853,0.45000000000000284,2229.5739999999973,5.057787759176075,0.0002014352034428424,0.9980326495130429,9.96126601365996e-06
245,0.6999999999999886,0.25,441.52,0.0013057265435552855,0.8235776907293406,0.17499999999999716,2229.7489999999975,5.050165337923532,7.83359124499925e-05,0.9981109854254929,1.5064877613250496e-06
2,1.7999999999999545,0.25,443.31999999999994,0.003357582540570704,0.8269352732699113,0.44999999999998863,2230.1989999999973,5.030675358657398,0.00020143520344283604,0.9983124206289358,9.961266013659332e-06
4,0.7000000000000455,0.25,444.02,0.0013057265435553916,0.8282409998134668,0.17500000000001137,2230.3739999999975,5.023138597360474,7.833591244999886e-05,0.9983907565413858,1.5064877613252942e-06
5,1.6000000000000227,0.25,445.62,0.002984517813840744,0.8312255176273076,0.4000000000000057,2230.7739999999976,5.0060006283380405,0.00017905351417141688,0.9985698100555572,7.870629936719106e-06
8,1.2000000000000455,0.25,446.82000000000005,0.0022383883603806108,0.8334639059876882,0.30000000000001137,2231.073999999998,4.993227697954428,0.00013429013562856585,0.9987041001911858,4.427229339404707e-06
9,1.5,0.25,448.32000000000005,0.0027979854504756574,0.8362618914381638,0.375,2231.448999999998,4.977357690935041,0.00016786266953570093,0.9988719628607216,6.91754584281933e-06
55,1.5,0.25,449.82000000000005,0.0027979854504756574,0.8390598768886394,0.375,2231.823999999998,4.961593526299403,0.00016786266953570093,0.9990398255302573,6.91754584281933e-06
326,1.7000000000000455,0.25,451.5200000000001,0.0031710501772058298,0.8422309270658452,0.42500000000001137,2232.248999999998,4.94385409284195,0.00019024435880713283,0.9992300698890644,8.885203326999526e-06
325,1.2000000000000455,0.25,452.72000000000014,0.0022383883603806108,0.8444693154262258,0.30000000000001137,2232.548999999998,4.931412352005649,0.00013429013562856585,0.999364360024693,4.427229339404707e-06
324,2.099999999999909,0.25,454.82000000000005,0.00391717963066575,0.8483864950568916,0.5249999999999773,2233.0739999999983,4.909797282441401,0.00023500773734997114,0.999599367762043,1.3558389851924715e-05
56,0.9000000000000057,0.25,455.72,0.001678791270285405,0.8500652863271769,0.22500000000000142,2233.298999999998,4.900594663389796,0.0001007176017214212,0.9997000853637643,2.49031650341499e-06
109,1.539999999999992,0.25,457.26,0.0028725983958216602,0.8529378847229986,0.384999999999998,2233.6839999999984,4.884931986178538,0.0001723390073899854,0.9998724243711543,7.2914007648134015e-06
110,1.6399999999999864,0.25,458.9,0.0030591307591866933,0.8559970154821853,0.4099999999999966,2234.0939999999982,4.868367836129872,0.00018352985202569816,1.00005595422318,8.269080577265138e-06
113,1.0,0.25,459.9,0.0018653236336504382,0.8578623391158358,0.25,2234.3439999999982,4.8583257229832535,0.00011190844635713397,1.0001678626695372,3.0744648190308133e-06
317,1.6000000000000227,0.25,461.5,0.002984517813840744,0.8608468569296766,0.4000000000000057,2234.7439999999983,4.8423488624051965,0.00017905351417141688,1.0003469161837086,7.870629936719106e-06
316,1.3999999999999773,0.25,462.9,0.002611453087110571,0.8634583100167871,0.3499999999999943,2235.0939999999982,4.828459710520627,0.000156671824899985,1.0005035880086086,6.025951045300198e-06
293,1.5,0.25,464.4,0.0027979854504756574,0.8662562954672627,0.375,2235.4689999999982,4.813671403962098,0.00016786266953570093,1.0006714506781442,6.91754584281933e-06
180,2.1999999999999886,0.25,466.59999999999997,0.004103711994030943,0.8703600074612936,0.5499999999999972,2236.0189999999984,4.792153879125586,0.00024619858198569346,1.00091764926013,1.4880409724108982e-05
291,0.8000000000000114,0.25,467.4,0.001492258906920372,0.871852266368214,0.20000000000000284,2236.2189999999982,4.78437954642704,8.952675708570844e-05,1.0010071760172157,1.9676574841797766e-06
238,2.579999999999984,0.25,469.97999999999996,0.004812534974818101,0.8766648013430322,0.644999999999996,2236.863999999998,4.759487637771817,0.00028872379160140385,1.001295899808817,2.0464867621396456e-05
231,2.0,0.25,471.97999999999996,0.0037306472673008764,0.880395448610333,0.5,2237.363999999998,4.740378829611421,0.00022381689271426793,1.0015197167015313,1.2297859276123253e-05
232,1.1000000000000227,0.25,473.08,0.0020518559970155244,0.8824473046073485,0.2750000000000057,2237.6389999999983,4.729937854062735,0.0001230992909928499,1.0016428159925241,3.7201024310274377e-06
233,1.8999999999999773,0.25,474.97999999999996,0.0035441149039357905,0.8859914195112844,0.4749999999999943,2238.113999999998,4.712017348098864,0.00021262604807855198,1.0018554420406027,1.1098817996700971e-05
234,1.0,0.25,475.97999999999996,0.0018653236336504382,0.8878567431449348,0.25,2238.363999999998,4.702642968191937,0.00011190844635713397,1.00196735048696,3.0744648190308133e-06
235,2.0,0.25,477.97999999999996,0.0037306472673008764,0.8915873904122357,0.5,2238.863999999998,4.684011883342396,0.00022381689271426793,1.0021911673796742,1.2297859276123253e-05
236,3.0,0.25,480.97999999999996,0.005595970900951315,0.897183361313187,0.75,2239.613999999998,4.656355773628838,0.00033572533907140186,1.0025268927187456,2.767018337127732e-05
262,1.6000000000000227,0.25,482.58,0.002984517813840744,0.9001678791270278,0.4000000000000057,2240.0139999999983,4.641746446185085,0.00017905351417141688,1.002705946232917,7.870629936719106e-06
237,1.420000000000016,0.25,484.0,0.002648759559783652,0.9028166386868114,0.355000000000004,2240.3689999999983,4.62886157024793,0.00015890999382713202,1.0028648562267442,6.199350861093871e-06
239,1.6999999999999886,0.25,485.7,0.003171050177205724,0.9059876888640171,0.42499999999999716,2240.7939999999985,4.613535103973644,0.00019024435880712646,1.0030551005855513,8.885203326998932e-06
229,1.5,0.25,487.2,0.0027979854504756574,0.9087856743144928,0.375,2241.1689999999985,4.6001005747126404,0.00016786266953570093,1.0032229632550869,6.91754584281933e-06
240,2.0,0.25,489.2,0.0037306472673008764,0.9125163215817936,0.5,2241.6689999999985,4.582316026165165,0.00022381689271426793,1.003446780147801,1.2297859276123253e-05
241,1.0500000000000114,0.25,490.25,0.0019585898153329814,0.9144749113971267,0.26250000000000284,2241.9314999999983,4.573037225905147,0.00011750386867499193,1.003564284016476,3.389597462981545e-06
242,1.25,0.25,491.5,0.002331654542063048,0.9168065659391897,0.3125,2242.2439999999983,4.5620427263479115,0.00013988555794641744,1.0037041695744224,4.803851279735646e-06
255,1.6000000000000227,0.25,493.1,0.002984517813840744,0.9197910837530305,0.4000000000000057,2242.6439999999984,4.548051105252481,0.00017905351417141688,1.003883223088594,7.870629936719106e-06
254,1.1000000000000227,0.25,494.20000000000005,0.0020518559970155244,0.921842939750046,0.2750000000000057,2242.9189999999985,4.538484419263453,0.0001230992909928499,1.0040063223795868,3.7201024310274377e-06
253,1.8999999999999773,0.25,496.1,0.0035441149039357905,0.9253870546539819,0.4749999999999943,2243.3939999999984,4.522060068534566,0.00021262604807855198,1.0042189484276653,1.1098817996700971e-05
243,1.3999999999999773,0.25,497.5,0.002611453087110571,0.9279985077410924,0.3499999999999943,2243.7439999999983,4.510038190954771,0.000156671824899985,1.0043756202525653,6.025951045300198e-06
244,0.9000000000000341,0.25,498.40000000000003,0.001678791270285458,0.9296772990113779,0.22500000000000853,2243.9689999999982,4.502345505617973,0.00010071760172142439,1.0044763378542867,2.4903165034151477e-06
230,1.5,0.25,499.90000000000003,0.0027979854504756574,0.9324752844618535,0.375,2244.3439999999982,4.489585917183433,0.00016786266953570093,1.0046442005238223,6.91754584281933e-06
227,1.1000000000000227,0.25,501.00000000000006,0.0020518559970155244,0.934527140458869,0.2750000000000057,2244.6189999999983,4.480277445109777,0.0001230992909928499,1.0047672998148152,3.7201024310274377e-06
190,2.0,0.25,503.00000000000006,0.0037306472673008764,0.9382577877261699,0.5,2245.1189999999983,4.463457256461229,0.00022381689271426793,1.0049911167075294,1.2297859276123253e-05
212,1.6000000000000227,0.25,504.6000000000001,0.002984517813840744,0.9412423055400106,0.4000000000000057,2245.5189999999984,4.450097106619101,0.00017905351417141688,1.0051701702217009,7.870629936719106e-06
197,2.1999999999999886,0.25,506.80000000000007,0.004103711994030943,0.9453460175340416,0.5499999999999972,2246.0689999999986,4.431864640883974,0.00024619858198569346,1.0054163688036866,1.4880409724108982e-05
199,1.900000000000034,0.25,508.7000000000001,0.0035441149039358963,0.9488901324379775,0.4750000000000085,2246.5439999999985,4.416245331236481,0.00021262604807855835,1.0056289948517652,1.1098817996701634e-05
202,2.0,0.25,510.7000000000001,0.0037306472673008764,0.9526207797052784,0.5,2247.0439999999985,4.399929508517717,0.00022381689271426793,1.0058528117444794,1.2297859276123253e-05
207,2.4499999999999886,0.25,513.1500000000001,0.004570042902443553,0.9571908226077219,0.6124999999999972,2247.6564999999987,4.380115950501799,0.00027417569357497695,1.0061269874380543,1.8454475076232287e-05
208,1.0500000000000114,0.25,514.2,0.0019585898153329814,0.959149412423055,0.26250000000000284,2247.9189999999985,4.371682224815244,0.00011750386867499193,1.0062444913067292,3.389597462981545e-06
209,1.6999999999999886,0.25,515.9000000000001,0.003171050177205724,0.9623204626002607,0.42499999999999716,2248.3439999999987,4.358100407055628,0.00019024435880712646,1.0064347356655363,8.885203326998932e-06
210,1.3000000000000114,0.25,517.2,0.002424920723745591,0.9647453833240063,0.32500000000000284,2248.6689999999985,4.347774555297754,0.00014548098026427543,1.0065802166458007,5.195845544162165e-06
211,1.3999999999999773,0.25,518.6,0.002611453087110571,0.9673568364111168,0.3499999999999943,2249.0189999999984,4.336712302352484,0.000156671824899985,1.0067368884707006,6.025951045300198e-06
0,1.3999999999999773,0.25,520.0,0.002611453087110571,0.9699682894982273,0.3499999999999943,2249.3689999999983,4.325709615384612,0.000156671824899985,1.0068935602956006,6.025951045300198e-06
226,1.5699999999999932,0.25,521.5699999999999,0.0029285581048311754,0.9728968476030585,0.3924999999999983,2249.7614999999983,4.313441148839079,0.00017569626078069956,1.0070692565563812,7.578248332428987e-06
213,2.0,0.25,523.5699999999999,0.0037306472673008764,0.9766274948703594,0.5,2250.2614999999983,4.297919093912941,0.00022381689271426793,1.0072930734490955,1.2297859276123253e-05
214,1.0,0.25,524.5699999999999,0.0018653236336504382,0.9784928185040098,0.25,2250.5114999999983,4.290202451531728,0.00011190844635713397,1.0074049818954527,3.0744648190308133e-06
215,2.1999999999999886,0.25,526.77,0.004103711994030943,0.9825965304980407,0.5499999999999972,2251.0614999999984,4.2733289671013885,0.00024619858198569346,1.0076511804774384,1.4880409724108982e-05
216,1.3000000000000114,0.25,528.0699999999999,0.002424920723745591,0.9850214512217863,0.32500000000000284,2251.3864999999983,4.263424356619384,0.00014548098026427543,1.0077966614577027,5.195845544162165e-06
217,1.25,0.25,529.3199999999999,0.002331654542063048,0.9873531057638494,0.3125,2251.6989999999983,4.2539465729615324,0.00013988555794641744,1.0079365470156492,4.803851279735646e-06
218,1.25,0.25,530.5699999999999,0.002331654542063048,0.9896847603059125,0.3125,2252.0114999999983,4.244513447801419,0.00013988555794641744,1.0080764325735956,4.803851279735646e-06
224,2.0,0.25,532.5699999999999,0.0037306472673008764,0.9934154075732133,0.5,2252.5114999999983,4.229512552340535,0.00022381689271426793,1.0083002494663098,1.2297859276123253e-05
225,1.4300000000000068,0.25,534.0,0.0026674127961201395,0.9960828203693335,0.3575000000000017,2252.8689999999983,4.218855805243442,0.00016002907829070233,1.0084602785446004,6.286973108436171e-06
146,2.0999999999999943,-9.0,536.1,0.00391717963066591,0.9999999999999994,-18.89999999999995,2233.9689999999982,4.167075172542432,-0.008460278544599305,1.000000000000001,0.00015320147088043973
