,weight,grade,cml_weight,weight_pct,cml_weight_pct,yield,cml_yield,cml_grade,recovery,cml_recovery,distributional_heterogeneity
3,1.5299999999999994,2.8,1.5299999999999994,0.02281538920369817,0.02281538920369817,4.283999999999998,4.283999999999998,2.8,-1.2324510932105741,-1.2324510932105741,1.575693941872701
5,1.8299999999999992,2.8,3.3599999999999985,0.027288994929913497,0.050104384133611665,5.123999999999997,9.407999999999994,2.7999999999999994,-1.4741081703106864,-2.7065592635212603,2.25419344779251
4,1.5200000000000005,2.4,4.879999999999999,0.02266626901282434,0.072770653146436,3.648000000000001,13.055999999999996,2.6754098360655734,-1.049482163406204,-3.7560414269274642,1.14950226113858
18,1.5300000000000011,1.6,6.41,0.022815389203698196,0.09558604235013421,2.448000000000002,15.503999999999998,2.4187207488299527,-0.7042577675489003,-4.460299194476365,0.5286353752701889
1,1.5299999999999998,1.6,7.9399999999999995,0.02281538920369818,0.11840143155383238,2.448,17.951999999999998,2.2609571788413096,-0.7042577675488998,-5.164556962025265,0.528635375270188
22,1.519999999999996,1.2,9.459999999999996,0.022666269012824276,0.14106770056665666,1.8239999999999952,19.775999999999993,2.0904862579281187,-0.5247410817031004,-5.689298043728366,0.2996548076178274
26,1.5300000000000011,1.2,10.989999999999997,0.022815389203698196,0.16388308977035485,1.8360000000000012,21.611999999999995,1.9665150136487717,-0.5281933256616752,-6.217491369390041,0.3036106038575904
2,1.5200000000000005,1.2,12.509999999999998,0.02266626901282434,0.1865493587831792,1.8240000000000005,23.435999999999996,1.8733812949640287,-0.524741081703102,-6.742232451093143,0.29965480761782914
19,2.129999999999999,1.2,14.639999999999997,0.03176260065612883,0.218311959439308,2.5559999999999987,25.991999999999994,1.7754098360655737,-0.7353279631760568,-7.4775604142692,0.5884279331203804
24,1.5200000000000031,1.2,16.16,0.022666269012824383,0.2409782284521324,1.8240000000000036,27.816,1.7212871287128713,-0.5247410817031029,-8.002301495972302,0.29965480761783014
17,1.5199999999999996,0.8,17.68,0.022666269012824328,0.2636444974649567,1.2159999999999997,29.032,1.6420814479638008,-0.3498273878020678,-8.35212888377437,0.13875152436733065
23,1.5300000000000011,0.8,19.21,0.022815389203698196,0.2864598866686549,1.224000000000001,30.256,1.5750130140551795,-0.3521288837744502,-8.70425776754882,0.1405832078391123
25,1.519999999999996,0.8,20.729999999999997,0.022666269012824276,0.30912615568147916,1.2159999999999969,31.471999999999998,1.5181862035697058,-0.34982738780206696,-9.054085155350887,0.13875152436733004
0,1.52,0.8,22.249999999999996,0.022666269012824335,0.3317924246943035,1.2160000000000002,32.687999999999995,1.469123595505618,-0.3498273878020679,-9.403912543152954,0.13875152436733076
27,1.8299999999999983,0.8,24.079999999999995,0.027288994929913483,0.35908141962421697,1.4639999999999986,34.151999999999994,1.4182724252491694,-0.42117376294591025,-9.825086306098864,0.2011188452015898
11,1.5199999999999996,0.8,25.599999999999994,0.022666269012824328,0.3817476886370413,1.2159999999999997,35.367999999999995,1.3815625,-0.3498273878020678,-10.174913693900931,0.13875152436733065
8,1.5199999999999996,0.8,27.119999999999994,0.022666269012824328,0.4044139576498656,1.2159999999999997,36.583999999999996,1.348967551622419,-0.3498273878020678,-10.524741081702999,0.13875152436733065
6,1.5200000000000014,0.8,28.639999999999993,0.022666269012824355,0.42708022666268997,1.216000000000001,37.8,1.319832402234637,-0.3498273878020682,-10.874568469505068,0.138751524367331
36,1.519999999999996,0.4,30.15999999999999,0.022666269012824276,0.4497464956755142,0.6079999999999984,38.407999999999994,1.2734748010610082,-0.17491369390103348,-11.0494821634061,0.03903784174504142
37,1.5300000000000011,0.4,31.68999999999999,0.022815389203698196,0.4725618848792124,0.6120000000000005,39.019999999999996,1.2313032502366679,-0.1760644418872251,-11.225546605293326,0.03955318721475418
33,1.2199999999999989,0.4,32.90999999999999,0.018192663286608988,0.4907545481658214,0.48799999999999955,39.507999999999996,1.2004861744150717,-0.14039125431530342,-11.36593785960863,0.025148858921970153
21,1.5300000000000011,0.4,34.43999999999999,0.022815389203698196,0.5135699373695196,0.6120000000000005,40.12,1.1649245063879212,-0.1760644418872251,-11.542002301495856,0.03955318721475418
20,0.9100000000000001,0.4,35.349999999999994,0.013569937369519834,0.5271398747390394,0.3640000000000001,40.483999999999995,1.1452333804809052,-0.10471806674338219,-11.646720368239238,0.013992051917013928
10,1.5300000000000011,0.4,36.879999999999995,0.022815389203698196,0.5499552639427376,0.6120000000000005,41.096,1.1143167028199568,-0.1760644418872251,-11.822784810126464,0.03955318721475418
15,1.5199999999999996,0.4,38.39999999999999,0.022666269012824328,0.572621532955562,0.6079999999999999,41.70399999999999,1.0860416666666668,-0.1749136939010339,-11.997698504027499,0.039037841745041595
14,1.2199999999999989,0.4,39.61999999999999,0.018192663286608988,0.5908141962421709,0.48799999999999955,42.19199999999999,1.0649167087329632,-0.14039125431530342,-12.138089758342803,0.025148858921970153
13,1.5199999999999996,0.4,41.139999999999986,0.022666269012824328,0.6134804652549952,0.6079999999999999,42.79999999999999,1.0403500243072437,-0.1749136939010339,-12.313003452243837,0.039037841745041595
12,1.5300000000000011,0.4,42.66999999999999,0.022815389203698196,0.6362958544586934,0.6120000000000005,43.41199999999999,1.0173892664635575,-0.1760644418872251,-12.489067894131063,0.03955318721475418
7,1.5299999999999994,0.4,44.19999999999999,0.02281538920369817,0.6591112436623916,0.6119999999999998,44.023999999999994,0.9960180995475114,-0.17606444188722487,-12.665132336018289,0.03955318721475409
9,1.5199999999999996,0.4,45.719999999999985,0.022666269012824328,0.6817775126752159,0.6079999999999999,44.63199999999999,0.9762029746281716,-0.1749136939010339,-12.840046029919323,0.039037841745041595
16,1.5300000000000011,0.4,47.249999999999986,0.022815389203698196,0.7045929018789141,0.6120000000000005,45.24399999999999,0.9575449735449737,-0.1760644418872251,-13.016110471806549,0.03955318721475418
35,1.2199999999999989,0.0,48.469999999999985,0.018192663286608988,0.7227855651655231,0.0,45.24399999999999,0.9334433670311534,-0.0,-13.016110471806549,0.00033097299745993064
34,1.220000000000006,0.0,49.68999999999999,0.018192663286609095,0.7409782284521321,0.0,45.24399999999999,0.9105252565908634,-0.0,-13.016110471806549,0.0003309729974599345
32,1.8299999999999983,0.0,51.51999999999999,0.027288994929913483,0.7682672233820456,0.0,45.24399999999999,0.8781832298136646,-0.0,-13.016110471806549,0.0007446892442848439
31,1.5200000000000031,0.0,53.03999999999999,0.022666269012824383,0.79093349239487,0.0,45.24399999999999,0.8530165912518853,-0.0,-13.016110471806549,0.0005137597509617228
30,1.529999999999994,0.0,54.569999999999986,0.02281538920369809,0.8137488815985681,0.0,45.24399999999999,0.8291002382261317,-0.0,-13.016110471806549,0.0005205419845162234
29,1.5200000000000031,0.0,56.08999999999999,0.022666269012824383,0.8364151506113925,0.0,45.24399999999999,0.806632198252808,-0.0,-13.016110471806549,0.0005137597509617228
28,1.5200000000000031,0.0,57.60999999999999,0.022666269012824383,0.8590814196242169,0.0,45.24399999999999,0.785349765665683,-0.0,-13.016110471806549,0.0005137597509617228
42,3.3599999999999994,0.0,60.96999999999999,0.05010438413361168,0.9091858037578286,0.0,45.24399999999999,0.7420698704280794,-0.0,-13.016110471806549,0.002510449309408518
38,1.5200000000000031,-8.0,62.489999999999995,0.022666269012824383,0.9318520727706531,-12.160000000000025,33.08399999999997,0.5294287085933744,3.4982738780206857,-9.517836593785862,12.079848251793345
39,1.529999999999994,-8.0,64.01999999999998,0.02281538920369809,0.9546674619743512,-12.239999999999952,20.844000000000015,0.32558575445173416,3.521288837744485,-5.996547756041377,12.239316470144871
40,1.5200000000000031,-8.0,65.53999999999999,0.022666269012824383,0.9773337309871756,-12.160000000000025,8.68399999999999,0.13249923710711003,3.4982738780206857,-2.498273878020691,12.079848251793345
41,1.5200000000000031,-8.0,67.06,0.022666269012824383,1.0,-12.160000000000025,-3.4760000000000346,-0.0518341783477488,3.4982738780206857,0.9999999999999947,12.079848251793345
