,weight,grade,cml_weight,weight_pct,cml_weight_pct,yield,cml_yield,cml_grade,recovery,cml_recovery,distributional_heterogeneity
1,0.9100000000000001,2.08,0.9100000000000001,0.03641456582633054,0.03641456582633054,1.8928000000000003,1.8928000000000003,2.08,0.09201750121536219,0.09201750121536219,0.0030916864238768288
4,1.83,1.8,2.74,0.07322929171668668,0.10964385754301723,3.294,5.1868,1.8929927007299268,0.16013612056392806,0.25215362177929024,0.007552796900283707
6,0.9199999999999999,1.36,3.66,0.03681472589035614,0.14645858343337337,1.2512,6.438,1.7590163934426228,0.060826446280991736,0.312980068060282,0.0005765627161180652
5,3.04,1.32,6.7,0.12164865946378553,0.2681072428971589,4.0128,10.450800000000001,1.5598208955223882,0.19508021390374333,0.5080602819640253,0.005392193187468487
8,1.6799999999999997,1.16,8.379999999999999,0.06722689075630252,0.33533413365346143,1.9487999999999996,12.399600000000001,1.4796658711217188,0.09473991249392318,0.6028001944579485,0.0007569663651347866
3,1.83,0.84,10.209999999999999,0.07322929171668668,0.4085634253701481,1.5372,13.936800000000002,1.3650146914789425,0.07473018959649975,0.6775303840544483,2.2526944456273902e-06
7,2.8900000000000006,0.84,13.1,0.11564625850340139,0.5242096838735495,2.4276000000000004,16.364400000000003,1.2491908396946567,0.11801652892561985,0.7955469129800682,5.618181874443708e-06
9,2.130000000000001,0.64,15.23,0.08523409363745502,0.6094437775110045,1.3632000000000006,17.727600000000002,1.1639921208141826,0.06627126883811378,0.8618181818181819,0.0003595887243705108
2,1.6799999999999997,0.6,16.91,0.06722689075630252,0.676670668267307,1.0079999999999998,18.7356,1.10795978710822,0.04900340301409819,0.9108215848322802,0.00033209550549027114
13,1.5199999999999996,0.6,18.43,0.060824329731892744,0.7374949979991998,0.9119999999999997,19.6476,1.0660661964188822,0.04433641225085074,0.9551579970831309,0.00027185142286165046
11,1.5300000000000011,0.28,19.96,0.061224489795918415,0.7987194877951183,0.42840000000000034,20.076,1.0058116232464929,0.020826446280991753,0.9759844433641226,0.001632001919833908
14,1.2199999999999989,0.28,21.18,0.048819527811124405,0.8475390156062427,0.34159999999999974,20.4176,0.9640037771482531,0.016606708799222155,0.9925911521633447,0.0010376657086935712
0,0.46,0.04,21.64,0.018407362945178075,0.8659463785514208,0.0184,20.436,0.9443622920517559,0.0008945065629557608,0.9934856587263005,0.00030670013866434474
10,2.4399999999999977,0.04,24.08,0.09763905562224881,0.9635854341736696,0.09759999999999991,20.5336,0.8527242524916944,0.0047447739426349006,0.9982304326689354,0.008629347568771453
12,0.9100000000000001,0.04,24.99,0.03641456582633054,1.0000000000000002,0.03640000000000001,20.57,0.8231292517006803,0.0017695673310646576,1.0,0.001200275920736975
