,weight,grade,cml_weight,weight_pct,cml_weight_pct,yield,cml_yield,cml_grade,recovery,cml_recovery,distributional_heterogeneity
1,1.2200000000000002,2.32,1.2200000000000002,0.02713523131672598,0.02713523131672598,2.8304000000000005,2.8304000000000005,2.32,0.11957752429235322,0.11957752429235322,0.008545577530591703
11,2.4299999999999997,0.88,3.65,0.05404804270462633,0.08118327402135231,2.1384,4.9688,1.3613150684931508,0.09034220532319391,0.2099197296155471,0.0013172662401830292
13,1.2200000000000024,0.88,4.870000000000003,0.027135231316726034,0.10831850533807834,1.073600000000002,6.042400000000002,1.2407392197125255,0.04535699197296165,0.2552767215885088,0.0003320325614131363
10,2.4400000000000013,0.84,7.310000000000004,0.054270462633451984,0.16258896797153033,2.049600000000001,8.092000000000004,1.1069767441860465,0.0865906210392903,0.34186734262779905,0.0010445926393784807
20,1.6799999999999997,0.72,8.990000000000004,0.03736654804270462,0.19995551601423495,1.2095999999999998,9.301600000000004,1.0346607341490546,0.05110266159695817,0.39297000422475725,0.00018868081557534816
0,2.44,0.72,11.430000000000003,0.054270462633451956,0.2542259786476869,1.7568,11.058400000000004,0.9674890638670167,0.07422053231939164,0.4671905365441489,0.0003980052804738496
14,1.8299999999999983,0.64,13.260000000000002,0.04070284697508893,0.29492882562277584,1.171199999999999,12.229600000000003,0.922292609351433,0.04948035487959438,0.5166708914237432,7.704464501365573e-05
3,2.4400000000000004,0.64,15.700000000000003,0.05427046263345196,0.3491992882562278,1.5616000000000003,13.791200000000003,0.8784203821656051,0.06597380650612591,0.5826446979298692,0.00013696825780205494
2,1.2199999999999998,0.6,16.92,0.02713523131672597,0.3763345195729538,0.7319999999999999,14.523200000000003,0.8583451536643026,0.03092522179974651,0.6135699197296157,1.4364027861386251e-05
4,1.8200000000000003,0.6,18.740000000000002,0.040480427046263354,0.41681494661921714,1.092,15.615200000000003,0.8332550693703309,0.04613434727503169,0.6597042670046475,3.19668139532759e-05
12,1.8299999999999983,0.6,20.57,0.04070284697508893,0.45751779359430605,1.097999999999999,16.7132,0.8125036460865338,0.046387832699619734,0.7060920997042672,3.231906268811901e-05
16,1.8299999999999983,0.6,22.4,0.04070284697508893,0.49822064056939497,1.097999999999999,17.8112,0.7951428571428572,0.046387832699619734,0.752479932403887,3.231906268811901e-05
17,1.8300000000000018,0.56,24.23,0.04070284697508901,0.5389234875444839,1.024800000000001,18.836000000000002,0.7773834089971111,0.04329531051964517,0.7957752429235322,6.720867229852712e-06
15,1.8300000000000018,0.4,26.060000000000002,0.04070284697508901,0.5796263345195729,0.7320000000000008,19.568,0.75088257866462,0.03092522179974655,0.8267004647232787,9.560195406949064e-05
18,2.4399999999999977,0.28,28.5,0.05427046263345191,0.6338967971530248,0.6831999999999995,20.2512,0.7105684210526316,0.028863540346430062,0.8555640050697088,0.0006455117000987676
6,1.83,0.28,30.33,0.04070284697508897,0.6745996441281138,0.5124000000000001,20.7636,0.6845895153313551,0.021647655259822565,0.8772116603295314,0.0003631003313055574
5,2.4399999999999995,0.28,32.769999999999996,0.05427046263345194,0.7288701067615657,0.6831999999999999,21.4468,0.6544644491913336,0.02886354034643008,0.9060752006759615,0.0006455117000987684
9,1.8299999999999983,0.28,34.599999999999994,0.04070284697508893,0.7695729537366547,0.5123999999999995,21.9592,0.6346589595375723,0.02164765525982254,0.927722855935784,0.0003631003313055567
8,1.5200000000000014,0.28,36.12,0.03380782918149469,0.8033807829181494,0.4256000000000004,22.3848,0.619734219269103,0.017980566117448266,0.9457034220532322,0.00025050225609852823
21,3.200000000000003,0.24,39.32,0.07117437722419935,0.8745551601423488,0.7680000000000007,23.1528,0.5888301119023398,0.032446134347275064,0.9781495564005073,0.0014998767963340372
19,1.0600000000000023,0.2,40.38,0.023576512455516063,0.8981316725978649,0.21200000000000047,23.3648,0.5786230807330361,0.008956485002112399,0.9871060414026197,0.00021374520273827687
22,3.049999999999997,0.08,43.43,0.06783807829181489,0.9659697508896797,0.24399999999999977,23.6088,0.5436058024407091,0.010308407266582163,0.9974144486692018,0.0033096630482715014
7,1.5299999999999994,0.04,44.96,0.03403024911032027,1.0,0.06119999999999998,23.669999999999998,0.526467971530249,0.002585551330798478,1.0000000000000002,0.0009887690184454628
