,weight,grade,cml_weight,weight_pct,cml_weight_pct,yield,cml_yield,cml_grade,recovery,cml_recovery,distributional_heterogeneity
0,0.61,1.24,0.61,0.01852976913730255,0.01852976913730255,0.7564,0.7564,1.24,0.05284041691116885,0.05284041691116885,0.0011772205506623162
2,1.52,0.88,2.13,0.046172539489671933,0.06470230862697449,1.3376000000000001,2.0940000000000003,0.983098591549296,0.09344175259172324,0.14628216950289208,0.002234378507287139
3,2.14,0.84,4.27,0.06500607533414338,0.12970838396111786,1.7976,3.8916000000000004,0.9113817330210775,0.12557632659904433,0.2718584961019364,0.003668755338293235
14,2.4400000000000013,0.72,6.710000000000001,0.07411907654921024,0.2038274605103281,1.7568000000000008,5.648400000000001,0.8417883755588674,0.12272612960013417,0.3945846257020706,0.0023626456062953325
1,1.2200000000000002,0.68,7.9300000000000015,0.037059538274605106,0.2408869987849332,0.8296000000000002,6.4780000000000015,0.8168978562421185,0.05795400564450779,0.4525386313465784,0.00043657876667192773
9,1.5199999999999996,0.68,9.450000000000001,0.04617253948967192,0.2870595382746051,1.0335999999999999,7.511600000000001,0.794878306878307,0.07220499063905886,0.5247436219856373,0.000677688512845217
7,3.0500000000000007,0.6,12.500000000000002,0.09264884568651277,0.3797083839611179,1.8300000000000003,9.341600000000001,0.747328,0.12783971833347305,0.6525833403191104,0.001238397517654577
4,2.8900000000000006,0.4,15.390000000000002,0.08778857837181046,0.46749696233292837,1.1560000000000004,10.497600000000002,0.6821052631578948,0.08075558163578955,0.7333389219548999,4.946304308888096e-05
6,3.049999999999999,0.4,18.44,0.09264884568651272,0.560145808019441,1.2199999999999998,11.717600000000001,0.6354446854663774,0.08522647888898201,0.818565400843882,5.509152887708654e-05
5,2.59,0.28,21.03,0.07867557715674361,0.6388213851761846,0.7252000000000001,12.442800000000002,0.5916690442225393,0.050660854500237516,0.8692262553441195,0.0007848246855209563
10,3.0500000000000007,0.2,24.080000000000002,0.09264884568651277,0.7314702308626974,0.6100000000000002,13.052800000000001,0.5420598006644518,0.042613239444491025,0.9118394947886105,0.0025035618920066457
13,2.59,0.2,26.67,0.07867557715674361,0.810145808019441,0.518,13.570800000000002,0.5088413948256468,0.0361863246430268,0.9480258194316373,0.0018053365791743912
8,3.0500000000000007,0.16,29.720000000000002,0.09264884568651277,0.9027946537059538,0.4880000000000001,14.058800000000002,0.47304172274562584,0.03409059155559282,0.9821164109872301,0.0034290691268614054
11,2.129999999999999,0.08,31.85,0.06470230862697444,0.9674969623329283,0.1703999999999999,14.229200000000002,0.4467566718995291,0.011903763936625024,0.9940201749238552,0.0027876863214188257
12,1.0700000000000003,0.08,32.92,0.032503037667071695,1.0,0.08560000000000002,14.314800000000002,0.43483596597812885,0.00597982507614497,1.0000000000000002,0.0007034808061434941
