,weight,grade,cml_weight,weight_pct,cml_weight_pct,yield,cml_yield,cml_grade,recovery,cml_recovery,distributional_heterogeneity
2,3.039999999999999,0.4,3.039999999999999,0.06195231302221316,0.06195231302221316,1.2159999999999997,1.2159999999999997,0.4,0.21913068550421677,0.21913068550421677,0.02470504077609148
1,2.4400000000000004,0.24,5.4799999999999995,0.04972488282046058,0.11167719584267374,0.5856000000000001,1.8015999999999999,0.3287591240875912,0.10552872486124128,0.32465941036545803,0.0031140687865124045
14,3.039999999999999,0.24,8.52,0.06195231302221316,0.1736295088648869,0.7295999999999998,2.5311999999999997,0.29708920187793425,0.13147841130253007,0.4561378216679881,0.004833878342084287
0,4.88,0.2,13.399999999999999,0.09944976564092115,0.27307927450580805,0.976,3.5071999999999997,0.2617313432835821,0.17588120810206875,0.6320190297700569,0.0058417653966917225
10,3.0500000000000007,0.2,16.45,0.06215610352557573,0.33523537803138376,0.6100000000000002,4.1171999999999995,0.2502857142857143,0.10992575506379301,0.7419447848338498,0.0022819396080827055
17,2.740000000000002,0.2,19.19,0.05583859792133691,0.39107397595272064,0.5480000000000004,4.6652,0.24310578426263676,0.09875297340157146,0.8406977582354214,0.0018416436228585581
3,3.0500000000000007,0.2,22.240000000000002,0.06215610352557573,0.45323007947829635,0.6100000000000002,5.2752,0.2371942446043165,0.10992575506379301,0.9506235132992144,0.0022819396080827055
4,1.3699999999999992,0.08,23.61,0.027919298960668422,0.48114937843896477,0.10959999999999993,5.3848,0.22807285048708176,0.019750594680314267,0.9703741079795286,6.672772961987622e-05
6,1.0599999999999987,0.04,24.669999999999998,0.021601793356429567,0.5027511717953943,0.04239999999999995,5.4272,0.21999189298743416,0.007640741007712815,0.9780148489872414,0.00019491098268360958
8,3.0500000000000007,0.04,27.72,0.06215610352557573,0.5649072753209701,0.12200000000000003,5.5492,0.2001875901875902,0.0219851510127586,1.0,0.001613705425787009
7,3.0500000000000007,0.0,30.77,0.06215610352557573,0.6270633788465458,0.0,5.5492,0.1803444913877153,0.0,1.0,0.003863381205482088
5,0.3100000000000005,0.0,31.08,0.0063175056042388536,0.6333808844507847,0.0,5.5492,0.17854568854568856,0.0,1.0,3.9910877059589325e-05
11,3.039999999999999,0.0,34.12,0.06195231302221316,0.6953331974729978,0.0,5.5492,0.1626377491207503,0.0,1.0,0.003838089088802282
12,1.8299999999999983,0.0,35.949999999999996,0.0372936621153454,0.7326268595883432,0.0,5.5492,0.15435883171070933,0.0,1.0,0.0013908172339735486
13,3.3599999999999994,0.0,39.309999999999995,0.06847360912981455,0.8011004687181578,0.0,5.5492,0.1411650979394556,0.0,1.0,0.004688635147262623
15,3.0500000000000043,0.0,42.36,0.0621561035255758,0.8632565722437335,0.0,5.5492,0.13100094428706327,0.0,1.0,0.003863381205482098
16,3.6599999999999966,0.0,46.019999999999996,0.0745873242306908,0.9378438964744243,0.0,5.5492,0.12058235549760975,0.0,1.0,0.005563268935894194
9,3.0500000000000007,0.0,49.06999999999999,0.06215610352557573,1.0,0.0,5.5492,0.11308742612594254,0.0,1.0,0.003863381205482088
