,weight,grade,cml_weight,weight_pct,cml_weight_pct,yield,cml_yield,cml_grade,recovery,cml_recovery,distributional_heterogeneity
11,5.0,0.825,5.0,0.030084235860409148,0.030084235860409148,4.125,4.125,0.825,0.0989327257464924,0.0989327257464924,0.004740114559594107
19,1.0,0.45,6.0,0.006016847172081829,0.036101083032490974,0.45,4.575,0.7625000000000001,0.010792660990526445,0.10972538673701884,2.280839762844652e-05
16,3.0,0.45,9.0,0.018050541516245487,0.05415162454873646,1.35,5.925000000000001,0.6583333333333334,0.03237798297157933,0.14210336970859816,0.00020527557865601868
14,2.5,0.43,11.5,0.015042117930204574,0.06919374247894103,1.075,7.000000000000001,0.6086956521739131,0.02578246792181317,0.16788583763041132,0.00011535511794224674
13,2.5,0.42,14.0,0.015042117930204574,0.0842358604091456,1.05,8.05,0.5750000000000001,0.025182875644561703,0.19306871327497302,0.00010283496702129355
21,1.5,0.39,15.5,0.009025270758122744,0.09326113116726835,0.585,8.635000000000002,0.5570967741935485,0.014030459287684377,0.2070991725626574,2.5051912216455332e-05
4,3.0,0.345,18.5,0.018050541516245487,0.11131167268351383,1.035,9.670000000000002,0.5227027027027028,0.02482312027821082,0.2319222928408682,4.586782308702382e-05
22,1.5,0.335,20.0,0.009025270758122744,0.12033694344163658,0.5025000000000001,10.172500000000001,0.5086250000000001,0.01205180477275453,0.24397409761362274,9.159908141723187e-06
34,5.000000000000014,0.335,25.000000000000014,0.030084235860409234,0.15042117930204582,1.675000000000005,11.847500000000005,0.47389999999999993,0.04017268257584855,0.28414678018947126,0.0001017767571302582
25,1.0,0.325,26.000000000000014,0.006016847172081829,0.15643802647412766,0.325,12.172500000000005,0.46817307692307686,0.007794699604269099,0.29194147979374035,3.1607592706341856e-06
32,5.0,0.31,31.000000000000014,0.030084235860409148,0.1865222623345368,1.55,13.722500000000005,0.4426612903225806,0.03717472118959109,0.32911620098333144,5.027498220334423e-05
30,5.0,0.31,36.000000000000014,0.030084235860409148,0.21660649819494596,1.55,15.272500000000006,0.4242361111111111,0.03717472118959109,0.36629092217292253,5.027498220334423e-05
20,1.5,0.305,37.500000000000014,0.009025270758122744,0.2256317689530687,0.4575,15.730000000000006,0.41946666666666665,0.010972538673701885,0.37726346084662443,3.791852335043925e-06
36,5.0,0.3,42.500000000000014,0.030084235860409148,0.25571600481347784,1.5,17.230000000000004,0.4054117647058823,0.035975536635088144,0.41323899748171256,3.470742481773332e-05
27,5.0,0.285,47.500000000000014,0.030084235860409148,0.285800240673887,1.4249999999999998,18.655000000000005,0.39273684210526316,0.034176759803333734,0.4474157572850463,1.6748752223410998e-05
3,2.5,0.28,50.000000000000014,0.015042117930204574,0.3008423586040916,0.7000000000000001,19.355000000000004,0.38709999999999994,0.016788583763041137,0.46420434104808744,3.0501429052655037e-06
12,1.5,0.265,51.500000000000014,0.009025270758122744,0.30986762936221435,0.3975,19.752500000000005,0.38354368932038835,0.00953351720829836,0.4737378582563858,2.583144541161131e-07
37,5.0,0.255,56.500000000000014,0.030084235860409148,0.3399518652226235,1.275,21.027500000000003,0.37216814159292033,0.030579206139824924,0.5043170643962107,2.4499557750493014e-07
18,1.7999999999999972,0.255,58.30000000000001,0.010830324909747276,0.3507821901323708,0.4589999999999993,21.486500000000003,0.36855060034305315,0.011008514210336955,0.5153255786065477,3.175142684463884e-08
5,4.0,0.255,62.30000000000001,0.024067388688327317,0.3748495788206981,1.02,22.506500000000003,0.3612600321027287,0.02446336491185994,0.5397889435184077,1.5679716960315528e-07
42,0.9000000000000057,0.245,63.20000000000002,0.005415162454873681,0.38026474127557175,0.2205000000000014,22.727000000000004,0.3596044303797468,0.005288403885357991,0.5450773474037657,1.6067734945664114e-08
6,2.5,0.245,65.70000000000002,0.015042117930204574,0.39530685920577635,0.6125,23.339500000000005,0.3552435312024353,0.014690010792660994,0.5597673581964266,1.2397943630913512e-07
28,5.0,0.23,70.70000000000002,0.030084235860409148,0.4253910950661855,1.1500000000000001,24.489500000000003,0.34638613861386136,0.02758124475356758,0.5873486029499942,6.2649644809279865e-06
35,5.0,0.23,75.70000000000002,0.030084235860409148,0.45547533092659465,1.1500000000000001,25.6395,0.33869881109643324,0.02758124475356758,0.6149298477035618,6.2649644809279865e-06
17,5.0,0.23,80.70000000000002,0.030084235860409148,0.4855595667870038,1.1500000000000001,26.7895,0.3319640644361833,0.02758124475356758,0.6425110924571295,6.2649644809279865e-06
2,5.0,0.23,85.70000000000002,0.030084235860409148,0.5156438026474129,1.1500000000000001,27.9395,0.32601516919486573,0.02758124475356758,0.670092337210697,6.2649644809279865e-06
33,5.0,0.225,90.70000000000002,0.030084235860409148,0.545728038507822,1.125,29.0645,0.32044652701212784,0.02698165247631611,0.6970739896870132,9.626023655250216e-06
23,5.0,0.22,95.70000000000002,0.030084235860409148,0.5758122743682312,1.1,30.1645,0.31519853709508877,0.026382060199064642,0.7234560498860778,1.3706104627451651e-05
40,5.0,0.22,100.70000000000002,0.030084235860409148,0.6058965102286404,1.1,31.2645,0.3104716981132075,0.026382060199064642,0.7498381100851425,1.3706104627451651e-05
10,5.0,0.21,105.70000000000002,0.030084235860409148,0.6359807460890496,1.05,32.3145,0.30571901608325447,0.025182875644561703,0.7750209857297041,2.402333196549214e-05
7,4.0,0.21,109.70000000000002,0.024067388688327317,0.660048134777377,0.84,33.154500000000006,0.302228805834093,0.020146300515649362,0.7951672862453535,1.537493245791497e-05
31,5.0,0.21,114.70000000000002,0.030084235860409148,0.6901323706377862,1.05,34.2045,0.29820836965998254,0.025182875644561703,0.8203501618899152,2.402333196549214e-05
24,1.0,0.205,115.70000000000002,0.006016847172081829,0.696149217809868,0.205,34.4095,0.29740276577355224,0.004916656673462047,0.8252668185633772,1.210419133253248e-06
29,5.0,0.205,120.70000000000002,0.030084235860409148,0.7262334536702773,1.025,35.4345,0.2935749792874896,0.024583283367310232,0.8498501019306874,3.0260478331331197e-05
26,5.0,0.205,125.70000000000002,0.030084235860409148,0.7563176895306865,1.025,36.4595,0.2900517104216388,0.024583283367310232,0.8744333852979976,3.0260478331331197e-05
38,1.0,0.205,126.70000000000002,0.006016847172081829,0.7623345367027683,0.205,36.6645,0.2893804262036306,0.004916656673462047,0.8793500419714597,1.210419133253248e-06
15,2.0,0.195,128.70000000000002,0.012033694344163659,0.774368231046932,0.39,37.0545,0.2879137529137529,0.009353639525122918,0.8887036814965826,7.182693833063501e-06
8,5.0,0.18,133.70000000000002,0.030084235860409148,0.8044524669073412,0.8999999999999999,37.954499999999996,0.2838780852655198,0.021585321981052886,0.9102890034776355,7.22315371287145e-05
1,5.0,0.17,138.70000000000002,0.030084235860409148,0.8345367027677504,0.8500000000000001,38.8045,0.27977289113193937,0.02038613742654995,0.9306751409041855,9.405311323282224e-05
0,5.0,0.16,143.70000000000002,0.030084235860409148,0.8646209386281596,0.8,39.604499999999994,0.27560542797494775,0.01918695287204701,0.9498620937762324,0.00011875077652844682
41,5.0,0.145,148.70000000000002,0.030084235860409148,0.8947051744885688,0.725,40.329499999999996,0.2712138533960995,0.017388176040292604,0.9672502698165251,0.0001611899349559778
43,0.4000000000000057,0.135,149.10000000000002,0.002406738868832766,0.8971119133574016,0.05400000000000077,40.3835,0.27084842387659286,0.0012951193188631917,0.9685453891353882,1.235698023874559e-06
9,5.0,0.125,154.10000000000002,0.030084235860409148,0.9271961492178107,0.625,41.0085,0.266116158338741,0.014989806931286728,0.9835351960666749,0.00022784178469632786
46,1.0999999999999943,0.095,155.20000000000002,0.006618531889289978,0.9338146811071006,0.10449999999999945,41.113,0.2649033505154639,0.0025062957189111276,0.9860414917855861,1.6910486320972116e-05
45,1.8000000000000114,0.09,157.00000000000003,0.010830324909747361,0.944645006016848,0.162000000000001,41.275,0.2628980891719745,0.003885357956589544,0.9899268497421756,4.823256598045418e-05
39,0.6999999999999886,0.08,157.70000000000002,0.0042117930204572124,0.9488567990373052,0.05599999999999909,41.330999999999996,0.26208623969562456,0.001343086701043269,0.9912699364432188,8.229475947045491e-06
47,1.0999999999999943,0.07,158.8,0.006618531889289978,0.9554753309265952,0.07699999999999961,41.407999999999994,0.2607556675062972,0.0018467442139345155,0.9931166806571533,2.2769957618674294e-05
44,3.3999999999999773,0.055,162.2,0.020457280385078085,0.9759326113116733,0.18699999999999875,41.59499999999999,0.256442663378545,0.004484950233840959,0.9976016308909943,0.0002551153304601186
48,4.0,0.025,166.2,0.024067388688327317,1.0000000000000007,0.1,41.69499999999999,0.25087244283995186,0.0023983691090058764,1.0000000000000002,0.000469546409529016
