,weight,grade,cml_weight,weight_pct,cml_weight_pct,yield,cml_yield,cml_grade,recovery,cml_recovery,distributional_heterogeneity
6,5.0,0.515,5.0,0.030266343825665863,0.030266343825665863,2.575,2.575,0.515,0.1092444105044335,0.1092444105044335,0.006237535016315865
67,0.5,0.425,5.5,0.0030266343825665863,0.033292978208232446,0.2125,2.7875,0.5068181818181818,0.00901531542997752,0.11825972593441102,3.5864300687618915e-05
15,2.0,0.39,7.5,0.012106537530266345,0.04539951573849879,0.78,3.5675,0.4756666666666666,0.03309151075474102,0.15135123668915204,0.0004403691012319189
47,2.0,0.385,9.5,0.012106537530266345,0.05750605326876514,0.77,4.3375,0.4565789473684211,0.03266726061685973,0.18401849730601177,0.0004227433338435739
28,1.5,0.34,11.0,0.009079903147699759,0.06658595641646489,0.51,4.8475,0.4406818181818182,0.02163675703194605,0.20565525433795784,0.00015767457947031118
58,2.0,0.335,13.0,0.012106537530266345,0.07869249394673124,0.67,5.5175,0.4244230769230769,0.028424759238046774,0.2340800135760046,0.0002662843597042764
63,2.0,0.27,15.0,0.012106537530266345,0.09079903147699758,0.54,6.0575,0.4038333333333333,0.022909507445589936,0.25698952102159456,0.00011670415899138661
29,1.5,0.265,16.5,0.009079903147699759,0.09987893462469734,0.3975,6.455,0.39121212121212123,0.01686394298078148,0.27385346400237603,6.059127612300292e-05
14,1.2000000000000028,0.25,17.700000000000003,0.007263922518159824,0.10714285714285716,0.3000000000000007,6.755000000000001,0.38163841807909604,0.012727504136438883,0.2865809681388149,2.985072409959682e-05
3,2.0,0.21,19.700000000000003,0.012106537530266345,0.11924939467312351,0.42,7.175000000000001,0.36421319796954316,0.017818505791014395,0.3043994739298293,3.262658141179308e-05
62,1.0,0.195,20.700000000000003,0.006053268765133173,0.1253026634382567,0.195,7.370000000000001,0.3560386473429952,0.008272877688685254,0.31267235161851453,4.926663773512033e-06
42,2.200000000000003,0.195,22.900000000000006,0.013317191283292996,0.1386198547215497,0.42900000000000055,7.799000000000001,0.3405676855895196,0.018200330915107584,0.3308726825336221,2.38450526637983e-05
45,1.0,0.19,23.900000000000006,0.006053268765133173,0.14467312348668288,0.19,7.989000000000002,0.33426778242677824,0.008060752619744607,0.3389334351533667,4.029991426525583e-06
18,2.0,0.19,25.900000000000006,0.012106537530266345,0.15677966101694923,0.38,8.369000000000002,0.3231274131274131,0.016121505239489214,0.3550549403928559,1.611996570610233e-05
5,5.0,0.19,30.900000000000006,0.030266343825665863,0.1870460048426151,0.95,9.319,0.30158576051779934,0.040303763098723036,0.3953587034915789,0.00010074978566313956
7,2.0,0.18,32.900000000000006,0.012106537530266345,0.19915254237288144,0.36,9.679,0.2941945288753799,0.015273004963726623,0.41063170845530556,1.002651600716452e-05
59,2.6000000000000227,0.18,35.50000000000003,0.015738498789346387,0.21489104116222782,0.4680000000000041,10.147000000000004,0.28583098591549283,0.019854906452844785,0.4304866149081503,1.6944812052108332e-05
0,5.0,0.175,40.50000000000003,0.030266343825665863,0.2451573849878937,0.875,11.022000000000004,0.27214814814814803,0.03712188706461332,0.46760850197276366,4.6998473101078177e-05
57,2.0,0.175,42.50000000000003,0.012106537530266345,0.25726392251816005,0.35,11.372000000000003,0.2675764705882352,0.014848754825845328,0.48245725679860896,7.519755696172508e-06
12,1.0,0.165,43.50000000000003,0.006053268765133173,0.26331719128329323,0.165,11.537000000000003,0.2652183908045976,0.00700012727504137,0.4894573840736503,8.965410377855709e-07
31,1.7999999999999972,0.165,45.300000000000026,0.010895883777239693,0.27421307506053294,0.29699999999999954,11.834000000000001,0.2612362030905076,0.012600229095074446,0.5020576131687248,2.9047929624252404e-06
2,4.5,0.165,49.800000000000026,0.027239709443099277,0.3014527845036322,0.7425,12.576500000000001,0.2525401606425702,0.03150057273768617,0.5335581859064109,1.815495601515781e-05
13,1.0,0.16,50.800000000000026,0.006053268765133173,0.3075060532687654,0.16,12.736500000000001,0.2507185039370078,0.006788002206100722,0.5403461881125117,5.398332292760151e-07
1,5.0,0.15,55.800000000000026,0.030266343825665863,0.33777239709443124,0.75,13.486500000000001,0.2416935483870967,0.03181876034109713,0.5721649484536088,2.409997037383762e-06
35,1.6000000000000085,0.15,57.400000000000034,0.009685230024213128,0.34745762711864436,0.24000000000000127,13.726500000000003,0.23913763066202082,0.010182003309151135,0.5823469517627599,2.4678369662809987e-07
50,2.0,0.15,59.400000000000034,0.012106537530266345,0.3595641646489107,0.3,14.026500000000004,0.23613636363636356,0.012727504136438852,0.5950744558991987,3.8559952598140195e-07
44,2.0,0.145,61.400000000000034,0.012106537530266345,0.3716707021791771,0.29,14.316500000000003,0.23316775244299667,0.012303253998557558,0.6073777098977563,3.869736889696741e-08
48,2.0,0.145,63.400000000000034,0.012106537530266345,0.38377723970944344,0.29,14.606500000000002,0.23038643533123018,0.012303253998557558,0.6196809638963139,3.869736889696741e-08
21,2.5,0.14,65.90000000000003,0.015133171912832932,0.39891041162227636,0.35000000000000003,14.956500000000002,0.22695751138088002,0.01484875482584533,0.6345297187221592,8.089307937051282e-08
60,2.0,0.135,67.90000000000003,0.012106537530266345,0.4110169491525427,0.27,15.226500000000001,0.22424889543446236,0.011454753722794968,0.6459844724449542,4.2482213168188446e-07
4,5.0,0.13,72.90000000000003,0.030266343825665863,0.44128329297820856,0.65,15.876500000000002,0.21778463648834012,0.027576258962284182,0.6735607314072384,7.236556572195233e-06
27,2.0,0.125,74.90000000000003,0.012106537530266345,0.4533898305084749,0.25,16.1265,0.21530707610146851,0.010606253447032378,0.6841669848542707,2.2508523304051863e-06
33,2.0,0.125,76.90000000000003,0.012106537530266345,0.4654963680387413,0.25,16.3765,0.2129583875162548,0.010606253447032378,0.6947732383013031,2.2508523304051863e-06
30,1.5,0.12,78.40000000000003,0.009079903147699759,0.474576271186441,0.18,16.5565,0.21117984693877542,0.007636502481863311,0.7024097407831664,2.083405482137099e-06
43,2.0,0.12,80.40000000000003,0.012106537530266345,0.4866828087167074,0.24,16.796499999999998,0.20891169154228845,0.010182003309151082,0.7125917440923175,3.7038319682437315e-06
20,2.0,0.12,82.40000000000003,0.012106537530266345,0.49878934624697374,0.24,17.036499999999997,0.20675364077669892,0.010182003309151082,0.7227737474014686,3.7038319682437315e-06
64,2.5,0.115,84.90000000000003,0.015133171912832932,0.5139225181598067,0.28750000000000003,17.323999999999998,0.20405182567726726,0.012197191464087235,0.7349709388655559,8.619981195416981e-06
24,1.5,0.115,86.40000000000003,0.009079903147699759,0.5230024213075065,0.17250000000000001,17.496499999999997,0.20250578703703692,0.0073183148784523415,0.7422892537440082,3.103193230350113e-06
17,2.0,0.105,88.40000000000003,0.012106537530266345,0.5351089588377729,0.21,17.7065,0.20029977375565602,0.008909252895507197,0.7511985066395154,1.022262903566694e-05
53,1.9999999999999858,0.105,90.40000000000002,0.012106537530266259,0.5472154963680391,0.2099999999999985,17.916499999999996,0.19819137168141585,0.008909252895507133,0.7601077595350225,1.0222629035666794e-05
41,1.5,0.105,91.90000000000002,0.009079903147699759,0.5562953995157389,0.1575,18.073999999999995,0.196670293797606,0.006681939671630398,0.766789699206653,5.7502288325626535e-06
61,1.1999999999999886,0.1,93.10000000000001,0.007263922518159738,0.5635593220338987,0.11999999999999887,18.193999999999992,0.19542427497314704,0.005091001654575493,0.7718807008612285,4.7215850793997e-06
16,2.0,0.1,95.10000000000001,0.012106537530266345,0.575665859564165,0.2,18.39399999999999,0.1934174553101997,0.008485002757625903,0.7803657036188544,1.311551410944386e-05
51,2.0,0.095,97.10000000000001,0.012106537530266345,0.5877723970944314,0.19,18.583999999999993,0.1913903192584963,0.008060752619744607,0.788426456238599,1.6368375542205385e-05
8,2.0,0.095,99.10000000000001,0.012106537530266345,0.5998789346246978,0.19,18.773999999999994,0.1894450050454086,0.008060752619744607,0.7964872088583436,1.6368375542205385e-05
36,2.5,0.09,101.60000000000001,0.015133171912832932,0.6150121065375307,0.22499999999999998,18.998999999999995,0.18699803149606292,0.009545628102329139,0.8060328369606727,3.122064583429924e-05
32,2.0,0.09,103.60000000000001,0.012106537530266345,0.627118644067797,0.18,19.178999999999995,0.18512548262548256,0.007636502481863311,0.813669339442536,1.9981213333951508e-05
70,2.0,0.09,105.60000000000001,0.012106537530266345,0.6392251815980634,0.18,19.358999999999995,0.18332386363636358,0.007636502481863311,0.8213058419243994,1.9981213333951508e-05
46,2.0,0.09,107.60000000000001,0.012106537530266345,0.6513317191283298,0.18,19.538999999999994,0.18158921933085495,0.007636502481863311,0.8289423444062627,1.9981213333951508e-05
37,2.3999999999999915,0.085,110.0,0.014527845036319561,0.6658595641646493,0.2039999999999993,19.742999999999995,0.17948181818181813,0.00865470281277839,0.837597047219041,3.449379957794214e-05
22,4.200000000000003,0.085,114.2,0.02542372881355934,0.6912832929782087,0.35700000000000026,20.099999999999994,0.1760070052539404,0.015145729922362246,0.8527427771414033,0.00010563726120744872
34,2.0,0.085,116.2,0.012106537530266345,0.703389830508475,0.17,20.269999999999996,0.17444061962134247,0.007212252343982017,0.8599550294853854,2.3954027484682215e-05
40,3.200000000000003,0.085,119.4,0.01937046004842617,0.7227602905569012,0.27200000000000024,20.541999999999994,0.17204355108877717,0.011539603750371236,0.8714946332357566,6.132231036078657e-05
39,5.0,0.08,124.4,0.030266343825665863,0.753026634382567,0.4,20.941999999999993,0.16834405144694528,0.016970005515251806,0.8884646387510085,0.00017679261246498457
56,2.0,0.08,126.4,0.012106537530266345,0.7651331719128334,0.16,21.101999999999993,0.16694620253164552,0.006788002206100722,0.8952526409571092,2.8286817994397532e-05
65,2.0,0.08,128.4,0.012106537530266345,0.7772397094430997,0.16,21.261999999999993,0.16559190031152643,0.006788002206100722,0.90204064316321,2.8286817994397532e-05
11,1.0,0.08,129.4,0.006053268765133173,0.7832929782082328,0.08,21.34199999999999,0.1649304482225656,0.003394001103050361,0.9054346442662603,7.071704498599383e-06
19,2.0,0.075,131.4,0.012106537530266345,0.7953995157384992,0.15,21.49199999999999,0.16356164383561636,0.006363752068219426,0.9117983963344797,3.297958486309744e-05
72,1.8000000000000114,0.075,133.20000000000002,0.01089588377723978,0.806295399515739,0.13500000000000084,21.626999999999992,0.1623648648648648,0.0057273768613975195,0.9175257731958772,2.6713463739109267e-05
55,2.0,0.075,135.20000000000002,0.012106537530266345,0.8184019370460054,0.15,21.77699999999999,0.1610724852071005,0.006363752068219426,0.9238895252640966,3.297958486309744e-05
68,3.0,0.075,138.20000000000002,0.018159806295399518,0.8365617433414049,0.22499999999999998,22.001999999999992,0.15920405209840802,0.009545628102329139,0.9334351533664258,7.420406594196925e-05
54,2.0,0.07,140.20000000000002,0.012106537530266345,0.8486682808716712,0.14,22.141999999999992,0.1579315263908701,0.005939501930338132,0.9393746552967639,3.803232809078193e-05
38,5.0,0.07,145.20000000000002,0.030266343825665863,0.8789346246973371,0.35000000000000003,22.491999999999994,0.15490358126721757,0.01484875482584533,0.9542234101226093,0.00023770205056738704
49,2.0,0.065,147.20000000000002,0.012106537530266345,0.8910411622276034,0.13,22.621999999999993,0.15368206521739125,0.005515251792456837,0.9597386619150661,4.344504767745103e-05
23,1.2999999999999972,0.065,148.5,0.007869249394673107,0.8989104116222766,0.08449999999999981,22.70649999999999,0.15290572390572385,0.0035849136650969358,0.963323575580163,1.835553264372298e-05
25,4.700000000000003,0.065,153.2,0.028450363196125927,0.9273607748184025,0.3055000000000002,23.01199999999999,0.15020887728459525,0.012960841712273574,0.9762844172924365,0.0002399252757987236
52,2.0,0.065,155.2,0.012106537530266345,0.9394673123486689,0.13,23.14199999999999,0.14911082474226797,0.005515251792456837,0.9817996690848934,4.344504767745103e-05
9,2.0,0.06,157.2,0.012106537530266345,0.9515738498789352,0.12,23.26199999999999,0.14797709923664118,0.005091001654575541,0.9868906707394689,4.921774362310473e-05
26,0.7999999999999972,0.055,158.0,0.00484261501210652,0.9564164648910417,0.043999999999999845,23.30599999999999,0.147506329113924,0.0018667006066776918,0.9887573713461466,8.85606654843882e-06
66,1.6999999999999886,0.045,159.7,0.010290556900726324,0.966707021791768,0.07649999999999949,23.38249999999999,0.14641515341264866,0.003245513554791886,0.9920028849009385,4.9632635746095106e-05
73,1.1999999999999886,0.04,160.89999999999998,0.007263922518159738,0.9739709443099278,0.04799999999999954,23.430499999999988,0.1456215040397762,0.0020364006618301973,0.9940392855627687,2.732698475840304e-05
10,0.7999999999999972,0.035,161.7,0.00484261501210652,0.9788135593220343,0.027999999999999903,23.458499999999987,0.14507421150278285,0.0011879003860676223,0.9952271859488363,1.3356938997782645e-05
71,1.5,0.035,163.2,0.009079903147699759,0.9878934624697341,0.052500000000000005,23.510999999999985,0.14406249999999993,0.0022273132238767993,0.9974544991727131,4.695798866407995e-05
69,2.0,0.03,165.2,0.012106537530266345,1.0000000000000004,0.06,23.570999999999984,0.1426815980629539,0.0025455008272877704,1.0000000000000009,9.141342283570341e-05
