,weight,grade,cml_weight,weight_pct,cml_weight_pct,yield,cml_yield,cml_grade,recovery,cml_recovery,distributional_heterogeneity
5,1.0,0.785,1.0,0.008503401360544218,0.008503401360544218,0.785,0.785,0.785,0.04702429089166443,0.04702429089166443,0.0014838589302687668
15,0.5,0.76,1.5,0.004251700680272109,0.012755102040816327,0.38,1.165,0.7766666666666667,0.022763351004882144,0.06978764189654657,0.00034268119774063485
8,1.0,0.74,2.5,0.008503401360544218,0.021258503401360547,0.74,1.905,0.762,0.04432863090424417,0.11411627280079074,0.0012834470718587922
32,1.7999999999999972,0.525,4.299999999999997,0.015306122448979569,0.036564625850340114,0.9449999999999985,2.8499999999999988,0.6627906976744188,0.056608859735825245,0.17072513253661598,0.0017059161073861922
35,2.0999999999999943,0.425,6.3999999999999915,0.01785714285714281,0.05442176870748293,0.8924999999999975,3.742499999999996,0.5847656250000002,0.05346392308383489,0.22418905562045086,0.0012678427981119497
43,0.4000000000000057,0.38,6.799999999999997,0.0034013605442177355,0.05782312925170066,0.15200000000000216,3.8944999999999985,0.5727205882352941,0.009105340401952986,0.23329439602240384,3.253538621744947e-05
2,2.5,0.295,9.299999999999997,0.021258503401360544,0.0790816326530612,0.7374999999999999,4.631999999999999,0.4980645161290323,0.04417887201605416,0.277473268038458,0.000525343297433432
17,0.29999999999999716,0.29,9.599999999999994,0.0025510204081632413,0.08163265306122444,0.08699999999999918,4.718999999999998,0.49156250000000007,0.005211609309012441,0.28268487734747044,7.078733299321953e-06
33,1.0,0.285,10.599999999999994,0.008503401360544218,0.09013605442176865,0.285,5.003999999999998,0.47207547169811326,0.017072513253661607,0.29975739060113205,7.342967863676586e-05
13,1.0,0.28,11.599999999999994,0.008503401360544218,0.09863945578231287,0.28,5.283999999999998,0.4555172413793104,0.01677299547728158,0.3165303860784136,6.83861868555772e-05
31,2.0,0.255,13.599999999999994,0.017006802721088437,0.11564625850340131,0.51,5.793999999999998,0.4260294117647059,0.030550813190762877,0.34708119926917647,0.00018344021960265086
28,2.0,0.25,15.599999999999994,0.017006802721088437,0.13265306122448975,0.5,6.293999999999998,0.4034615384615385,0.029951777638002823,0.3770329769071793,0.00016757237559954257
3,5.0,0.23,20.599999999999994,0.04251700680272109,0.17517006802721083,1.1500000000000001,7.443999999999998,0.36135922330097087,0.0688890885674065,0.4459220654745858,0.0006954866966032521
4,1.0,0.225,21.599999999999994,0.008503401360544218,0.18367346938775506,0.225,7.668999999999998,0.3550462962962963,0.01347829993710127,0.45940036541168705,2.4749615847029375e-05
1,3.0,0.22,24.599999999999994,0.025510204081632654,0.2091836734693877,0.66,8.328999999999997,0.3385772357723577,0.039536346482163726,0.4989367118938508,0.00019673267063997544
16,4.5,0.2,29.099999999999994,0.03826530612244898,0.2474489795918367,0.9,9.228999999999997,0.31714776632302405,0.05391319974840508,0.5528499116422558,0.0002448565749292374
0,1.0,0.195,30.099999999999994,0.008503401360544218,0.25595238095238093,0.195,9.423999999999998,0.3130897009966777,0.011681193278821101,0.5645311049210769,1.0098361475865866e-05
20,2.0,0.18,32.099999999999994,0.017006802721088437,0.2729591836734694,0.36,9.783999999999997,0.30479750778816195,0.02156527989936203,0.586096384820439,2.0779714184841182e-05
9,2.5,0.18,34.599999999999994,0.021258503401360544,0.2942176870748299,0.44999999999999996,10.233999999999996,0.29578034682080917,0.026956599874202538,0.6130529846946415,3.2468303413814345e-05
46,2.0,0.155,36.599999999999994,0.017006802721088437,0.3112244897959184,0.31,10.543999999999997,0.28808743169398904,0.01857010213556175,0.6316230868302033,2.4439050592925993e-06
25,2.0,0.15,38.599999999999994,0.017006802721088437,0.32823129251700683,0.3,10.843999999999998,0.28093264248704664,0.017971066582801693,0.649594153413005,9.29804795006159e-07
30,2.0,0.14,40.599999999999994,0.017006802721088437,0.3452380952380953,0.28,11.123999999999997,0.2739901477832512,0.01677299547728158,0.6663671488902866,5.466582725655849e-08
18,3.0,0.14,43.599999999999994,0.025510204081632654,0.37074829931972797,0.42000000000000004,11.543999999999997,0.2647706422018348,0.025159493215922372,0.691526642106209,1.2299811132725659e-07
6,3.0,0.135,46.599999999999994,0.025510204081632654,0.3962585034013606,0.405,11.948999999999996,0.2564163090128755,0.02426093988678229,0.7157875819929912,1.5606610285351408e-06
12,3.6000000000000014,0.115,50.199999999999996,0.030612244897959197,0.4268707482993198,0.4140000000000002,12.362999999999996,0.24627490039840633,0.024800071884266348,0.7405876538772576,3.378135514109945e-05
26,2.0,0.11,52.199999999999996,0.017006802721088437,0.44387755102040827,0.22,12.582999999999997,0.24105363984674325,0.013178782160721242,0.7537664360379788,1.465374141059398e-05
7,2.0,0.1,54.199999999999996,0.017006802721088437,0.4608843537414967,0.2,12.782999999999996,0.2358487084870848,0.01198071105520113,0.7657471470931799,2.5261597433901854e-05
47,2.0,0.09,56.199999999999996,0.017006802721088437,0.4778911564625852,0.18,12.962999999999996,0.2306583629893238,0.010782639949681014,0.7765297870428609,3.8740202204974124e-05
21,2.0,0.085,58.199999999999996,0.017006802721088437,0.49489795918367363,0.17,13.132999999999996,0.22565292096219924,0.01018360439692096,0.7867133914397819,4.6556035370921876e-05
49,4.0,0.085,62.199999999999996,0.034013605442176874,0.5289115646258505,0.34,13.472999999999995,0.2166077170418006,0.02036720879384192,0.8070806002336238,0.0001862241414836875
36,1.0999999999999943,0.085,63.29999999999999,0.00935374149659859,0.5382653061224492,0.09349999999999953,13.566499999999994,0.21432069510268556,0.0056009824183065,0.8126815826519304,1.408320069970372e-05
29,2.0,0.085,65.29999999999998,0.017006802721088437,0.5552721088435376,0.17,13.736499999999994,0.2103598774885145,0.01018360439692096,0.8228651870488514,4.6556035370921876e-05
19,2.9000000000000057,0.085,68.19999999999999,0.02465986394557828,0.5799319727891159,0.2465000000000005,13.982999999999995,0.20502932551319644,0.01476622637553542,0.8376314134243867,9.788406436736361e-05
50,4.3999999999999915,0.08,72.59999999999998,0.03741496598639449,0.6173469387755104,0.3519999999999993,14.334999999999994,0.1974517906336088,0.021086051457153945,0.8587174648815407,0.0002666334497032429
48,2.0,0.08,74.59999999999998,0.017006802721088437,0.6343537414965988,0.16,14.494999999999994,0.19430294906166218,0.009584568844160903,0.8683020337257016,5.508955572381074e-05
27,2.0,0.075,76.59999999999998,0.017006802721088437,0.6513605442176873,0.15,14.644999999999994,0.19118798955613575,0.008985533291400847,0.8772875670171024,6.43407632636407e-05
24,2.0,0.07,78.59999999999998,0.017006802721088437,0.6683673469387758,0.14,14.784999999999995,0.18810432569974553,0.00838649773864079,0.8856740647557432,7.430965799041172e-05
10,2.0,0.07,80.59999999999998,0.017006802721088437,0.6853741496598642,0.14,14.924999999999995,0.18517369727047145,0.00838649773864079,0.8940605624943839,7.430965799041172e-05
45,5.0,0.07,85.59999999999998,0.04251700680272109,0.7278911564625853,0.35000000000000003,15.274999999999995,0.17844626168224298,0.020966244346601978,0.9150268068409859,0.0004644353624400732
14,3.0,0.065,88.59999999999998,0.025510204081632654,0.7534013605442179,0.195,15.469999999999995,0.17460496613995483,0.011681193278821101,0.926708000119807,0.00019124153978427867
22,2.0,0.065,90.59999999999998,0.017006802721088437,0.7704081632653064,0.13,15.599999999999996,0.17218543046357615,0.007787462185880734,0.9344954623056878,8.499623990412387e-05
42,4.799999999999997,0.055,95.39999999999998,0.04081632653061222,0.8112244897959185,0.26399999999999985,15.863999999999995,0.16628930817610063,0.015814538592865482,0.9503100008985533,0.0006250894000840588
44,5.0,0.055,100.39999999999998,0.04251700680272109,0.8537414965986396,0.275,16.138999999999996,0.16074701195219124,0.016473477700901552,0.9667834785994549,0.0006782654080773214
37,2.200000000000003,0.055,102.59999999999998,0.018707482993197303,0.872448979591837,0.12100000000000016,16.259999999999994,0.15847953216374266,0.007248330188396692,0.9740318087878516,0.00013131218300376976
23,2.0,0.045,104.59999999999998,0.017006802721088437,0.8894557823129254,0.09,16.349999999999994,0.1563097514340344,0.005391319974840507,0.9794231287626921,0.00013491943942838333
41,5.0,0.04,109.59999999999998,0.04251700680272109,0.9319727891156465,0.2,16.549999999999994,0.15100364963503646,0.01198071105520113,0.9914038398178933,0.0009324653579800057
39,3.0,0.035,112.59999999999998,0.025510204081632654,0.9574829931972791,0.10500000000000001,16.654999999999994,0.14791296625222022,0.006289873303980593,0.9976937131218738,0.00036942111520235914
40,0.9000000000000057,0.02,113.49999999999999,0.007653061224489844,0.965136054421769,0.018000000000000113,16.672999999999995,0.1468986784140969,0.0010782639949681084,0.998771977116842,4.32279586093267e-05
38,0.7999999999999972,0.005,114.29999999999998,0.0068027210884353505,0.9719387755102044,0.003999999999999986,16.676999999999996,0.1459055118110236,0.00023961422110402176,0.9990115913379459,4.307437175201164e-05
34,0.4000000000000057,0.005,114.69999999999999,0.0034013605442177355,0.975340136054422,0.0020000000000000287,16.678999999999995,0.14541412380122054,0.000119807110552013,0.999131398448498,1.0768592938003295e-05
11,2.8999999999999986,0.005,117.6,0.02465986394557822,1.0000000000000002,0.014499999999999994,16.693499999999997,0.14195153061224489,0.0008686015515020814,1.0,0.0005660241663037814
