,weight,grade,cml_weight,weight_pct,cml_weight_pct,yield,cml_yield,cml_grade,recovery,cml_recovery,distributional_heterogeneity
26,0.4000000000000057,0.47,0.4000000000000057,0.003894839337877368,0.003894839337877368,0.18800000000000266,0.18800000000000266,0.47,0.015356340616704324,0.015356340616704324,0.00013136601156455197
27,4.299999999999997,0.225,4.700000000000003,0.041869522882181084,0.045764362220058454,0.9674999999999994,1.155500000000002,0.2458510638297875,0.07902797631202774,0.09438431692873206,0.0013807506612980819
12,5.0,0.215,9.700000000000003,0.04868549172346641,0.09444985394352487,1.075,2.230500000000002,0.22994845360824756,0.08780886256891976,0.18219317949765182,0.0015306381463108688
23,0.5999999999999943,0.21,10.299999999999997,0.005842259006815914,0.10029211295034078,0.1259999999999988,2.356500000000001,0.22878640776699044,0.010292015519705846,0.19248519501735767,1.980033302400636e-05
5,4.0,0.195,14.299999999999997,0.03894839337877313,0.13924050632911392,0.78,3.1365000000000007,0.21933566433566443,0.06371247702675109,0.25619767204410876,0.000613259838924049
0,1.4000000000000004,0.185,15.699999999999998,0.0136319376825706,0.1528724440116845,0.25900000000000006,3.3955000000000006,0.21627388535031855,0.02115580967939556,0.2773534817235043,5.6608649824606774e-05
20,5.0,0.175,20.699999999999996,0.04868549172346641,0.2015579357351509,0.875,4.2705,0.206304347826087,0.07147232999795794,0.34882581172146226,0.000519239998547832
9,2.0,0.17,22.699999999999996,0.019474196689386564,0.22103213242453748,0.34,4.6105,0.20310572687224673,0.02777210537063509,0.37659791709209733,6.885528848233961e-05
1,1.0,0.17,23.699999999999996,0.009737098344693282,0.23076923076923075,0.17,4.7805,0.2017088607594937,0.013886052685317545,0.3904839697774149,1.7213822120584903e-05
10,1.0,0.15,24.699999999999996,0.009737098344693282,0.24050632911392403,0.15,4.9305,0.19961538461538467,0.012252399428221362,0.40273636920563627,6.326739540797527e-06
11,5.0,0.135,29.699999999999996,0.04868549172346641,0.2891918208373904,0.675,5.6055,0.18873737373737376,0.05513579742699613,0.4578721666326324,4.1606443668988024e-05
4,5.0,0.125,34.699999999999996,0.04868549172346641,0.33787731256085685,0.625,6.2305,0.17955331412103748,0.05105166428425568,0.5089238309168881,5.598772587432012e-06
24,5.0,0.115,39.699999999999996,0.04868549172346641,0.38656280428432327,0.5750000000000001,6.8055,0.17142317380352648,0.04696753114151523,0.5558913620584033,2.951388561138071e-06
18,5.0,0.11,44.699999999999996,0.04868549172346641,0.4352482960077897,0.55,7.3555,0.16455257270693513,0.044925464570145,0.6008168266285483,1.413780419371437e-05
6,4.5,0.105,49.199999999999996,0.04381694255111977,0.4790652385589095,0.4725,7.828,0.15910569105691058,0.03859505819889729,0.6394118848274456,2.726807618798602e-05
3,5.0,0.105,54.199999999999996,0.04868549172346641,0.5277507302823758,0.525,8.353,0.15411439114391146,0.04288339799877477,0.6822952828262203,3.3664291590106195e-05
14,5.0,0.105,59.199999999999996,0.04868549172346641,0.5764362220058422,0.525,8.878,0.14996621621621622,0.04288339799877477,0.725178680824995,3.3664291590106195e-05
21,4.1000000000000085,0.1,63.300000000000004,0.03992210321324254,0.6163583252190847,0.41000000000000086,9.288,0.14672985781990522,0.03348989177047179,0.7586685725954668,4.137334404451094e-05
22,0.29999999999999716,0.095,63.6,0.002921129503407957,0.6192794547224927,0.02849999999999973,9.3165,0.14648584905660375,0.0023279558913620367,0.7609965284868289,3.51854934027604e-07
19,5.0,0.09,68.6,0.04868549172346641,0.667964946445959,0.44999999999999996,9.766499999999999,0.14236880466472301,0.03675719828466408,0.7977537267714929,0.00014228418436217465
29,3.0,0.085,71.6,0.02921129503407985,0.6971762414800389,0.255,10.0215,0.1399650837988827,0.020829079027976316,0.8185828057994693,7.026154517297822e-05
15,2.0,0.085,73.6,0.019474196689386564,0.7166504381694254,0.17,10.1915,0.13847146739130436,0.013886052685317545,0.8324688584847868,3.1227353410212544e-05
17,0.29999999999999716,0.08,73.89999999999999,0.002921129503407957,0.7195715676728334,0.02399999999999977,10.215499999999999,0.138234100135318,0.001960383908515399,0.8344292423933022,9.230320981054546e-07
13,5.0,0.08,78.89999999999999,0.04868549172346641,0.7682570593962997,0.4,10.615499999999999,0.13454372623574146,0.032673065141923634,0.8671023075352258,0.0002563978050292978
8,3.0,0.08,81.89999999999999,0.02921129503407985,0.7974683544303796,0.24,10.8555,0.13254578754578755,0.01960383908515418,0.8867061466203799,9.23032098105472e-05
2,5.0,0.075,86.89999999999999,0.04868549172346641,0.8461538461538459,0.375,11.2305,0.12923475258918296,0.030630998570553406,0.9173371451909333,0.0003259647230085827
25,3.299999999999997,0.07,90.19999999999999,0.032132424537487804,0.8782862706913337,0.23099999999999982,11.4615,0.12706762749445677,0.018868695119460883,0.9362058403103942,0.00017592651807463278
28,2.6000000000000085,0.07,92.8,0.025316455696202618,0.9036027263875364,0.1820000000000006,11.6435,0.12546875,0.014866244639575301,0.9510720849499695,0.00010920691112805577
16,4.0,0.065,96.8,0.03894839337877313,0.9425511197663095,0.26,11.9035,0.12297004132231405,0.02123749234225036,0.9723095772922199,0.00031367601552550323
30,2.8999999999999915,0.06,99.69999999999999,0.028237585199610435,0.9707887049659198,0.1739999999999995,12.077499999999999,0.12113841524573721,0.014212783336736739,0.9865223606289566,0.00019669506729286555
7,3.0,0.055,102.69999999999999,0.02921129503407985,0.9999999999999997,0.165,12.242499999999998,0.1192064264849075,0.0134776393710435,1.0,0.0002475479205229957
