,weight,grade,cml_weight,weight_pct,cml_weight_pct,yield,cml_yield,cml_grade,recovery,cml_recovery,distributional_heterogeneity
3,0.6000000000000014,3.5,0.6000000000000014,0.006185567010309293,0.006185567010309293,2.100000000000005,2.100000000000005,3.5,0.1483365119728759,0.1483365119728759,0.02020689115375064
27,0.7000000000000028,1.29,1.3000000000000043,0.007216494845360854,0.013402061855670146,0.9030000000000037,3.0030000000000086,2.309999999999999,0.06378470014833675,0.21212121212121265,0.003199961851199629
7,3.0,0.505,4.300000000000004,0.030927835051546393,0.04432989690721654,1.5150000000000001,4.518000000000009,1.0506976744186056,0.10701419792328878,0.3191354100445014,0.00578913461505046
30,0.5999999999999943,0.28,4.899999999999999,0.00618556701030922,0.05051546391752576,0.16799999999999843,4.686000000000007,0.9563265306122466,0.011866920957829931,0.33100233100233134,3.2277782677009184e-05
10,3.0,0.265,7.899999999999999,0.030927835051546393,0.08144329896907215,0.795,5.481000000000007,0.6937974683544313,0.056155965246874315,0.38715829624920567,0.0006364585531524166
2,1.8999999999999986,0.22,9.799999999999997,0.019587628865979367,0.10103092783505152,0.4179999999999997,5.899000000000006,0.6019387755102049,0.02952602952602949,0.4166843257752352,9.877180767968475e-05
13,4.100000000000001,0.195,13.899999999999999,0.04226804123711342,0.14329896907216494,0.7995000000000003,6.698500000000006,0.48190647482014437,0.05647382920110192,0.4731581549763371,0.0002018044116778008
18,2.6000000000000014,0.19,16.5,0.026804123711340222,0.17010309278350516,0.49400000000000027,7.192500000000007,0.43590909090909136,0.03489439853076217,0.5080525535070993,6.545254665377288e-05
35,2.0,0.17,18.5,0.020618556701030927,0.1907216494845361,0.34,7.532500000000007,0.40716216216216256,0.02401638765275128,0.5320689411598506,1.1545255176468836e-05
6,2.0,0.165,20.5,0.020618556701030927,0.21134020618556704,0.33,7.862500000000007,0.383536585365854,0.023310023310023298,0.5553789644698739,7.243992507320904e-06
0,3.0,0.155,23.5,0.030927835051546393,0.24226804123711343,0.46499999999999997,8.327500000000008,0.3543617021276599,0.03284594193685101,0.5882249064067249,3.679134023452996e-06
12,2.5,0.145,26.0,0.02577319587628866,0.2680412371134021,0.3625,8.690000000000008,0.33423076923076955,0.025605707423889228,0.6138306138306141,2.8052381687156323e-08
5,2.0,0.13,28.0,0.020618556701030927,0.288659793814433,0.26,8.950000000000008,0.31964285714285745,0.01836547291092745,0.6321960867415416,5.076386565227056e-06
22,2.1000000000000014,0.125,30.1,0.021649484536082488,0.3103092783505155,0.2625000000000002,9.21250000000001,0.30606312292358834,0.018542063996609456,0.650738150738151,9.656062409138877e-06
34,0.7000000000000028,0.115,30.800000000000004,0.007216494845360854,0.3175257731958764,0.08050000000000034,9.29300000000001,0.3017207792207795,0.005686232958960253,0.6564243836971112,2.3417014409703276e-06
25,2.8999999999999915,0.115,33.699999999999996,0.029896907216494756,0.3474226804123711,0.333499999999999,9.626500000000009,0.28565281899109823,0.023557250829978022,0.6799816345270893,4.019124309910241e-05
36,2.0,0.11,35.699999999999996,0.020618556701030927,0.36804123711340203,0.22,9.84650000000001,0.27581232492997226,0.015540015540015533,0.6955216500671048,2.579158032412759e-05
1,2.6999999999999993,0.11,38.39999999999999,0.027835051546391744,0.3958762886597938,0.29699999999999993,10.14350000000001,0.2641536458333337,0.020979020979020963,0.7165006710461257,4.7005155140722515e-05
21,2.8000000000000043,0.11,41.199999999999996,0.028865979381443342,0.42474226804123716,0.3080000000000005,10.45150000000001,0.25367718446601967,0.02175602175602178,0.7382566928021475,5.0551497435290236e-05
23,2.200000000000003,0.11,43.4,0.02268041237113405,0.4474226804123712,0.24200000000000033,10.69350000000001,0.24639400921659013,0.01709401709401711,0.7553507098961646,3.120781219219446e-05
17,3.0,0.105,46.4,0.030927835051546393,0.4783505154639176,0.315,11.00850000000001,0.23725215517241402,0.02225047679593133,0.7776011866920959,7.529654629629086e-05
19,5.0,0.1,51.4,0.05154639175257732,0.529896907216495,0.5,11.50850000000001,0.22390077821011695,0.03531821713639894,0.8129194038284948,0.00026335365137317623
14,1.3999999999999986,0.095,52.8,0.014432989690721635,0.5443298969072166,0.13299999999999987,11.64150000000001,0.22048295454545475,0.009394645758282107,0.8223140495867769,2.5384909581550195e-05
8,3.0,0.09,55.8,0.030927835051546393,0.575257731958763,0.27,11.911500000000009,0.21346774193548404,0.019071837253655428,0.8413858868404324,0.00014056468378359542
4,1.1999999999999993,0.085,57.0,0.01237113402061855,0.5876288659793815,0.10199999999999995,12.01350000000001,0.210763157894737,0.007204916295825379,0.8485908031362578,2.668980557996712e-05
37,3.0,0.08,60.0,0.030927835051546393,0.6185567010309279,0.24,12.25350000000001,0.20422500000000016,0.016952744225471487,0.8655435473617292,0.00019530316359704284
24,5.0,0.075,65.0,0.05154639175257732,0.6701030927835052,0.375,12.62850000000001,0.19428461538461553,0.026488662852299203,0.8920322102140285,0.0006278897776398332
20,1.2999999999999972,0.07,66.3,0.013402061855670075,0.6835051546391753,0.0909999999999998,12.719500000000009,0.19184766214177992,0.006427915518824593,0.898460125732853,4.863871712773524e-05
38,3.299999999999997,0.065,69.6,0.034020618556701,0.7175257731958763,0.21449999999999983,12.934000000000008,0.18583333333333346,0.015151515151515131,0.9136116408843682,0.00035604306331559697
28,1.5,0.06,71.1,0.015463917525773196,0.7329896907216495,0.09,13.024000000000008,0.18317862165963444,0.006357279084551809,0.91996891996892,8.293086369913109e-05
11,2.8999999999999986,0.06,74.0,0.02989690721649483,0.7628865979381444,0.1739999999999999,13.198000000000008,0.17835135135135144,0.012290739563466824,0.9322596595323869,0.0003099771394265297
9,3.8000000000000007,0.06,77.8,0.03917525773195877,0.8020618556701031,0.22800000000000004,13.426000000000007,0.1725706940874037,0.016105107014197918,0.9483647665465847,0.0005322318541402015
31,1.5,0.055,79.3,0.015463917525773196,0.8175257731958763,0.0825,13.508500000000007,0.1703467843631779,0.0058275058275058245,0.9541922723740905,9.286043041850424e-05
26,0.7000000000000028,0.05,80.0,0.007216494845360854,0.8247422680412371,0.03500000000000014,13.543500000000007,0.16929375000000008,0.002472275199547936,0.9566645475736385,2.250762004771725e-05
32,4.0,0.05,84.0,0.041237113402061855,0.8659793814432989,0.2,13.743500000000006,0.1636130952380953,0.014127286854559575,0.970791834428198,0.0007349426954356593
39,3.0,0.045,87.0,0.030927835051546393,0.8969072164948453,0.135,13.878500000000006,0.1595229885057472,0.009535918626827714,0.9803277530550257,0.0004576140883221488
15,0.8000000000000043,0.04,87.80000000000001,0.008247422680412415,0.9051546391752577,0.032000000000000174,13.910500000000006,0.15843394077448752,0.002260365896729544,0.9825881189517552,3.5844848931043075e-05
33,3.299999999999997,0.03,91.10000000000001,0.034020618556701,0.9391752577319588,0.09899999999999991,14.009500000000006,0.15378155872667404,0.006993006993006983,0.9895811259447622,0.0007304917868379266
29,1.7000000000000028,0.025,92.80000000000001,0.017525773195876317,0.9567010309278351,0.04250000000000007,14.052000000000007,0.1514224137931035,0.003002048456593915,0.9925831744013561,0.00021093858030244372
16,1.6999999999999957,0.025,94.5,0.017525773195876244,0.9742268041237113,0.0424999999999999,14.094500000000007,0.14914814814814822,0.0030020484565939027,0.99558522285795,0.00021093858030244198
40,2.5,0.025,97.0,0.02577319587628866,1.0,0.0625,14.157000000000007,0.14594845360824749,0.0044147771420498675,0.9999999999999999,0.00045618205082708263
