,weight,grade,cml_weight,weight_pct,cml_weight_pct,yield,cml_yield,cml_grade,recovery,cml_recovery,distributional_heterogeneity
54,0.8000000000000114,13.75,0.8000000000000114,0.004728132387706925,0.004728132387706925,11.000000000000156,11.000000000000156,13.75,0.10537508741342609,0.10537508741342609,0.010129809555949137
7,1.6000000000000014,1.8,2.400000000000013,0.009456264775413723,0.014184397163120649,2.8800000000000026,13.880000000000159,5.783333333333369,0.027589113795514826,0.13296420120894092,0.0003288002135857815
17,3.0,1.76,5.400000000000013,0.017730496453900717,0.031914893617021364,5.28,19.16000000000016,3.5481481481481696,0.0505800419584438,0.1835442431673847,0.0010790926398550468
13,2.0,1.24,7.400000000000013,0.011820330969267144,0.04373522458628851,2.48,21.64000000000016,2.924324324324341,0.023757292435026636,0.20730153560241135,0.00014249104903502698
45,1.0,1.12,8.400000000000013,0.005910165484633572,0.04964539007092208,1.12,22.76000000000016,2.7095238095238248,0.010729099809366868,0.21803063541177822,2.322212802609275e-05
18,3.0,1.1,11.400000000000013,0.017730496453900717,0.06737588652482279,3.3000000000000003,26.060000000000162,2.2859649122807135,0.03161252622402738,0.2496431616358056,0.00019271075053868298
62,2.0,1.0,13.400000000000013,0.011820330969267144,0.07919621749408993,2.0,28.060000000000162,2.0940298507462787,0.019159106802440835,0.26880226843824645,5.38576307295742e-05
26,3.5,1.0,16.900000000000013,0.020685579196217503,0.09988179669030745,3.5,31.560000000000162,1.8674556213017832,0.03352843690427146,0.30233070534251794,0.00016493899410932098
20,3.700000000000003,0.9,20.600000000000016,0.021867612293144233,0.12174940898345168,3.3300000000000027,34.890000000000164,1.6936893203883563,0.03189991282606402,0.33423061816858196,0.00010064705398282254
41,2.6999999999999886,0.9,23.300000000000004,0.015957446808510578,0.13770685579196226,2.42999999999999,37.32000000000016,1.6017167381974313,0.023278314764965516,0.35750893293354746,5.3595107635848725e-05
19,3.0,0.84,26.300000000000004,0.017730496453900717,0.15543735224586297,2.52,39.84000000000016,1.514828897338409,0.024140474571075453,0.3816494075046229,4.108781946265896e-05
29,0.5,0.81,26.800000000000004,0.002955082742316786,0.15839243498817976,0.405,40.24500000000016,1.5016791044776177,0.0038797191274942693,0.3855291266321172,8.549524447940833e-07
57,2.4000000000000057,0.79,29.20000000000001,0.014184397163120607,0.17257683215130037,1.8960000000000046,42.14100000000017,1.4431849315068546,0.018162833248713955,0.4036919598808312,1.5827953687151328e-05
66,3.0,0.76,32.20000000000001,0.017730496453900717,0.19030732860520108,2.2800000000000002,44.42100000000017,1.379534161490688,0.021841381754782552,0.42553334163561374,1.689937795700634e-05
16,3.0,0.73,35.20000000000001,0.017730496453900717,0.2080378250591018,2.19,46.61100000000017,1.3241761363636408,0.020979221948672713,0.4465125635842864,1.0554217340381558e-05
37,1.7999999999999972,0.72,37.00000000000001,0.010638297872340413,0.2186761229314422,1.2959999999999978,47.90700000000017,1.2947837837837881,0.01241510120798164,0.45892766479226804,3.157030093545794e-06
53,1.6999999999999886,0.72,38.699999999999996,0.010047281323877005,0.2287234042553192,1.2239999999999918,49.13100000000016,1.2695348837209344,0.011725373363093712,0.47065303815536175,2.815992892082485e-06
15,2.5,0.72,41.199999999999996,0.01477541371158393,0.24349881796690312,1.7999999999999998,50.931000000000154,1.2361893203883534,0.017243196122196748,0.4878962342775585,6.089950026130023e-06
12,2.0,0.71,43.199999999999996,0.011820330969267144,0.25531914893617025,1.42,52.351000000000155,1.2118287037037074,0.013602965829732992,0.5014992001072915,3.177787045748093e-06
22,1.3999999999999915,0.7,44.59999999999999,0.00827423167848695,0.2635933806146572,0.979999999999994,53.33100000000015,1.1957623318385688,0.009387962333195951,0.5108871624404875,1.2403959712385396e-06
72,2.799999999999983,0.69,47.39999999999997,0.0165484633569739,0.2801418439716311,1.9319999999999882,55.26300000000014,1.1658860759493708,0.018507697171157734,0.5293948596116452,3.838597138641323e-06
9,3.0,0.68,50.39999999999997,0.017730496453900717,0.29787234042553185,2.04,57.30300000000014,1.1369642857142892,0.019542288938489652,0.5489371485501349,3.282592007212952e-06
25,3.0,0.67,53.39999999999997,0.017730496453900717,0.3156028368794326,2.0100000000000002,59.31300000000014,1.110730337078655,0.01925490233645304,0.5681920508865879,2.3238132947601297e-06
34,1.2000000000000028,0.67,54.59999999999997,0.0070921985815603035,0.3226950354609929,0.8040000000000019,60.11700000000014,1.101043956043959,0.007701960934581234,0.5758940118211691,3.718101271616225e-07
14,0.5,0.65,55.09999999999997,0.002955082742316786,0.32565011820330964,0.325,60.44200000000014,1.096950998185121,0.0031133548553966355,0.5790073666765657,2.5050061778760734e-08
24,1.5999999999999943,0.64,56.69999999999997,0.009456264775413682,0.3351063829787233,1.0239999999999965,61.466000000000136,1.0840564373897736,0.009809462682849674,0.5888168293594154,1.247487618171629e-07
50,3.0,0.64,59.69999999999997,0.017730496453900717,0.35283687943262404,1.92,63.38600000000014,1.0617420435510916,0.0183927425303432,0.6072095718897585,4.385698657634664e-07
27,3.0,0.62,62.69999999999997,0.017730496453900717,0.3705673758865248,1.8599999999999999,65.24600000000014,1.0406060606060634,0.017817969326269976,0.6250275412160285,7.651503400528842e-09
33,2.799999999999997,0.62,65.49999999999997,0.016548463356973984,0.38711583924349874,1.7359999999999982,66.98200000000014,1.022625954198476,0.016630104704518627,0.6416576459205472,6.665309628905111e-09
36,2.200000000000003,0.61,67.69999999999997,0.013002364066193876,0.4001182033096926,1.3420000000000016,68.32400000000014,1.009217134416546,0.012855760664437816,0.654513406584985,2.149255740644842e-08
43,2.0,0.56,69.69999999999997,0.011820330969267144,0.41193853427895977,1.12,69.44400000000014,0.996327116212341,0.010729099809366868,0.6652425063943519,1.190785444337301e-06
42,2.0,0.55,71.69999999999997,0.011820330969267144,0.4237588652482269,1.1,70.54400000000014,0.9838772663877289,0.01053750874134246,0.6757800151356943,1.6456328684576504e-06
55,3.0,0.55,74.69999999999997,0.017730496453900717,0.44148936170212766,1.6500000000000001,72.19400000000014,0.9664524765729607,0.01580626311201369,0.691586278247708,3.7026739540297134e-06
69,3.0,0.53,77.69999999999997,0.017730496453900717,0.4592198581560284,1.59,73.78400000000015,0.9496010296010318,0.015231489907940465,0.7068177681556485,6.245033716752188e-06
39,0.4000000000000057,0.52,78.09999999999998,0.0023640661938534625,0.4615839243498819,0.20800000000000296,73.99200000000015,0.9474007682458407,0.001992547107453875,0.7088103152631023,1.3802643155918396e-07
28,0.5999999999999943,0.52,78.69999999999997,0.0035460992907801097,0.46513002364066197,0.31199999999999706,74.30400000000014,0.9441423125794176,0.0029888206611807418,0.7117991359242831,3.105594710081492e-07
23,1.3000000000000114,0.52,79.99999999999999,0.007683215130023711,0.4728132387706857,0.6760000000000059,74.98000000000015,0.937250000000002,0.0064757780992250585,0.7182749140235082,1.4579041833438645e-06
35,2.0,0.52,81.99999999999999,0.011820330969267144,0.48463356973995286,1.04,76.02000000000015,0.9270731707317094,0.009962735537269235,0.7282376495607774,3.4506607889795008e-06
30,2.0,0.51,83.99999999999999,0.011820330969267144,0.49645390070922,1.02,77.04000000000015,0.917142857142859,0.009771144469244826,0.7380087940300223,4.199165311873719e-06
6,2.1999999999999993,0.51,86.19999999999999,0.013002364066193855,0.5094562647754138,1.1219999999999997,78.16200000000015,0.906751740139213,0.010748258916169305,0.7487570529461915,5.080990027367197e-06
31,2.700000000000003,0.48,88.89999999999999,0.01595744680851066,0.5254137115839245,1.2960000000000014,79.45800000000015,0.8937907761529827,0.012415101207981673,0.7611721541541733,1.2548212353587076e-05
21,3.0,0.47,91.89999999999999,0.017730496453900717,0.5431442080378251,1.41,80.86800000000015,0.8799564744287286,0.013507170295720787,0.7746793244498941,1.7836483838366836e-05
40,3.0,0.46,94.89999999999999,0.017730496453900717,0.5608747044917258,1.3800000000000001,82.24800000000015,0.8666807165437319,0.013219783693684177,0.7878991081435782,2.034652960518032e-05
65,3.0,0.46,97.89999999999999,0.017730496453900717,0.5786052009456265,1.3800000000000001,83.62800000000014,0.8542185903983672,0.013219783693684177,0.8011188918372624,2.034652960518032e-05
32,2.700000000000003,0.46,100.6,0.01595744680851066,0.5945626477541371,1.2420000000000013,84.87000000000015,0.8436381709741566,0.011897805324315771,0.8130166971615781,1.648068898019609e-05
63,3.0,0.45,103.6,0.017730496453900717,0.6122931442080378,1.35,86.22000000000014,0.8322393822393837,0.012932397091647565,0.8259490942532257,2.302175749005411e-05
46,2.0,0.45,105.6,0.011820330969267144,0.624113475177305,0.9,87.12000000000015,0.8250000000000014,0.008621598061098376,0.8345706923143241,1.0231892217801828e-05
11,3.0,0.43,108.6,0.017730496453900717,0.6418439716312057,1.29,88.41000000000015,0.8140883977900567,0.012357623887574339,0.8469283162018985,2.8867759613982602e-05
51,2.0,0.42,110.6,0.011820330969267144,0.6536643026004728,0.84,89.25000000000016,0.8069620253164571,0.00804682485702515,0.8549751410589236,1.4239348379127687e-05
38,4.0,0.42,114.6,0.02364066193853429,0.6773049645390071,1.68,90.93000000000016,0.7934554973822004,0.0160936497140503,0.8710687907729738,5.695739351651075e-05
10,2.1000000000000014,0.41,116.69999999999999,0.01241134751773051,0.6897163120567377,0.8610000000000005,91.79100000000017,0.7865552699228807,0.008247995478450785,0.8793167862514246,1.733350020297465e-05
56,1.6999999999999886,0.41,118.39999999999998,0.010047281323877005,0.6997635933806147,0.6969999999999953,92.48800000000016,0.7811486486486501,0.0066769487206505855,0.8859937349720752,1.1359141856370975e-05
58,2.4000000000000057,0.4,120.79999999999998,0.014184397163120607,0.7139479905437353,0.9600000000000023,93.44800000000016,0.7735761589403988,0.009196371265171623,0.8951901062372468,2.4880402358609764e-05
67,3.0,0.37,123.79999999999998,0.017730496453900717,0.7316784869976359,1.1099999999999999,94.55800000000016,0.7637964458804538,0.010633304275354662,0.9058234105126015,5.037013681921528e-05
1,0.8000000000000007,0.34,124.59999999999998,0.004728132387706862,0.7364066193853428,0.27200000000000024,94.83000000000017,0.7610754414125216,0.0026056385251319557,0.9084290490377335,4.504980196668144e-06
71,3.3000000000000114,0.31,127.89999999999999,0.019503546099290857,0.7559101654846336,1.0230000000000035,95.85300000000018,0.7494370602032853,0.00979988312944852,0.918228932167182,9.416107503228935e-05
64,3.0,0.3,130.89999999999998,0.017730496453900717,0.7736406619385343,0.8999999999999999,96.75300000000018,0.7391367456073353,0.008621598061098374,0.9268505302282805,8.297202993039707e-05
48,2.0999999999999943,0.3,132.99999999999997,0.012411347517730468,0.7860520094562647,0.6299999999999982,97.38300000000018,0.7322030075187985,0.006035118642768846,0.9328856488710493,4.0656294665894344e-05
49,3.0,0.28,135.99999999999997,0.017730496453900717,0.8037825059101654,0.8400000000000001,98.22300000000018,0.722227941176472,0.008046824857025152,0.9409324737280744,9.377349559613455e-05
52,2.5,0.27,138.49999999999997,0.01477541371158393,0.8185579196217494,0.675,98.89800000000018,0.7140649819494599,0.006466198545823782,0.9473986722738982,6.904305667089845e-05
47,1.6000000000000085,0.26,140.09999999999997,0.009456264775413765,0.8280141843971631,0.41600000000000226,99.31400000000018,0.708879371877232,0.0039850942149077155,0.9513837664888058,2.9933707302148094e-05
5,1.5,0.26,141.59999999999997,0.008865248226950359,0.8368794326241135,0.39,99.70400000000018,0.7041242937853122,0.0037360258264759628,0.9551197923152818,2.630892243352832e-05
68,3.0,0.26,144.59999999999997,0.017730496453900717,0.8546099290780141,0.78,100.48400000000018,0.6949100968188119,0.0074720516529519256,0.9625918439682337,0.00010523568973411328
59,2.0,0.24,146.59999999999997,0.011820330969267144,0.8664302600472813,0.48,100.96400000000018,0.688703956343794,0.0045981856325858,0.9671900296008196,5.215938326414809e-05
61,3.5,0.23,150.09999999999997,0.020685579196217503,0.8871158392434988,0.805,101.76900000000019,0.6780079946702213,0.007711540487982436,0.974901570088802,0.00016832568040278187
44,2.700000000000003,0.22,152.79999999999995,0.01595744680851066,0.9030732860520094,0.5940000000000006,102.36300000000018,0.66991492146597,0.005690254720324934,0.9805918248091269,0.00010541523337570362
3,3.0,0.18,155.79999999999995,0.017730496453900717,0.9208037825059101,0.54,102.90300000000019,0.6604813863928127,0.005172958836659026,0.9857647836457859,0.00015769175100844012
60,3.0,0.18,158.79999999999995,0.017730496453900717,0.9385342789598108,0.54,103.4430000000002,0.6514042821158704,0.005172958836659026,0.9909377424824449,0.00015769175100844012
4,2.5,0.11,161.29999999999995,0.01477541371158393,0.9533096926713948,0.275,103.7180000000002,0.6430130192188483,0.002634377185335615,0.9935721196677806,0.00014740476793169579
70,3.0,0.1,164.29999999999995,0.017730496453900717,0.9710401891252954,0.30000000000000004,104.0180000000002,0.6330979914790033,0.0028738660203661255,0.9964459856881467,0.00022071946783862624
2,2.5999999999999996,0.09,166.89999999999995,0.015366430260047286,0.9864066193853427,0.23399999999999996,104.2520000000002,0.6246375074895161,0.002241615495885577,0.9986876011840322,0.00017226076259355718
8,1.0999999999999979,0.07,167.99999999999994,0.006501182033096917,0.9929078014184396,0.07699999999999986,104.32900000000019,0.6210059523809537,0.0007376256118939708,0.9994252267959262,3.321858262038972e-05
0,1.1999999999999993,0.05,169.19999999999993,0.007092198581560283,0.9999999999999999,0.05999999999999997,104.3890000000002,0.6169562647754151,0.0005747732040732248,0.9999999999999993,4.2476833551112314e-05
