,weight,grade,cml_weight,weight_pct,cml_weight_pct,yield,cml_yield,cml_grade,recovery,cml_recovery,distributional_heterogeneity
32,1.0,7.13,1.0,0.005963740458015266,0.005963740458015266,7.13,7.13,7.13,0.07422413398236942,0.07422413398236942,0.004659481324099692
28,0.8000000000000043,3.94,1.8000000000000043,0.004770992366412238,0.010734732824427504,3.1520000000000166,10.282000000000016,5.712222222222217,0.03281268868337022,0.10703682266573963,0.0007863367323324949
19,0.8999999999999986,3.7,2.700000000000003,0.005367366412213731,0.016102099236641236,3.3299999999999947,13.61200000000001,5.041481481481481,0.03466568950368721,0.14170251216942684,0.000858391735972368
33,1.5,2.59,4.200000000000003,0.008945610687022898,0.025047709923664133,3.885,17.49700000000001,4.165952380952381,0.04044330442096847,0.1821458165903953,0.0009921047105574342
62,0.5,1.56,4.700000000000003,0.002981870229007633,0.028029580152671766,0.78,18.27700000000001,3.888723404255319,0.008119891235097917,0.19026570782549324,2.6399259859025024e-05
11,1.0,1.52,5.700000000000003,0.005963740458015266,0.03399332061068703,1.52,19.79700000000001,3.4731578947368424,0.015823377791472866,0.2060890856169661,9.721244834731089e-05
35,1.1999999999999886,1.32,6.8999999999999915,0.007156488549618251,0.04114980916030528,1.583999999999985,21.380999999999997,3.0986956521739164,0.016489625277429462,0.22257871089439557,8.710744118001856e-05
37,3.0,1.24,9.899999999999991,0.017891221374045797,0.05904103053435107,3.7199999999999998,25.100999999999996,2.5354545454545474,0.03872563512123622,0.2613043460156318,0.00043407279618911743
12,3.0,1.2,12.899999999999991,0.017891221374045797,0.07693225190839686,3.5999999999999996,28.700999999999993,2.2248837209302335,0.03747642108506731,0.2987807671006991,0.0003835800477205972
30,0.3999999999999986,1.06,13.29999999999999,0.002385496183206098,0.07931774809160297,0.4239999999999985,29.124999999999993,2.1898496240601513,0.004413889594463468,0.3031946566951626,4.1143798308323105e-06
51,3.700000000000003,1.05,16.999999999999993,0.0220658396946565,0.10138358778625947,3.8850000000000033,33.01,1.9417647058823537,0.04044330442096851,0.3436379611161311,0.000337731209766842
26,1.5,1.02,18.499999999999993,0.008945610687022898,0.11032919847328237,1.53,34.54,1.8670270270270277,0.015927478961153606,0.3595654400772847,4.874648459731293e-05
27,0.8999999999999986,1.0,19.39999999999999,0.005367366412213731,0.11569656488549611,0.8999999999999986,35.44,1.8268041237113408,0.009369105271266814,0.3689345453485515,1.6013913896055465e-05
45,3.0,0.91,22.39999999999999,0.017891221374045797,0.1335877862595419,2.73,38.169999999999995,1.7040178571428575,0.02841961932284271,0.3973541646713942,0.00011084716336823108
31,3.0,0.88,25.39999999999999,0.017891221374045797,0.1514790076335877,2.64,40.809999999999995,1.6066929133858272,0.02748270879571603,0.42483687346711024,9.199663096005827e-05
34,1.9000000000000057,0.86,27.299999999999997,0.011331106870229039,0.16281011450381674,1.6340000000000048,42.444,1.5547252747252749,0.01701013112583338,0.4418470045929436,3.225131649574245e-05
14,2.9999999999999964,0.82,30.299999999999994,0.017891221374045776,0.18070133587786252,2.459999999999997,44.903999999999996,1.4819801980198022,0.02560888774146263,0.46745589233440626,5.9562374158757284e-05
59,2.0,0.79,32.3,0.011927480916030532,0.19262881679389304,1.58,46.483999999999995,1.4391331269349845,0.01644798480955732,0.4839038771439636,2.0434955451390865e-05
29,2.5,0.76,34.8,0.014909351145038165,0.2075381679389312,1.9,48.38399999999999,1.390344827586207,0.01977922223934108,0.5036830993833047,2.3715644475127093e-05
7,1.0,0.76,35.8,0.005963740458015266,0.21350190839694647,0.76,49.14399999999999,1.3727374301675976,0.007911688895736433,0.5115947882790411,3.7945031160203353e-06
9,2.299999999999997,0.71,38.099999999999994,0.013716603053435094,0.22721851145038155,1.632999999999998,50.77699999999999,1.3327296587926507,0.016999721008865234,0.5285945092879064,1.0778863509267778e-05
24,1.0,0.7,39.099999999999994,0.005963740458015266,0.2331822519083968,0.7,51.47699999999999,1.3165473145780051,0.007287081877651977,0.5358815911655583,1.7512325129261059e-06
38,2.0,0.7,41.099999999999994,0.011927480916030532,0.24510973282442733,1.4,52.87699999999999,1.28654501216545,0.014574163755303954,0.5504557549208623,7.004930051704423e-06
13,3.0,0.65,44.099999999999994,0.017891221374045797,0.26300095419847314,1.9500000000000002,54.82699999999999,1.2432426303854875,0.020299728087744797,0.5707554830086071,5.800904589933143e-06
39,0.7000000000000028,0.64,44.8,0.0041746183206107035,0.26717557251908386,0.44800000000000184,55.27499999999999,1.2338169642857142,0.004663732401697284,0.5754192154103044,2.3923258431717107e-07
55,4.0,0.63,48.8,0.023854961832061063,0.2910305343511449,2.52,57.794999999999995,1.1843237704918033,0.02623349475954712,0.6016527101698516,5.6574188871353845e-06
48,1.2999999999999972,0.62,50.099999999999994,0.007752862595419829,0.29878339694656475,0.8059999999999983,58.60099999999999,1.169680638722555,0.00839055427626783,0.6100432644461193,4.06650679822749e-07
64,3.0,0.58,53.099999999999994,0.017891221374045797,0.31667461832061056,1.7399999999999998,60.340999999999994,1.1363653483992466,0.0181136035244492,0.6281568679705686,4.945382081804136e-08
17,3.0,0.58,56.099999999999994,0.017891221374045797,0.33456583969465636,1.7399999999999998,62.080999999999996,1.1066131907308379,0.0181136035244492,0.6462704714950178,4.945382081804136e-08
46,2.299999999999997,0.56,58.39999999999999,0.013716603053435094,0.34828244274809145,1.2879999999999985,63.36899999999999,1.0850856164383562,0.013408230654879623,0.6596787021498974,9.509353619085451e-08
21,1.3999999999999986,0.54,59.79999999999999,0.008349236641221364,0.35663167938931284,0.7559999999999992,64.12499999999999,1.072324414715719,0.007870048427864127,0.6675487505777615,2.2962134382049958e-07
15,1.3000000000000043,0.54,61.099999999999994,0.0077528625954198715,0.3643845419847327,0.7020000000000024,64.82699999999998,1.0609983633387887,0.007307902111588151,0.6748566526893497,1.97989832171759e-07
18,1.8999999999999986,0.52,62.99999999999999,0.011331106870228997,0.37571564885496167,0.9879999999999993,65.81499999999998,1.0446825396825394,0.010285195564457355,0.6851418482538071,1.0939304595409403e-06
8,2.1000000000000014,0.52,65.1,0.012523854961832066,0.38823950381679373,1.0920000000000007,66.90699999999998,1.0277572964669737,0.011367847729137091,0.6965096959829442,1.3363527220430918e-06
47,0.5,0.52,65.6,0.002981870229007633,0.3912213740458014,0.26,67.16699999999999,1.023887195121951,0.002706630411699306,0.6992163263946435,7.575695703192119e-08
58,3.0,0.51,68.6,0.017891221374045797,0.4091125954198472,1.53,68.69699999999999,1.001413994169096,0.015927478961153606,0.7151438053557971,3.856284264191639e-06
16,3.0,0.5,71.6,0.017891221374045797,0.427003816793893,1.5,70.19699999999999,0.9804050279329608,0.01561517545211138,0.7307589808079085,5.180385038754293e-06
25,2.0,0.48,73.6,0.011927480916030532,0.4389312977099235,0.96,71.15699999999998,0.9668070652173911,0.009993712289351283,0.7407526930972598,3.739461101528948e-06
0,2.98,0.43,76.58,0.017771946564885493,0.456703244274809,1.2813999999999999,72.43839999999999,0.9459179942543744,0.013339523882890347,0.7540922169801502,1.964637083186503e-05
10,1.4000000000000021,0.43,77.98,0.008349236641221384,0.4650524809160304,0.6020000000000009,73.04039999999999,0.9366555527058218,0.0062668904147807096,0.7603591073949308,4.336165806771719e-06
69,4.0,0.42,81.98,0.023854961832061063,0.48890744274809145,1.68,74.7204,0.9114466943156867,0.017488996506364745,0.7778481039012956,4.052551452796783e-05
53,4.0,0.4,85.98,0.023854961832061063,0.5127624045801525,1.6,76.32039999999999,0.8876529425447778,0.016656187148918807,0.7945042910502144,5.18223569386499e-05
63,3.0,0.35,88.98,0.017891221374045797,0.5306536259541983,1.0499999999999998,77.37039999999999,0.8695257361204763,0.010930622816477964,0.8054349138666923,4.844993227961539e-05
40,3.0,0.35,91.98,0.017891221374045797,0.548544847328244,1.0499999999999998,78.42039999999999,0.8525809958686669,0.010930622816477964,0.8163655366831702,4.844993227961539e-05
57,3.0,0.34,94.98,0.017891221374045797,0.5664360687022898,1.02,79.44039999999998,0.8363908191198145,0.010618319307435738,0.826983855990606,5.2895104470500855e-05
4,2.3000000000000007,0.32,97.28,0.013716603053435117,0.5801526717557249,0.7360000000000002,80.17639999999999,0.8241817434210524,0.007661846088502652,0.8346457020791086,3.666008190439817e-05
36,1.9000000000000057,0.31,99.18,0.011331106870229039,0.591483778625954,0.5890000000000017,80.76539999999999,0.8143315184513005,0.0061315588941957535,0.8407772609733043,2.7035299155071837e-05
60,3.0,0.31,102.18,0.017891221374045797,0.6093749999999998,0.9299999999999999,81.69539999999999,0.7995243687610099,0.009681408780309054,0.8504586697536134,6.740102282427841e-05
5,3.0,0.31,105.18,0.017891221374045797,0.6272662213740455,0.9299999999999999,82.6254,0.7855618938961779,0.009681408780309054,0.8601400785339225,6.740102282427841e-05
52,4.0,0.31,109.18,0.023854961832061063,0.6511211832061066,1.24,83.8654,0.7681388532698296,0.012908545040412073,0.8730486235743345,0.00011982404057649496
6,2.5,0.3,111.68,0.014909351145038165,0.6660305343511448,0.75,84.6154,0.7576593839541547,0.00780758772605569,0.8808562113003903,5.043504365919766e-05
41,3.0,0.3,114.68,0.017891221374045797,0.6839217557251905,0.8999999999999999,85.5154,0.7456871294035576,0.009369105271266828,0.890225316571657,7.262646286924462e-05
61,1.5999999999999943,0.29,116.28,0.009541984732824391,0.693463740458015,0.4639999999999983,85.9794,0.7394169246646026,0.004830294273186436,0.8950556108448435,2.2200026987443328e-05
2,1.4000000000000004,0.29,117.68,0.008349236641221374,0.7018129770992363,0.4060000000000001,86.3854,0.7340703602991162,0.004226507489038148,0.8992821183338817,1.6996895662261427e-05
54,4.0,0.28,121.68,0.023854961832061063,0.7256679389312973,1.12,87.50540000000001,0.7191436554898094,0.011659331004243165,0.9109414493381249,0.00014873341128842228
66,4.0,0.26,125.68,0.023854961832061063,0.7495229007633584,1.04,88.54540000000001,0.7045305537873966,0.010826521646797224,0.9217679709849221,0.00016974025366099768
44,3.0,0.25,128.68,0.017891221374045797,0.7674141221374041,0.75,89.29540000000001,0.6939337892446379,0.00780758772605569,0.9295755587109779,0.00010167966754687829
42,3.0,0.24,131.68,0.017891221374045797,0.7853053435114499,0.72,90.01540000000001,0.6835920413122722,0.007495284217013462,0.9370708429279914,0.00010807550937296556
20,3.0,0.23,134.68,0.017891221374045797,0.8031965648854956,0.6900000000000001,90.70540000000001,0.6734882684882686,0.007182980707971235,0.9442538236359626,0.00011466641816257303
22,0.30000000000000426,0.23,134.98000000000002,0.0017891221374046052,0.8049856870229002,0.06900000000000098,90.77440000000001,0.6725025929767373,0.0007182980707971336,0.9449721217067597,1.1466641816257627e-06
49,3.0,0.23,137.98000000000002,0.017891221374045797,0.8228769083969459,0.6900000000000001,91.46440000000001,0.6628815770401507,0.007182980707971235,0.9521551024147309,0.00011466641816257303
65,4.0,0.21,141.98000000000002,0.023854961832061063,0.846731870229007,0.84,92.30440000000002,0.6501225524721792,0.008744498253182372,0.9608996006679132,0.00022832610956861947
56,4.0,0.2,145.98000000000002,0.023854961832061063,0.870586832061068,0.8,93.10440000000001,0.6377887381833128,0.008328093574459404,0.9692276942423727,0.00024108363788891802
23,2.299999999999997,0.2,148.28000000000003,0.013716603053435094,0.8843034351145032,0.45999999999999946,93.5644,0.6309981116806042,0.004788653805314151,0.9740163480476868,7.970827777702332e-05
50,3.0,0.19,151.28000000000003,0.017891221374045797,0.9021946564885489,0.5700000000000001,94.1344,0.6222527763088311,0.005933766671802325,0.9799501147194891,0.00014298072295620455
68,4.0,0.18,155.28000000000003,0.023854961832061063,0.92604961832061,0.72,94.8544,0.6108603812467799,0.007495284217013462,0.9874453989365026,0.00026763905166828956
43,3.0,0.17,158.28000000000003,0.017891221374045797,0.9439408396946557,0.51,95.3644,0.6025044225423299,0.005309159653717869,0.9927545585902205,0.00015830827713414134
3,0.4999999999999991,0.09,158.78000000000003,0.0029818702290076277,0.9469227099236633,0.044999999999999915,95.4094,0.6008905403703236,0.00046845526356334053,0.9932230138537839,6.317254788519308e-06
1,1.7999999999999998,0.09,160.58000000000004,0.010734732824427478,0.9576574427480908,0.16199999999999998,95.57140000000001,0.5951637812928134,0.0016864389488280287,0.9949094528026119,8.187162205921051e-05
70,2.0999999999999943,0.09,162.68000000000004,0.012523854961832025,0.9701812977099229,0.18899999999999947,95.7604,0.5886427342021144,0.0019675121069660283,0.9968769649095779,0.0001114363744694804
67,5.0,0.06,167.68000000000004,0.02981870229007633,0.9999999999999992,0.3,96.0604,0.5728792938931296,0.0031230350904222757,1.0000000000000002,0.0007126586472346855
