,weight,grade,cml_weight,weight_pct,cml_weight_pct,yield,cml_yield,cml_grade,recovery,cml_recovery,distributional_heterogeneity
11,1.1000000000000014,4.97,1.1000000000000014,0.009174311926605517,0.009174311926605517,5.467000000000007,5.467000000000007,4.97,0.08321283428971532,0.08321283428971532,0.005481702793712711
10,1.0,3.53,2.1000000000000014,0.00834028356964137,0.017514595496246885,3.53,8.997000000000007,4.284285714285715,0.05372988934382563,0.13694272363354096,0.0020602163123358613
45,0.5999999999999943,1.58,2.6999999999999957,0.005004170141784774,0.02251876563803166,0.9479999999999911,9.944999999999999,3.6833333333333385,0.014429443370523008,0.15137216700406397,8.883577543636967e-05
14,1.0999999999999943,1.58,3.79999999999999,0.009174311926605458,0.031693077564637115,1.737999999999991,11.68299999999999,3.0744736842105316,0.02645397951262563,0.1778261465166896,0.0002985869118833562
8,1.0999999999999979,1.42,4.899999999999988,0.009174311926605488,0.040867389491242606,1.561999999999997,13.244999999999987,2.7030612244898,0.02377509551134716,0.20160124202803675,0.00021318288128846188
9,0.6000000000000014,1.4,5.499999999999989,0.005004170141784833,0.04587155963302744,0.840000000000002,14.084999999999988,2.5609090909090937,0.012785582733374967,0.21438682476141172,6.0550381920557505e-05
15,1.6000000000000014,1.06,7.099999999999991,0.013344453711426202,0.059216013344453644,1.6960000000000015,15.78099999999999,2.2226760563380297,0.02581470037595704,0.24020152513736875,0.0001555070518742426
39,2.6999999999999886,0.84,9.79999999999998,0.0225187656380316,0.08173477898248524,2.2679999999999905,18.04899999999998,1.841734693877553,0.034521073380112184,0.27472259851748093,0.0001440553911356076
23,3.0,0.76,12.79999999999998,0.025020850708924104,0.10675562969140934,2.2800000000000002,20.328999999999983,1.5882031250000013,0.034703724562017695,0.30942632307949863,9.375804605492343e-05
38,3.0,0.65,15.79999999999998,0.025020850708924104,0.13177648040033343,1.9500000000000002,22.278999999999982,1.4100632911392412,0.029680817059620394,0.339107140139119,2.171528638962169e-05
16,3.0,0.61,18.79999999999998,0.025020850708924104,0.15679733110925753,1.83,24.10899999999998,1.2823936170212769,0.02785430524056683,0.36696144537968584,8.028464582886694e-06
5,4.0,0.61,22.79999999999998,0.03336113427856548,0.190158465387823,2.44,26.54899999999998,1.1644298245614038,0.037139073654089104,0.4041005190337749,1.42728259251319e-05
13,3.1000000000000014,0.61,25.89999999999998,0.025854879065888254,0.21601334445371126,1.891000000000001,28.439999999999984,1.0980694980694983,0.02878278208191907,0.432883301115694,8.572616071282356e-06
32,3.0,0.58,28.89999999999998,0.025020850708924104,0.24103419516263536,1.7399999999999998,30.179999999999982,1.0442906574394464,0.026484421376276653,0.45936772249197066,2.1420390983347937e-06
36,3.0,0.56,31.89999999999998,0.025020850708924104,0.2660550458715595,1.6800000000000002,31.85999999999998,0.9987460815047022,0.025571165466749878,0.48493888795872053,3.028463326808411e-07
44,1.9000000000000057,0.55,33.79999999999998,0.015846538782318648,0.28190158465387816,1.0450000000000033,32.90499999999999,0.9735207100591717,0.01590587375759149,0.500844761716312,3.5206392906289094e-09
24,1.5,0.53,35.29999999999998,0.012510425354462052,0.2944120100083402,0.795,33.69999999999999,0.9546742209631729,0.012100640801229853,0.5129454025175418,1.6792338006771315e-07
2,2.0,0.53,37.29999999999998,0.01668056713928274,0.31109257714762295,1.06,34.75999999999999,0.9319034852546919,0.016134187734973136,0.5290795902525149,2.9853045345371226e-07
30,3.0,0.51,40.29999999999998,0.025020850708924104,0.3361134278565471,1.53,36.28999999999999,0.9004962779156329,0.023288025692932923,0.5523676159454478,3.0026825360448354e-06
28,3.0,0.5,43.29999999999998,0.025020850708924104,0.3611342785654712,1.5,37.78999999999999,0.8727482678983836,0.022831397738169532,0.5751990136836174,4.79370431114602e-06
20,3.0,0.5,46.29999999999998,0.025020850708924104,0.3861551292743953,1.5,39.28999999999999,0.8485961123110153,0.022831397738169532,0.5980304114217869,4.79370431114602e-06
4,4.000000000000002,0.5,50.29999999999998,0.03336113427856549,0.4195162635529608,2.000000000000001,41.28999999999999,0.8208747514910538,0.03044186365089272,0.6284722750726797,8.52214099759293e-06
3,4.0,0.48,54.29999999999998,0.03336113427856548,0.45287739783152625,1.92,43.209999999999994,0.7957642725598528,0.029224189104857,0.6576964641775367,1.711431537026982e-05
35,3.0,0.46,57.29999999999998,0.025020850708924104,0.4778982485404504,1.3800000000000001,44.589999999999996,0.7781849912739967,0.021004885919115972,0.6787013500966527,1.6127973192978688e-05
31,3.0,0.44,60.29999999999998,0.025020850708924104,0.5029190992493745,1.32,45.91,0.7613598673300167,0.02009163000958919,0.6987929801062418,2.4297216702751793e-05
25,3.000000000000007,0.43,63.29999999999999,0.025020850708924163,0.5279399499582986,1.2900000000000031,47.2,0.7456556082148501,0.019635002054825844,0.7184279821610676,2.9007365724852677e-05
18,3.0,0.43,66.29999999999998,0.025020850708924104,0.5529608006672228,1.29,48.49,0.731372549019608,0.0196350020548258,0.7380629842158934,2.900736572485254e-05
19,3.0,0.42,69.29999999999998,0.025020850708924104,0.5779816513761469,1.26,49.75,0.717893217893218,0.019178374100062408,0.7572413583159558,3.413453292509609e-05
12,3.0,0.42,72.29999999999998,0.025020850708924104,0.603002502085071,1.26,51.01,0.7055325034578148,0.019178374100062408,0.7764197324160182,3.413453292509609e-05
26,3.0,0.41,75.29999999999998,0.025020850708924104,0.6280233527939951,1.23,52.239999999999995,0.6937583001328023,0.018721746145299017,0.7951414785613172,3.9678718303482424e-05
17,3.0,0.4,78.29999999999998,0.025020850708924104,0.6530442035029193,1.2000000000000002,53.44,0.6825031928480205,0.01826511819053563,0.8134065967518529,4.563992186001152e-05
43,2.0,0.4,80.29999999999998,0.01668056713928274,0.669724770642202,0.8,54.239999999999995,0.6754669987546701,0.012176745460357083,0.82558334221221,2.0284409715560677e-05
29,3.0,0.4,83.29999999999998,0.025020850708924104,0.6947456213511262,1.2000000000000002,55.44,0.665546218487395,0.01826511819053563,0.8438484604027456,4.563992186001152e-05
7,1.6999999999999993,0.39,84.99999999999999,0.01417848206839032,0.7089241034195165,0.6629999999999997,56.102999999999994,0.660035294117647,0.010091477800270929,0.8539399382030166,1.6703603887626112e-05
33,3.0,0.38,87.99999999999999,0.025020850708924104,0.7339449541284406,1.1400000000000001,57.242999999999995,0.6504886363636364,0.017351862281008847,0.8712918004840254,5.881338350749817e-05
47,1.2000000000000028,0.37,89.19999999999999,0.010008340283569665,0.7439532944120103,0.44400000000000106,57.687,0.6467152466367714,0.006758093730498197,0.8780498942145236,1.056410265575296e-05
22,3.0,0.34,92.19999999999999,0.025020850708924104,0.7689741451209344,1.02,58.707,0.6367353579175706,0.015525350461955282,0.8935752446764789,9.016452494018495e-05
27,3.0,0.34,95.19999999999999,0.025020850708924104,0.7939949958298586,1.02,59.727000000000004,0.6273844537815128,0.015525350461955282,0.9091005951384341,9.016452494018495e-05
6,3.0,0.34,98.19999999999999,0.025020850708924104,0.8190158465387827,1.02,60.74700000000001,0.6186048879837068,0.015525350461955282,0.9246259456003894,9.016452494018495e-05
42,0.5999999999999943,0.34,98.79999999999998,0.005004170141784774,0.8240200166805675,0.20399999999999807,60.95100000000001,0.6169129554655872,0.003105070092391027,0.9277310156927804,3.6065809976073297e-06
46,0.9000000000000057,0.32,99.69999999999999,0.007506255212677279,0.8315262718932447,0.2880000000000018,61.23900000000001,0.614232698094283,0.004383628365728577,0.932114644058509,9.750798425284785e-06
48,3.1999999999999886,0.3,102.89999999999998,0.026688907422852286,0.8582151793160969,0.9599999999999965,62.199000000000005,0.6044606413994171,0.014612094552428448,0.9467267386109374,0.0001458494091072348
37,3.0,0.26,105.89999999999998,0.025020850708924104,0.883236030025021,0.78,62.979000000000006,0.594702549575071,0.011872326823848157,0.9585990654347856,0.00017288368035641268
40,2.0,0.24,107.89999999999998,0.01668056713928274,0.8999165971643038,0.48,63.459,0.5881278962001855,0.00730604727621425,0.9659051127109998,8.788162266306559e-05
34,3.0,0.24,110.89999999999998,0.025020850708924104,0.924937447873228,0.72,64.179,0.5787105500450858,0.010959070914321375,0.9768641836253211,0.00019773365099189758
0,2.0,0.19,112.89999999999998,0.01668056713928274,0.9416180150125107,0.38,64.559,0.5718246235606732,0.005783954093669615,0.9826481377189907,0.00011873617586582608
41,3.6000000000000085,0.17,116.49999999999999,0.030025020850708996,0.9716430358632198,0.6120000000000015,65.17099999999999,0.5594077253218884,0.009315210277173191,0.9919633479961639,0.0004288962539917353
21,3.0,0.16,119.49999999999999,0.025020850708924104,0.9966638865721439,0.48,65.651,0.5493807531380753,0.00730604727621425,0.9992693952723781,0.00031381426065954884
1,0.39999999999999947,0.12,119.89999999999999,0.003336113427856543,1.0000000000000004,0.04799999999999993,65.699,0.5479482902418682,0.000730604727621424,0.9999999999999996,6.788675587000898e-06
