,weight,grade,cml_weight,weight_pct,cml_weight_pct,yield,cml_yield,cml_grade,recovery,cml_recovery,distributional_heterogeneity
12,3.0,2.8,3.0,0.01871490954460387,0.01871490954460387,8.399999999999999,8.399999999999999,2.7999999999999994,0.14125006305806387,0.14125006305806387,0.015014863846567209
35,0.7000000000000028,2.21,3.700000000000003,0.004366812227074254,0.023081721771678124,1.5470000000000061,9.947000000000005,2.6883783783783777,0.026013553279860203,0.16726361633792408,0.0004685813982063687
43,1.5999999999999943,1.14,5.299999999999997,0.009981285090455361,0.03306300686213348,1.8239999999999934,11.770999999999997,2.220943396226416,0.030671442264036616,0.1979350586019607,0.00042808260386749603
18,3.0,0.96,8.299999999999997,0.01871490954460387,0.05177791640673735,2.88,14.650999999999996,1.7651807228915664,0.04842859304847904,0.24636365165043975,0.000882902987368464
49,2.0,0.79,10.299999999999997,0.012476606363069246,0.0642545227698066,1.58,16.230999999999995,1.5758252427184465,0.02656846424187392,0.27293211589231364,0.00019858045847642944
46,2.0,0.79,12.299999999999997,0.012476606363069246,0.07673112913287584,1.58,17.810999999999993,1.4480487804878046,0.02656846424187392,0.29950058013418757,0.00019858045847642944
28,0.29999999999999716,0.75,12.599999999999994,0.0018714909544603692,0.07860262008733622,0.22499999999999787,18.03599999999999,1.4314285714285713,0.0037834838319123895,0.30328406396609997,3.6557167634272565e-06
44,3.0,0.55,15.599999999999994,0.01871490954460387,0.0973175296319401,1.6500000000000001,19.68599999999999,1.2619230769230767,0.02774554810069112,0.3310296120667911,8.155243273068967e-05
52,3.0,0.53,18.599999999999994,0.01871490954460387,0.11603243917654396,1.59,21.27599999999999,1.1438709677419352,0.026736619078847806,0.3577662311456389,6.434782385178012e-05
50,1.6999999999999886,0.49,20.299999999999983,0.01060511540860879,0.12663755458515275,0.8329999999999944,22.108999999999984,1.089113300492611,0.014007297919924574,0.37177352906556344,1.1574845840302992e-05
26,3.0,0.49,23.299999999999983,0.01871490954460387,0.1453524641297566,1.47,23.578999999999983,1.0119742489270387,0.02471876103516118,0.3964922901007246,3.604623272066723e-05
58,0.30000000000001137,0.49,23.599999999999994,0.001871490954460458,0.14722395508421707,0.14700000000000557,23.72599999999999,1.0053389830508472,0.0024718761035162117,0.39896416620424086,3.604623272066997e-07
42,2.0,0.48,25.599999999999994,0.012476606363069246,0.1597005614472863,0.96,24.68599999999999,0.9642968749999998,0.016142864349493014,0.4151070305537339,1.3441447623016067e-05
48,2.0,0.48,27.599999999999994,0.012476606363069246,0.17217716781035555,0.96,25.64599999999999,0.9292028985507245,0.016142864349493014,0.4312498949032269,1.3441447623016067e-05
19,3.0,0.46,30.599999999999994,0.01871490954460387,0.19089207735495942,1.3800000000000001,27.02599999999999,0.8832026143790848,0.02320536750239621,0.4544552624056231,2.0164212670700564e-05
41,1.4000000000000057,0.46,32.0,0.008733624454148508,0.19962570180910794,0.6440000000000027,27.66999999999999,0.8646874999999997,0.010829171501118276,0.4652844339067414,4.391317426063714e-06
14,3.0,0.45,35.0,0.01871490954460387,0.2183406113537118,1.35,29.019999999999992,0.829142857142857,0.022700902991474554,0.48798533689821594,1.5888143758496038e-05
59,3.0,0.45,38.0,0.01871490954460387,0.23705552089831566,1.35,30.369999999999994,0.7992105263157893,0.022700902991474554,0.5106862398896905,1.5888143758496038e-05
36,3.0,0.42,41.0,0.01871490954460387,0.2557704304429195,1.26,31.629999999999995,0.7714634146341462,0.02118750945870958,0.5318737493484001,6.1137503352355766e-06
40,3.0,0.41,44.0,0.01871490954460387,0.2744853399875234,1.23,32.85999999999999,0.7468181818181816,0.020683044947787926,0.5525567942961881,3.873556965266463e-06
51,3.0,0.39,47.0,0.01871490954460387,0.29320024953212726,1.17,34.029999999999994,0.7240425531914892,0.01967411592594461,0.5722309102221327,9.200768820048041e-07
39,3.0,0.38,50.0,0.01871490954460387,0.3119151590767311,1.1400000000000001,35.169999999999995,0.7033999999999999,0.019169651415022956,0.5914005616371556,2.067901687122492e-07
61,1.5,0.38,51.5,0.009357454772301935,0.32127261384903305,0.5700000000000001,35.739999999999995,0.6939805825242717,0.009584825707511478,0.6009853873446671,5.16975421780623e-08
13,3.0,0.38,54.5,0.01871490954460387,0.3399875233936369,1.1400000000000001,36.879999999999995,0.6766972477064219,0.019169651415022956,0.62015503875969,2.067901687122492e-07
17,3.0,0.36,57.5,0.01871490954460387,0.3587024329382408,1.08,37.959999999999994,0.6601739130434782,0.018160722393179642,0.6383157611528697,3.0712339880370023e-07
29,3.0,0.36,60.5,0.01871490954460387,0.37741734248284464,1.08,39.03999999999999,0.645289256198347,0.018160722393179642,0.6564764835460494,3.0712339880370023e-07
16,0.5999999999999943,0.33,61.099999999999994,0.0037429819089207384,0.3811603243917654,0.19799999999999812,39.23799999999999,0.6421931260229132,0.0033294657720829026,0.6598059493181323,1.7099559542528745e-07
56,3.0,0.33,64.1,0.01871490954460387,0.39987523393636926,0.99,40.227999999999994,0.6275819032761311,0.016647328860414673,0.676453278178547,4.274889885632268e-06
20,3.0,0.32,67.1,0.01871490954460387,0.4185901434809731,0.96,41.187999999999995,0.6138301043219075,0.016142864349493014,0.6925961425280399,6.615416485692832e-06
33,0.29999999999999716,0.32,67.39999999999999,0.0018714909544603692,0.4204616344354335,0.09599999999999909,41.28399999999999,0.6125222551928783,0.0016142864349492862,0.6942104289629892,6.615416485692706e-08
34,3.0999999999999943,0.31,70.49999999999999,0.019338739862757297,0.4398003742981908,0.9609999999999982,42.24499999999999,0.5992198581560284,0.016159679833190374,0.7103701087961796,1.010642267159004e-05
53,3.0,0.3,73.49999999999999,0.01871490954460387,0.45851528384279466,0.8999999999999999,43.14499999999999,0.5870068027210884,0.0151339353276497,0.7255040441238293,1.2823376342490521e-05
30,3.0,0.3,76.49999999999999,0.01871490954460387,0.4772301933873985,0.8999999999999999,44.04499999999999,0.5757516339869281,0.0151339353276497,0.740637979451479,1.2823376342490521e-05
57,2.6999999999999886,0.29,79.19999999999997,0.016843418590143412,0.49407361197754196,0.7829999999999967,44.82799999999998,0.566010101010101,0.013166523735055185,0.7538045031865342,1.351955577537428e-05
27,2.700000000000003,0.28,81.89999999999998,0.0168434185901435,0.5109170305676854,0.7560000000000009,45.58399999999998,0.5565811965811965,0.012712505675225765,0.76651700886176,1.706444151063415e-05
8,3.0,0.27,84.89999999999998,0.01871490954460387,0.5296319401122893,0.81,46.393999999999984,0.546454652532391,0.013620541794884733,0.7801375506566447,2.5952582769378427e-05
38,3.0,0.25,87.89999999999998,0.01871490954460387,0.5483468496568932,0.75,47.143999999999984,0.5363367463026165,0.012611612773041419,0.7927491634296862,3.725023148176465e-05
22,3.0,0.25,90.89999999999998,0.01871490954460387,0.567061759201497,0.75,47.893999999999984,0.5268866886688669,0.012611612773041419,0.8053607762027276,3.725023148176465e-05
21,3.0,0.24,93.89999999999998,0.01871490954460387,0.5857766687461009,0.72,48.61399999999998,0.5177209797657082,0.01210714826211976,0.8174679244648474,4.3662509166296036e-05
60,3.0,0.23,96.89999999999998,0.01871490954460387,0.6044915782907048,0.6900000000000001,49.30399999999998,0.508813209494324,0.011602683751198105,0.8290706082160455,5.0583755736386265e-05
47,2.000000000000014,0.23,98.89999999999999,0.012476606363069334,0.6169681846537741,0.4600000000000033,49.76399999999998,0.5031749241658239,0.007735122500798792,0.8368057307168443,2.248166921617199e-05
9,3.0000000000000036,0.22,101.89999999999999,0.01871490954460389,0.635683094198378,0.6600000000000008,50.423999999999985,0.4948380765456329,0.011098219240276461,0.8479039499571207,5.801397119203549e-05
55,3.0,0.22,104.89999999999999,0.01871490954460387,0.6543980037429818,0.66,51.08399999999998,0.4869780743565299,0.011098219240276447,0.8590021691973971,5.8013971192035364e-05
24,3.0,0.21,107.89999999999999,0.01871490954460387,0.6731129132875857,0.63,51.713999999999984,0.47927710843373483,0.01059375472935479,0.8695959239267519,6.59531555332433e-05
54,3.0,0.21,110.89999999999999,0.01871490954460387,0.6918278228321896,0.63,52.34399999999999,0.47199278629395847,0.01059375472935479,0.8801896786561066,6.59531555332433e-05
37,3.0,0.2,113.89999999999999,0.01871490954460387,0.7105427323767934,0.6000000000000001,52.94399999999999,0.46482879719051795,0.010089290218433135,0.8902789688745398,7.44013087600101e-05
7,3.0,0.2,116.89999999999999,0.01871490954460387,0.7292576419213973,0.6000000000000001,53.54399999999999,0.4580325064157399,0.010089290218433135,0.900368259092973,7.44013087600101e-05
23,3.0,0.19,119.89999999999999,0.01871490954460387,0.7479725514660012,0.5700000000000001,54.11399999999999,0.4513261050875729,0.009584825707511478,0.9099530848004845,8.335843087233573e-05
25,3.0,0.16,122.89999999999999,0.01871490954460387,0.766687461010605,0.48,54.59399999999999,0.44421480878763214,0.008071432174746507,0.918024516975231,0.0001132836105226658
5,1.5,0.15,124.39999999999999,0.009357454772301935,0.776044915782907,0.22499999999999998,54.81899999999999,0.4406672025723472,0.003783483831912425,0.9218080008071434,3.1069152044306714e-05
11,3.0,0.15,127.39999999999999,0.01871490954460387,0.7947598253275109,0.44999999999999996,55.26899999999999,0.43382260596546307,0.00756696766382485,0.9293749684709682,0.00012427660817722686
45,3.0,0.14,130.39999999999998,0.01871490954460387,0.8134747348721147,0.42000000000000004,55.68899999999999,0.42706288343558285,0.007062503152903195,0.9364374716238715,0.00013577857471734677
4,2.6999999999999993,0.14,133.09999999999997,0.016843418590143478,0.8303181534622582,0.37799999999999995,56.06699999999999,0.42123966942148766,0.006356252837612874,0.9427937244614844,0.00010998064552105083
2,3.0,0.14,136.09999999999997,0.01871490954460387,0.8490330630068621,0.42000000000000004,56.486999999999995,0.41504041146216025,0.007062503152903195,0.9498562276143876,0.00013577857471734677
0,3.3,0.13,139.39999999999998,0.020586400499064256,0.8696194635059263,0.429,56.916,0.4082926829268293,0.007213842506179691,0.9570700701205673,0.00017882530727306086
15,1.5,0.13,140.89999999999998,0.009357454772301935,0.8789769182782283,0.195,57.111,0.40533002129169626,0.003279019320990769,0.9603490894415581,3.6947377535756384e-05
6,3.0,0.13,143.89999999999998,0.01871490954460387,0.8976918278228322,0.39,57.501,0.39958999305072973,0.006558038641981538,0.9669071280835396,0.00014778951014302554
32,3.4000000000000057,0.12,147.29999999999998,0.021210230817217755,0.9189020586400499,0.40800000000000064,57.909,0.39313645621181265,0.006860717348534542,0.9737678454320742,0.0002059085367879209
1,3.0,0.12,150.29999999999998,0.01871490954460387,0.9376169681846538,0.36,58.269,0.387684630738523,0.00605357413105988,0.9798214195631341,0.00016030941445426317
10,3.0,0.12,153.29999999999998,0.01871490954460387,0.9563318777292577,0.36,58.629,0.3824461839530333,0.00605357413105988,0.985874993694194,0.00016030941445426317
3,4.0,0.12,157.29999999999998,0.024953212726138492,0.9812850904553961,0.48,59.108999999999995,0.37577240940877304,0.008071432174746507,0.9939464258689404,0.00028499451458535675
31,3.0,0.12,160.29999999999998,0.01871490954460387,1.0,0.36,59.468999999999994,0.37098565190268246,0.00605357413105988,1.0000000000000002,0.00016030941445426317
