,weight,grade,cml_weight,weight_pct,cml_weight_pct,yield,cml_yield,cml_grade,recovery,cml_recovery,distributional_heterogeneity
9,2.6999999999999993,2.7,2.6999999999999993,0.03165298944900351,0.03165298944900351,7.289999999999998,7.289999999999998,2.7,0.36681090872496724,0.36681090872496724,0.11233083085339345
17,2.700000000000003,0.62,5.400000000000002,0.03165298944900355,0.06330597889800706,1.6740000000000017,8.964,1.6599999999999995,0.08423065311462222,0.45104156183958943,0.0027644107165349175
5,2.0000000000000018,0.54,7.400000000000004,0.023446658851113734,0.08675263774912079,1.080000000000001,10.044,1.3572972972972968,0.054342356848143356,0.5053839186877328,0.0009545441547236605
6,2.0,0.5,9.400000000000004,0.023446658851113713,0.1101992966002345,1.0,11.044,1.1748936170212763,0.05031699708161417,0.555700915769347,0.0007220150766214946
7,2.599999999999998,0.42,12.000000000000002,0.030480656506447802,0.1406799531066823,1.091999999999999,12.136,1.0113333333333332,0.054946160813122626,0.6106470765824696,0.0005985609009799245
18,1.6999999999999957,0.34,13.699999999999998,0.019929660023446608,0.1606096131301289,0.5779999999999986,12.713999999999999,0.9280291970802921,0.029083224313172923,0.6397303008956425,8.378773920615281e-05
8,1.0,0.25,14.699999999999998,0.011723329425556856,0.17233294255568574,0.25,12.963999999999999,0.881904761904762,0.012579249270403542,0.6523095501660461,7.32598780802376e-07
10,2.400000000000002,0.22,17.1,0.028135990621336482,0.20046893317702222,0.5280000000000005,13.491999999999999,0.7890058479532163,0.026567374459092307,0.6788769246251384,2.4605566644536405e-06
14,3.0,0.18,20.1,0.03516998827667057,0.23563892145369278,0.54,14.032,0.6981094527363184,0.027171178424071653,0.7060481030492101,6.398095905803352e-05
3,2.0,0.17,22.1,0.023446658851113713,0.2590855803048065,0.34,14.372,0.650316742081448,0.01710777900774882,0.7231558820569589,4.018139766861773e-05
13,3.1000000000000014,0.16,25.200000000000003,0.03634232121922627,0.29542790152403275,0.4960000000000002,14.868,0.59,0.02495723055248064,0.7481131126094396,0.00012962028949001846
16,3.0,0.16,28.200000000000003,0.03516998827667057,0.3305978898007033,0.48,15.348,0.5442553191489361,0.024152158599174803,0.7722652712086144,0.00012139257080230647
11,2.8999999999999986,0.16,31.1,0.03399765533411487,0.3645955451348182,0.4639999999999998,15.812000000000001,0.5084244372990354,0.023347086645868965,0.7956123578544834,0.00011343461338304404
34,2.1000000000000085,0.14,33.20000000000001,0.024618991793669498,0.3892145369284877,0.2940000000000012,16.106,0.48512048192771073,0.014793197141994627,0.810405554996478,9.654624053688248e-05
15,3.0,0.12,36.20000000000001,0.03516998827667057,0.42438452520515824,0.36,16.466,0.4548618784530386,0.0181141189493811,0.8285196739458591,0.00029090267850957367
32,1.5,0.12,37.70000000000001,0.017584994138335284,0.44196951934349354,0.18,16.646,0.44153846153846144,0.00905705947469055,0.8375767334205497,7.272566962739342e-05
1,1.9999999999999991,0.11,39.70000000000001,0.023446658851113703,0.46541617819460723,0.2199999999999999,16.866,0.42483627204030217,0.011069739357955112,0.8486464727785048,0.00015318813614012905
19,3.0,0.11,42.70000000000001,0.03516998827667057,0.5005861664712778,0.33,17.195999999999998,0.40271662763466026,0.01660460903693268,0.8652510818154375,0.00034467330631529066
4,1.4000000000000004,0.1,44.10000000000001,0.016412661195779603,0.5169988276670574,0.14000000000000004,17.336,0.39310657596371873,0.007044379591425986,0.8722954614068635,8.776470021847037e-05
20,3.0,0.1,47.10000000000001,0.03516998827667057,0.552168815943728,0.30000000000000004,17.636,0.37443736730360927,0.015095099124484253,0.8873905605313478,0.0004030011744725678
31,1.5,0.1,48.60000000000001,0.017584994138335284,0.5697538100820633,0.15000000000000002,17.785999999999998,0.3659670781893003,0.007547549562242127,0.8949381100935899,0.00010075029361814195
12,3.1999999999999993,0.09,51.80000000000001,0.03751465416178193,0.6072684642438452,0.2879999999999999,18.073999999999998,0.3489189189189188,0.014491295159504878,0.9094294052530948,0.0005300750597477319
29,3.0,0.08,54.80000000000001,0.03516998827667057,0.6424384525205158,0.24,18.313999999999997,0.33419708029197065,0.012076079299587402,0.9215054845526822,0.0005333286318418025
0,2.1000000000000005,0.08,56.90000000000001,0.024618991793669404,0.6670574443141852,0.16800000000000004,18.481999999999996,0.3248154657293496,0.008453255509711183,0.9299587400623934,0.00026133102960248334
30,3.1000000000000085,0.07,60.00000000000002,0.036342321219226356,0.7033997655334115,0.2170000000000006,18.698999999999998,0.31164999999999987,0.010918788366710307,0.9408775284291038,0.0006463560227029627
23,3.000000000000007,0.06,63.00000000000003,0.03516998827667065,0.7385697538100822,0.1800000000000004,18.878999999999998,0.29966666666666647,0.00905705947469057,0.9499345879037944,0.0006818850506172809
22,3.0,0.06,66.00000000000003,0.03516998827667057,0.7737397420867528,0.18,19.058999999999997,0.2887727272727271,0.00905705947469055,0.958991647378485,0.0006818850506172776
2,2.0,0.06,68.00000000000003,0.023446658851113713,0.7971864009378665,0.12,19.179,0.28204411764705867,0.006038039649793701,0.9650296870282786,0.00030306002249656783
28,2.0999999999999943,0.05,70.10000000000002,0.02461899179366933,0.8218053927315359,0.10499999999999972,19.284,0.27509272467902984,0.005283284693569474,0.970312971721848,0.00037386956906085197
26,2.700000000000003,0.04,72.80000000000003,0.03165298944900355,0.8534583821805394,0.10800000000000011,19.392,0.26637362637362627,0.005434235684814336,0.9757472074066624,0.0006874230489471858
27,1.5999999999999943,0.04,74.40000000000002,0.018757327080890902,0.8722157092614303,0.06399999999999978,19.456,0.26150537634408594,0.003220287813223296,0.9789674952198857,0.00024139958920504518
21,3.0,0.04,77.40000000000002,0.03516998827667057,0.9073856975381009,0.12,19.576,0.2529198966408268,0.006038039649793701,0.9850055348696793,0.000848670430798993
33,3.0999999999999943,0.04,80.50000000000001,0.03634232121922619,0.9437280187573271,0.12399999999999978,19.7,0.2447204968944099,0.0062393076381201465,0.9912448425077995,0.0009061914266642547
24,3.0,0.04,83.50000000000001,0.03516998827667057,0.9788980070339978,0.12,19.82,0.2373652694610778,0.006038039649793701,0.9972828821575932,0.000848670430798993
25,1.7999999999999972,0.03,85.30000000000001,0.02110199296600231,1.0,0.053999999999999916,19.874,0.23298944900351695,0.002717117842407161,1.0000000000000004,0.0003380036333101877
