,weight,grade,cml_weight,weight_pct,cml_weight_pct,yield,cml_yield,cml_grade,recovery,cml_recovery,distributional_heterogeneity
99,3.0,6.8,3.0,0.00906344410876133,0.00906344410876133,20.4,20.4,6.8,0.07419341933465963,0.07419341933465963,0.004241913672926127
79,2.0,6.5,5.0,0.006042296072507554,0.015105740181268885,13.0,33.4,6.68,0.047280120164243884,0.12147353949890352,0.0017005581358209895
81,1.0,6.2,6.0,0.003021148036253777,0.01812688821752266,6.2,39.6,6.6000000000000005,0.022548980386024008,0.14402251988492754,0.0003813362362807328
45,4.0,2.66,10.0,0.012084592145015107,0.03021148036253777,10.64,50.24,5.024,0.03869695988827346,0.182719479773201,0.0007082181169024176
56,2.299999999999983,2.51,12.299999999999983,0.006948640483383635,0.03716012084592141,5.772999999999957,56.01299999999996,4.553902439024394,0.020996010285244456,0.20371549005844544,0.00019732859835023124
42,3.0,2.38,15.299999999999983,0.00906344410876133,0.04622356495468274,7.14,63.15299999999996,4.1276470588235314,0.02596769676713087,0.2296831868255763,0.0002857537579379937
98,3.1000000000000227,1.95,18.400000000000006,0.009365558912386777,0.05558912386706952,6.045000000000044,69.19800000000001,3.7607608695652166,0.021985255876373566,0.2516684427019499,0.00015925675146285744
53,2.0999999999999943,1.9,20.5,0.0063444108761329145,0.06193353474320243,3.989999999999989,73.188,3.5701463414634147,0.014511359958102507,0.26617980266005237,6.669905730748395e-05
50,3.0,1.77,23.5,0.00906344410876133,0.07099697885196377,5.3100000000000005,78.498,3.340340425531915,0.019312110620933465,0.28549191328098583,0.00010503516527771853
104,2.3000000000000114,1.76,25.80000000000001,0.006948640483383721,0.0779456193353475,4.0480000000000205,82.54600000000002,3.1994573643410846,0.014722302032681555,0.3002142153136674,6.042981388303158e-05
52,2.5,1.68,28.30000000000001,0.007552870090634442,0.08549848942598194,4.2,86.74600000000002,3.0652296819787983,0.015275115745371102,0.3154893310590385,5.9633077952099206e-05
13,0.7000000000000028,1.58,29.000000000000014,0.0021148036253776526,0.08761329305135959,1.1060000000000045,87.85200000000003,3.029379310344827,0.004022447146281073,0.31951177820531956,3.6391038028448006e-06
40,1.9000000000000057,1.55,30.90000000000002,0.005740181268882193,0.09335347432024178,2.9450000000000087,90.79700000000004,2.9384142394822,0.010710765683361434,0.330222543888681,2.470670942146395e-05
39,3.0,1.49,33.90000000000002,0.00906344410876133,0.1024169184290031,4.47,95.26700000000004,2.8102359882005894,0.016257087471859243,0.3464796313605402,5.174850483544265e-05
35,2.6000000000000085,1.42,36.50000000000003,0.007854984894259846,0.11027190332326295,3.6920000000000117,98.95900000000005,2.711205479452054,0.013427554126645305,0.35990718548718553,3.1053527849729084e-05
34,3.0,1.42,39.50000000000003,0.00906344410876133,0.11933534743202429,4.26,103.21900000000005,2.6131392405063285,0.015493331684590687,0.3754005171717762,4.1343454237804726e-05
48,2.3000000000000114,1.41,41.80000000000004,0.006948640483383721,0.126283987915408,3.243000000000016,106.46200000000006,2.5469377990430613,0.011794571514818743,0.3871950886865949,2.3483047561424903e-05
88,3.8999999999999773,1.35,45.70000000000002,0.01178247734138966,0.13806646525679767,5.2649999999999695,111.72700000000003,2.444792122538293,0.01914844866651866,0.40634353735311357,5.425753356262271e-05
84,3.6000000000000227,1.35,49.30000000000004,0.010876132930513666,0.14894259818731134,4.860000000000031,116.58700000000006,2.364847870182555,0.017675491076786676,0.42401902842990025,4.623127120128911e-05
43,3.299999999999997,1.31,52.60000000000004,0.009969788519637455,0.1589123867069488,4.322999999999997,120.91000000000005,2.298669201520912,0.015722458420771242,0.4397414868506715,3.309321099141061e-05
71,0.4000000000000057,1.29,53.00000000000004,0.001208459214501528,0.16012084592145032,0.5160000000000073,121.42600000000006,2.291056603773584,0.0018766570772884763,0.44161814392795995,4.4648838383304556e-07
51,3.6000000000000227,1.18,56.600000000000065,0.010876132930513666,0.170996978851964,4.248000000000027,125.67400000000009,2.220388692579504,0.015449688496746869,0.45706783242470683,2.0917410517422708e-05
49,3.6999999999999886,1.16,60.300000000000054,0.011178247734138941,0.18217522658610294,4.2919999999999865,129.96600000000007,2.155323383084576,0.015609713518841085,0.47267754594354794,1.9637889000985804e-05
12,1.5999999999999943,1.16,61.90000000000005,0.004833836858006026,0.18700906344410897,1.8559999999999932,131.82200000000006,2.1295961227786746,0.0067501463865258715,0.4794276923300738,3.6722422090959543e-06
4,3.6000000000000014,1.06,65.50000000000006,0.010876132930513602,0.19788519637462257,3.8160000000000016,135.63800000000006,2.0708091603053425,0.013878533734365749,0.4933062260644396,9.014410586972027e-06
36,3.5,1.03,69.00000000000006,0.01057401812688822,0.20845921450151078,3.605,139.24300000000005,2.0180144927536223,0.013111141014776862,0.5064173670792165,6.4369925482484085e-06
66,3.0,1.03,72.00000000000006,0.00906344410876133,0.21752265861027212,3.09,142.33300000000006,1.9768472222222215,0.011238120869808738,0.5176554879490252,4.729219015039647e-06
38,3.0,1.02,75.00000000000006,0.00906344410876133,0.22658610271903346,3.06,145.39300000000006,1.9385733333333326,0.011129012900198946,0.5287845008492241,4.2665744321610484e-06
10,3.6000000000000014,1.01,78.60000000000005,0.010876132930513602,0.23746223564954705,3.6360000000000015,149.02900000000005,1.896043256997455,0.013223885916706988,0.5420083867659311,5.511944084179961e-06
73,1.6999999999999886,1.0,80.30000000000004,0.0051359516616313865,0.24259818731117844,1.6999999999999886,150.72900000000004,1.8770734744707342,0.006182784944554928,0.548191171710486,1.0958599222364802e-06
6,3.1000000000000014,0.98,83.40000000000003,0.009365558912386713,0.25196374622356515,3.038000000000001,153.76700000000005,1.8437290167865705,0.011049000389151768,0.5592401720996378,2.8339752056929107e-06
87,3.0,0.95,86.40000000000003,0.00906344410876133,0.26102719033232646,2.8499999999999996,156.61700000000005,1.812696759259259,0.010365257112930388,0.5696054292125682,1.6947170978236704e-06
78,2.0999999999999943,0.94,88.50000000000003,0.0063444108761329145,0.2673716012084594,1.9739999999999946,158.59100000000004,1.7919887005649715,0.007179304400324398,0.5767847336128926,6.970471967368752e-07
8,1.3999999999999986,0.94,89.90000000000003,0.0042296072507552835,0.27160120845921465,1.3159999999999985,159.90700000000004,1.7787208008898774,0.004786202933549606,0.5815709365464422,3.097987541052789e-07
106,2.8999999999999773,0.93,92.80000000000001,0.008761329305135885,0.28036253776435055,2.696999999999979,162.604,1.7521982758620689,0.009808806467920367,0.5913797430143626,1.0972084065550288e-06
67,3.0999999999999943,0.91,95.9,0.009365558912386692,0.28972809667673727,2.820999999999995,165.425,1.7249739311783108,0.010259786075640905,0.6016395290900035,7.996422195016775e-07
82,1.4000000000000057,0.88,97.30000000000001,0.004229607250755305,0.2939577039274926,1.232000000000005,166.657,1.7128160328879753,0.004480700618642208,0.6061202297086458,6.304787939678766e-08
83,2.6999999999999886,0.85,100.0,0.008157099697885164,0.30211480362537774,2.29499999999999,168.952,1.68952,0.008346759675149173,0.614466989383795,3.597090697578488e-08
72,2.200000000000017,0.84,102.20000000000002,0.006646525679758361,0.3087613293051361,1.8480000000000143,170.8,1.6712328767123286,0.0067210509279633365,0.6211880403117583,5.554012620013234e-09
122,1.6000000000000227,0.83,103.80000000000004,0.004833836858006112,0.3135951661631422,1.3280000000000187,172.12800000000004,1.658265895953757,0.004829846121393597,0.6260178864331519,1.5925978710461136e-11
44,3.0,0.83,106.80000000000004,0.00906344410876133,0.3226586102719035,2.4899999999999998,174.61800000000005,1.6349999999999998,0.009055961477612865,0.6350738479107648,5.598976890396333e-11
75,2.1999999999999886,0.83,109.00000000000003,0.006646525679758275,0.3293051359516618,1.8259999999999905,176.44400000000005,1.6187522935779817,0.006641038416916068,0.6417148863276809,3.0110053499464415e-11
65,3.0999999999999943,0.82,112.10000000000002,0.009365558912386692,0.3386706948640485,2.5419999999999954,178.98600000000005,1.596663693131133,0.009245081958269825,0.6509599682859507,1.451469647327744e-08
15,1.1999999999999957,0.81,113.30000000000001,0.0036253776435045196,0.342296072507553,0.9719999999999966,179.95800000000006,1.5883318623124452,0.0035350982153572997,0.654495066501308,8.15037514658901e-09
33,2.0,0.81,115.30000000000001,0.006042296072507554,0.34833836858006056,1.62,181.57800000000006,1.574830875975716,0.0058918303589288535,0.6603868968602368,2.2639930962747412e-08
7,3.0,0.81,118.30000000000001,0.00906344410876133,0.3574018126888219,2.43,184.00800000000007,1.5554353338968727,0.00883774553839328,0.66922464239863,5.0939844666181674e-08
76,1.8000000000000114,0.79,120.10000000000002,0.005438066465256833,0.3628398791540787,1.422000000000009,185.43000000000006,1.5439633638634473,0.005171717759504249,0.6743963601581342,7.094163305607667e-08
69,3.0999999999999943,0.78,123.20000000000002,0.009365558912386692,0.37220543806646544,2.4179999999999957,187.84800000000007,1.5247402597402602,0.008794102350549346,0.6831904625086835,3.2656260206695874e-07
5,3.099999999999998,0.78,126.30000000000001,0.009365558912386702,0.38157099697885216,2.4179999999999984,190.26600000000008,1.5064608076009507,0.008794102350549357,0.6919845648592329,3.2656260206695954e-07
80,2.5999999999999943,0.78,128.9,0.007854984894259802,0.38942598187311195,2.0279999999999956,192.29400000000007,1.491807602792863,0.00737569874562203,0.6993602636048549,2.2971521227602908e-07
93,0.5,0.76,129.4,0.0015105740181268884,0.3909365558912388,0.38,192.67400000000006,1.488979907264297,0.001382034281724052,0.7007422978865789,1.6522463834510673e-08
94,3.900000000000034,0.75,133.30000000000004,0.011782477341389833,0.40271903323262864,2.9250000000000256,195.5990000000001,1.4673593398349591,0.010638027036954966,0.7113803249235339,1.3097664993210573e-06
77,3.5999999999999943,0.75,136.90000000000003,0.01087613293051358,0.41359516616314224,2.6999999999999957,198.2990000000001,1.448495252008766,0.009819717264881407,0.7212000421884153,1.116014058593067e-06
37,2.299999999999997,0.73,139.20000000000005,0.006948640483383678,0.4205438066465259,1.6789999999999978,199.9780000000001,1.436623563218391,0.006106409365828106,0.7273064515542433,7.093532553789077e-07
27,2.0999999999999943,0.73,141.30000000000004,0.0063444108761329145,0.4268882175226588,1.532999999999996,201.51100000000008,1.426121726822364,0.005575417247060437,0.7328818688013038,5.913512015540594e-07
11,3.1000000000000014,0.73,144.40000000000003,0.009365558912386713,0.43625377643504554,2.263000000000001,203.7740000000001,1.4111772853185598,0.008230377840898764,0.7411122466422025,1.2886360650645228e-06
30,3.0,0.71,147.40000000000003,0.00906344410876133,0.44531722054380685,2.13,205.90400000000008,1.3969063772048849,0.0077466658422953435,0.7488589124844979,1.7339050030371696e-06
19,2.700000000000003,0.71,150.10000000000002,0.008157099697885207,0.45347432024169204,1.9170000000000018,207.82100000000008,1.3845502998001336,0.0069719992580658165,0.7558309117425637,1.4044630524601105e-06
17,2.8999999999999986,0.69,153.00000000000003,0.00876132930513595,0.462235649546828,2.000999999999999,209.8220000000001,1.371385620915033,0.007277501572973228,0.7631084133155369,2.2017447387351635e-06
112,1.1000000000000227,0.69,154.10000000000005,0.0033232628398792235,0.4655589123867072,0.7590000000000157,210.5810000000001,1.366521739130435,0.0027604316311278347,0.7658688449466647,3.167789695445494e-07
59,3.6999999999999886,0.69,157.80000000000004,0.011178247734138941,0.47673716012084616,2.552999999999992,213.1340000000001,1.3506590621039294,0.009285088213793403,0.7751539331604581,3.584052969474939e-06
55,2.200000000000017,0.68,160.00000000000006,0.006646525679758361,0.48338368580060453,1.4960000000000118,214.6300000000001,1.3414375000000003,0.005440850751208416,0.7805947839116665,1.4536520333339151e-06
74,3.3000000000000114,0.68,163.30000000000007,0.009969788519637498,0.493353474320242,2.2440000000000078,216.8740000000001,1.3280710349050828,0.008161276126812589,0.7887560600384791,3.2707170750012804e-06
46,3.0999999999999943,0.66,166.40000000000006,0.009365558912386692,0.5027190332326287,2.0459999999999963,218.9200000000001,1.315625,0.007441163527387908,0.796197223565867,3.7032975978046113e-06
1,1.700000000000001,0.64,168.10000000000005,0.005135951661631424,0.5078549848942601,1.0880000000000007,220.0080000000001,1.3087923854848307,0.003956982364515183,0.8001542059303821,1.3899686035427632e-06
62,3.0,0.63,171.10000000000005,0.00906344410876133,0.5169184290030214,1.8900000000000001,221.89800000000008,1.2968907071887785,0.0068738020854169956,0.8070280080157991,4.794532190395474e-06
68,3.0,0.63,174.10000000000005,0.00906344410876133,0.5259818731117828,1.8900000000000001,223.78800000000007,1.2853991958644457,0.0068738020854169956,0.8139018101012161,4.794532190395474e-06
97,3.0,0.61,177.10000000000005,0.00906344410876133,0.5350453172205442,1.83,225.61800000000008,1.2739582156973461,0.006655586146197409,0.8205573962474135,5.797779967882484e-06
25,3.0,0.59,180.10000000000005,0.00906344410876133,0.5441087613293055,1.77,227.3880000000001,1.2625652415324822,0.006437370206977822,0.8269947664543913,6.896264137628467e-06
9,1.1000000000000014,0.58,181.20000000000005,0.003323262839879159,0.5474320241691847,0.6380000000000008,228.0260000000001,1.258421633554084,0.0023203628203682797,0.8293151292747596,1.005808449134922e-06
58,2.6999999999999886,0.57,183.90000000000003,0.008157099697885164,0.5555891238670698,1.5389999999999935,229.56500000000008,1.2483143012506799,0.005597238840982387,0.834912368115742,6.552887606703018e-06
70,1.5,0.56,185.40000000000003,0.004531722054380665,0.5601208459214505,0.8400000000000001,230.4050000000001,1.2427454153182311,0.0030550231490742204,0.8379673912648162,2.1806396569332526e-06
31,3.0,0.56,188.40000000000003,0.00906344410876133,0.5691842900302119,1.6800000000000002,232.0850000000001,1.2318736730360937,0.006110046298148441,0.8440774375629647,8.72255862773301e-06
61,3.5,0.56,191.90000000000003,0.01057401812688822,0.5797583081571,1.9600000000000002,234.0450000000001,1.2196195935383014,0.007128387347839848,0.8512058249108045,1.1872371465525487e-05
57,3.700000000000017,0.53,195.60000000000005,0.011178247734139026,0.5909365558912391,1.9610000000000092,236.0060000000001,1.2065746421267896,0.007132024280160207,0.8583378491909648,1.6371924239528287e-05
54,2.1999999999999886,0.52,197.80000000000004,0.006646525679758275,0.5975830815709974,1.1439999999999941,237.15000000000012,1.1989383215369063,0.004160650574453441,0.8624984997654183,6.179575039174321e-06
32,3.5999999999999943,0.49,201.40000000000003,0.01087613293051358,0.608459214501511,1.7639999999999971,238.91400000000013,1.1862661370407155,0.006415548613055852,0.8689140483784741,1.989681245314982e-05
89,2.200000000000017,0.49,203.60000000000005,0.006646525679758361,0.6151057401812693,1.0780000000000083,239.99200000000013,1.1787426326129669,0.003920613041311946,0.872834661419786,7.430599712441893e-06
16,1.7000000000000028,0.48,205.30000000000007,0.005135951661631429,0.6202416918429007,0.8160000000000013,240.80800000000013,1.1729566488066248,0.00296773677338639,0.8758023981931724,4.701155801607447e-06
109,3.1000000000000227,0.48,208.4000000000001,0.009365558912386777,0.6296072507552875,1.4880000000000109,242.29600000000013,1.1626487523992324,0.005411755292645801,0.8812141534858182,1.5632563063476848e-05
47,2.5999999999999943,0.48,211.00000000000009,0.007854984894259802,0.6374622356495473,1.2479999999999973,243.54400000000012,1.1542369668246446,0.004538891535767403,0.8857530450215856,1.0996475162237406e-05
26,2.5,0.48,213.50000000000009,0.007552870090634442,0.6450151057401817,1.2,244.7440000000001,1.1463419203747074,0.004364318784391743,0.8901173638059773,1.0166859432542025e-05
64,3.0,0.46,216.50000000000009,0.00906344410876133,0.6540785498489431,1.3800000000000001,246.1240000000001,1.1368314087759817,0.005018966602050505,0.8951363304080278,1.635779830228982e-05
95,3.0,0.46,219.50000000000009,0.00906344410876133,0.6631419939577045,1.3800000000000001,247.5040000000001,1.1275808656036448,0.005018966602050505,0.9001552970100782,1.635779830228982e-05
91,4.0,0.46,223.50000000000009,0.012084592145015107,0.6752265861027196,1.84,249.3440000000001,1.1156331096196868,0.006691955469400673,0.906847252479479,2.9080530315181897e-05
24,2.4000000000000057,0.45,225.9000000000001,0.007250755287009082,0.6824773413897287,1.0800000000000025,250.42400000000012,1.1085613103142984,0.003927886905952578,0.9107751393854315,1.104145427782507e-05
96,3.099999999999966,0.45,229.00000000000006,0.009365558912386605,0.6918429003021153,1.3949999999999847,251.8190000000001,1.0996462882096072,0.005073520586855345,0.9158486599722869,1.842159298782918e-05
14,1.2000000000000028,0.44,230.20000000000005,0.003625377643504541,0.6954682779456198,0.5280000000000012,252.3470000000001,1.09620764552563,0.0019203002651323716,0.9177689602374193,2.9072888662365104e-06
60,2.6000000000000227,0.42,232.80000000000007,0.007854984894259889,0.7033232628398797,1.0920000000000094,253.4390000000001,1.088655498281787,0.003971530093796521,0.9217404903312157,1.5081221187241974e-05
29,3.0,0.38,235.80000000000007,0.00906344410876133,0.712386706948641,1.1400000000000001,254.5790000000001,1.0796395250212045,0.004146102845172157,0.9258865931763879,2.418024510259678e-05
3,3.1999999999999993,0.37,239.00000000000006,0.009667673716012085,0.7220543806646531,1.1839999999999997,255.7630000000001,1.0701380753138077,0.004306127867266519,0.9301927210436544,2.87461738882008e-05
63,3.0999999999999943,0.35,242.10000000000005,0.009365558912386692,0.7314199395770398,1.084999999999998,256.84800000000007,1.06091697645601,0.0039460715675541935,0.9341387926112086,2.9370843080799595e-05
124,2.6999999999999886,0.35,244.80000000000004,0.008157099697885164,0.7395770392749249,0.944999999999996,257.79300000000006,1.053075980392157,0.003436901042708483,0.937575693653917,2.2280275344331743e-05
107,2.3000000000000114,0.34,247.10000000000005,0.006948640483383721,0.7465256797583086,0.7820000000000039,258.57500000000005,1.0464386887899635,0.0028440810744953,0.9404197747284123,1.6847407941094465e-05
90,2.0999999999999943,0.33,249.20000000000005,0.0063444108761329145,0.7528700906344415,0.6929999999999982,259.26800000000003,1.0404012841091492,0.002520394097986225,0.9429401688263985,1.462310431954739e-05
2,3.5999999999999996,0.33,252.80000000000004,0.010876132930513595,0.7637462235649551,1.188,260.456,1.0302848101265822,0.004320675596547825,0.9472608444229463,4.297402085744561e-05
20,2.799999999999997,0.33,255.60000000000002,0.008459214501510567,0.7722054380664657,0.9239999999999992,261.38,1.0226134585289515,0.003360525463981639,0.950621369886928,2.5996629901417667e-05
105,1.8000000000000114,0.33,257.40000000000003,0.005438066465256833,0.7776435045317225,0.5940000000000037,261.974,1.0177700077700076,0.0021603377982739266,0.952781707685202,1.0743505214361542e-05
21,2.1000000000000014,0.32,259.50000000000006,0.006344410876132936,0.7839879154078554,0.6720000000000005,262.646,1.0121233140655104,0.0024440185192593777,0.9552257262044613,1.5213060537557675e-05
18,2.8999999999999986,0.31,262.40000000000003,0.00876132930513595,0.7927492447129914,0.8989999999999996,263.545,1.0043635670731708,0.0032696021559734793,0.9584953283604348,3.015906708084815e-05
92,1.6999999999999886,0.3,264.1,0.0051359516616313865,0.7978851963746227,0.5099999999999966,264.055,0.9998296099962135,0.0018548354833664783,0.9603501638438013,1.0765723375271719e-05
22,2.5,0.3,266.6,0.007552870090634442,0.8054380664652572,0.75,264.805,0.9932670667666916,0.0027276992402448393,0.9630778630840462,2.3282273735449528e-05
28,1.9000000000000057,0.29,268.5,0.005740181268882193,0.8111782477341394,0.5510000000000016,265.356,0.9882905027932961,0.0020039497084998813,0.9650818127925461,1.395942627279685e-05
103,2.8999999999999773,0.28,271.4,0.008761329305135885,0.8199395770392752,0.8119999999999937,266.168,0.9807221812822403,0.0029531890441050566,0.9680350018366511,3.3734493291807256e-05
117,3.0,0.26,274.4,0.00906344410876133,0.8290030211480366,0.78,266.948,0.9728425655976677,0.002836807209854633,0.9708718090465058,3.877100707082642e-05
110,3.0,0.26,277.4,0.00906344410876133,0.838066465256798,0.78,267.72799999999995,0.9651333813987022,0.002836807209854633,0.9737086162563605,3.877100707082642e-05
121,2.1999999999999886,0.23,279.59999999999997,0.006646525679758275,0.8447129909365563,0.5059999999999975,268.2339999999999,0.9593490701001429,0.0018402877540851757,0.9755489040104457,2.309992299817846e-05
116,3.1999999999999886,0.23,282.79999999999995,0.009667673716012052,0.8543806646525683,0.7359999999999974,268.9699999999999,0.9510961810466759,0.00267678218776026,0.9782256861982059,4.8872564359782684e-05
23,2.0999999999999943,0.22,284.9,0.0063444108761329145,0.8607250755287013,0.46199999999999875,269.4319999999999,0.9457072657072655,0.0016802627319908166,0.9799059489301968,2.175427791050418e-05
102,3.1000000000000227,0.21,288.0,0.009365558912386777,0.870090634441088,0.6510000000000048,270.0829999999999,0.9377881944444442,0.0023676429405325382,0.9822735918707293,4.897082794913267e-05
100,3.099999999999966,0.2,291.09999999999997,0.009365558912386605,0.8794561933534746,0.6199999999999932,270.7029999999999,0.9299312950875986,0.002254898038602376,0.9845284899093316,5.0561498061965896e-05
111,2.1999999999999886,0.17,293.29999999999995,0.006646525679758275,0.8861027190332329,0.3739999999999981,271.07699999999994,0.9242311626321172,0.0013602126878020865,0.9858887025971337,2.794510504892479e-05
123,3.6999999999999886,0.16,296.99999999999994,0.011178247734138941,0.8972809667673718,0.5919999999999982,271.6689999999999,0.9147104377104376,0.0021530639336332534,0.9880417665307669,8.145394263291028e-05
115,3.1000000000000227,0.15,300.09999999999997,0.009365558912386777,0.9066465256797586,0.4650000000000034,272.1339999999999,0.9068110629790068,0.001691173528951813,0.9897329400597187,5.889619101348023e-05
125,4.0,0.15,304.09999999999997,0.012084592145015107,0.9187311178247737,0.6,272.7339999999999,0.8968562972706345,0.0021821593921958716,0.9919150994519146,9.805817442410716e-05
108,3.0,0.15,307.09999999999997,0.00906344410876133,0.927794561933535,0.44999999999999996,273.1839999999999,0.8895604037772711,0.0016366195441469035,0.9935517189960615,5.515772311356028e-05
101,3.0,0.13,310.09999999999997,0.00906344410876133,0.9368580060422964,0.39,273.5739999999999,0.8822121896162526,0.0014184036049273165,0.9949701226009888,5.844664430526264e-05
113,2.599999999999966,0.09,312.69999999999993,0.007854984894259717,0.9447129909365561,0.23399999999999693,273.8079999999999,0.8756251998720816,0.0008510421629563787,0.9958211647639452,4.9055213783376876e-05
119,4.199999999999989,0.09,316.8999999999999,0.012688821752265829,0.957401812688822,0.37799999999999895,274.18599999999986,0.8652130009466706,0.0013747604170833952,0.9971959251810286,0.00012800798389627014
114,2.8000000000000114,0.08,319.69999999999993,0.00845921450151061,0.9658610271903326,0.22400000000000092,274.40999999999985,0.858335939943697,0.0008146728397531287,0.9980105980207817,5.8439017218345836e-05
85,2.1999999999999886,0.08,321.8999999999999,0.006646525679758275,0.9725075528700909,0.1759999999999991,274.58599999999984,0.8530164647406024,0.0006401000883774524,0.9986506981091592,3.607714838479447e-05
120,2.0,0.06,323.8999999999999,0.006042296072507554,0.9785498489425984,0.12,274.70599999999985,0.8481197900586598,0.0004364318784391743,0.9990871299875984,3.142571336233793e-05
118,2.1999999999999886,0.05,326.0999999999999,0.006646525679758275,0.9851963746223568,0.10999999999999943,274.81599999999986,0.8427353572523764,0.0004000625552359077,0.9994871925428344,3.901830156601773e-05
0,0.7999999999999989,0.05,326.8999999999999,0.0024169184290030185,0.9876132930513598,0.03999999999999995,274.8559999999999,0.8407953502600182,0.00014547729281305793,0.9996326698356475,5.159444835175938e-06
86,2.3000000000000114,0.04,329.19999999999993,0.006948640483383721,0.9945619335347435,0.09200000000000046,274.94799999999987,0.8352004860267312,0.0003345977734700353,0.9999672676091175,4.374556096856237e-05
41,1.7999999999999972,0.005,330.99999999999994,0.00543806646525679,1.0000000000000002,0.008999999999999985,274.9569999999999,0.8306858006042294,3.273239088293802e-05,1.0000000000000004,2.921763645558703e-05
