,weight,grade,cml_weight,weight_pct,cml_weight_pct,yield,cml_yield,cml_grade,recovery,cml_recovery,distributional_heterogeneity
146,1.1000000000000227,3.94,1.1000000000000227,0.0026790063321968406,0.0026790063321968406,4.334000000000089,4.334000000000089,3.94,0.026509266621812275,0.026509266621812275,0.0005678813054708224
148,2.3999999999999773,2.5,3.5,0.00584510472479293,0.008524111056989771,5.999999999999943,10.334000000000032,2.9525714285714377,0.03669949232368917,0.06320875894550144,0.0009519932341029222
70,2.799999999999983,2.5,6.299999999999983,0.006819288845591775,0.015343399902581547,6.999999999999957,17.33399999999999,2.751428571428577,0.042816074377637514,0.10602483332313896,0.0012957685686400973
59,2.8000000000000114,2.1,9.099999999999994,0.0068192888455918445,0.02216268874817339,5.880000000000024,23.214000000000013,2.550989010989014,0.035965502477215874,0.14199033580035483,0.0008495017690602665
50,3.0999999999999943,1.6,12.199999999999989,0.007549926936190926,0.029712615684364316,4.959999999999991,28.174000000000003,2.309344262295084,0.030338246987583282,0.1723285827879381,0.000519307530764691
71,1.200000000000017,1.58,13.400000000000006,0.0029225523623965344,0.03263516804676085,1.896000000000027,30.07000000000003,2.2440298507462697,0.011597039574286053,0.18392562236222415,7.524672838923481e-05
45,3.0,1.5,16.400000000000006,0.007306380905991232,0.039941548952752086,4.5,34.57000000000003,2.1079268292682936,0.02752461924276714,0.2114502416049913,0.000408777161442675
77,2.4000000000000057,1.48,18.80000000000001,0.005845104724792999,0.045786653677545086,3.5520000000000085,38.122000000000035,2.027765957446809,0.02172609945562425,0.23317634106061555,0.00025220599364068983
67,2.1000000000000227,1.42,20.900000000000034,0.005114466634193918,0.050901120311739004,2.982000000000032,41.10400000000007,1.9666985645933015,0.018239647684873888,0.2514159887454894,0.00017227037761312854
65,0.5999999999999943,1.4,21.50000000000003,0.0014612761811982325,0.05236239649293724,0.839999999999992,41.94400000000006,1.9508837209302328,0.005137928925316484,0.25655391767080593,1.3517775400832268e-05
74,3.0999999999999943,1.4,24.600000000000023,0.007549926936190926,0.05991232342912817,4.339999999999992,46.28400000000005,1.8814634146341467,0.02654596611413537,0.2830998837849413,0.00036084950445000016
124,3.0,1.34,27.600000000000023,0.007306380905991232,0.0672187043351194,4.0200000000000005,50.30400000000005,1.8226086956521743,0.024588659856871982,0.30768854364181325,0.0002986771657360558
147,1.3999999999999773,1.11,29.0,0.003409644422795853,0.07062834875791525,1.553999999999975,51.858000000000025,1.788206896551725,0.009505168511835433,0.31719371215364867,3.715541392006179e-05
73,0.9000000000000057,1.09,29.900000000000006,0.0021919142717973833,0.07282026302971263,0.9810000000000063,52.839000000000034,1.767190635451506,0.006000366994923275,0.32319407914857196,1.450431214428502e-05
75,3.0,1.05,32.900000000000006,0.007306380905991232,0.08012664393570386,3.1500000000000004,55.98900000000003,1.7017933130699094,0.019267233469937,0.342461312618509,0.00014306199405644804
149,1.5,0.98,34.400000000000006,0.003653190452995616,0.08377983438869947,1.47,57.45900000000003,1.670319767441861,0.008991375619303932,0.3514526882378129,2.8496220869794147e-05
25,3.1000000000000085,0.95,37.500000000000014,0.00754992693619096,0.09132976132489043,2.945000000000008,60.40400000000004,1.6107733333333338,0.018013334148877656,0.3694660223866906,0.00010948289049850395
69,2.0,0.93,39.500000000000014,0.004870920603994155,0.09620068192888459,1.86,62.26400000000004,1.576303797468355,0.011376842620343752,0.38084286500703435,4.23270212828224e-05
27,3.0999999999999943,0.93,42.60000000000001,0.007549926936190926,0.10375060886507552,2.8829999999999947,65.14700000000003,1.5292723004694841,0.017634106061532782,0.3984769710685671,0.00010169066863198041
26,3.0,0.88,45.60000000000001,0.007306380905991232,0.11105698977106675,2.64,67.78700000000003,1.48655701754386,0.01614777662242339,0.4146247476909905,7.817027821454489e-05
138,3.0,0.82,48.60000000000001,0.007306380905991232,0.11836337067705797,2.46,70.24700000000003,1.4454115226337452,0.015046791852712703,0.4296715395437032,5.991396162412556e-05
42,2.299999999999997,0.78,50.900000000000006,0.005601558694593271,0.12396492937165124,1.7939999999999978,72.04100000000003,1.4153438113948922,0.010973148204783153,0.44064468774848636,2.8853973865981977e-05
48,3.1000000000000227,0.76,54.00000000000003,0.007549926936190995,0.13151485630784224,2.356000000000017,74.39700000000005,1.3777222222222223,0.01441066731910219,0.45505535506758854,4.706975860170846e-05
40,2.200000000000003,0.76,56.20000000000003,0.005358012664393577,0.13687286897223583,1.6720000000000022,76.06900000000005,1.353540925266904,0.010226925194201493,0.46528228026179,2.3706309222920517e-05
24,3.0,0.73,59.20000000000003,0.007306380905991232,0.14417924987822706,2.19,78.25900000000004,1.3219425675675676,0.013395314698146674,0.4786775949599367,3.707511472525246e-05
68,1.0,0.7,60.20000000000003,0.0024354603019970775,0.14661471018022412,0.7,78.95900000000005,1.3116112956810633,0.004281607437763777,0.4829592023977005,3.4082592468995886e-06
137,3.0,0.66,63.20000000000003,0.007306380905991232,0.15392109108621535,1.98,80.93900000000005,1.2806803797468356,0.012110832466817541,0.49507003486451806,2.3082754800326364e-05
23,3.0999999999999943,0.65,66.30000000000003,0.007549926936190926,0.16147101802240627,2.0149999999999966,82.95400000000005,1.251191553544495,0.01232491283870571,0.5073949477032238,2.2800490369214905e-05
34,1.0,0.63,67.30000000000003,0.0024354603019970775,0.16390647832440333,0.63,83.58400000000005,1.2419613670133731,0.0038534466939873996,0.5112483943972111,2.0106854078697315e-06
47,3.0,0.62,70.30000000000003,0.007306380905991232,0.17121285923039456,1.8599999999999999,85.44400000000005,1.2154196301564724,0.01137684262034375,0.5226252370175549,1.6568658568009647e-05
29,3.0999999999999943,0.6,73.40000000000002,0.007549926936190926,0.17876278616658547,1.8599999999999965,87.30400000000004,1.1894277929155317,0.01137684262034373,0.5340020796378987,1.464528365361472e-05
28,3.0,0.58,76.40000000000002,0.007306380905991232,0.1860691670725767,1.7399999999999998,89.04400000000004,1.1654973821989532,0.010642852773869959,0.5446449324117687,1.1132044525146168e-05
72,2.0999999999999943,0.58,78.50000000000001,0.005114466634193848,0.19118363370677055,1.2179999999999966,90.26200000000004,1.149834394904459,0.007449996941708952,0.5520949293534777,5.454701817321592e-06
41,2.0,0.56,80.50000000000001,0.004870920603994155,0.1960545543107647,1.12,91.38200000000005,1.1351801242236028,0.006850571900422045,0.5589455012538997,3.9190192554486235e-06
37,1.2999999999999972,0.51,81.80000000000001,0.0031660983925961934,0.1992206527033609,0.6629999999999986,92.04500000000004,1.1252444987775065,0.004055293901767684,0.5630007951556675,7.906686535307443e-07
76,3.0999999999999943,0.51,84.9,0.007549926936190926,0.2067705796395518,1.580999999999997,93.62600000000005,1.1027797408716142,0.009670316227292171,0.5726711113829597,4.496050745816839e-06
33,1.7000000000000028,0.5,86.60000000000001,0.004140282513395039,0.21091086215294685,0.8500000000000014,94.47600000000006,1.0909468822170907,0.005199094745856024,0.5778702061288157,1.1210833436090158e-06
143,3.0,0.49,89.60000000000001,0.007306380905991232,0.21821724305893808,1.47,95.94600000000005,1.0708258928571435,0.008991375619303932,0.5868615817481196,2.8392071838917484e-06
131,3.0,0.44,92.60000000000001,0.007306380905991232,0.2255236239649293,1.32,97.26600000000005,1.0503887688984885,0.008073888311211695,0.5949354700593313,5.890676170682467e-07
20,2.999999999999993,0.44,95.6,0.007306380905991215,0.23283000487092054,1.319999999999997,98.58600000000004,1.0312343096234315,0.008073888311211676,0.603009358370543,5.890676170682438e-07
102,3.0,0.43,98.6,0.007306380905991232,0.24013638577691176,1.29,99.87600000000005,1.0129411764705887,0.007890390849593247,0.6108997492201362,3.41067614226028e-07
39,1.7000000000000028,0.42,100.3,0.004140282513395039,0.2442766682903068,0.7140000000000012,100.59000000000005,1.0028913260219348,0.00436723958651906,0.6152669888066553,5.150951304102242e-08
30,3.0,0.42,103.3,0.007306380905991232,0.25158304919629804,1.26,101.85000000000005,0.9859632139399812,0.007706893387974799,0.6229738821946301,1.6041024822463673e-07
95,3.0,0.42,106.3,0.007306380905991232,0.25888943010228926,1.26,103.11000000000006,0.9699905926622772,0.007706893387974799,0.6306807755826049,1.6041024822463673e-07
142,3.0,0.42,109.3,0.007306380905991232,0.2661958110082805,1.26,104.37000000000006,0.954894784995426,0.007706893387974799,0.6383876689705797,1.6041024822463673e-07
133,3.0,0.39,112.3,0.007306380905991232,0.2735021919142717,1.17,105.54000000000006,0.9398040961709712,0.007156401003119456,0.6455440699736992,2.2493971265427264e-08
145,0.6999999999999886,0.38,112.99999999999999,0.0017048222113979264,0.27520701412566967,0.2659999999999957,105.80600000000005,0.9363362831858413,0.001627010826350209,0.6471710808000494,6.05461164304416e-09
112,2.8999999999999773,0.37,115.89999999999996,0.0070628348757914685,0.2822698490014611,1.0729999999999915,106.87900000000005,0.9221656600517695,0.006563092543886424,0.6537341733439358,2.497423982978921e-07
62,3.0,0.37,118.89999999999996,0.007306380905991232,0.28957622990745235,1.1099999999999999,107.98900000000005,0.9082338099243068,0.00678940607988256,0.6605235794238183,2.672629708300908e-07
44,3.0999999999999943,0.36,121.99999999999996,0.007549926936190926,0.2971261568436433,1.1159999999999979,109.10500000000005,0.8943032786885253,0.006826105572206238,0.6673496849960245,5.239173669606544e-07
46,3.0999999999999943,0.36,125.09999999999995,0.007549926936190926,0.30467608377983424,1.1159999999999979,110.22100000000005,0.8810631494804164,0.006826105572206238,0.6741757905682307,5.239173669606544e-07
36,2.5,0.35,127.59999999999995,0.0060886507549926935,0.31076473453482695,0.875,111.09600000000005,0.870658307210032,0.005352009297204721,0.6795277998654354,5.426406373319889e-07
58,3.9000000000000057,0.35,131.49999999999994,0.009498295177788616,0.32026302971261555,1.365000000000002,112.46100000000004,0.8552167300380235,0.008349134503639378,0.6878769343690748,1.320570255011132e-06
22,3.0,0.34,134.49999999999994,0.007306380905991232,0.3275694106186068,1.02,113.48100000000004,0.8437249070631977,0.0062389136950272185,0.6941158480641021,1.1394862464832896e-06
79,3.0,0.33,137.49999999999994,0.007306380905991232,0.334875791524598,0.99,114.47100000000003,0.8325163636363642,0.006055416233408771,0.7001712642975109,1.5649126120493446e-06
66,3.5999999999999943,0.33,141.09999999999994,0.008767657087189464,0.34364344861178747,1.1879999999999982,115.65900000000003,0.8196952515946143,0.007266499480090513,0.7074377637776014,2.253474161351049e-06
98,3.0,0.33,144.09999999999994,0.007306380905991232,0.3509498295177787,0.99,116.64900000000003,0.8095003469812636,0.006055416233408771,0.7134931800110101,1.5649126120493446e-06
31,3.1000000000000085,0.33,147.19999999999993,0.00754992693619096,0.35849975645396964,1.0230000000000028,117.67200000000003,0.799402173913044,0.00625726344118908,0.7197504434521992,1.670978911310476e-06
49,3.0,0.33,150.19999999999993,0.007306380905991232,0.36580613735996087,0.99,118.66200000000002,0.7900266311584558,0.006055416233408771,0.725805859685608,1.5649126120493446e-06
54,3.0999999999999943,0.33,153.29999999999993,0.007549926936190926,0.3733560642961518,1.0229999999999981,119.68500000000002,0.7807240704500983,0.006257263441189052,0.732063123126797,1.6709789113104603e-06
43,1.7999999999999972,0.33,155.0999999999999,0.004383828543594732,0.37773989283974657,0.5939999999999991,120.27900000000001,0.7754932301740818,0.0036332497400452567,0.7356963728668423,5.633685403377622e-07
111,3.0,0.32,158.0999999999999,0.007306380905991232,0.3850462737457378,0.96,121.239,0.7668500948766608,0.005871918771790323,0.7415682916386326,2.0576816144562266e-06
84,3.0,0.32,161.0999999999999,0.007306380905991232,0.392352654651729,0.96,122.199,0.7585288640595907,0.005871918771790323,0.7474402104104229,2.0576816144562266e-06
21,3.1000000000000085,0.32,164.19999999999993,0.00754992693619096,0.39990258158791997,0.9920000000000028,123.191,0.7502496954933012,0.006067649397516684,0.7535078598079396,2.1971467016582717e-06
35,2.299999999999997,0.32,166.49999999999994,0.005601558694593271,0.40550414028251325,0.7359999999999991,123.927,0.7443063063063066,0.004501804391705909,0.7580096641996454,1.2094595267192677e-06
94,3.0,0.32,169.49999999999994,0.007306380905991232,0.4128105211885045,0.96,124.887,0.7367964601769914,0.005871918771790323,0.7638815829714357,2.0576816144562266e-06
139,3.0,0.32,172.49999999999994,0.007306380905991232,0.4201169020944957,0.96,125.847,0.7295478260869567,0.005871918771790323,0.769753501743226,2.0576816144562266e-06
109,3.0,0.31,175.49999999999994,0.007306380905991232,0.42742328300048693,0.9299999999999999,126.777,0.7223760683760686,0.005688421310171875,0.7754419230533979,2.6177932537039366e-06
91,3.0,0.31,178.49999999999994,0.007306380905991232,0.43472966390647816,0.9299999999999999,127.70700000000001,0.7154453781512607,0.005688421310171875,0.7811303443635698,2.6177932537039366e-06
61,3.0999999999999943,0.31,181.59999999999994,0.007549926936190926,0.4422795908426691,0.9609999999999982,128.668,0.7085242290748901,0.0058780353538442605,0.787008379717414,2.795221463121637e-06
108,3.0,0.3,184.59999999999994,0.007306380905991232,0.44958597174866033,0.8999999999999999,129.568,0.701885157096425,0.005504923848553427,0.7925133035659674,3.2452475297924732e-06
85,3.0,0.3,187.59999999999994,0.007306380905991232,0.45689235265465156,0.8999999999999999,130.46800000000002,0.6954584221748404,0.005504923848553427,0.7980182274145208,3.2452475297924732e-06
52,3.0999999999999943,0.3,190.69999999999993,0.007549926936190926,0.4644422795908425,0.9299999999999983,131.39800000000002,0.6890298898793921,0.005688421310171865,0.8037066487246927,3.4652031957006167e-06
97,3.0,0.29,193.69999999999993,0.007306380905991232,0.4717486604968337,0.8699999999999999,132.26800000000003,0.6828497676819828,0.0053214263869349795,0.8090280751116277,3.940044442721838e-06
121,3.3000000000000114,0.29,196.99999999999994,0.008037018996590383,0.4797856794934241,0.9570000000000032,133.22500000000002,0.6762690355329952,0.005853569025628498,0.8148816441372562,4.767453775693456e-06
15,3.0,0.28,199.99999999999994,0.007306380905991232,0.4870920603994153,0.8400000000000001,134.06500000000003,0.6703250000000003,0.005137928925316533,0.8200195730625727,4.702183992492025e-06
126,3.0,0.27,202.99999999999994,0.007306380905991232,0.49439844130540656,0.81,134.87500000000003,0.6644088669950742,0.004954431463698086,0.8249740045262708,5.531666179103044e-06
19,1.5,0.26,204.49999999999994,0.003653190452995616,0.49805163175840217,0.39,135.26500000000001,0.6614425427872863,0.002385467001039819,0.8273594715273106,1.6071227506387227e-06
38,2.5,0.25,206.99999999999994,0.0060886507549926935,0.5041402825133948,0.625,135.89000000000001,0.6564734299516911,0.003822863783717658,0.8311823353110283,5.1337905991996975e-06
116,3.0,0.25,209.99999999999994,0.007306380905991232,0.511446663419386,0.75,136.64000000000001,0.650666666666667,0.00458743654046119,0.8357697718514895,7.392658462847564e-06
60,3.0,0.24,212.99999999999994,0.007306380905991232,0.5187530443253773,0.72,137.36,0.6448826291079814,0.004403939078842742,0.8401737109303322,8.424168559981066e-06
144,3.3999999999999773,0.24,216.39999999999992,0.008280565026790008,0.5270336093521673,0.8159999999999945,138.17600000000002,0.6385212569316084,0.004991130956021741,0.845164841886354,1.082037650593109e-05
104,3.0,0.23,219.39999999999992,0.007306380905991232,0.5343399902581585,0.6900000000000001,138.866,0.6329352780309939,0.004220441617224295,0.8493852835035783,9.523021293955389e-06
140,3.0,0.23,222.39999999999992,0.007306380905991232,0.5416463711641497,0.6900000000000001,139.556,0.6275000000000003,0.004220441617224295,0.8536057251208027,9.523021293955389e-06
16,3.1000000000000014,0.23,225.49999999999991,0.0075499269361909436,0.5491962981003407,0.7130000000000004,140.269,0.6220354767184038,0.004361123004465107,0.8579668481252678,1.0168470514990154e-05
83,3.0,0.22,228.49999999999991,0.007306380905991232,0.5565026790063319,0.66,140.929,0.6167571115973745,0.004036944155605847,0.8620037922808736,1.0689216664770547e-05
117,3.0,0.22,231.49999999999991,0.007306380905991232,0.5638090599123231,0.66,141.589,0.6116155507559398,0.004036944155605847,0.8660407364364795,1.0689216664770547e-05
129,2.6000000000000227,0.22,234.09999999999994,0.006332196785192456,0.5701412566975156,0.5720000000000051,142.161,0.607266125587356,0.0034986849348584317,0.8695394213713379,8.02878940598335e-06
53,3.0,0.22,237.09999999999994,0.007306380905991232,0.5774476376035068,0.66,142.821,0.6023660902572756,0.004036944155605847,0.8735763655269437,1.0689216664770547e-05
96,3.0,0.22,240.09999999999994,0.007306380905991232,0.584754018509498,0.66,143.481,0.5975885047896711,0.004036944155605847,0.8776133096825496,1.0689216664770547e-05
130,3.0,0.22,243.09999999999994,0.007306380905991232,0.5920603994154893,0.66,144.141,0.5929288358700124,0.004036944155605847,0.8816502538381554,1.0689216664770547e-05
55,3.0,0.22,246.09999999999994,0.007306380905991232,0.5993667803214805,0.66,144.801,0.588382771231207,0.004036944155605847,0.8856871979937613,1.0689216664770547e-05
63,3.0,0.21,249.09999999999994,0.007306380905991232,0.6066731612274717,0.63,145.43099999999998,0.5838257727820153,0.0038534466939873996,0.8895406446877486,1.1922754672426529e-05
78,3.0999999999999943,0.2,252.19999999999993,0.007549926936190926,0.6142230881636627,0.6199999999999989,146.051,0.5791078509119747,0.0037922808734479102,0.8933329255611966,1.4119903932848086e-05
114,3.3000000000000114,0.2,255.49999999999994,0.008037018996590383,0.622260107160253,0.6600000000000024,146.71099999999998,0.5742113502935421,0.004036944155605861,0.8973698697168024,1.6000598733477347e-05
128,1.1999999999999886,0.2,256.69999999999993,0.002922552362396465,0.6251826595226495,0.23999999999999774,146.951,0.5724620179197508,0.001467979692947567,0.89883784940975,2.1157816507076933e-06
32,3.0,0.19,259.69999999999993,0.007306380905991232,0.6324890404286407,0.5700000000000001,147.521,0.5680438968040047,0.003486451770750505,0.9023243011805004,1.4591858598260973e-05
103,3.0,0.18,262.69999999999993,0.007306380905991232,0.639795421334632,0.54,148.06099999999998,0.5636124857251619,0.003302954309132057,0.9056272554896325,1.602742451643944e-05
99,3.0,0.18,265.69999999999993,0.007306380905991232,0.6471018022406232,0.54,148.60099999999997,0.5592811441475348,0.003302954309132057,0.9089302097987646,1.602742451643944e-05
80,2.4000000000000057,0.18,268.0999999999999,0.005845104724792999,0.6529469069654162,0.432000000000001,149.03299999999996,0.5558858634837748,0.0026423634473056517,0.9115725732460702,1.025755169052129e-05
64,2.0,0.18,270.0999999999999,0.004870920603994155,0.6578178275694104,0.36,149.39299999999997,0.553102554609404,0.002201969539421371,0.9137745427854916,7.1232997850841955e-06
56,3.0999999999999943,0.18,273.19999999999993,0.007549926936190926,0.6653677545056014,0.5579999999999989,149.95099999999996,0.5488689604685213,0.003413052786103119,0.9171875955715948,1.7113727733664715e-05
51,3.0,0.18,276.19999999999993,0.007306380905991232,0.6726741354115926,0.54,150.49099999999996,0.5448624185372918,0.003302954309132057,0.9204905498807269,1.602742451643944e-05
136,3.0,0.17,279.19999999999993,0.007306380905991232,0.6799805163175838,0.51,151.00099999999995,0.5408345272206303,0.0031194568475136093,0.9236100067282405,1.753033307145873e-05
106,3.0,0.17,282.19999999999993,0.007306380905991232,0.687286897223575,0.51,151.51099999999994,0.536892274982282,0.0031194568475136093,0.926729463575754,1.753033307145873e-05
125,3.0,0.17,285.19999999999993,0.007306380905991232,0.6945932781295663,0.51,152.02099999999993,0.5330329593267881,0.0031194568475136093,0.9298489204232676,1.753033307145873e-05
82,3.0,0.17,288.19999999999993,0.007306380905991232,0.7018996590355575,0.51,152.53099999999992,0.5292539902845245,0.0031194568475136093,0.9329683772707812,1.753033307145873e-05
93,3.0,0.17,291.19999999999993,0.007306380905991232,0.7092060399415487,0.51,153.0409999999999,0.5255528846153844,0.0031194568475136093,0.9360878341182948,1.753033307145873e-05
87,3.0,0.16,294.19999999999993,0.007306380905991232,0.71651242084754,0.48,153.5209999999999,0.5218252889191024,0.0029359593858951614,0.93902379350419,1.9100584263318848e-05
134,3.0,0.15,297.19999999999993,0.007306380905991232,0.7238188017535312,0.44999999999999996,153.9709999999999,0.5180720053835798,0.0027524619242767136,0.9417762554284667,2.0738178092019797e-05
107,3.0,0.15,300.19999999999993,0.007306380905991232,0.7311251826595224,0.44999999999999996,154.42099999999988,0.5143937375083275,0.0027524619242767136,0.9445287173527434,2.0738178092019797e-05
127,3.1000000000000227,0.15,303.29999999999995,0.007549926936190995,0.7386751095957134,0.4650000000000034,154.88599999999988,0.5106693043191557,0.002844210655085959,0.9473729280078294,2.2143765718257018e-05
9,3.0,0.15,306.29999999999995,0.007306380905991232,0.7459814905017046,0.44999999999999996,155.33599999999987,0.5071367939928172,0.0027524619242767136,0.950125389932106,2.0738178092019797e-05
14,3.1000000000000014,0.15,309.4,0.0075499269361909436,0.7535314174378955,0.4650000000000002,155.80099999999987,0.5035585003232058,0.002844210655085939,0.9529696005871919,2.214376571825671e-05
115,3.0,0.14,312.4,0.007306380905991232,0.7608377983438868,0.42000000000000004,156.22099999999986,0.5000672215108831,0.0025689644626582667,0.9555385650498502,2.2443114557561566e-05
132,3.0,0.14,315.4,0.007306380905991232,0.768144179249878,0.42000000000000004,156.64099999999985,0.49664235890932107,0.0025689644626582667,0.9581075295125085,2.2443114557561566e-05
135,3.0,0.13,318.4,0.007306380905991232,0.7754505601558692,0.39,157.03099999999984,0.4931878140703513,0.002385467001039819,0.9604929965135484,2.4215393659944172e-05
86,3.0,0.13,321.4,0.007306380905991232,0.7827569410618604,0.39,157.42099999999982,0.48979775980087065,0.002385467001039819,0.9628784635145882,2.4215393659944172e-05
57,1.5,0.13,322.9,0.003653190452995616,0.7864101315148561,0.195,157.61599999999981,0.4881263549086399,0.0011927335005199094,0.9640711970151081,6.053848414986043e-06
11,0.8999999999999986,0.12,323.79999999999995,0.002191914271797366,0.7886020457866534,0.10799999999999983,157.72399999999982,0.4871031500926493,0.0006605908618264103,0.9647317878769346,2.3449513859250766e-06
141,3.0,0.11,326.79999999999995,0.007306380905991232,0.7959084266926446,0.33,158.05399999999983,0.4836413708690326,0.0020184720778029237,0.9667502599547375,2.7961979775231855e-05
89,3.0,0.11,329.79999999999995,0.007306380905991232,0.8032148075986358,0.33,158.38399999999984,0.48024257125530584,0.0020184720778029237,0.9687687320325404,2.7961979775231855e-05
92,3.0,0.11,332.79999999999995,0.007306380905991232,0.8105211885046271,0.33,158.71399999999986,0.4769050480769227,0.0020184720778029237,0.9707872041103434,2.7961979775231855e-05
118,3.0,0.1,335.79999999999995,0.007306380905991232,0.8178275694106183,0.30000000000000004,159.01399999999987,0.47353782013103,0.0018349746161844763,0.9726221787265278,2.9936286788136925e-05
90,3.0,0.1,338.79999999999995,0.007306380905991232,0.8251339503166095,0.30000000000000004,159.31399999999988,0.4702302243211331,0.0018349746161844763,0.9744571533427122,2.9936286788136925e-05
110,3.0,0.09,341.79999999999995,0.007306380905991232,0.8324403312226007,0.27,159.5839999999999,0.4668929198361612,0.0016514771545660285,0.9761086304972783,3.197793643788284e-05
119,3.0,0.08,344.79999999999995,0.007306380905991232,0.839746712128592,0.24,159.8239999999999,0.46352668213457054,0.0014679796929475807,0.9775766101902258,3.408692872446958e-05
122,2.6999999999999886,0.08,347.49999999999994,0.006575742815392081,0.8463224549439841,0.21599999999999908,160.0399999999999,0.4605467625899279,0.0013211817236528172,0.9788977919138786,2.7610412266820127e-05
101,3.0,0.08,350.49999999999994,0.007306380905991232,0.8536288358499753,0.24,160.27999999999992,0.457289586305278,0.0014679796929475807,0.9803657716068261,3.408692872446958e-05
88,3.0,0.08,353.49999999999994,0.007306380905991232,0.8609352167559665,0.24,160.51999999999992,0.45408769448373393,0.0014679796929475807,0.9818337512997737,3.408692872446958e-05
17,3.0,0.08,356.49999999999994,0.007306380905991232,0.8682415976619577,0.24,160.75999999999993,0.45093969144460017,0.0014679796929475807,0.9833017309927212,3.408692872446958e-05
2,3.099999999999998,0.07,359.59999999999997,0.007549926936190935,0.8757915245981487,0.21699999999999986,160.97699999999995,0.4476557285873191,0.0013272983057067702,0.984629029298428,3.872110707292123e-05
100,3.0,0.07,362.59999999999997,0.007306380905991232,0.8830979055041399,0.21000000000000002,161.18699999999995,0.444531163816878,0.0012844822313291334,0.9859135115297571,3.626326364789714e-05
81,3.0,0.07,365.59999999999997,0.007306380905991232,0.8904042864101311,0.21000000000000002,161.39699999999996,0.4414578774617067,0.0012844822313291334,0.9871979937610863,3.626326364789714e-05
7,3.3000000000000007,0.06,368.9,0.008037018996590357,0.8984413054067215,0.19800000000000004,161.59499999999997,0.4380455407969639,0.0012110832466817544,0.988409077007768,4.6593398861880325e-05
5,3.3999999999999986,0.06,372.29999999999995,0.00828056502679006,0.9067218704335116,0.2039999999999999,161.79899999999998,0.43459307010475423,0.001247782739005443,0.9896568597467734,4.946002670737702e-05
123,3.0,0.06,375.29999999999995,0.007306380905991232,0.9140282513395028,0.18,161.97899999999998,0.4315987210231815,0.0011009847697106855,0.9907578445164841,3.850694120816554e-05
12,2.8999999999999986,0.06,378.19999999999993,0.0070628348757915205,0.9210910862152943,0.1739999999999999,162.153,0.42874933897408785,0.0010642852773869954,0.9918221297938711,3.5982597284519094e-05
13,3.0,0.06,381.19999999999993,0.007306380905991232,0.9283974671212856,0.18,162.333,0.42584732423924454,0.0011009847697106855,0.9929231145635817,3.850694120816554e-05
8,3.1000000000000014,0.05,384.29999999999995,0.0075499269361909436,0.9359473940574765,0.15500000000000008,162.488,0.4228155087171481,0.0009480702183619797,0.9938711847819437,4.358451212274342e-05
6,2.400000000000002,0.05,386.69999999999993,0.005845104724792991,0.9417924987822694,0.1200000000000001,162.608,0.42050168088957857,0.000733989846473791,0.9946051746284175,2.6123495299375892e-05
120,3.0,0.05,389.69999999999993,0.007306380905991232,0.9490988796882607,0.15000000000000002,162.758,0.41764947395432395,0.0009174873080922382,0.9955226619365097,4.081796140527476e-05
10,2.299999999999997,0.05,391.99999999999994,0.005601558694593271,0.9547004383828539,0.11499999999999987,162.87300000000002,0.4154923469387756,0.0007034069362040483,0.9962260688727138,2.3991890648211434e-05
18,1.6000000000000014,0.05,393.59999999999997,0.003896736483195327,0.9585971748660492,0.08000000000000007,162.95300000000003,0.414006605691057,0.0004893265643158607,0.9967153954370297,1.1610442355278173e-05
105,3.0,0.05,396.59999999999997,0.007306380905991232,0.9659035557720405,0.15000000000000002,163.10300000000004,0.411253151790217,0.0009174873080922382,0.997632882745122,4.081796140527476e-05
1,2.1000000000000014,0.05,398.7,0.005114466634193866,0.9710180224062344,0.10500000000000008,163.20800000000003,0.4093503887634814,0.0006422411156645671,0.9982751238607865,2.000080108858466e-05
4,3.1000000000000014,0.04,401.8,0.0075499269361909436,0.9785679493424253,0.12400000000000005,163.33200000000002,0.4065007466401195,0.0007584561746895838,0.9990335800354762,4.6124075104327855e-05
3,3.0,0.04,404.8,0.007306380905991232,0.9858743302484165,0.12,163.45200000000003,0.4037845849802372,0.0007339898464737904,0.9997675698819499,4.31963242392248e-05
113,1.8000000000000114,0.01,406.6,0.004383828543594767,0.9902581587920113,0.018000000000000113,163.47000000000003,0.40204131824889333,0.00011009847697106925,0.999877668358921,1.8264768682363397e-05
0,2.5,0.005,409.1,0.0060886507549926935,0.9963468095470039,0.0125,163.48250000000002,0.39961500855536547,7.645727567435317e-05,0.9999541256345954,3.614647043275797e-05
150,1.5,0.005,410.6,0.003653190452995616,0.9999999999999996,0.0075,163.49,0.3981734047735022,4.58743654046119e-05,1.0,1.3012729355792868e-05
