,weight,grade,cml_weight,weight_pct,cml_weight_pct,yield,cml_yield,cml_grade,recovery,cml_recovery,distributional_heterogeneity
69,2.299999999999983,2.4,2.299999999999983,0.0056776104665514264,0.0056776104665514264,5.519999999999959,5.519999999999959,2.4,0.031017247724980154,0.031017247724980154,0.0006420972163887495
38,3.0999999999999943,1.76,5.399999999999977,0.007652431498395443,0.01333004196494687,5.45599999999999,10.97599999999995,2.0325925925925916,0.030657627461502295,0.061674875186482445,0.0005292390413009478
64,2.299999999999983,1.71,7.69999999999996,0.0056776104665514264,0.019007652431498295,3.932999999999971,14.90899999999992,1.9362337662337659,0.02209978900404836,0.08377466419053081,0.00026968794791742495
3,2.0999999999999996,1.68,9.79999999999996,0.00518390520859047,0.024191557640088766,3.527999999999999,18.43699999999992,1.8813265306122444,0.01982406702422659,0.1035987312147574,0.00021433433798800992
68,1.3000000000000114,1.67,11.099999999999971,0.0032090841767465103,0.027400641816835276,2.171000000000019,20.60799999999994,1.856576576576576,0.012198993625169022,0.11579772483992642,8.081847189083637e-05
31,3.0,1.58,14.099999999999971,0.007405578869414959,0.034806220686250236,4.74,25.347999999999942,1.7977304964539003,0.026634375763841853,0.14243210060376826,0.00036974663000712146
37,3.4000000000000057,1.56,17.49999999999998,0.008392989385336967,0.0431992100715872,5.304000000000009,30.65199999999995,1.7515428571428564,0.029803529335742075,0.17223562993951033,0.0004584112209678931
67,1.5999999999999943,1.56,19.099999999999973,0.003949642063687964,0.04714885213527517,2.495999999999991,33.14799999999994,1.735497382198952,0.014025190275643255,0.18626082021515358,0.00010151667177143548
18,3.0,1.4,22.099999999999973,0.007405578869414959,0.05455443100469013,4.199999999999999,37.34799999999994,1.6899547511312212,0.02360007979074594,0.20986090000589952,0.0002622618600909902
17,3.1000000000000014,1.36,25.199999999999974,0.007652431498395461,0.06220686250308559,4.216000000000002,41.56399999999994,1.6493650793650787,0.023689984856615463,0.233550884862515,0.00025720311771775374
32,2.1000000000000085,1.24,27.299999999999983,0.005183905208590492,0.06739076771167608,2.6040000000000108,44.16799999999996,1.6178754578754573,0.014632049470262547,0.24818293433277755,8.926742998936655e-05
1,4.0,1.18,31.299999999999983,0.009874105159219946,0.07726487287089603,4.72,48.887999999999955,1.5619169329073477,0.026521994431504967,0.27470492876428254,0.0002771522172222627
14,3.0,1.05,34.29999999999998,0.007405578869414959,0.08467045174031099,3.1500000000000004,52.037999999999954,1.5171428571428565,0.01770005984305946,0.292404988607342,0.00010597633851672864
15,3.1000000000000014,1.04,37.399999999999984,0.007652431498395461,0.09232288323870645,3.2240000000000015,55.26199999999996,1.4775935828877,0.018115870772705944,0.3105208593800479,0.00010948356144718309
25,2.700000000000003,0.99,40.09999999999999,0.0066650209824734696,0.09898790422117992,2.6730000000000027,57.93499999999996,1.4447630922693262,0.015019765066824757,0.32554062444687265,6.980174871500283e-05
13,3.0,0.98,43.09999999999999,0.007405578869414959,0.10639348309059488,2.94,60.87499999999996,1.4124129930394427,0.01652005585352216,0.3420606803003948,8.307369069381992e-05
40,2.5,0.91,45.59999999999999,0.006171315724512466,0.11256479881510734,2.275,63.149999999999956,1.384868421052631,0.01278337655332072,0.35484405685371556,4.371934840386051e-05
8,2.700000000000003,0.89,48.29999999999999,0.0066650209824734696,0.11922981979758081,2.4030000000000027,65.55299999999995,1.3572049689440988,0.013502617080276802,0.36834667393399234,4.675272039669536e-05
42,2.799999999999997,0.87,51.09999999999999,0.006911873611453955,0.12614169340903475,2.4359999999999977,67.98899999999995,1.3305088062622301,0.013688046278632635,0.38203472021262497,4.5916516015419425e-05
46,3.0,0.87,54.09999999999999,0.007405578869414959,0.1335472722784497,2.61,70.59899999999995,1.304972273567467,0.014665763869963551,0.3967004840825885,5.271028624219078e-05
29,3.0,0.83,57.09999999999999,0.007405578869414959,0.14095285114786466,2.4899999999999998,73.08899999999994,1.2800175131348503,0.013991475875942237,0.41069195995853075,4.337403938058499e-05
9,1.5,0.78,58.59999999999999,0.0037027894347074794,0.14465564058257213,1.17,74.25899999999994,1.267218430034129,0.006574307941707798,0.4172662679002386,8.245618536045348e-06
74,2.4000000000000057,0.77,60.99999999999999,0.005924463095531981,0.15058010367810412,1.8480000000000045,76.10699999999994,1.2476557377049173,0.01038403510792824,0.4276503030081668,1.9887782533748027e-05
2,3.0,0.76,63.99999999999999,0.007405578869414959,0.15798568254751907,2.2800000000000002,78.38699999999994,1.2247968749999993,0.012811471886404944,0.4404617748945718,2.922367931114107e-05
111,3.0,0.74,67.0,0.007405578869414959,0.16539126141693403,2.2199999999999998,80.60699999999994,1.2030895522388052,0.012474327889394284,0.45293610278396607,2.5692216627541386e-05
50,1.700000000000017,0.71,68.70000000000002,0.004196494692668519,0.16958775610960256,1.207000000000012,81.81399999999995,1.1908879184861707,0.006782213406531105,0.4597183161904972,6.685941267219187e-06
114,3.0,0.7,71.70000000000002,0.007405578869414959,0.1769933349790175,2.0999999999999996,83.91399999999994,1.1703486750348664,0.01180003989537297,0.47151835608587017,1.9311287708663953e-05
26,3.0999999999999943,0.69,74.80000000000001,0.007652431498395443,0.18464576647741296,2.138999999999996,86.05299999999994,1.1504411764705873,0.012019183493429876,0.48353753957930007,1.9068522986137203e-05
52,2.5999999999999943,0.68,77.4,0.00641816835349295,0.19106393483090592,1.7679999999999962,87.82099999999994,1.134638242894056,0.009934509778580652,0.4934720493578807,1.236465701778782e-05
33,1.0,0.67,78.4,0.0024685262898049864,0.1935324611207109,0.67,88.49099999999994,1.1287117346938766,0.003764774633285663,0.49723682399116637,1.6802597679763985e-06
10,2.6999999999999993,0.63,81.10000000000001,0.006665020982473461,0.20019748210318436,1.7009999999999996,90.19199999999994,1.1121085080147957,0.009558032315252105,0.5067948563064185,8.36951457158567e-06
11,3.099999999999998,0.62,84.2,0.007652431498395452,0.2078499136015798,1.9219999999999986,92.11399999999993,1.0939904988123508,0.010799846037574685,0.5175947023439932,9.906218281436823e-06
12,3.1000000000000014,0.61,87.30000000000001,0.007652431498395461,0.21550234509997526,1.891000000000001,94.00499999999994,1.0768041237113393,0.010625654972452525,0.5282203573164457,8.840057826683956e-06
39,3.0,0.6,90.30000000000001,0.007405578869414959,0.22290792396939021,1.7999999999999998,95.80499999999994,1.0609634551495009,0.01011431991031969,0.5383346772267653,7.337278026681651e-06
44,1.2999999999999972,0.6,91.60000000000001,0.003209084176746475,0.2261170081461367,0.7799999999999983,96.58499999999994,1.054421397379912,0.004382871961138523,0.5427175491879038,1.377777762787993e-06
21,2.8999999999999986,0.59,94.5,0.007158726240434457,0.23327573438657115,1.710999999999999,98.29599999999994,1.0401693121693114,0.009614222981420544,0.5523317721693244,6.029464244993304e-06
86,3.0,0.58,97.5,0.007405578869414959,0.2406813132559861,1.7399999999999998,100.03599999999993,1.0260102564102558,0.009777175913309033,0.5621089480826335,5.624472538607117e-06
45,3.1000000000000085,0.58,100.60000000000001,0.007652431498395479,0.24833374475438158,1.798000000000005,101.83399999999993,1.0122664015904566,0.01010308177708603,0.5722120298597195,6.005686788446076e-06
113,3.0,0.56,103.60000000000001,0.007405578869414959,0.25573932362379653,1.6800000000000002,103.51399999999994,0.9991698841698835,0.009440031916298379,0.5816520617760179,4.138999199973234e-06
51,1.799999999999983,0.54,105.39999999999999,0.0044433473216489335,0.26018267094544545,0.9719999999999909,104.48599999999993,0.9913282732447812,0.0054617327515725815,0.5871137945275905,1.0371088838807746e-06
71,3.0,0.54,108.39999999999999,0.007405578869414959,0.2675882498148604,1.62,106.10599999999994,0.9788376383763833,0.009102887919287723,0.5962166824468782,2.880858010779984e-06
35,3.0999999999999943,0.52,111.49999999999999,0.007652431498395443,0.27524068131325585,1.611999999999997,107.71799999999993,0.9660807174887888,0.009057935386352951,0.6052746178332311,1.9754411790636716e-06
27,3.0,0.51,114.49999999999999,0.007405578869414959,0.2826462601826708,1.53,109.24799999999993,0.9541310043668118,0.008597171923771737,0.6138717897570029,1.4198940071913173e-06
81,3.0,0.51,117.49999999999999,0.007405578869414959,0.29005183905208576,1.53,110.77799999999993,0.9427914893617017,0.008597171923771737,0.6224689616807746,1.4198940071913173e-06
19,3.0999999999999943,0.51,120.59999999999998,0.007652431498395443,0.2977042705504812,1.580999999999997,112.35899999999994,0.9316666666666663,0.008883744321230779,0.6313527060020053,1.516131267678723e-06
103,3.0,0.45,123.59999999999998,0.007405578869414959,0.30510984941989616,1.35,113.70899999999993,0.9199757281553395,0.007585739932739768,0.6389384459347451,3.24580087383261e-08
36,2.5999999999999943,0.45,126.19999999999997,0.00641816835349295,0.3115280177733891,1.1699999999999975,114.87899999999993,0.910293185419968,0.006574307941707785,0.6455127538764529,2.4379571007898168e-08
70,2.3000000000000114,0.44,128.5,0.005677610466551497,0.31720562823994064,1.0120000000000051,115.89099999999993,0.9018754863813224,0.005686495416246433,0.6511992492926993,7.894233108153948e-11
24,3.200000000000003,0.44,131.7,0.007899284127375963,0.3251049123673166,1.4080000000000013,117.29899999999994,0.8906529992406982,0.007911645796516743,0.659110895089216,1.5281086394611678e-10
89,3.0,0.43,134.7,0.007405578869414959,0.33251049123673154,1.29,118.58899999999994,0.8803934669636225,0.007248595935729112,0.6663594910249452,2.4643641468615016e-08
98,3.0,0.42,137.7,0.007405578869414959,0.3399160701061465,1.26,119.84899999999995,0.8703631082062452,0.007080023937223783,0.6734395149621689,1.0598601387400073e-07
84,3.0,0.42,140.7,0.007405578869414959,0.34732164897556145,1.26,121.10899999999995,0.8607604832977964,0.007080023937223783,0.6805195388993927,1.0598601387400073e-07
80,2.9000000000000057,0.4,143.6,0.007158726240434474,0.3544803752159959,1.1600000000000024,122.26899999999995,0.8514554317548744,0.0065181172755393695,0.6870376561749321,4.1037984590397724e-07
130,3.0,0.4,146.6,0.007405578869414959,0.36188595408541085,1.2000000000000002,123.46899999999995,0.8422169167803544,0.006742879940213128,0.6937805361151452,4.3916987076525344e-07
59,3.0999999999999943,0.39,149.7,0.007652431498395443,0.3695383855838063,1.2089999999999979,124.67799999999995,0.8328523714094854,0.006793451539764714,0.70057398765491,7.378465693292502e-07
115,3.0,0.38,152.7,0.007405578869414959,0.37694396445322126,1.1400000000000001,125.81799999999996,0.8239554682383756,0.006405735943202472,0.7069797235981125,9.9968587709715e-07
95,3.0,0.38,155.7,0.007405578869414959,0.3843495433226362,1.1400000000000001,126.95799999999996,0.8154014129736671,0.006405735943202472,0.7133854595413149,9.9968587709715e-07
82,3.0,0.36,158.7,0.007405578869414959,0.39175512219205116,1.08,128.03799999999995,0.806792690611216,0.006068591946191815,0.7194540514875067,1.78753403286969e-06
47,2.9000000000000057,0.35,161.6,0.007158726240434474,0.3989138484324856,1.015000000000002,129.05299999999997,0.7985952970297028,0.005703352616096948,0.7251574041036037,2.1181123864173475e-06
16,3.0,0.35,164.6,0.007405578869414959,0.40631942730190057,1.0499999999999998,130.10299999999998,0.790419198055893,0.005900019947686485,0.7310574240512903,2.266707666796201e-06
53,2.200000000000017,0.35,166.8,0.005430757837571012,0.4117501851394716,0.7700000000000059,130.873,0.7846103117505994,0.004326681294970123,0.7353841053462604,1.2189850119215317e-06
94,3.0,0.35,169.8,0.007405578869414959,0.41915576400888654,1.0499999999999998,131.923,0.7769316843345111,0.005900019947686485,0.7412841252939469,2.266707666796201e-06
56,2.6999999999999886,0.34,172.5,0.006665020982473435,0.42582078499136,0.9179999999999962,132.841,0.7700927536231884,0.005158303154263021,0.74644242844821,2.270198613847106e-06
4,2.0999999999999996,0.34,174.6,0.00518390520859047,0.43100469019995047,0.714,133.555,0.7649198167239405,0.004012013564426811,0.7504544420126368,1.3733300256606059e-06
72,1.1999999999999886,0.33,175.79999999999998,0.0029622315477659555,0.43396692174771645,0.39599999999999624,133.951,0.7619510807736064,0.002225150380270311,0.752679592392907,5.432886474767421e-07
125,3.0,0.33,178.79999999999998,0.007405578869414959,0.4413725006171314,0.99,134.941,0.7547035794183446,0.00556287595067583,0.7582424683435829,3.395554046729703e-06
28,3.1000000000000085,0.33,181.89999999999998,0.007652431498395479,0.44902493211552685,1.0230000000000028,135.964,0.7474656404617923,0.005748305149031707,0.7639907734926146,3.625697154341403e-06
117,3.0,0.33,184.89999999999998,0.007405578869414959,0.4564305109849418,0.99,136.954,0.7406922660897783,0.00556287595067583,0.7695536494432904,3.395554046729703e-06
90,3.0,0.32,187.89999999999998,0.007405578869414959,0.46383608985435676,0.96,137.91400000000002,0.7339755188930284,0.005394303952170502,0.774947953395461,4.045226792736696e-06
7,2.1999999999999993,0.32,190.09999999999997,0.005430757837570968,0.4692668476919277,0.7039999999999997,138.61800000000002,0.7291846396633354,0.0039558228982583665,0.7789037762937193,2.1754330752050664e-06
118,3.0,0.32,193.09999999999997,0.007405578869414959,0.4766724265613427,0.96,139.57800000000003,0.7228275504919733,0.005394303952170502,0.7842980802458899,4.045226792736696e-06
104,3.0,0.31,196.09999999999997,0.007405578869414959,0.48407800543075763,0.9299999999999999,140.50800000000004,0.7165119836817954,0.005225731953665173,0.789523812199555,4.751732576103851e-06
85,3.0,0.3,199.09999999999997,0.007405578869414959,0.4914835843001726,0.8999999999999999,141.40800000000004,0.7102360622802615,0.005057159955159845,0.7945809721547149,5.515071396831166e-06
91,3.0,0.3,202.09999999999997,0.007405578869414959,0.49888916316958754,0.8999999999999999,142.30800000000005,0.7041464621474521,0.005057159955159845,0.7996381321098748,5.515071396831166e-06
73,2.5,0.3,204.59999999999997,0.006171315724512466,0.5050604788941,0.75,143.05800000000005,0.6992082111436954,0.004214299962633204,0.803852432072508,3.829910692243866e-06
43,2.799999999999997,0.3,207.39999999999998,0.006911873611453955,0.511972352505554,0.8399999999999991,143.89800000000005,0.6938187078109935,0.004720015958149184,0.8085724480306572,4.804239972350695e-06
58,3.0,0.29,210.39999999999998,0.007405578869414959,0.5193779313749689,0.8699999999999999,144.76800000000006,0.6880608365019015,0.004888587956654517,0.8134610359873117,6.3352432549186415e-06
30,3.0999999999999943,0.29,213.49999999999997,0.007652431498395443,0.5270303628733644,0.8989999999999982,145.66700000000006,0.6822810304449652,0.005051540888542991,0.8185125768758547,6.764631964418657e-06
96,3.0,0.29,216.49999999999997,0.007405578869414959,0.5344359417427793,0.8699999999999999,146.53700000000006,0.6768452655889149,0.004888587956654517,0.8234011648325091,6.3352432549186415e-06
57,1.3000000000000114,0.29,217.79999999999998,0.0032090841767465103,0.5376450259195258,0.3770000000000033,146.91400000000007,0.6745362718089994,0.002118388114550309,0.8255195529470595,1.1896179000902992e-06
65,3.4000000000000057,0.29,221.2,0.008392989385336967,0.5460380153048627,0.9860000000000015,147.90000000000006,0.6686256781193494,0.005540399684208461,0.831059952631268,8.137268002984416e-06
20,2.6000000000000014,0.28,223.79999999999998,0.006418168353492968,0.5524561836583557,0.7280000000000004,148.62800000000007,0.6641108132260951,0.0040906804970626326,0.8351506331283306,5.417199721830675e-06
34,3.0,0.28,226.79999999999998,0.007405578869414959,0.5598617625277706,0.8400000000000001,149.46800000000007,0.6590299823633161,0.0047200159581491895,0.8398706490864798,7.212248150366274e-06
41,2.8000000000000114,0.28,229.6,0.00691187361145399,0.5667736361392246,0.7840000000000032,150.25200000000007,0.6544076655052268,0.004405348227605928,0.8442759973140858,6.282669499874673e-06
66,2.9000000000000057,0.28,232.5,0.007158726240434474,0.5739323623796591,0.8120000000000017,151.06400000000008,0.6497376344086024,0.004562682092877559,0.8488386794069633,6.739445216064511e-06
63,2.200000000000017,0.27,234.70000000000002,0.005430757837571012,0.57936312021723,0.5940000000000046,151.65800000000007,0.6461780997017472,0.003337725570405524,0.8521764049773689,4.380784071395902e-06
88,3.0,0.27,237.70000000000002,0.007405578869414959,0.586768699086645,0.81,152.46800000000007,0.64143037442154,0.004551443959643861,0.8567278489370128,8.146086083174071e-06
23,1.6999999999999957,0.26,239.4,0.004196494692668466,0.5909651937793134,0.4419999999999989,152.91000000000008,0.6387218045112785,0.0024836274446451622,0.859211476381658,2.933914209350926e-06
79,3.0,0.26,242.4,0.007405578869414959,0.5983707726487284,0.78,153.69000000000008,0.6340346534653468,0.0043828719611385325,0.8635943483427965,9.13675705334203e-06
99,3.0,0.26,245.4,0.007405578869414959,0.6057763515181434,0.78,154.47000000000008,0.6294621026894869,0.0043828719611385325,0.867977220303935,9.13675705334203e-06
77,1.9000000000000057,0.25,247.3,0.004690199950629488,0.6104665514687728,0.4750000000000014,154.94500000000008,0.6265467044076024,0.0026690566430010373,0.870646276946936,4.085020269971274e-06
83,3.0,0.25,250.3,0.007405578869414959,0.6178721303381878,0.75,155.69500000000008,0.6220335597283263,0.004214299962633204,0.8748605769095692,1.0184261060870149e-05
93,3.0,0.25,253.3,0.007405578869414959,0.6252777092076027,0.75,156.44500000000008,0.6176273193841297,0.004214299962633204,0.8790748768722024,1.0184261060870149e-05
22,2.1000000000000014,0.25,255.4,0.005183905208590475,0.6304616144161932,0.5250000000000004,156.97000000000008,0.6146045418950669,0.002950009973843245,0.8820248868460456,4.99028791982638e-06
139,3.0,0.25,258.4,0.007405578869414959,0.6378671932856081,0.75,157.72000000000008,0.6103715170278642,0.004214299962633204,0.8862391868086789,1.0184261060870149e-05
102,3.0,0.25,261.4,0.007405578869414959,0.6452727721550231,0.75,158.47000000000008,0.606235654169855,0.004214299962633204,0.8904534867713121,1.0184261060870149e-05
78,3.799999999999983,0.24,265.19999999999993,0.009380399901258905,0.654653172056282,0.9119999999999959,159.3820000000001,0.6009879336349929,0.005124588754561954,0.895578075525874,1.8111928516350026e-05
105,4.0,0.24,269.19999999999993,0.009874105159219946,0.664527277215502,0.96,160.3420000000001,0.5956240713224373,0.005394303952170502,0.9009723794780445,2.006861885468165e-05
5,2.0,0.24,271.19999999999993,0.004937052579609973,0.669464329795112,0.48,160.8220000000001,0.5930014749262542,0.002697151976085251,0.9036695314541298,5.0171547136704125e-06
48,2.3000000000000114,0.23,273.49999999999994,0.005677610466551497,0.6751419402616634,0.5290000000000027,161.35100000000008,0.5899488117001832,0.0029724862403106354,0.9066420176944404,7.317697079395219e-06
6,3.0,0.23,276.49999999999994,0.007405578869414959,0.6825475191310784,0.6900000000000001,162.04100000000008,0.5860433996383367,0.0038771559656225487,0.910519173660063,1.2449768188006865e-05
116,3.0,0.23,279.49999999999994,0.007405578869414959,0.6899530980004933,0.6900000000000001,162.73100000000008,0.5822218246869414,0.0038771559656225487,0.9143963296256855,1.2449768188006865e-05
123,3.0,0.23,282.49999999999994,0.007405578869414959,0.6973586768699083,0.6900000000000001,163.42100000000008,0.5784814159292039,0.0038771559656225487,0.9182734855913081,1.2449768188006865e-05
131,3.0,0.22,285.49999999999994,0.007405578869414959,0.7047642557393232,0.66,164.08100000000007,0.5747145359019268,0.00370858396711722,0.9219820695584253,1.3667771307615467e-05
120,3.0,0.22,288.49999999999994,0.007405578869414959,0.7121698346087382,0.66,164.74100000000007,0.5710259965337958,0.00370858396711722,0.9256906535255426,1.3667771307615467e-05
97,3.0,0.2,291.49999999999994,0.007405578869414959,0.7195754134781531,0.6000000000000001,165.34100000000007,0.5672075471698117,0.003371439970106564,0.9290620934956492,1.627427665891315e-05
124,3.0,0.2,294.49999999999994,0.007405578869414959,0.7269809923475681,0.6000000000000001,165.94100000000006,0.5634668930390495,0.003371439970106564,0.9324335334657557,1.627427665891315e-05
101,3.0,0.19,297.49999999999994,0.007405578869414959,0.734386571216983,0.5700000000000001,166.51100000000005,0.5597008403361348,0.003202867971601236,0.9356364014373569,1.766277889060223e-05
76,1.5,0.19,298.99999999999994,0.0037027894347074794,0.7380893606516905,0.28500000000000003,166.79600000000005,0.5578461538461541,0.001601433985800618,0.9372378354231575,4.415694722650558e-06
75,1.9000000000000057,0.18,300.9,0.004690199950629488,0.74277956060232,0.342000000000001,167.13800000000006,0.5554602858092392,0.001921720782960747,0.9391595562061182,7.664476901815805e-06
128,3.0,0.17,303.9,0.007405578869414959,0.7501851394717349,0.51,167.64800000000005,0.5516551497203029,0.002865723974590579,0.9420252801807089,2.0610282466060878e-05
92,3.0,0.16,306.9,0.007405578869414959,0.7575907183411499,0.48,168.12800000000004,0.5478266536331055,0.002697151976085251,0.9447224321567941,2.2169283809830442e-05
127,3.0,0.16,309.9,0.007405578869414959,0.7649962972105648,0.48,168.60800000000003,0.5440722813810909,0.002697151976085251,0.9474195841328793,2.2169283809830442e-05
100,3.0,0.16,312.9,0.007405578869414959,0.7724018760799798,0.48,169.08800000000002,0.5403899009268138,0.002697151976085251,0.9501167361089645,2.2169283809830442e-05
112,3.0,0.15,315.9,0.007405578869414959,0.7798074549493947,0.44999999999999996,169.538,0.5366824944602723,0.0025285799775799224,0.9526453160865445,2.3785118190960166e-05
129,3.0,0.15,318.9,0.007405578869414959,0.7872130338188097,0.44999999999999996,169.988,0.5330448416431484,0.0025285799775799224,0.9551738960641244,2.3785118190960166e-05
49,3.0999999999999943,0.15,322.0,0.007652431498395443,0.7948654653172051,0.46499999999999914,170.453,0.5293571428571429,0.002612865976832582,0.957786762040957,2.5397220646125148e-05
119,3.0,0.15,325.0,0.007405578869414959,0.8022710441866201,0.44999999999999996,170.903,0.5258553846153846,0.0025285799775799224,0.960315342018537,2.3785118190960166e-05
135,3.0,0.15,328.0,0.007405578869414959,0.809676623056035,0.44999999999999996,171.35299999999998,0.5224176829268292,0.0025285799775799224,0.9628439219961169,2.3785118190960166e-05
110,3.0,0.14,331.0,0.007405578869414959,0.81708220192545,0.42000000000000004,171.77299999999997,0.5189516616314198,0.0023600079790745947,0.9652039299751914,2.5457785609450053e-05
108,3.0,0.14,334.0,0.007405578869414959,0.824487780794865,0.42000000000000004,172.19299999999996,0.5155479041916167,0.0023600079790745947,0.967563937954266,2.5457785609450053e-05
54,2.9000000000000057,0.13,336.9,0.007158726240434474,0.8316465070352994,0.3770000000000008,172.56999999999996,0.5122291481151676,0.002118388114550295,0.9696823260688163,2.5405008423241635e-05
141,2.7000000000000455,0.13,339.6,0.006665020982473575,0.838311528017773,0.3510000000000059,172.92099999999996,0.5091902237926972,0.001972292382512373,0.9716546184513287,2.202170171289382e-05
106,1.5,0.12,341.1,0.0037027894347074794,0.8420143174524805,0.18,173.10099999999997,0.507478745236001,0.001011431991031969,0.9726660504423607,7.243404889627577e-06
126,3.0,0.12,344.1,0.007405578869414959,0.8494198963218954,0.36,173.46099999999998,0.5041005521650682,0.002022863982063938,0.9746889144244246,2.897361955851031e-05
138,3.0,0.12,347.1,0.007405578869414959,0.8568254751913104,0.36,173.821,0.5007807548256986,0.002022863982063938,0.9767117784064886,2.897361955851031e-05
109,3.0,0.11,350.1,0.007405578869414959,0.8642310540607253,0.33,174.151,0.49743216223936015,0.00185429198355861,0.9785660703900472,3.081678608908068e-05
87,3.0,0.11,353.1,0.007405578869414959,0.8716366329301403,0.33,174.48100000000002,0.4941404701217786,0.00185429198355861,0.9804203623736057,3.081678608908068e-05
60,3.0,0.11,356.1,0.007405578869414959,0.8790422117995552,0.33,174.81100000000004,0.49090424038191527,0.00185429198355861,0.9822746543571643,3.081678608908068e-05
55,3.0999999999999943,0.1,359.20000000000005,0.007652431498395443,0.8866946432979507,0.30999999999999944,175.12100000000004,0.48753062360801785,0.0017419106512217215,0.9840165650083861,3.493425668487517e-05
140,1.3999999999999773,0.09,360.6,0.0034559368057269246,0.8901505801036776,0.12599999999999795,175.24700000000004,0.48598724348308386,0.0007080023937223668,0.9847245674021085,7.551143532678836e-06
134,3.0,0.09,363.6,0.007405578869414959,0.8975561589730926,0.27,175.51700000000005,0.4827200220022003,0.0015171479865479537,0.9862417153886565,3.467361826230191e-05
62,3.0,0.09,366.6,0.007405578869414959,0.9049617378425076,0.27,175.78700000000006,0.4795062738679761,0.0015171479865479537,0.9877588633752045,3.467361826230191e-05
132,3.0,0.08,369.6,0.007405578869414959,0.9123673167119225,0.24,176.02700000000007,0.4762635281385283,0.0013485759880426254,0.9891074393632471,3.668728390495275e-05
142,2.5,0.08,372.1,0.006171315724512466,0.918538632436435,0.2,176.22700000000006,0.4736011824778287,0.0011238133233688547,0.9902312526866159,2.547728048955052e-05
121,3.0,0.08,375.1,0.007405578869414959,0.9259442113058499,0.24,176.46700000000007,0.47045321247667304,0.0013485759880426254,0.9915798286746585,3.668728390495275e-05
137,3.0,0.08,378.1,0.007405578869414959,0.9333497901752649,0.24,176.70700000000008,0.46735519703782086,0.0013485759880426254,0.9929284046627012,3.668728390495275e-05
61,3.0999999999999943,0.08,381.20000000000005,0.007652431498395443,0.9410022216736603,0.24799999999999955,176.95500000000007,0.4642051416579225,0.0013935285209773771,0.9943219331836786,3.917386648073274e-05
107,2.5,0.07,383.70000000000005,0.006171315724512466,0.9471735373981728,0.17500000000000002,177.13000000000008,0.4616366953348972,0.0009833366579477477,0.9953052698416263,2.691512679511372e-05
136,3.0,0.07,386.70000000000005,0.007405578869414959,0.9545791162675877,0.21000000000000002,177.3400000000001,0.4585983966899407,0.0011800039895372974,0.9964852738311636,3.875778258496375e-05
122,3.0,0.06,389.70000000000005,0.007405578869414959,0.9619846951370027,0.18,177.5200000000001,0.455529894790865,0.001011431991031969,0.9974967058221955,4.088511430233494e-05
133,3.0,0.05,392.70000000000005,0.007405578869414959,0.9693902740064176,0.15000000000000002,177.6700000000001,0.45243188184364674,0.000842859992526641,0.9983395658147222,4.306927905706627e-05
143,3.3999999999999773,0.05,396.1,0.008392989385336898,0.9777832633917546,0.16999999999999887,177.8400000000001,0.4489775309265339,0.00095524132486352,0.9992948071395856,5.532009621107549e-05
144,4.0,0.02,400.1,0.009874105159219946,0.9876573685509745,0.08,177.9200000000001,0.44468882779305197,0.00044952532934754185,0.9997443324689331,8.882270496963773e-05
145,4.100000000000023,0.01,404.20000000000005,0.0101209577882005,0.9977783263391751,0.04100000000000023,177.9610000000001,0.44027956457199424,0.00023038173129061648,0.9999747142002238,9.782349473751905e-05
0,0.8999999999999773,0.005,405.1,0.0022216736608244316,0.9999999999999996,0.004499999999999886,177.9655000000001,0.43931251542828953,2.5285799775798586e-05,0.9999999999999996,4.824119636161788e-06
