,weight,grade,cml_weight,weight_pct,cml_weight_pct,yield,cml_yield,cml_grade,recovery,cml_recovery,distributional_heterogeneity
133,3.0,1.9,3.0,0.00699626865671642,0.00699626865671642,5.699999999999999,5.699999999999999,1.8999999999999997,0.04633505938203663,0.04633505938203663,0.0015475404557305393
23,3.0,1.1,6.0,0.00699626865671642,0.01399253731343284,3.3000000000000003,9.0,1.5,0.026825560694863318,0.07316062007689994,0.00039320082273411593
59,0.4000000000000057,1.1,6.400000000000006,0.0009328358208955358,0.014925373134328375,0.4400000000000063,9.440000000000007,1.4749999999999996,0.0035767414259818262,0.07673736150288177,6.9902368486067046e-06
24,3.1000000000000085,0.92,9.500000000000014,0.00722947761194032,0.022154850746268696,2.852000000000008,12.292000000000014,1.2938947368421048,0.023183787606591025,0.09992114910947279,0.0002545400074054114
42,3.0,0.77,12.500000000000014,0.00699626865671642,0.029151119402985117,2.31,14.602000000000015,1.1681599999999999,0.01877789248640432,0.11869904159587712,0.0001388066600642698
39,3.0999999999999943,0.71,15.600000000000009,0.007229477611940287,0.0363805970149254,2.200999999999996,16.80300000000001,1.0771153846153847,0.01789183608769517,0.13659087768357228,0.00011368588826550188
73,3.0999999999999943,0.66,18.700000000000003,0.007229477611940287,0.04361007462686569,2.0459999999999963,18.849000000000007,1.007967914438503,0.016631847630815225,0.15322272531438752,8.840456197183829e-05
17,3.0,0.66,21.700000000000003,0.00699626865671642,0.05060634328358211,1.98,20.829000000000008,0.959861751152074,0.016095336416917988,0.1693180617313055,8.27930341047396e-05
11,3.0,0.65,24.700000000000003,0.00699626865671642,0.057602611940298525,1.9500000000000002,22.779000000000007,0.9222267206477734,0.015851467683328326,0.18516952941463383,7.84145498009084e-05
94,0.6000000000000227,0.64,25.300000000000026,0.0013992537313433368,0.05900186567164186,0.38400000000001455,23.16300000000002,0.9155335968379446,0.0031215197899478494,0.18829104920458167,2.9662003766211227e-06
49,3.0999999999999943,0.6,28.40000000000002,0.007229477611940287,0.06623134328358214,1.8599999999999965,25.023000000000017,0.8810915492957746,0.015119861482559295,0.20341091068714096,6.225815762572458e-05
19,3.0,0.58,31.40000000000002,0.00699626865671642,0.07322761194029856,1.7399999999999998,26.763000000000016,0.8523248407643311,0.014144386548200655,0.21755529723534162,5.109558939055704e-05
30,3.1000000000000085,0.54,34.50000000000003,0.00722947761194032,0.08045708955223888,1.6740000000000048,28.43700000000002,0.8242608695652173,0.01360787533430343,0.23116317256964505,4.068395750464689e-05
75,3.0999999999999943,0.53,37.60000000000002,0.007229477611940287,0.08768656716417916,1.6429999999999971,30.080000000000016,0.7999999999999999,0.013355877642927378,0.24451905021257242,3.753277733967863e-05
26,3.0999999999999943,0.52,40.70000000000002,0.007229477611940287,0.09491604477611945,1.611999999999997,31.692000000000014,0.7786732186732187,0.013103879951551389,0.2576229301641238,3.450860284762839e-05
31,3.0,0.51,43.70000000000002,0.00699626865671642,0.10191231343283587,1.53,33.222000000000016,0.7602288329519451,0.012437305413072992,0.27006023557719677,2.9604880984023244e-05
10,3.0,0.5,46.70000000000002,0.00699626865671642,0.10890858208955229,1.5,34.722000000000016,0.7435117773019273,0.012193436679483326,0.2822536722566801,2.7010555456870865e-05
116,3.0,0.5,49.70000000000002,0.00699626865671642,0.1159048507462687,1.5,36.222000000000016,0.7288128772635816,0.012193436679483326,0.2944471089361634,2.7010555456870865e-05
41,3.0999999999999943,0.49,52.80000000000001,0.007229477611940287,0.12313432835820899,1.5189999999999972,37.741000000000014,0.7147916666666668,0.012347886877423424,0.3067949958135868,2.6198113408983626e-05
33,3.0999999999999943,0.49,55.900000000000006,0.007229477611940287,0.13036380597014927,1.5189999999999972,39.26000000000001,0.702325581395349,0.012347886877423424,0.31914288269101027,2.6198113408983626e-05
29,3.0,0.49,58.900000000000006,0.00699626865671642,0.1373600746268657,1.47,40.73000000000001,0.6915110356536504,0.011949567945893658,0.3310924506369039,2.4535173848163738e-05
81,3.0,0.48,61.900000000000006,0.00699626865671642,0.14435634328358213,1.44,42.17000000000001,0.6812600969305332,0.011705699212303992,0.34279814984920787,2.2178736157901866e-05
21,3.0,0.48,64.9,0.00699626865671642,0.15135261194029856,1.44,43.61000000000001,0.6719568567026195,0.011705699212303992,0.35450384906151183,2.2178736157901866e-05
35,3.0999999999999943,0.46,68.0,0.007229477611940287,0.15858208955223885,1.4259999999999975,45.036,0.6622941176470588,0.01159189380329546,0.3660957428648073,1.903067502659777e-05
9,3.0,0.45,71.0,0.00699626865671642,0.16557835820895528,1.35,46.386,0.6533239436619719,0.010974093011534994,0.3770698358763423,1.5823086597787796e-05
34,3.000000000000014,0.45,74.00000000000001,0.006996268656716453,0.17257462686567174,1.3500000000000065,47.73600000000001,0.6450810810810811,0.010974093011535046,0.38804392888787737,1.5823086597787945e-05
38,3.0,0.44,77.00000000000001,0.00699626865671642,0.17957089552238817,1.32,49.05600000000001,0.6370909090909092,0.010730224277945326,0.3987741531658227,1.3942424581306948e-05
77,3.200000000000017,0.44,80.20000000000003,0.007462686567164221,0.1870335820895524,1.4080000000000075,50.46400000000002,0.6292269326683292,0.011445572563141743,0.4102197257289645,1.586338085695385e-05
131,3.0,0.42,83.20000000000003,0.00699626865671642,0.19402985074626883,1.26,51.72400000000002,0.6216826923076922,0.010242486810765993,0.4204622125397305,1.0537932303681016e-05
25,3.0,0.41,86.20000000000003,0.00699626865671642,0.20102611940298526,1.23,52.954000000000015,0.6143155452436194,0.009998618077176327,0.4304608306169068,9.014102042535934e-06
40,3.0,0.41,89.20000000000003,0.00699626865671642,0.2080223880597017,1.23,54.18400000000001,0.6074439461883407,0.009998618077176327,0.44045944869408316,9.014102042535934e-06
82,3.1000000000000227,0.4,92.30000000000005,0.007229477611940353,0.21525186567164203,1.240000000000009,55.42400000000002,0.6004767063921992,0.010079907655039622,0.4505393563491228,8.124951430602904e-06
117,3.0,0.39,95.30000000000005,0.00699626865671642,0.22224813432835847,1.17,56.59400000000002,0.5938509968520461,0.009510880609996993,0.4600502369591198,6.323273275581544e-06
27,3.0,0.38,98.30000000000005,0.00699626865671642,0.2292444029850749,1.1400000000000001,57.73400000000002,0.5873245167853509,0.009267011876407329,0.4693172488355271,5.1562747697722284e-06
32,3.0,0.38,101.30000000000005,0.00699626865671642,0.23624067164179133,1.1400000000000001,58.874000000000024,0.5811846001974333,0.009267011876407329,0.47858426071193444,5.1562747697722284e-06
22,3.200000000000003,0.38,104.50000000000006,0.007462686567164188,0.24370335820895553,1.216000000000001,60.090000000000025,0.575023923444976,0.009884812668167825,0.48846907338010226,5.866694849163079e-06
88,3.1000000000000227,0.38,107.60000000000008,0.007229477611940353,0.25093283582089587,1.1780000000000086,61.268000000000036,0.5694052044609664,0.009575912272287641,0.4980449856523899,5.5057556152790934e-06
46,3.0,0.36,110.60000000000008,0.00699626865671642,0.2579291044776123,1.08,62.348000000000035,0.5637251356238697,0.008779274409227995,0.506824260061618,3.1791095134893643e-06
53,1.0999999999999943,0.36,111.70000000000007,0.002565298507462674,0.260494402985075,0.39599999999999796,62.744000000000035,0.5617188898836167,0.0032190672833835813,0.5100433273450016,4.274136123691212e-07
37,3.0999999999999943,0.36,114.80000000000007,0.007229477611940287,0.26772388059701524,1.1159999999999979,63.860000000000035,0.5562717770034843,0.009071916889535576,0.5191152442345371,3.3945824916258525e-06
20,3.0,0.36,117.80000000000007,0.00699626865671642,0.27472014925373167,1.08,64.94000000000004,0.5512733446519524,0.008779274409227995,0.5278945186437651,3.1791095134893643e-06
58,3.4000000000000057,0.35,121.20000000000007,0.007929104477611956,0.28264925373134364,1.190000000000002,66.13000000000004,0.5456270627062706,0.009673459765723454,0.5375679784094886,3.0427753711625457e-06
66,1.8000000000000114,0.35,123.00000000000009,0.0041977611940298785,0.2868470149253735,0.6300000000000039,66.76000000000005,0.5427642276422764,0.0051212434053830285,0.5426892218148716,8.528193946857044e-07
134,3.0,0.35,126.00000000000009,0.00699626865671642,0.29384328358208994,1.0499999999999998,67.81000000000004,0.5381746031746032,0.008535405675638326,0.5512246274905099,2.368942763015815e-06
36,3.0,0.34,129.00000000000009,0.00699626865671642,0.3008395522388064,1.02,68.83000000000004,0.5335658914728681,0.008291536942048662,0.5595161644325586,1.6777199309875258e-06
110,3.0,0.33,132.00000000000009,0.00699626865671642,0.3078358208955228,0.99,69.82000000000004,0.5289393939393938,0.008047668208458994,0.5675638326410176,1.105441017404488e-06
63,3.0,0.33,135.00000000000009,0.00699626865671642,0.31483208955223924,0.99,70.81000000000003,0.5245185185185184,0.008047668208458994,0.5756115008494767,1.105441017404488e-06
120,3.1999999999999886,0.33,138.20000000000007,0.007462686567164155,0.3222947761194034,1.0559999999999963,71.86600000000003,0.5200144717800289,0.00858417942235623,0.5841956802718329,1.2577462242468752e-06
126,3.5,0.33,141.70000000000007,0.008162313432835824,0.3304570895522392,1.155,73.02100000000003,0.5153211009174311,0.00938894624320216,0.5935846265150351,1.5046280514672197e-06
142,3.0,0.32,144.70000000000007,0.00699626865671642,0.3374533582089556,0.96,73.98100000000002,0.5112715964063579,0.007803799474869328,0.6013884259899044,6.521060222667056e-07
80,3.0,0.32,147.70000000000007,0.00699626865671642,0.34444962686567204,0.96,74.94100000000002,0.5073865944482057,0.007803799474869328,0.6091922254647737,6.521060222667056e-07
109,3.0,0.31,150.70000000000007,0.00699626865671642,0.3514458955223885,0.9299999999999999,75.87100000000002,0.5034571997345719,0.007559930741279661,0.6167521562060534,3.17714945574179e-07
12,3.0,0.31,153.70000000000007,0.00699626865671642,0.3584421641791049,0.9299999999999999,76.80100000000003,0.4996811971372804,0.007559930741279661,0.6243120869473331,3.17714945574179e-07
76,3.0,0.31,156.70000000000007,0.00699626865671642,0.36543843283582134,0.9299999999999999,77.73100000000004,0.4960497766432674,0.007559930741279661,0.6318720176886128,3.17714945574179e-07
143,3.0,0.31,159.70000000000007,0.00699626865671642,0.37243470149253777,0.9299999999999999,78.66100000000004,0.49255479023168447,0.007559930741279661,0.6394319484298925,3.17714945574179e-07
43,3.1000000000000227,0.3,162.8000000000001,0.007229477611940353,0.37966417910447814,0.9300000000000068,79.59100000000005,0.4888882063882064,0.007559930741279717,0.6469918791711722,1.0919927069017794e-07
125,3.3000000000000114,0.3,166.1000000000001,0.007695895522388088,0.3873600746268662,0.9900000000000033,80.58100000000006,0.4851354605659242,0.008047668208459022,0.6550395473796312,1.2374402266555966e-07
60,3.5,0.29,169.6000000000001,0.008162313432835824,0.395522388059702,1.015,81.59600000000006,0.48110849056603777,0.00825089215311705,0.6632904395327482,7.846189686659733e-09
45,3.0999999999999943,0.29,172.7000000000001,0.007229477611940287,0.4027518656716423,0.8989999999999982,82.49500000000006,0.47767805442964684,0.007307933049903658,0.6705983725826519,6.155255746024469e-09
83,3.1000000000000227,0.29,175.80000000000013,0.007229477611940353,0.40998134328358266,0.8990000000000066,83.39400000000006,0.4743686006825939,0.007307933049903726,0.6779063056325556,6.155255746024583e-09
78,3.0,0.27,178.80000000000013,0.00699626865671642,0.4169776119402991,0.81,84.20400000000006,0.4709395973154363,0.006584455806920996,0.6844907614394766,1.6958982325662826e-07
2,3.0,0.27,181.80000000000013,0.00699626865671642,0.4239738805970155,0.81,85.01400000000007,0.46762376237623765,0.006584455806920996,0.6910752172463976,1.6958982325662826e-07
91,3.0,0.26,184.80000000000013,0.00699626865671642,0.43097014925373195,0.78,85.79400000000007,0.4642532467532468,0.00634058707333133,0.6974158043197289,4.299183387903794e-07
48,3.0,0.26,187.80000000000013,0.00699626865671642,0.4379664179104484,0.78,86.57400000000007,0.4609904153354633,0.00634058707333133,0.7037563913930602,4.299183387903794e-07
47,3.0999999999999943,0.26,190.90000000000012,0.007229477611940287,0.44519589552238864,0.8059999999999985,87.38000000000007,0.4577265584075433,0.006551939975775694,0.710308331368836,4.590572484195034e-07
64,3.0,0.25,193.90000000000012,0.00699626865671642,0.45219216417910507,0.75,88.13000000000007,0.45451263537906145,0.006096718339741663,0.7164050497085777,8.091907727693862e-07
4,3.0,0.24,196.90000000000012,0.00699626865671642,0.4591884328358215,0.72,88.85000000000007,0.45124428643981723,0.005852849606151996,0.7222578993147296,1.3074071251936485e-06
15,3.0,0.24,199.90000000000012,0.00699626865671642,0.46618470149253793,0.72,89.57000000000006,0.4480740370185093,0.005852849606151996,0.7281107489208816,1.3074071251936485e-06
28,3.0999999999999943,0.23,203.0000000000001,0.007229477611940287,0.4734141791044782,0.7129999999999987,90.28300000000006,0.44474384236453207,0.00579594690164773,0.7339066958225293,2.0550102973518827e-06
90,3.099999999999966,0.23,206.10000000000008,0.0072294776119402205,0.4806436567164184,0.7129999999999922,90.99600000000005,0.44151382823871915,0.005795946901647677,0.739702642724177,2.0550102973518454e-06
74,3.0,0.23,209.10000000000008,0.00699626865671642,0.48763992537313483,0.6900000000000001,91.68600000000005,0.4384791965566715,0.00560898087256233,0.7453116235967393,1.924567396063165e-06
145,1.099999999999966,0.23,210.20000000000005,0.0025652985074626077,0.49020522388059745,0.2529999999999922,91.93900000000004,0.4373882017126547,0.002056626319939457,0.7473682499166787,2.587473943595872e-07
95,3.1000000000000227,0.22,213.30000000000007,0.007229477611940353,0.4974347014925378,0.682000000000005,92.62100000000004,0.4342287857477731,0.005543949210271793,0.7529121991269505,2.8410059928313736e-06
16,3.0,0.22,216.30000000000007,0.00699626865671642,0.5044309701492542,0.66,93.28100000000003,0.4312575127138234,0.005365112138972663,0.7582773112659231,2.6606715853779384e-06
118,3.0,0.22,219.30000000000007,0.00699626865671642,0.5114272388059706,0.66,93.94100000000003,0.4283675330597355,0.005365112138972663,0.7636424234048957,2.6606715853779384e-06
130,2.8999999999999773,0.22,222.20000000000005,0.006763059701492486,0.5181902985074631,0.637999999999995,94.57900000000002,0.42564806480648065,0.005186275067673534,0.7688286984725693,2.4862497814475676e-06
138,3.0,0.21,225.20000000000005,0.00699626865671642,0.5251865671641796,0.63,95.20900000000002,0.4227753108348135,0.005121243405382996,0.7739499418779523,3.515719693137968e-06
50,3.0,0.21,228.20000000000005,0.00699626865671642,0.532182835820896,0.63,95.83900000000001,0.41997808939526726,0.005121243405382996,0.7790711852833353,3.515719693137968e-06
86,3.099999999999966,0.21,231.3,0.0072294776119402205,0.5394123134328362,0.6509999999999928,96.49000000000001,0.4171638564634674,0.005291951518895705,0.784363136802231,3.7540073612283473e-06
108,3.0,0.2,234.3,0.00699626865671642,0.5464085820895527,0.6000000000000001,97.09,0.41438326931284675,0.0048773746717933305,0.7892405114740243,4.489711719343249e-06
114,3.0,0.2,237.3,0.00699626865671642,0.5534048507462691,0.6000000000000001,97.69,0.41167298777918243,0.0048773746717933305,0.7941178861458176,4.489711719343249e-06
44,3.0,0.2,240.3,0.00699626865671642,0.5604011194029855,0.6000000000000001,98.28999999999999,0.4090303786933,0.0048773746717933305,0.7989952608176109,4.489711719343249e-06
144,5.100000000000023,0.2,245.40000000000003,0.011893656716417966,0.5722947761194035,1.0200000000000047,99.31,0.4046862265688671,0.0082915369420487,0.8072867977596595,1.2975266868902108e-05
121,3.0,0.19,248.40000000000003,0.00699626865671642,0.5792910447761199,0.5700000000000001,99.88,0.40209339774557157,0.0046335059382036645,0.8119203036978632,5.58264766399379e-06
141,3.0,0.19,251.40000000000003,0.00699626865671642,0.5862873134328364,0.5700000000000001,100.44999999999999,0.3995624502784406,0.0046335059382036645,0.8165538096360668,5.58264766399379e-06
87,3.0,0.19,254.40000000000003,0.00699626865671642,0.5932835820895528,0.5700000000000001,101.01999999999998,0.39709119496855333,0.0046335059382036645,0.8211873155742705,5.58264766399379e-06
104,1.900000000000034,0.19,256.30000000000007,0.004430970149253812,0.5977145522388067,0.3610000000000065,101.38099999999999,0.3955559890753022,0.002934553760862373,0.8241218693351329,2.239262007446478e-06
146,3.0,0.19,259.30000000000007,0.00699626865671642,0.6047108208955231,0.5700000000000001,101.95099999999998,0.39317778634785944,0.0046335059382036645,0.8287553752733365,5.58264766399379e-06
139,3.0,0.18,262.30000000000007,0.00699626865671642,0.6117070895522395,0.54,102.49099999999999,0.3907396111322911,0.004389637204613998,0.8331450124779506,6.794527527089585e-06
84,3.0,0.18,265.30000000000007,0.00699626865671642,0.618703358208956,0.54,103.03099999999999,0.3883565774594797,0.004389637204613998,0.8375346496825646,6.794527527089585e-06
56,2.5,0.18,267.80000000000007,0.005830223880597016,0.624533582089553,0.44999999999999996,103.481,0.38641150112023886,0.003658031003844997,0.8411926806864096,4.718421893812212e-06
137,3.0,0.18,270.80000000000007,0.00699626865671642,0.6315298507462694,0.54,104.021,0.3841248153618906,0.004389637204613998,0.8455823178910237,6.794527527089585e-06
13,2.999999999999993,0.18,273.80000000000007,0.006996268656716403,0.6385261194029859,0.5399999999999987,104.56099999999999,0.38188823959094215,0.004389637204613986,0.8499719550956376,6.794527527089553e-06
0,3.0,0.17,276.80000000000007,0.00699626865671642,0.6455223880597023,0.51,105.071,0.37959176300578024,0.004145768471024331,0.8541177235666619,8.125351308630633e-06
112,3.0,0.17,279.80000000000007,0.00699626865671642,0.6525186567164187,0.51,105.581,0.3773445318084345,0.004145768471024331,0.8582634920376863,8.125351308630633e-06
54,2.9000000000000057,0.17,282.70000000000005,0.0067630597014925525,0.6592817164179113,0.493000000000001,106.074,0.3752175451008135,0.004007576188656861,0.8622710682263431,7.592689389509321e-06
127,3.0,0.17,285.70000000000005,0.00699626865671642,0.6662779850746278,0.51,106.584,0.3730626531326566,0.004145768471024331,0.8664168366973675,8.125351308630633e-06
57,3.0,0.17,288.70000000000005,0.00699626865671642,0.6732742537313442,0.51,107.09400000000001,0.3709525458953931,0.004145768471024331,0.8705626051683918,8.125351308630633e-06
140,3.0,0.17,291.70000000000005,0.00699626865671642,0.6802705223880606,0.51,107.60400000000001,0.3688858416181008,0.004145768471024331,0.8747083736394161,8.125351308630633e-06
124,3.0,0.16,294.70000000000005,0.00699626865671642,0.6872667910447771,0.48,108.08400000000002,0.3667594163556159,0.003901899737434664,0.8786102733768508,9.57511900861694e-06
119,3.0,0.16,297.70000000000005,0.00699626865671642,0.6942630597014935,0.48,108.56400000000002,0.364675848169298,0.003901899737434664,0.8825121731142855,9.57511900861694e-06
68,3.0,0.16,300.70000000000005,0.00699626865671642,0.7012593283582099,0.48,109.04400000000003,0.36263385433987366,0.003901899737434664,0.8864140728517202,9.57511900861694e-06
132,2.3000000000000114,0.16,303.00000000000006,0.005363805970149281,0.7066231343283592,0.3680000000000018,109.41200000000002,0.3610957095709571,0.0029914564653665907,0.8894055293170868,5.6280421728426794e-06
14,3.0,0.15,306.00000000000006,0.00699626865671642,0.7136194029850756,0.44999999999999996,109.86200000000002,0.3590261437908497,0.003658031003844997,0.8930635603209318,1.1143830627048503e-05
3,3.0,0.15,309.00000000000006,0.00699626865671642,0.7206156716417921,0.44999999999999996,110.31200000000003,0.3569967637540453,0.003658031003844997,0.8967215913247768,1.1143830627048503e-05
69,3.0,0.15,312.00000000000006,0.00699626865671642,0.7276119402985085,0.44999999999999996,110.76200000000003,0.3550064102564103,0.003658031003844997,0.9003796223286218,1.1143830627048503e-05
100,2.6000000000000227,0.15,314.6000000000001,0.00606343283582095,0.7336753731343295,0.3900000000000034,111.15200000000003,0.3533121424030515,0.003170293536665692,0.9035499158652874,8.370255004316577e-06
92,3.1000000000000227,0.15,317.7000000000001,0.007229477611940353,0.7409048507462699,0.4650000000000034,111.61700000000003,0.35132829713566255,0.0037799653706398584,0.9073298812359273,1.1899134702881967e-05
123,2.0,0.15,319.7000000000001,0.004664179104477613,0.7455690298507475,0.3,111.91700000000003,0.3500688145136065,0.002438687335896665,0.909768568571824,4.952813612021557e-06
79,2.9999999999999716,0.15,322.70000000000005,0.006996268656716353,0.7525652985074638,0.44999999999999574,112.36700000000002,0.3482088627207933,0.003658031003844963,0.913426599575669,1.1143830627048293e-05
71,3.0,0.14,325.70000000000005,0.00699626865671642,0.7595615671641802,0.42000000000000004,112.78700000000002,0.3462910653976052,0.0034141622702553312,0.9168407618459243,1.2831486163925316e-05
129,3.0,0.14,328.70000000000005,0.00699626865671642,0.7665578358208966,0.42000000000000004,113.20700000000002,0.3444082750228172,0.0034141622702553312,0.9202549241161797,1.2831486163925316e-05
113,3.1000000000000227,0.14,331.80000000000007,0.007229477611940353,0.773787313432837,0.4340000000000032,113.64100000000002,0.3424984930681133,0.003527967679263868,0.9237828917954436,1.3701175781702679e-05
98,2.6999999999999886,0.14,334.50000000000006,0.006296641791044751,0.7800839552238817,0.37799999999999845,114.01900000000002,0.340863976083707,0.0030727460432297855,0.9268556378386734,1.039350379277942e-05
1,3.0,0.13,337.50000000000006,0.00699626865671642,0.7870802238805982,0.39,114.40900000000002,0.33898962962962964,0.003170293536665665,0.9300259313753391,1.463808561924739e-05
72,3.0,0.13,340.50000000000006,0.00699626865671642,0.7940764925373146,0.39,114.79900000000002,0.3371483113069016,0.003170293536665665,0.9331962249120047,1.463808561924739e-05
111,3.0,0.13,343.50000000000006,0.00699626865671642,0.801072761194031,0.39,115.18900000000002,0.33533915574963613,0.003170293536665665,0.9363665184486704,1.463808561924739e-05
115,3.0,0.13,346.50000000000006,0.00699626865671642,0.8080690298507475,0.39,115.57900000000002,0.33356132756132756,0.003170293536665665,0.939536811985336,1.463808561924739e-05
85,3.0,0.12,349.50000000000006,0.00699626865671642,0.8150652985074639,0.36,115.93900000000002,0.3317281831187411,0.002926424803075998,0.942463236788412,1.656362899301472e-05
70,3.1999999999999886,0.12,352.70000000000005,0.007462686567164155,0.8225279850746281,0.3839999999999986,116.32300000000002,0.3298072015877517,0.00312151978994772,0.9455847565783597,1.8845728987607722e-05
107,3.099999999999966,0.12,355.8,0.0072294776119402205,0.8297574626865684,0.3719999999999959,116.69500000000002,0.3279792017987634,0.0030239722965118314,0.9486087288748716,1.768627495809644e-05
89,3.0,0.12,358.8,0.00699626865671642,0.8367537313432848,0.36,117.05500000000002,0.3262402452619844,0.002926424803075998,0.9515351536779476,1.656362899301472e-05
52,2.1000000000000227,0.11,360.90000000000003,0.004897388059701547,0.8416511194029863,0.2310000000000025,117.28600000000003,0.32498198947076756,0.0018777892486404526,0.9534129429265881,9.117976979761578e-06
96,3.0,0.11,363.90000000000003,0.00699626865671642,0.8486473880597027,0.33,117.61600000000003,0.3232096729870844,0.0026825560694863316,0.9560954989960744,1.8608116285227306e-05
122,3.0,0.11,366.90000000000003,0.00699626865671642,0.8556436567164192,0.33,117.94600000000003,0.32146633960207144,0.0026825560694863316,0.9587780550655607,1.8608116285227306e-05
55,2.3999999999999773,0.11,369.3,0.005597014925373083,0.8612406716417923,0.2639999999999975,118.21000000000002,0.3200920660709451,0.002146044855589045,0.9609240999211497,1.190919442254525e-05
5,3.0,0.11,372.3,0.00699626865671642,0.8682369402985087,0.33,118.54000000000002,0.3183991404781091,0.0026825560694863316,0.963606655990636,1.8608116285227306e-05
62,3.0,0.1,375.3,0.00699626865671642,0.8752332089552252,0.30000000000000004,118.84000000000002,0.31665334399147355,0.0024386873358966652,0.9660453433265327,2.077154749588514e-05
97,2.3999999999999773,0.1,377.7,0.005597014925373083,0.8808302238805983,0.23999999999999774,119.08000000000001,0.31527667460947845,0.0019509498687173138,0.96799629319525,1.3293790397366236e-05
136,3.0,0.1,380.7,0.00699626865671642,0.8878264925373147,0.30000000000000004,119.38000000000001,0.3135802469135803,0.0024386873358966652,0.9704349805311467,2.077154749588514e-05
51,3.0999999999999943,0.1,383.79999999999995,0.007229477611940287,0.895055970149255,0.30999999999999944,119.69000000000001,0.3118551328817093,0.0025199769137598826,0.9729549574449067,2.217939682616172e-05
128,3.0,0.1,386.79999999999995,0.00699626865671642,0.9020522388059714,0.30000000000000004,119.99000000000001,0.3102119958634954,0.0024386873358966652,0.9753936447808034,2.077154749588514e-05
67,3.0,0.1,389.79999999999995,0.00699626865671642,0.9090485074626878,0.30000000000000004,120.29,0.30859415084658803,0.0024386873358966652,0.9778323321167001,2.077154749588514e-05
65,1.8000000000000114,0.1,391.59999999999997,0.0041977611940298785,0.9132462686567178,0.18000000000000116,120.47000000000001,0.30763534218590405,0.0014632124015380085,0.9792955445182381,7.477757098518745e-06
93,2.3999999999999773,0.09,393.99999999999994,0.005597014925373083,0.9188432835820909,0.21599999999999794,120.686,0.30630964467005084,0.001755854881845582,0.9810513994000837,1.475451047999219e-05
102,3.3000000000000114,0.09,397.29999999999995,0.007695895522388088,0.926539179104479,0.297000000000001,120.983,0.30451296249685383,0.0024143004625377064,0.9834656998626213,2.7895246376235954e-05
7,3.0,0.09,400.29999999999995,0.00699626865671642,0.9335354477611955,0.27,121.253,0.3029053210092431,0.002194818602306999,0.9856605184649283,2.3053922624988234e-05
135,3.0,0.08,403.29999999999995,0.00699626865671642,0.9405317164179119,0.24,121.493,0.3012472105132656,0.001950949868717332,0.9876114683336457,2.5455241672536576e-05
106,3.0,0.08,406.29999999999995,0.00699626865671642,0.9475279850746283,0.24,121.73299999999999,0.2996135860201821,0.001950949868717332,0.989562418202363,2.5455241672536576e-05
8,3.0,0.08,409.29999999999995,0.00699626865671642,0.9545242537313448,0.24,121.97299999999998,0.29800390911311997,0.001950949868717332,0.9915133680710804,2.5455241672536576e-05
6,3.0,0.07,412.29999999999995,0.00699626865671642,0.9615205223880612,0.21000000000000002,122.18299999999998,0.29634489449430024,0.0017070811351276656,0.993220449206208,2.7975504638530184e-05
105,3.0,0.07,415.29999999999995,0.00699626865671642,0.9685167910447776,0.21000000000000002,122.39299999999997,0.29470984830243196,0.0017070811351276656,0.9949275303413356,2.7975504638530184e-05
99,3.6999999999999886,0.07,418.99999999999994,0.008628731343283558,0.9771455223880612,0.25899999999999923,122.65199999999997,0.2927255369928401,0.002105400066657448,0.9970329304079931,4.255385094460843e-05
18,3.0,0.06,421.99999999999994,0.00699626865671642,0.9841417910447776,0.18,122.83199999999998,0.29107109004739334,0.001463212401537999,0.9984961428095311,3.0614711522969045e-05
101,3.0,0.04,424.99999999999994,0.00699626865671642,0.991138059701494,0.12,122.95199999999998,0.2892988235294118,0.000975474934358666,0.9994716177438898,3.6249957047182536e-05
61,2.6999999999999886,0.02,427.69999999999993,0.006296641791044751,0.9974347014925388,0.05399999999999977,123.00599999999999,0.2875987841945289,0.00043896372046139785,0.9999105814643512,3.431239237859312e-05
103,1.099999999999966,0.01,428.7999999999999,0.0025652985074626077,1.0000000000000013,0.01099999999999966,123.01699999999998,0.28688666044776123,8.941853564954161e-05,1.0000000000000007,6.129981634825068e-06
