,weight,grade,cml_weight,weight_pct,cml_weight_pct,yield,cml_yield,cml_grade,recovery,cml_recovery,distributional_heterogeneity
36,3.0,2.6,3.0,0.015424164524421594,0.015424164524421594,7.800000000000001,7.800000000000001,2.6,0.07582385535141443,0.07582385535141443,0.0036481226519963213
22,3.0,1.7,6.0,0.015424164524421594,0.030848329048843187,5.1,12.9,2.15,0.049577136191309434,0.12540099154272388,0.0011664254736792436
21,3.0,1.36,9.0,0.015424164524421594,0.04627249357326478,4.08,16.98,1.8866666666666667,0.039661708953047554,0.16506270049577143,0.0005874585599296171
0,1.0,1.26,10.0,0.005141388174807198,0.05141388174807198,1.26,18.240000000000002,1.8240000000000003,0.012248468941382332,0.17731116943715375,5.051059702262218e-05
63,3.0,1.08,13.0,0.015424164524421594,0.06683804627249357,3.24,21.480000000000004,1.6523076923076927,0.031496062992126,0.20880723242927973,0.00025830592035619904
28,3.0,1.02,16.0,0.015424164524421594,0.08226221079691516,3.06,24.540000000000003,1.5337500000000002,0.029746281714785664,0.2385535141440654,0.0002051230408145219
26,3.0,0.99,19.0,0.015424164524421594,0.09768637532133675,2.9699999999999998,27.51,1.4478947368421053,0.028871391076115492,0.26742490522018086,0.0001808279019325814
24,3.0,0.89,22.0,0.015424164524421594,0.11311053984575835,2.67,30.18,1.3718181818181818,0.02595508894721494,0.2933799941673958,0.00011090036919858534
19,3.0,0.72,25.0,0.015424164524421594,0.12853470437017994,2.16,32.34,1.2936,0.020997375328084,0.3143773694954798,3.106067866205931e-05
55,3.0,0.69,28.0,0.015424164524421594,0.14395886889460152,2.07,34.410000000000004,1.2289285714285716,0.020122484689413828,0.3344998541848936,2.207421237277265e-05
18,3.0,0.66,31.0,0.015424164524421594,0.1593830334190231,1.98,36.39,1.1738709677419354,0.019247594050743663,0.35374744823563725,1.4618613342751406e-05
7,3.0,0.65,34.0,0.015424164524421594,0.17480719794344468,1.9500000000000002,38.34,1.1276470588235294,0.01895596383785361,0.37270341207349084,1.2473606390358844e-05
23,3.0,0.64,37.0,0.015424164524421594,0.19023136246786626,1.92,40.260000000000005,1.0881081081081083,0.01866433362496355,0.3913677456984544,1.0498695800106881e-05
12,3.0,0.64,40.0,0.015424164524421594,0.20565552699228784,1.92,42.18000000000001,1.0545000000000002,0.01866433362496355,0.41003207932341795,1.0498695800106881e-05
61,3.0,0.64,43.0,0.015424164524421594,0.22107969151670942,1.92,44.10000000000001,1.0255813953488373,0.01866433362496355,0.4286964129483815,1.0498695800106881e-05
37,2.0999999999999943,0.63,45.099999999999994,0.010796915167095087,0.2318766066838045,1.3229999999999964,45.423,1.0071618625277163,0.012860892388451414,0.4415573053368329,4.260001970277781e-06
4,3.0,0.61,48.099999999999994,0.015424164524421594,0.24730077120822608,1.83,47.253,0.9823908523908526,0.017789442986293386,0.4593467483231263,5.594542202194585e-06
14,3.0,0.6,51.099999999999994,0.015424164524421594,0.26272493573264766,1.7999999999999998,49.053,0.9599412915851273,0.01749781277340333,0.4768445610965296,4.300017060505017e-06
30,3.0,0.6,54.099999999999994,0.015424164524421594,0.27814910025706924,1.7999999999999998,50.852999999999994,0.9399815157116451,0.01749781277340333,0.49434237386993296,4.300017060505017e-06
6,3.0,0.56,57.099999999999994,0.015424164524421594,0.2935732647814908,1.6800000000000002,52.532999999999994,0.9200175131348511,0.01633129192184311,0.5106736657917761,8.22880115152732e-07
13,3.0,0.56,60.099999999999994,0.015424164524421594,0.3089974293059124,1.6800000000000002,54.212999999999994,0.9020465890183028,0.01633129192184311,0.5270049577136192,8.22880115152732e-07
2,3.3,0.55,63.39999999999999,0.01696658097686375,0.32596401028277616,1.815,56.02799999999999,0.8837223974763406,0.01764362787984836,0.5446485855934676,4.583925088410459e-07
27,3.0,0.54,66.39999999999999,0.015424164524421594,0.34138817480719774,1.62,57.64799999999999,0.8681927710843373,0.015748031496063,0.5603966170895306,1.0488981532017394e-07
5,3.0,0.53,69.39999999999999,0.015424164524421594,0.3568123393316193,1.59,59.23799999999999,0.8535734870317003,0.015456401283172943,0.5758530183727035,1.0392086147926226e-09
59,3.0,0.53,72.39999999999999,0.015424164524421594,0.3722365038560409,1.59,60.827999999999996,0.8401657458563536,0.015456401283172943,0.5913094196558765,1.0392086147926226e-09
15,3.0,0.51,75.39999999999999,0.015424164524421594,0.3876606683804625,1.53,62.358,0.827029177718833,0.014873140857392832,0.6061825605132694,3.0362708162582545e-07
9,3.0,0.5,78.39999999999999,0.015424164524421594,0.40308483290488406,1.5,63.858,0.814515306122449,0.014581510644502776,0.6207640711577721,7.100655613422396e-07
66,3.0,0.49,81.39999999999999,0.015424164524421594,0.41850899742930564,1.47,65.328,0.8025552825552826,0.01428988043161272,0.6350539515893848,1.2866004031992522e-06
10,3.0,0.49,84.39999999999999,0.015424164524421594,0.4339331619537272,1.47,66.798,0.7914454976303319,0.01428988043161272,0.6493438320209975,1.2866004031992522e-06
17,3.0,0.48,87.39999999999999,0.015424164524421594,0.4493573264781488,1.44,68.238,0.7807551487414188,0.013998250218722664,0.6633420822397202,2.033231607196863e-06
3,3.0,0.48,90.39999999999999,0.015424164524421594,0.4647814910025704,1.44,69.678,0.7707743362831859,0.013998250218722664,0.6773403324584429,2.033231607196863e-06
54,3.0,0.47,93.39999999999999,0.015424164524421594,0.48020565552699196,1.41,71.088,0.7611134903640256,0.013706620005832608,0.6910469524642755,2.949959173335073e-06
8,3.0,0.46,96.39999999999999,0.015424164524421594,0.49562982005141354,1.3800000000000001,72.46799999999999,0.7517427385892116,0.013414989792942556,0.704461942257218,4.036783101613874e-06
11,3.0,0.44,99.39999999999999,0.015424164524421594,0.5110539845758352,1.32,73.78799999999998,0.7423340040241447,0.012831729367162443,0.7172936716243805,6.720720044593283e-06
60,3.0,0.44,102.39999999999999,0.015424164524421594,0.5264781491002568,1.32,75.10799999999998,0.7334765624999998,0.012831729367162443,0.730125400991543,6.720720044593283e-06
38,1.9000000000000057,0.42,104.3,0.009768637532133705,0.5362467866323906,0.7980000000000024,75.90599999999998,0.7277660594439116,0.0077573636628755,0.7378827646544185,4.045222577160876e-06
20,3.0,0.4,107.3,0.015424164524421594,0.5516709511568122,1.2000000000000002,77.10599999999998,0.7186020503261881,0.011665208515602222,0.7495479731700208,1.4129750276239274e-05
32,3.0,0.4,110.3,0.015424164524421594,0.5670951156812338,1.2000000000000002,78.30599999999998,0.7099365367180416,0.011665208515602222,0.761213181685623,1.4129750276239274e-05
49,3.0,0.4,113.3,0.015424164524421594,0.5825192802056555,1.2000000000000002,79.50599999999999,0.7017299205648719,0.011665208515602222,0.7728783902012253,1.4129750276239274e-05
48,3.0,0.39,116.3,0.015424164524421594,0.5979434447300771,1.17,80.67599999999999,0.6936887360275149,0.011373578302712165,0.7842519685039374,1.6407248739502266e-05
16,3.0,0.38,119.3,0.015424164524421594,0.6133676092544987,1.1400000000000001,81.81599999999999,0.6858005029337803,0.011081948089822111,0.7953339165937595,1.8854843564905865e-05
42,3.0,0.38,122.3,0.015424164524421594,0.6287917737789204,1.1400000000000001,82.95599999999999,0.6782992641046606,0.011081948089822111,0.8064158646835816,1.8854843564905865e-05
39,3.0,0.37,125.3,0.015424164524421594,0.644215938303342,1.1099999999999999,84.06599999999999,0.6709177972865122,0.010790317876932054,0.8172061825605137,2.1472534752450055e-05
34,3.0,0.36,128.3,0.015424164524421594,0.6596401028277636,1.08,85.14599999999999,0.6636477007014807,0.010498687664042,0.8277048702245557,2.4260322302134845e-05
46,3.0,0.36,131.3,0.015424164524421594,0.6750642673521853,1.08,86.22599999999998,0.6567098248286365,0.010498687664042,0.8382035578885978,2.4260322302134845e-05
29,3.0,0.36,134.3,0.015424164524421594,0.6904884318766069,1.08,87.30599999999998,0.6500819061801935,0.010498687664042,0.8487022455526398,2.4260322302134845e-05
51,3.0,0.34,137.3,0.015424164524421594,0.7059125964010285,1.02,88.32599999999998,0.6433066278222868,0.009915427238261889,0.8586176727909017,3.03461864879262e-05
50,3.0,0.34,140.3,0.015424164524421594,0.7213367609254502,1.02,89.34599999999998,0.6368210976478972,0.009915427238261889,0.8685331000291636,3.03461864879262e-05
53,3.0,0.34,143.3,0.015424164524421594,0.7367609254498718,1.02,90.36599999999997,0.630607117934403,0.009915427238261889,0.8784485272674255,3.03461864879262e-05
56,3.0,0.34,146.3,0.015424164524421594,0.7521850899742935,1.02,91.38599999999997,0.6246479835953518,0.009915427238261889,0.8883639545056874,3.03461864879262e-05
62,3.0,0.34,149.3,0.015424164524421594,0.7676092544987151,1.02,92.40599999999996,0.6189283322170124,0.009915427238261889,0.8982793817439493,3.03461864879262e-05
35,1.0,0.34,150.3,0.005141388174807198,0.7727506426735223,0.34,92.74599999999997,0.6170725216234195,0.0033051424127539626,0.9015845241567032,3.371798498658467e-06
65,3.0,0.33,153.3,0.015424164524421594,0.788174807197944,0.99,93.73599999999996,0.6114546640574035,0.009623797025371831,0.9112083211820751,3.3644263124032794e-05
57,3.0,0.3,156.3,0.015424164524421594,0.8035989717223656,0.8999999999999999,94.63599999999997,0.6054766474728085,0.008748906386701664,0.9199572275687767,4.4559071205196136e-05
47,3.0,0.3,159.3,0.015424164524421594,0.8190231362467872,0.8999999999999999,95.53599999999997,0.5997237915881981,0.008748906386701664,0.9287061339554784,4.4559071205196136e-05
40,3.0,0.29,162.3,0.015424164524421594,0.8344473007712089,0.8699999999999999,96.40599999999998,0.5939987677141095,0.008457276173811609,0.93716341012929,4.853753328986512e-05
31,3.0,0.28,165.3,0.015424164524421594,0.8498714652956305,0.8400000000000001,97.24599999999998,0.5883000604960676,0.008165645960921555,0.9453290560902116,5.268609173667467e-05
25,3.0,0.27,168.3,0.015424164524421594,0.8652956298200521,0.81,98.05599999999998,0.5826262626262625,0.0078740157480315,0.953203071838243,5.7004746545624844e-05
44,3.0,0.23,171.3,0.015424164524421594,0.8807197943444738,0.6900000000000001,98.74599999999998,0.5764506713368358,0.006707494896471278,0.9599105667347143,7.598032940283152e-05
64,3.0,0.23,174.3,0.015424164524421594,0.8961439588688954,0.6900000000000001,99.43599999999998,0.5704876649454961,0.006707494896471278,0.9666180616311856,7.598032940283152e-05
58,3.0,0.21,177.3,0.015424164524421594,0.911568123393317,0.63,100.06599999999997,0.5643880428652001,0.006124234470691166,0.9727422961018768,8.648869900427847e-05
41,3.0,0.21,180.3,0.015424164524421594,0.9269922879177387,0.63,100.69599999999997,0.5584914032168606,0.006124234470691166,0.978866530572568,8.648869900427847e-05
33,3.0,0.21,183.3,0.015424164524421594,0.9424164524421603,0.63,101.32599999999996,0.55278777959629,0.006124234470691166,0.9849907650432592,8.648869900427847e-05
52,3.0,0.19,186.3,0.015424164524421594,0.957840616966582,0.5700000000000001,101.89599999999996,0.5469457863660759,0.0055409740449110555,0.9905317390881703,9.767745405428776e-05
45,3.0,0.16,189.3,0.015424164524421594,0.9732647814910036,0.48,102.37599999999996,0.5408135235076595,0.004666083406240888,0.9951978224944111,0.00011573630934535622
43,3.0,0.15,192.3,0.015424164524421594,0.9886889460154252,0.44999999999999996,102.82599999999996,0.5347165886635463,0.004374453193350832,0.999572275687762,0.00012209612049999356
1,2.2,0.02,194.5,0.011311053984575836,1.000000000000001,0.044000000000000004,102.86999999999996,0.5288946015424163,0.00042772431223874814,1.0000000000000007,0.0001184468647567729
