,weight,grade,cml_weight,weight_pct,cml_weight_pct,yield,cml_yield,cml_grade,recovery,cml_recovery,distributional_heterogeneity
5,3.0,0.4,3.0,0.11363636363636365,0.11363636363636365,1.2000000000000002,1.2000000000000002,0.4000000000000001,0.2812939521800281,0.2812939521800281,0.02810906699627667
4,3.0,0.3,6.0,0.11363636363636365,0.2272727272727273,0.8999999999999999,2.1,0.35000000000000003,0.21097046413502102,0.49226441631504914,0.009473927119882736
7,3.0,0.17,9.0,0.11363636363636365,0.34090909090909094,0.51,2.6100000000000003,0.29000000000000004,0.11954992967651193,0.611814345991561,3.497026331119509e-05
8,3.0,0.15,12.0,0.11363636363636365,0.4545454545454546,0.44999999999999996,3.0600000000000005,0.25500000000000006,0.10548523206751051,0.7172995780590715,6.644094585275405e-05
1,3.0,0.11,15.0,0.11363636363636365,0.5681818181818182,0.33,3.3900000000000006,0.22600000000000003,0.07735583684950773,0.7946554149085793,0.0013162766239317705
6,3.0,0.1,18.0,0.11363636363636365,0.6818181818181819,0.30000000000000004,3.6900000000000004,0.20500000000000002,0.07032348804500703,0.8649789029535863,0.0018760051919923366
0,2.4,0.09,20.4,0.09090909090909091,0.7727272727272728,0.216,3.9060000000000006,0.19147058823529417,0.05063291139240505,0.9156118143459913,0.0016221706364603064
2,3.0,0.07,23.4,0.11363636363636365,0.8863636363636365,0.21000000000000002,4.1160000000000005,0.17589743589743592,0.049226441631504914,0.9648382559774962,0.0041486380526719845
3,3.0,0.05,26.4,0.11363636363636365,1.0,0.15000000000000002,4.266000000000001,0.16159090909090915,0.035161744022503515,0.9999999999999997,0.006158265923540042
