,weight,grade,cml_weight,weight_pct,cml_weight_pct,yield,cml_yield,cml_grade,recovery,cml_recovery,distributional_heterogeneity
25,3.0,2.81,3.0,0.010128291694800808,0.010128291694800808,8.43,8.43,2.81,0.09450884548980916,0.09450884548980916,0.007120077858752299
15,3.0,1.3,6.0,0.010128291694800808,0.020256583389601616,3.9000000000000004,12.33,2.055,0.04372295342944908,0.13823179891925824,0.0011286012970654412
8,3.0,1.1,9.0,0.010128291694800808,0.030384875084402425,3.3000000000000003,15.63,1.7366666666666668,0.03699634520953384,0.1752281441287921,0.0007218922996705581
5,3.0,0.9,12.0,0.010128291694800808,0.04051316677920323,2.7,18.330000000000002,1.5275,0.030269736989618597,0.2054978811184107,0.00040567781856413755
16,3.0,0.77,15.0,0.010128291694800808,0.050641458474004045,2.31,20.64,1.3760000000000001,0.025897441646673687,0.23139532276508437,0.00024866609020465243
4,3.0,0.72,18.0,0.010128291694800808,0.060769750168804856,2.16,22.8,1.2666666666666666,0.024215789591694875,0.25561111235677925,0.00019845759699499475
11,3.0,0.72,21.0,0.010128291694800808,0.07089804186360567,2.16,24.96,1.1885714285714286,0.024215789591694875,0.27982690194847415,0.00019845759699499475
12,3.0,0.66,24.0,0.010128291694800808,0.08102633355840648,1.98,26.94,1.1225,0.022197807125720302,0.30202470907419443,0.0001456732027372038
9,3.0,0.66,27.0,0.010128291694800808,0.09115462525320729,1.98,28.92,1.0711111111111111,0.022197807125720302,0.3242225161999147,0.0001456732027372038
7,3.0,0.57,30.0,0.010128291694800808,0.1012829169480081,1.71,30.630000000000003,1.0210000000000001,0.019170833426758443,0.34339334962667317,8.176756097419536e-05
37,3.0,0.56,33.0,0.010128291694800808,0.11141120864280891,1.6800000000000002,32.31,0.9790909090909091,0.018834503015762682,0.36222785264243584,7.579811556524472e-05
14,3.0,0.54,36.0,0.010128291694800808,0.12153950033760973,1.62,33.93,0.9425,0.018161842193771156,0.380389694836207,6.453793361950676e-05
50,3.0,0.52,39.0,0.010128291694800808,0.13166779203241052,1.56,35.49,0.91,0.017489181371779634,0.3978788762079866,5.418269683665343e-05
29,3.0,0.51,42.0,0.010128291694800808,0.14179608372721134,1.53,37.02,0.8814285714285715,0.01715285096078387,0.4150317271687705,4.93444328813085e-05
10,3.0,0.49,45.0,0.010128291694800808,0.15192437542201215,1.47,38.49,0.8553333333333334,0.016480190138792344,0.4315119173075629,4.0346613842782116e-05
19,3.0,0.46,48.0,0.010128291694800808,0.16205266711681296,1.3800000000000001,39.870000000000005,0.8306250000000001,0.01547119890580506,0.44698311621336795,2.8546657465401234e-05
21,3.0,0.46,51.0,0.010128291694800808,0.17218095881161377,1.3800000000000001,41.25000000000001,0.8088235294117648,0.01547119890580506,0.462454315119173,2.8546657465401234e-05
23,3.0,0.44,54.0,0.010128291694800808,0.18230925050641458,1.32,42.57000000000001,0.7883333333333334,0.014798538083813536,0.47725285320298655,2.1811201334086415e-05
24,3.0,0.43,57.0,0.010128291694800808,0.1924375422012154,1.29,43.86000000000001,0.7694736842105264,0.014462207672817773,0.4917150608758043,1.878282770451074e-05
18,3.0,0.41,60.0,0.010128291694800808,0.2025658338960162,1.23,45.09,0.7515000000000001,0.013789546850826248,0.5055046077266305,1.3404789317522864e-05
6,3.0,0.41,63.0,0.010128291694800808,0.21269412559081702,1.23,46.32,0.7352380952380952,0.013789546850826248,0.5192941545774568,1.3404789317522864e-05
27,3.0,0.4,66.0,0.010128291694800808,0.22282241728561783,1.2000000000000002,47.52,0.7200000000000001,0.013453216439830488,0.5327473710172872,1.1055124560110673e-05
28,3.0,0.4,69.0,0.010128291694800808,0.23295070898041864,1.2000000000000002,48.720000000000006,0.7060869565217393,0.013453216439830488,0.5462005874571176,1.1055124560110673e-05
35,3.0,0.39,72.0,0.010128291694800808,0.24307900067521945,1.17,49.89000000000001,0.6929166666666667,0.013116886028834724,0.5593174734859524,8.931696093419627e-06
73,3.0,0.39,75.0,0.010128291694800808,0.25320729237002026,1.17,51.06000000000001,0.6808000000000001,0.013116886028834724,0.5724343595147872,8.931696093419627e-06
87,3.0,0.39,78.0,0.010128291694800808,0.26333558406482105,1.17,52.23000000000001,0.6696153846153847,0.013116886028834724,0.5855512455436219,8.931696093419627e-06
49,3.0,0.38,81.0,0.010128291694800808,0.27346387575962183,1.1400000000000001,53.37000000000001,0.6588888888888891,0.012780555617838963,0.5983318011614609,7.034503917449738e-06
39,3.0,0.38,84.0,0.010128291694800808,0.2835921674544226,1.1400000000000001,54.51000000000001,0.6489285714285715,0.012780555617838963,0.6111123567792999,7.034503917449738e-06
55,3.0,0.36,87.0,0.010128291694800808,0.2937204591492234,1.08,55.59000000000001,0.6389655172413794,0.012107894795847438,0.6232202515751473,3.9188284376734295e-06
30,3.4000000000000057,0.35,90.4,0.011478730587440936,0.3051991897366643,1.190000000000002,56.780000000000015,0.6280973451327435,0.013341106302831921,0.6365613578779792,3.4684433052780826e-06
66,3.0,0.35,93.4,0.010128291694800808,0.3153274814314651,1.0499999999999998,57.83000000000001,0.6191648822269809,0.011771564384851673,0.6483329222628309,2.70034513386701e-06
36,3.0,0.35,96.4,0.010128291694800808,0.3254557731262659,1.0499999999999998,58.88000000000001,0.6107883817427386,0.011771564384851673,0.6601044866476826,2.70034513386701e-06
0,1.7999999999999998,0.32,98.2,0.006076975016880485,0.33153274814314637,0.576,59.45600000000001,0.6054582484725052,0.0064575438911186325,0.6665620305388013,1.4483266803889165e-07
13,3.0,0.3,101.2,0.010128291694800808,0.34166103983794716,0.8999999999999999,60.35600000000001,0.5964031620553361,0.010089912329872863,0.6766519428686741,1.4729756522723072e-09
38,3.0,0.3,104.2,0.010128291694800808,0.35178933153274794,0.8999999999999999,61.25600000000001,0.587869481765835,0.010089912329872863,0.686741855198547,1.4729756522723072e-09
3,3.0,0.29,107.2,0.010128291694800808,0.3619176232275487,0.8699999999999999,62.126000000000005,0.5795335820895523,0.009753581918877102,0.6964954371174241,1.404074161727944e-07
72,3.0,0.29,110.2,0.010128291694800808,0.3720459149223495,0.8699999999999999,62.996,0.5716515426497277,0.009753581918877102,0.7062490190363012,1.404074161727944e-07
97,3.0,0.28,113.2,0.010128291694800808,0.3821742066171503,0.8400000000000001,63.836000000000006,0.563922261484099,0.009417251507881341,0.7156662705441825,5.055781474144708e-07
79,3.0,0.28,116.2,0.010128291694800808,0.3923024983119511,0.8400000000000001,64.676,0.556592082616179,0.009417251507881341,0.7250835220520638,5.055781474144708e-07
52,3.0,0.28,119.2,0.010128291694800808,0.40243079000675186,0.8400000000000001,65.516,0.5496308724832215,0.009417251507881341,0.7345007735599451,5.055781474144708e-07
43,3.0,0.27,122.2,0.010128291694800808,0.41255908170155264,0.81,66.32600000000001,0.5427659574468086,0.009080921096885578,0.7435816946568308,1.0969851693773059e-06
2,3.2,0.27,125.4,0.010803511141120863,0.4233625928426735,0.8640000000000001,67.19000000000001,0.535805422647528,0.009686315836677952,0.7532680104935088,1.2481253482692902e-06
26,3.0,0.27,128.4,0.010128291694800808,0.4334908845374743,0.81,68.00000000000001,0.529595015576324,0.009080921096885578,0.7623489315903944,1.0969851693773059e-06
99,3.8999999999999773,0.26,132.29999999999998,0.013166779203240974,0.4466576637407153,1.013999999999994,69.01400000000001,0.521647770219199,0.011367967891656694,0.7737168994820511,3.235722134683555e-06
17,3.0,0.25,135.29999999999998,0.010128291694800808,0.4567859554355161,0.75,69.76400000000001,0.5156245380635626,0.008408260274894054,0.7821251597569452,2.9585080854664464e-06
20,3.0,0.24,138.29999999999998,0.010128291694800808,0.4669142471303169,0.72,70.48400000000001,0.5096456977584961,0.008071929863898292,0.7901970896208435,4.228623979592752e-06
34,2.5,0.22,140.79999999999998,0.008440243079000674,0.4753544902093175,0.55,71.034,0.504502840909091,0.006166057534922307,0.7963631471557657,5.171919888895021e-06
78,3.0,0.21,143.79999999999998,0.010128291694800808,0.4854827819041183,0.63,71.664,0.4983588317107094,0.007062938630911005,0.8034260857866767,9.396389406298605e-06
88,3.0,0.21,146.79999999999998,0.010128291694800808,0.4956110735989191,0.63,72.294,0.49246594005449595,0.007062938630911005,0.8104890244175877,9.396389406298605e-06
83,3.0,0.21,149.79999999999998,0.010128291694800808,0.5057393652937199,0.63,72.92399999999999,0.4868090787716956,0.007062938630911005,0.8175519630484988,9.396389406298605e-06
53,3.0,0.21,152.79999999999998,0.010128291694800808,0.5158676569885207,0.63,73.55399999999999,0.4813743455497382,0.007062938630911005,0.8246149016794098,9.396389406298605e-06
64,3.0,0.21,155.79999999999998,0.010128291694800808,0.5259959486833214,0.63,74.18399999999998,0.47614890885750955,0.007062938630911005,0.8316778403103208,9.396389406298605e-06
22,3.0,0.21,158.79999999999998,0.010128291694800808,0.5361242403781222,0.63,74.81399999999998,0.4711209068010075,0.007062938630911005,0.8387407789412318,9.396389406298605e-06
74,3.0,0.2,161.79999999999998,0.010128291694800808,0.546252532072923,0.6000000000000001,75.41399999999997,0.4660939431396785,0.006726608219915244,0.845467387161147,1.1571450463309533e-05
54,3.0,0.2,164.79999999999998,0.010128291694800808,0.5563808237677238,0.6000000000000001,76.01399999999997,0.4612499999999998,0.006726608219915244,0.8521939953810622,1.1571450463309533e-05
41,3.0,0.19,167.79999999999998,0.010128291694800808,0.5665091154625246,0.5700000000000001,76.58399999999996,0.4564004767580451,0.0063902778089194815,0.8585842731899817,1.3972747811041622e-05
75,3.0,0.19,170.79999999999998,0.010128291694800808,0.5766374071573254,0.5700000000000001,77.15399999999995,0.4517213114754096,0.0063902778089194815,0.8649745509989011,1.3972747811041622e-05
45,3.0,0.19,173.79999999999998,0.010128291694800808,0.5867656988521261,0.5700000000000001,77.72399999999995,0.44720368239355557,0.0063902778089194815,0.8713648288078205,1.3972747811041622e-05
51,3.0,0.18,176.79999999999998,0.010128291694800808,0.5968939905469269,0.54,78.26399999999995,0.44266968325791833,0.006053947397923719,0.8774187762057443,1.6600281449494868e-05
82,3.0,0.17,179.79999999999998,0.010128291694800808,0.6070222822417277,0.51,78.77399999999996,0.4381201334816461,0.005717616986927957,0.8831363931926722,1.9454051378669264e-05
57,3.0,0.17,182.79999999999998,0.010128291694800808,0.6171505739365285,0.51,79.28399999999996,0.4337199124726475,0.005717616986927957,0.8888540101796002,1.9454051378669264e-05
48,3.0,0.17,185.79999999999998,0.010128291694800808,0.6272788656313293,0.51,79.79399999999997,0.42946178686759945,0.005717616986927957,0.8945716271665282,1.9454051378669264e-05
59,3.0,0.16,188.79999999999998,0.010128291694800808,0.6374071573261301,0.48,80.27399999999997,0.42518008474576263,0.005381286575932194,0.8999529137424603,2.2534057598564825e-05
58,3.0,0.16,191.79999999999998,0.010128291694800808,0.6475354490209309,0.48,80.75399999999998,0.4210323253388946,0.005381286575932194,0.9053342003183925,2.2534057598564825e-05
56,3.0,0.15,194.79999999999998,0.010128291694800808,0.6576637407157316,0.44999999999999996,81.20399999999998,0.41685831622176583,0.0050449561649364314,0.9103791564833289,2.5840300109181545e-05
47,3.0,0.15,197.79999999999998,0.010128291694800808,0.6677920324105324,0.44999999999999996,81.65399999999998,0.41281092012133463,0.0050449561649364314,0.9154241126482653,2.5840300109181545e-05
40,3.0,0.15,200.79999999999998,0.010128291694800808,0.6779203241053332,0.44999999999999996,82.10399999999998,0.4088844621513944,0.0050449561649364314,0.9204690688132017,2.5840300109181545e-05
60,3.0,0.14,203.79999999999998,0.010128291694800808,0.688048615800134,0.42000000000000004,82.52399999999999,0.40492639842983313,0.0047086257539406704,0.9251776945671424,2.9372778910519406e-05
62,3.0,0.14,206.79999999999998,0.010128291694800808,0.6981769074949348,0.42000000000000004,82.94399999999999,0.4010831721470019,0.0047086257539406704,0.9298863203210831,2.9372778910519406e-05
65,3.0,0.14,209.79999999999998,0.010128291694800808,0.7083051991897356,0.42000000000000004,83.36399999999999,0.397349857006673,0.0047086257539406704,0.9345949460750238,2.9372778910519406e-05
89,3.0,0.13,212.79999999999998,0.010128291694800808,0.7184334908845363,0.39,83.75399999999999,0.39358082706766917,0.004372295342944909,0.9389672414179687,3.313149400257844e-05
44,3.0,0.13,215.79999999999998,0.010128291694800808,0.7285617825793371,0.39,84.14399999999999,0.38991658943466173,0.004372295342944909,0.9433395367609136,3.313149400257844e-05
61,3.0,0.12,218.79999999999998,0.010128291694800808,0.7386900742741379,0.36,84.50399999999999,0.38621572212065813,0.004035964931949146,0.9473755016928628,3.711644538535863e-05
42,3.0,0.12,221.79999999999998,0.010128291694800808,0.7488183659689387,0.36,84.86399999999999,0.38261496844003606,0.004035964931949146,0.9514114666248119,3.711644538535863e-05
31,2.1999999999999886,0.11,223.99999999999997,0.007427413909520554,0.7562457798784592,0.24199999999999874,85.106,0.37993750000000004,0.0027130653153658005,0.9541245319401777,2.222508266720891e-05
98,3.0,0.11,226.99999999999997,0.010128291694800808,0.76637407157326,0.33,85.43599999999999,0.37637004405286345,0.003699634520953384,0.957824166461131,4.1327633058859965e-05
76,3.0,0.11,229.99999999999997,0.010128291694800808,0.7765023632680608,0.33,85.76599999999999,0.3728956521739131,0.003699634520953384,0.9615238009820843,4.1327633058859965e-05
46,3.0,0.1,232.99999999999997,0.010128291694800808,0.7866306549628616,0.30000000000000004,86.06599999999999,0.36938197424892705,0.003363304109957622,0.964887105092042,4.5765057023082457e-05
63,3.0,0.1,235.99999999999997,0.010128291694800808,0.7967589466576623,0.30000000000000004,86.36599999999999,0.36595762711864405,0.003363304109957622,0.9682504092019997,4.5765057023082457e-05
77,3.0,0.09,238.99999999999997,0.010128291694800808,0.8068872383524631,0.27,86.63599999999998,0.36249372384937234,0.0030269736989618594,0.9712773829009616,5.042871727802612e-05
67,1.5,0.09,240.49999999999997,0.005064145847400404,0.8119513841998636,0.135,86.77099999999999,0.3607941787941788,0.0015134868494809297,0.9727908697504425,1.260717931950653e-05
84,3.0,0.08,243.49999999999997,0.010128291694800808,0.8220796758946644,0.24,87.01099999999998,0.3573347022587269,0.002690643287966097,0.9754815130384086,5.531861382369091e-05
81,3.0,0.08,246.49999999999997,0.010128291694800808,0.8322079675894651,0.24,87.25099999999998,0.35395943204868147,0.002690643287966097,0.9781721563263747,5.531861382369091e-05
90,3.0,0.08,249.49999999999997,0.010128291694800808,0.8423362592842659,0.24,87.49099999999997,0.35066533066132255,0.002690643287966097,0.9808627996143408,5.531861382369091e-05
86,3.0,0.07,252.49999999999997,0.010128291694800808,0.8524645509790667,0.21000000000000002,87.70099999999996,0.3473306930693068,0.0023543128769703352,0.983217112491311,6.0434746660076884e-05
70,3.0,0.06,255.49999999999997,0.010128291694800808,0.8625928426738675,0.18,87.88099999999997,0.34395694716242653,0.002017982465974573,0.9852350949572857,6.577711578718402e-05
69,2.5,0.06,258.0,0.008440243079000674,0.8710330857528682,0.15,88.03099999999998,0.34120542635658907,0.0016816520549788106,0.9869167470122645,4.56785526299889e-05
93,3.0,0.06,261.0,0.010128291694800808,0.881161377447669,0.18,88.21099999999998,0.3379731800766283,0.002017982465974573,0.9889347294782391,6.577711578718402e-05
80,3.0,0.05,264.0,0.010128291694800808,0.8912896691424698,0.15000000000000002,88.36099999999999,0.3347007575757575,0.001681652054978811,0.990616381533218,7.13457212050123e-05
85,3.0,0.05,267.0,0.010128291694800808,0.9014179608372705,0.15000000000000002,88.511,0.331501872659176,0.001681652054978811,0.9922980335881968,7.13457212050123e-05
71,3.0,0.04,270.0,0.010128291694800808,0.9115462525320713,0.12,88.631,0.328262962962963,0.0013453216439830485,0.9936433552321798,7.714056291356173e-05
91,3.0,0.03,273.0,0.010128291694800808,0.9216745442268721,0.09,88.721,0.324985347985348,0.0010089912329872865,0.9946523464651671,8.316164091283231e-05
92,3.0,0.03,276.0,0.010128291694800808,0.9318028359216729,0.09,88.811,0.32177898550724643,0.0010089912329872865,0.9956613376981543,8.316164091283231e-05
94,3.0,0.03,279.0,0.010128291694800808,0.9419311276164737,0.09,88.90100000000001,0.31864157706093194,0.0010089912329872865,0.9966703289311416,8.316164091283231e-05
96,3.0,0.03,282.0,0.010128291694800808,0.9520594193112745,0.09,88.99100000000001,0.31557092198581566,0.0010089912329872865,0.9976793201641289,8.316164091283231e-05
95,3.0,0.02,285.0,0.010128291694800808,0.9621877110060753,0.06,89.05100000000002,0.31245964912280705,0.0006726608219915243,0.9983519809861204,8.940895520282406e-05
33,3.5,0.02,288.5,0.011816340310600944,0.9740040513166762,0.07,89.12100000000001,0.30891161178509535,0.0007847709589901118,0.9991367519451105,0.00012169552235939942
1,1.2999999999999998,0.01,289.8,0.00438892640108035,0.9783929777177566,0.012999999999999998,89.13400000000001,0.3075707384403037,0.00014574317809816357,0.9992824951232087,1.8004603863797493e-05
32,3.4000000000000057,0.01,293.20000000000005,0.011478730587440936,0.9898717083051976,0.03400000000000006,89.16800000000002,0.30412005457025926,0.00038117446579519773,0.9996636695890039,0.0001231557518730768
68,3.0,0.01,296.20000000000005,0.010128291694800808,0.9999999999999983,0.03,89.19800000000002,0.3011411208642809,0.00033633041099576214,0.9999999999999997,9.588250578353697e-05
