,weight,grade,cml_weight,weight_pct,cml_weight_pct,yield,cml_yield,cml_grade,recovery,cml_recovery,distributional_heterogeneity
37,2.9000000000000057,1.72,2.9000000000000057,0.010618820944708918,0.010618820944708918,4.988000000000009,4.988000000000009,1.7199999999999998,0.0513480404772445,0.0513480404772445,0.001658869323729478
23,3.0,1.3,5.900000000000006,0.010984987184181618,0.021603808128890536,3.9000000000000004,8.888000000000009,1.5064406779661017,0.040147826355503846,0.09149586683274835,0.0008504711885324059
24,3.0,1.0,8.900000000000006,0.010984987184181618,0.032588795313072155,3.0,11.888000000000009,1.3357303370786517,0.03088294335038757,0.12237881018313593,0.0003959286595922535
64,3.1999999999999886,0.96,12.099999999999994,0.011717319663127017,0.04430611497619917,3.071999999999989,14.959999999999997,1.2363636363636368,0.031624133990796756,0.15400294417393268,0.00039628125667631736
28,3.0,0.86,15.099999999999994,0.010984987184181618,0.05529110216038079,2.58,17.54,1.1615894039735104,0.026559331281333313,0.18056227545526599,0.0002425601940564837
25,3.0,0.76,18.099999999999994,0.010984987184181618,0.0662760893445624,2.2800000000000002,19.82,1.0950276243093926,0.023471036946294557,0.20403331240156053,0.0001559014386619605
90,3.0,0.67,21.099999999999994,0.010984987184181618,0.07726107652874402,2.0100000000000002,21.830000000000002,1.0345971563981047,0.020691572044759673,0.22472488444632022,9.421778965560312e-05
21,3.0,0.65,24.099999999999994,0.010984987184181618,0.08824606371292563,1.9500000000000002,23.78,0.9867219917012451,0.020073913177751923,0.24479879762407214,8.260857571659792e-05
38,3.0,0.65,27.099999999999994,0.010984987184181618,0.09923105089710725,1.9500000000000002,25.73,0.9494464944649449,0.020073913177751923,0.26487271080182406,8.260857571659792e-05
6,3.0,0.64,30.099999999999994,0.010984987184181618,0.11021603808128887,1.92,27.65,0.9186046511627908,0.019765083744248044,0.28463779454607213,7.709009560409033e-05
73,3.0,0.64,33.099999999999994,0.010984987184181618,0.12120102526547048,1.92,29.57,0.8933534743202418,0.019765083744248044,0.3044028782903202,7.709009560409033e-05
43,3.0,0.6,36.099999999999994,0.010984987184181618,0.1321860124496521,1.7999999999999998,31.37,0.8689750692520777,0.01852976601023254,0.32293264430055274,5.692368753402635e-05
50,3.0,0.56,39.099999999999994,0.010984987184181618,0.14317099963383373,1.6800000000000002,33.050000000000004,0.8452685421994888,0.01729444827621704,0.34022709257676975,3.9809299271908834e-05
22,3.0,0.55,42.099999999999994,0.010984987184181618,0.15415598681801534,1.6500000000000001,34.7,0.8242280285035631,0.016985618842713164,0.3572127114194829,3.6007580301371066e-05
44,3.0,0.54,45.099999999999994,0.010984987184181618,0.16514097400219696,1.62,36.32,0.8053215077605322,0.01667678940920929,0.3738895008286922,3.239661256882995e-05
27,2.700000000000003,0.54,47.8,0.009886488465763467,0.17502746246796042,1.4580000000000017,37.778,0.7903347280334728,0.015009110468288378,0.3888986112969806,2.6241256180752313e-05
42,3.0,0.53,50.8,0.010984987184181618,0.18601244965214203,1.59,39.368,0.7749606299212599,0.016367959975705414,0.405266571272686,2.8976396074285482e-05
49,3.0,0.51,53.8,0.010984987184181618,0.19699743683632365,1.53,40.898,0.760185873605948,0.01575030110869766,0.4210168723813837,2.2708216799186497e-05
34,3.0,0.49,56.8,0.010984987184181618,0.20798242402050526,1.47,42.368,0.7459154929577465,0.01513264224168991,0.4361495146230736,1.720304247607411e-05
57,3.0,0.48,59.8,0.010984987184181618,0.21896741120468688,1.44,43.808,0.7325752508361204,0.014823812808186032,0.4509733274312596,1.4736582171512887e-05
51,3.0,0.48,62.8,0.010984987184181618,0.2299523983888685,1.44,45.248,0.7205095541401274,0.014823812808186032,0.46579714023944563,1.4736582171512887e-05
29,3.0,0.45,65.8,0.010984987184181618,0.2409373855730501,1.35,46.598,0.7081762917933131,0.013897324507674407,0.47969446474712,8.481708685809144e-06
7,3.0,0.45,68.8,0.010984987184181618,0.2519223727572317,1.35,47.948,0.6969186046511628,0.013897324507674407,0.4935917892547944,8.481708685809144e-06
0,0.7000000000000002,0.44,69.5,0.0025631636763090446,0.25448553643354077,0.3080000000000001,48.256,0.6943309352517986,0.0031706488506397915,0.4967624381054342,3.690382370316575e-07
8,3.0,0.44,72.5,0.010984987184181618,0.2654705236177224,1.32,49.576,0.6838068965517241,0.013588495074170532,0.5103509331796047,6.778253333234522e-06
9,3.0,0.44,75.5,0.010984987184181618,0.276455510801904,1.32,50.896,0.6741192052980133,0.013588495074170532,0.5239394282537752,6.778253333234522e-06
47,3.0,0.39,78.5,0.010984987184181618,0.2874404979860856,1.17,52.066,0.6632611464968153,0.012044347906651152,0.5359837761604263,1.1222451403111754e-06
72,3.0,0.39,81.5,0.010984987184181618,0.29842548517026724,1.17,53.236000000000004,0.6532024539877301,0.012044347906651152,0.5480281240670773,1.1222451403111754e-06
54,3.0,0.39,84.5,0.010984987184181618,0.30941047235444885,1.17,54.406000000000006,0.6438579881656805,0.012044347906651152,0.5600724719737284,1.1222451403111754e-06
39,3.0,0.38,87.5,0.010984987184181618,0.32039545953863047,1.1400000000000001,55.54600000000001,0.6348114285714287,0.011735518473147279,0.5718079904468757,5.632972157164537e-07
67,2.5,0.36,90.0,0.009154155986818015,0.3295496155254485,0.8999999999999999,56.446000000000005,0.6271777777777778,0.00926488300511627,0.581072873451992,1.2260472581222316e-08
14,3.0,0.36,93.0,0.010984987184181618,0.3405346027096301,1.08,57.526,0.6185591397849463,0.011117859606139526,0.5921907330581315,1.7655080516960133e-08
33,3.0,0.36,96.0,0.010984987184181618,0.3515195898938117,1.08,58.606,0.6104791666666667,0.011117859606139526,0.6033085926642711,1.7655080516960133e-08
60,2.0,0.35,98.0,0.0073233247894544115,0.3588429146832661,0.7,59.306000000000004,0.6051632653061225,0.0072060201150904325,0.6105146127793615,1.3760386627639198e-08
40,3.0,0.35,101.0,0.010984987184181618,0.36982790186744774,1.0499999999999998,60.356,0.5975841584158416,0.010809030172635648,0.6213236429519972,3.0960869912188194e-08
48,3.0,0.35,104.0,0.010984987184181618,0.38081288905162936,1.0499999999999998,61.406,0.5904423076923077,0.010809030172635648,0.6321326731246328,3.0960869912188194e-08
13,3.0,0.35,107.0,0.010984987184181618,0.39179787623581097,1.0499999999999998,62.455999999999996,0.5837009345794392,0.010809030172635648,0.6429417032972685,3.0960869912188194e-08
91,3.0,0.34,110.0,0.010984987184181618,0.4027828634199926,1.02,63.476,0.5770545454545455,0.010500200739131774,0.6534419040364003,2.3501789730406454e-07
53,3.0,0.34,113.0,0.010984987184181618,0.4137678506041742,1.02,64.496,0.5707610619469026,0.010500200739131774,0.6639421047755322,2.3501789730406454e-07
58,3.0,0.33,116.0,0.010984987184181618,0.4247528377883558,0.99,65.48599999999999,0.5645344827586206,0.010191371305627897,0.67413347608116,6.298261626925913e-07
15,3.0,0.31,119.0,0.010984987184181618,0.43573782497253744,0.9299999999999999,66.416,0.5581176470588235,0.009573712438620145,0.6837071885197802,1.9916964074595943e-06
77,3.0,0.29,122.0,0.010984987184181618,0.44672281215671905,0.8699999999999999,67.286,0.5515245901639344,0.008956053571612395,0.6926632420913926,4.116571604213198e-06
79,3.0,0.29,125.0,0.010984987184181618,0.45770779934090067,0.8699999999999999,68.156,0.5452480000000001,0.008956053571612395,0.7016192956630051,4.116571604213198e-06
32,3.0,0.29,128.0,0.010984987184181618,0.4686927865250823,0.8699999999999999,69.02600000000001,0.5392656250000001,0.008956053571612395,0.7105753492346175,4.116571604213198e-06
84,3.0,0.29,131.0,0.010984987184181618,0.4796777737092639,0.8699999999999999,69.89600000000002,0.5335572519083971,0.008956053571612395,0.71953140280623,4.116571604213198e-06
78,3.0,0.28,134.0,0.010984987184181618,0.4906627608934455,0.8400000000000001,70.73600000000002,0.5278805970149255,0.00864722413810852,0.7281786269443384,5.465136059584965e-06
80,3.0,0.28,137.0,0.010984987184181618,0.5016477480776271,0.8400000000000001,71.57600000000002,0.5224525547445257,0.00864722413810852,0.7368258510824469,5.465136059584965e-06
46,3.0,0.28,140.0,0.010984987184181618,0.5126327352618087,0.8400000000000001,72.41600000000003,0.5172571428571431,0.00864722413810852,0.7454730752205554,5.465136059584965e-06
1,3.0,0.28,143.0,0.010984987184181618,0.5236177224459904,0.8400000000000001,73.25600000000003,0.5122797202797205,0.00864722413810852,0.7541202993586639,5.465136059584965e-06
41,3.0,0.28,146.0,0.010984987184181618,0.534602709630172,0.8400000000000001,74.09600000000003,0.5075068493150687,0.00864722413810852,0.7627675234967723,5.465136059584965e-06
2,3.0,0.28,149.0,0.010984987184181618,0.5455876968143536,0.8400000000000001,74.93600000000004,0.5029261744966446,0.00864722413810852,0.7714147476348808,5.465136059584965e-06
16,3.0,0.28,152.0,0.010984987184181618,0.5565726839985352,0.8400000000000001,75.77600000000004,0.49852631578947393,0.00864722413810852,0.7800619717729893,5.465136059584965e-06
61,3.0,0.27,155.0,0.010984987184181618,0.5675576711827168,0.81,76.58600000000004,0.4941032258064519,0.008338394704604644,0.7884003664775939,7.004451752953391e-06
52,3.0,0.26,158.0,0.010984987184181618,0.5785426583668984,0.78,77.36600000000004,0.48965822784810153,0.00802956527110077,0.7964299317486947,8.734518684318467e-06
88,3.0,0.26,161.0,0.010984987184181618,0.5895276455510801,0.78,78.14600000000004,0.4853788819875779,0.00802956527110077,0.8044594970197955,8.734518684318467e-06
56,3.0,0.26,164.0,0.010984987184181618,0.6005126327352617,0.78,78.92600000000004,0.48125609756097587,0.00802956527110077,0.8124890622908962,8.734518684318467e-06
63,3.0,0.26,167.0,0.010984987184181618,0.6114976199194433,0.78,79.70600000000005,0.4772814371257488,0.00802956527110077,0.820518627561997,8.734518684318467e-06
11,4.0,0.25,171.0,0.014646649578908823,0.6261442694983521,1.0,80.70600000000005,0.47196491228070203,0.01029431445012919,0.8308129420121262,1.894282107320923e-05
83,3.0,0.24,174.0,0.010984987184181618,0.6371292566825337,0.72,81.42600000000004,0.4679655172413796,0.007411906404093016,0.8382248484162192,1.2766906261038567e-05
10,2.0,0.24,176.0,0.0073233247894544115,0.6444525814719881,0.48,81.90600000000005,0.46537500000000026,0.004941270936062011,0.8431661193522813,5.674180560461585e-06
66,3.0,0.24,179.0,0.010984987184181618,0.6554375686561698,0.72,82.62600000000005,0.46159776536312874,0.007411906404093016,0.8505780257563743,1.2766906261038567e-05
92,2.3999999999999773,0.23,181.39999999999998,0.008787989747345211,0.6642255584035149,0.5519999999999948,83.17800000000004,0.45853362734288894,0.005682461576471259,0.8562604873328455,9.644305220091712e-06
82,3.0,0.22,184.39999999999998,0.010984987184181618,0.6752105455876966,0.66,83.83800000000004,0.45465292841648614,0.006794247537085266,0.8630547348699308,1.756229878974526e-05
85,3.0,0.21,187.39999999999998,0.010984987184181618,0.6861955327718782,0.63,84.46800000000003,0.45073639274279637,0.00648541810358139,0.8695401529735122,2.024612191109358e-05
68,3.0,0.21,190.39999999999998,0.010984987184181618,0.6971805199560598,0.63,85.09800000000003,0.4469432773109246,0.00648541810358139,0.8760255710770936,2.024612191109358e-05
75,3.0,0.21,193.39999999999998,0.010984987184181618,0.7081655071402414,0.63,85.72800000000002,0.4432678386763187,0.00648541810358139,0.8825109891806749,2.024612191109358e-05
31,2.700000000000003,0.21,196.09999999999997,0.009886488465763467,0.7180519956060049,0.5670000000000006,86.29500000000003,0.440056093829679,0.005836876293223257,0.8883478654738982,1.6399358747985833e-05
5,3.0,0.21,199.09999999999997,0.010984987184181618,0.7290369827901865,0.63,86.92500000000003,0.4365896534404824,0.00648541810358139,0.8948332835774796,2.024612191109358e-05
59,3.0,0.21,202.09999999999997,0.010984987184181618,0.7400219699743681,0.63,87.55500000000002,0.43322612568035646,0.00648541810358139,0.901318701681061,2.024612191109358e-05
87,3.0,0.21,205.09999999999997,0.010984987184181618,0.7510069571585497,0.63,88.18500000000002,0.4299609946367627,0.00648541810358139,0.9078041197846424,2.024612191109358e-05
74,3.0,0.2,208.09999999999997,0.010984987184181618,0.7619919443427313,0.6000000000000001,88.78500000000001,0.426645843344546,0.0061765886700775145,0.9139807084547199,2.312069627043855e-05
55,3.0,0.2,211.09999999999997,0.010984987184181618,0.7729769315269129,0.6000000000000001,89.385,0.42342491710090013,0.0061765886700775145,0.9201572971247974,2.312069627043855e-05
76,3.0,0.19,214.09999999999997,0.010984987184181618,0.7839619187110946,0.5700000000000001,89.955,0.4201541335824382,0.005867759236573639,0.9260250563613711,2.618602186778017e-05
19,3.0,0.19,217.09999999999997,0.010984987184181618,0.7949469058952762,0.5700000000000001,90.52499999999999,0.4169737448180562,0.005867759236573639,0.9318928155979448,2.618602186778017e-05
20,3.0,0.18,220.09999999999997,0.010984987184181618,0.8059318930794578,0.54,91.065,0.4137437528396184,0.005558929803069763,0.9374517454010145,2.9442098703118446e-05
12,3.0,0.18,223.09999999999997,0.010984987184181618,0.8169168802636394,0.54,91.605,0.410600627521291,0.005558929803069763,0.9430106752040842,2.9442098703118446e-05
69,3.0,0.17,226.09999999999997,0.010984987184181618,0.827901867447821,0.51,92.11500000000001,0.40740822644847424,0.005250100369565887,0.9482607755736501,3.288892677645336e-05
45,3.0,0.17,229.09999999999997,0.010984987184181618,0.8388868546320026,0.51,92.62500000000001,0.4042994325622,0.005250100369565887,0.9535108759432159,3.288892677645336e-05
81,3.0,0.17,232.09999999999997,0.010984987184181618,0.8498718418161842,0.51,93.13500000000002,0.4012710038776391,0.005250100369565887,0.9587609763127818,3.288892677645336e-05
17,3.0,0.17,235.09999999999997,0.010984987184181618,0.8608568290003659,0.51,93.64500000000002,0.3983198638877075,0.005250100369565887,0.9640110766823476,3.288892677645336e-05
18,3.0,0.16,238.09999999999997,0.010984987184181618,0.8718418161845475,0.48,94.12500000000003,0.395317093658127,0.004941270936062011,0.9689523476184096,3.652650608778493e-05
70,3.0,0.14,241.09999999999997,0.010984987184181618,0.8828268033687291,0.42000000000000004,94.54500000000003,0.3921401907922026,0.00432361206905426,0.9732759596874639,4.437391842443801e-05
35,2.0,0.13,243.09999999999997,0.0073233247894544115,0.8901501281581835,0.26,94.80500000000004,0.389983545865899,0.0026765217570335893,0.9759524814444975,2.159277842211535e-05
3,3.0,0.13,246.09999999999997,0.010984987184181618,0.9011351153423651,0.39,95.19500000000004,0.3868143031288096,0.004014782635550385,0.9799672640800479,4.858375144975953e-05
4,3.0,0.11,249.09999999999997,0.010984987184181618,0.9121201025265467,0.33,95.52500000000003,0.3834805299076678,0.003397123768542633,0.9833643878485905,5.757567121439253e-05
71,3.0,0.11,252.09999999999997,0.010984987184181618,0.9231050897107284,0.33,95.85500000000003,0.38022610075366936,0.003397123768542633,0.9867615116171331,5.757567121439253e-05
86,3.0,0.11,255.09999999999997,0.010984987184181618,0.93409007689491,0.33,96.18500000000003,0.37704821638573127,0.003397123768542633,0.9901586353856757,5.757567121439253e-05
62,4.0,0.1,259.09999999999997,0.014646649578908823,0.9487367264738188,0.4,96.58500000000004,0.3727711308375147,0.004117725780051676,0.9942763611657274,0.00011085823636214039
89,3.0,0.09,262.09999999999997,0.010984987184181618,0.9597217136580004,0.27,96.85500000000003,0.3695345288057995,0.0027794649015348816,0.9970558260672623,6.733059593101209e-05
26,3.299999999999997,0.03,265.4,0.012083485902599769,0.9718051995606002,0.09899999999999991,96.95400000000004,0.3653127354935947,0.001019137130562789,0.9980749631978251,0.00012241981374927626
65,3.3000000000000114,0.03,268.7,0.012083485902599821,0.9838886854632,0.09900000000000034,97.05300000000004,0.3611946408634166,0.0010191371305627933,0.9990941003283879,0.00012241981374927732
30,1.2999999999999972,0.02,270.0,0.004760161113145357,0.9886488465763453,0.025999999999999943,97.07900000000004,0.359551851851852,0.00026765217570335833,0.9993617525040912,2.0182636552996238e-05
36,3.0999999999999943,0.02,273.1,0.011351153423654317,0.9999999999999997,0.06199999999999989,97.14100000000003,0.35569754668619563,0.0006382474959080087,0.9999999999999992,0.00011476635341674198
