,weight,grade,cml_weight,weight_pct,cml_weight_pct,yield,cml_yield,cml_grade,recovery,cml_recovery,distributional_heterogeneity
40,3.0,0.89,3.0,0.014104372355430184,0.014104372355430184,2.67,2.67,0.89,0.028582745442283182,0.028582745442283182,0.00020962328724210918
31,3.0,0.84,6.0,0.014104372355430184,0.028208744710860368,2.52,5.1899999999999995,0.8649999999999999,0.026976973226424575,0.05555971866870776,0.00016570385318392554
49,3.0,0.79,9.0,0.014104372355430184,0.042313117066290554,2.37,7.56,0.84,0.02537120101056597,0.08093091967927372,0.00012694142794418886
37,3.0,0.79,12.0,0.014104372355430184,0.056417489421720736,2.37,9.93,0.8275,0.02537120101056597,0.1063021206898397,0.00012694142794418886
43,3.0,0.73,15.0,0.014104372355430184,0.07052186177715092,2.19,12.12,0.8079999999999999,0.023444274351535642,0.12974639504137533,8.723376929685472e-05
15,3.0,0.72,18.0,0.014104372355430184,0.08462623413258111,2.16,14.28,0.7933333333333333,0.023123119908363923,0.15286951494973927,8.133780742354827e-05
8,3.0,0.72,21.0,0.014104372355430184,0.0987306064880113,2.16,16.439999999999998,0.7828571428571427,0.023123119908363923,0.17599263485810318,8.133780742354827e-05
39,3.0,0.7,24.0,0.014104372355430184,0.11283497884344149,2.0999999999999996,18.54,0.7725,0.022480811022020476,0.19847344588012367,7.016472473514897e-05
38,3.0,0.64,27.0,0.014104372355430184,0.12693935119887167,1.92,20.46,0.7577777777777778,0.020553884362990153,0.21902733024311383,4.159620513566022e-05
4,3.0,0.64,30.0,0.014104372355430184,0.14104372355430186,1.92,22.380000000000003,0.7460000000000001,0.020553884362990153,0.239581214606104,4.159620513566022e-05
5,3.0,0.63,33.0,0.014104372355430184,0.15514809590973205,1.8900000000000001,24.270000000000003,0.7354545454545456,0.020232729919818435,0.25981394452592244,3.7556766436994644e-05
36,3.0,0.63,36.0,0.014104372355430184,0.16925246826516224,1.8900000000000001,26.160000000000004,0.7266666666666668,0.020232729919818435,0.2800466744457409,3.7556766436994644e-05
67,3.0,0.62,39.0,0.014104372355430184,0.18335684062059243,1.8599999999999999,28.020000000000003,0.7184615384615386,0.01991157547664671,0.2999582499223876,3.3723608091066964e-05
28,3.0,0.61,42.0,0.014104372355430184,0.19746121297602262,1.83,29.85,0.7107142857142857,0.01959042103347499,0.3195486709558626,3.009673009787715e-05
35,3.0,0.59,45.0,0.014104372355430184,0.2115655853314528,1.77,31.62,0.7026666666666667,0.018948112147131546,0.33849678310299414,2.346181516971115e-05
33,3.0,0.59,48.0,0.014104372355430184,0.225669957686883,1.77,33.39,0.695625,0.018948112147131546,0.3574448952501257,2.346181516971115e-05
42,3.0,0.58,51.0,0.014104372355430184,0.2397743300423132,1.7399999999999998,35.13,0.6888235294117647,0.018626957703959824,0.3760718529540855,2.0453778234734968e-05
27,3.0,0.57,54.0,0.014104372355430184,0.25387870239774335,1.71,36.84,0.6822222222222223,0.018305803260788105,0.39437765621487364,1.7652021652496663e-05
55,3.0,0.53,57.0,0.014104372355430184,0.2679830747531735,1.59,38.43000000000001,0.6742105263157896,0.01702118548810122,0.41139884170297486,8.507798850922226e-06
58,2.0,0.52,59.0,0.009402914903620123,0.2773859896567936,1.04,39.470000000000006,0.6689830508474577,0.011133354029953,0.4225321957329279,2.9944195699436902e-06
1,3.0,0.51,62.0,0.014104372355430184,0.2914903620122238,1.53,41.00000000000001,0.6612903225806452,0.01637887660175778,0.4389110723346857,5.1733695665622565e-06
6,3.0,0.51,65.0,0.014104372355430184,0.30559473436765394,1.53,42.53000000000001,0.6543076923076925,0.01637887660175778,0.4552899489364435,5.1733695665622565e-06
25,3.0,0.51,68.0,0.014104372355430184,0.3196991067230841,1.53,44.06000000000001,0.6479411764705884,0.01637887660175778,0.4716688255382013,5.1733695665622565e-06
56,3.0,0.5,71.0,0.014104372355430184,0.33380347907851426,1.5,45.56000000000001,0.6416901408450706,0.016057722158586057,0.48772654769678736,3.815575453489086e-06
45,3.0,0.49,74.0,0.014104372355430184,0.3479078514339444,1.47,47.03000000000001,0.6355405405405407,0.015736567715414335,0.5034631154122017,2.6640616931537927e-06
41,3.0,0.49,77.0,0.014104372355430184,0.3620122237893746,1.47,48.50000000000001,0.6298701298701299,0.015736567715414335,0.519199683127616,2.6640616931537927e-06
9,3.0,0.48,80.0,0.014104372355430184,0.37611659614480475,1.44,49.940000000000005,0.6242500000000001,0.015415413272242615,0.5346150963998586,1.718828285556376e-06
34,3.0,0.47,83.0,0.014104372355430184,0.3902209685002349,1.41,51.35,0.6186746987951808,0.015094258829070893,0.5497093552289295,9.798752306968365e-07
23,3.0,0.46,86.0,0.014104372355430184,0.40432534085566507,1.3800000000000001,52.730000000000004,0.613139534883721,0.014773104385899174,0.5644824596148287,4.4720252857517634e-07
70,3.0,0.46,89.0,0.014104372355430184,0.41842971321109523,1.3800000000000001,54.11000000000001,0.6079775280898877,0.014773104385899174,0.5792555640007279,4.4720252857517634e-07
14,3.0,0.45,92.0,0.014104372355430184,0.4325340855665254,1.35,55.46000000000001,0.6028260869565218,0.014451949942727452,0.5937075139434553,1.2081017919138942e-07
7,3.0,0.45,95.0,0.014104372355430184,0.44663845792195556,1.35,56.81000000000001,0.5980000000000001,0.014451949942727452,0.6081594638861828,1.2081017919138942e-07
19,3.0,0.42,98.0,0.014104372355430184,0.4607428302773857,1.26,58.07000000000001,0.5925510204081633,0.013488486613212287,0.6216479504993951,3.7931524746728987e-07
18,3.0,0.41,101.0,0.014104372355430184,0.4748472026328159,1.23,59.300000000000004,0.5871287128712872,0.013167332170040567,0.6348152826694357,8.780443090350105e-07
20,3.0,0.41,104.0,0.014104372355430184,0.48895157498824604,1.23,60.53,0.5820192307692308,0.013167332170040567,0.6479826148394762,8.780443090350105e-07
30,3.0,0.4,107.0,0.014104372355430184,0.5030559473436762,1.2000000000000002,61.730000000000004,0.5769158878504673,0.012846177726868848,0.660828792566345,1.5830537233406035e-06
54,3.0,0.4,110.0,0.014104372355430184,0.5171603196991064,1.2000000000000002,62.93000000000001,0.5720909090909092,0.012846177726868848,0.6736749702932138,1.5830537233406035e-06
53,3.0,0.39,113.0,0.014104372355430184,0.5312646920545365,1.17,64.10000000000001,0.5672566371681417,0.012525023283697125,0.6861999935769109,2.494343490384077e-06
24,3.0,0.39,116.0,0.014104372355430184,0.5453690644099667,1.17,65.27000000000001,0.5626724137931035,0.012525023283697125,0.698725016860608,2.494343490384077e-06
48,3.0,0.39,119.0,0.014104372355430184,0.5594734367653968,1.17,66.44000000000001,0.5583193277310925,0.012525023283697125,0.711250040144305,2.494343490384077e-06
26,3.0,0.39,122.0,0.014104372355430184,0.573577809120827,1.17,67.61000000000001,0.5541803278688525,0.012525023283697125,0.7237750634280021,2.494343490384077e-06
57,3.0,0.38,125.0,0.014104372355430184,0.5876821814762572,1.1400000000000001,68.75000000000001,0.5500000000000002,0.012203868840525404,0.7359789322685275,3.6119136101654265e-06
44,3.0,0.38,128.0,0.014104372355430184,0.6017865538316873,1.1400000000000001,69.89000000000001,0.5460156250000001,0.012203868840525404,0.7481828011090529,3.6119136101654265e-06
3,3.0,0.37,131.0,0.014104372355430184,0.6158909261871175,1.1099999999999999,71.00000000000001,0.5419847328244276,0.01188271439735368,0.7600655155064066,4.9357640826846535e-06
17,3.0,0.37,134.0,0.014104372355430184,0.6299952985425477,1.1099999999999999,72.11000000000001,0.5381343283582091,0.01188271439735368,0.7719482299037602,4.9357640826846535e-06
47,3.0,0.37,137.0,0.014104372355430184,0.6440996708979778,1.1099999999999999,73.22000000000001,0.5344525547445257,0.01188271439735368,0.7838309443011139,4.9357640826846535e-06
59,3.0,0.36,140.0,0.014104372355430184,0.658204043253408,1.08,74.30000000000001,0.5307142857142858,0.011561559954181962,0.7953925042552958,6.465894907941757e-06
63,3.0,0.33,143.0,0.014104372355430184,0.6723084156088381,0.99,75.29,0.5265034965034966,0.010598096624666797,0.8059906008799627,1.2293969500140317e-05
29,3.0,0.33,146.0,0.014104372355430184,0.6864127879642683,0.99,76.28,0.5224657534246575,0.010598096624666797,0.8165886975046295,1.2293969500140317e-05
2,3.0,0.32,149.0,0.014104372355430184,0.7005171603196985,0.96,77.24,0.5183892617449664,0.010276942181495077,0.8268656396861246,1.4649221736348927e-05
50,3.0,0.32,152.0,0.014104372355430184,0.7146215326751286,0.96,78.19999999999999,0.5144736842105262,0.010276942181495077,0.8371425818676197,1.4649221736348927e-05
62,3.0,0.32,155.0,0.014104372355430184,0.7287259050305588,0.96,79.15999999999998,0.5107096774193547,0.010276942181495077,0.8474195240491148,1.4649221736348927e-05
21,3.0,0.31,158.0,0.014104372355430184,0.742830277385989,0.9299999999999999,80.08999999999999,0.5068987341772151,0.009955787738323355,0.8573753117874382,1.7210754325295416e-05
12,2.9000000000000057,0.31,160.9,0.013634226610249205,0.7564645039962381,0.8990000000000018,80.98899999999999,0.503349906774394,0.00962392814704593,0.8669992399344841,1.6082493763970553e-05
0,2.5,0.3,163.4,0.011753643629525154,0.7682181476257632,0.75,81.73899999999999,0.5002386780905752,0.008028861079293029,0.8750281010137771,1.3874005046513735e-05
32,3.0,0.3,166.4,0.014104372355430184,0.7823225199811934,0.8999999999999999,82.639,0.49662860576923074,0.009634633295151634,0.8846627343089288,1.997856726697978e-05
16,3.0,0.3,169.4,0.014104372355430184,0.7964268923366236,0.8999999999999999,83.539,0.49314639905548996,0.009634633295151634,0.8942973676040805,1.997856726697978e-05
51,3.0,0.3,172.4,0.014104372355430184,0.8105312646920537,0.8999999999999999,84.43900000000001,0.48978538283062645,0.009634633295151634,0.9039320008992322,1.997856726697978e-05
22,3.0,0.29,175.4,0.014104372355430184,0.8246356370474839,0.8699999999999999,85.30900000000001,0.4863683010262258,0.009313478851979912,0.9132454797512121,2.295266056140202e-05
69,3.0,0.28,178.4,0.014104372355430184,0.838740009402914,0.8400000000000001,86.14900000000002,0.48289798206278034,0.008992324408808193,0.9222378041600202,2.6133034208562122e-05
46,3.0,0.27,181.4,0.014104372355430184,0.8528443817583442,0.81,86.95900000000002,0.4793770672546859,0.008671169965636471,0.9309089741256567,2.9519688208460116e-05
52,3.0,0.26,184.4,0.014104372355430184,0.8669487541137744,0.78,87.73900000000002,0.47580802603036887,0.00835001552246475,0.9392589896481214,3.311262256109599e-05
65,3.0,0.24,187.4,0.014104372355430184,0.8810531264692045,0.72,88.45900000000002,0.47203308431163293,0.0077077066361213075,0.9469666962842427,4.0917332324581355e-05
60,3.0,0.24,190.4,0.014104372355430184,0.8951574988246347,0.72,89.17900000000002,0.4683771008403362,0.0077077066361213075,0.954674402920364,4.0917332324581355e-05
66,3.0,0.24,193.4,0.014104372355430184,0.9092618711800649,0.72,89.89900000000002,0.46483453981385736,0.0077077066361213075,0.9623821095564853,4.0917332324581355e-05
13,3.0999999999999943,0.22,196.5,0.014574518100611163,0.923836389280676,0.6819999999999987,90.58100000000002,0.4609720101781171,0.00730091100810378,0.9696830205645891,5.29053601361737e-05
71,1.1999999999999886,0.21,197.7,0.00564174894217202,0.9294781382228481,0.2519999999999976,90.83300000000001,0.45944865958523023,0.002697697322642432,0.9723807178872316,8.667439938454792e-06
64,3.0,0.18,200.7,0.014104372355430184,0.9435825105782782,0.54,91.37300000000002,0.4552715495764824,0.005780779977090981,0.9781614978643226,6.928219008074648e-05
61,3.0,0.18,203.7,0.014104372355430184,0.9576868829337084,0.54,91.91300000000003,0.45121747668139434,0.005780779977090981,0.9839422778414136,6.928219008074648e-05
11,3.0,0.17,206.7,0.014104372355430184,0.9717912552891386,0.51,92.42300000000003,0.4471359458151913,0.00545962553391926,0.9894019033753328,7.473164760802321e-05
68,3.0,0.17,209.7,0.014104372355430184,0.9858956276445687,0.51,92.93300000000004,0.44317119694802115,0.00545962553391926,0.9948615289092521,7.473164760802321e-05
10,3.0,0.16,212.7,0.014104372355430184,0.9999999999999989,0.48,93.41300000000004,0.43917724494593346,0.005138471090747538,0.9999999999999996,8.038738548803785e-05
