,weight,grade,cml_weight,weight_pct,cml_weight_pct,yield,cml_yield,cml_grade,recovery,cml_recovery,distributional_heterogeneity
7,3.0,0.63,3.0,0.016322089227421108,0.016322089227421108,1.8900000000000001,1.8900000000000001,0.63,0.0471215936572839,0.0471215936572839,0.0009486094731251372
34,3.0,0.51,6.0,0.016322089227421108,0.032644178454842215,1.53,3.42,0.57,0.038146052008277434,0.08526764566556133,0.0004762853514602022
14,3.0,0.48,9.0,0.016322089227421108,0.04896626768226332,1.44,4.859999999999999,0.5399999999999999,0.03590216659602582,0.12116981226158716,0.00038337942976054637
21,3.0,0.47,12.0,0.016322089227421108,0.06528835690968443,1.41,6.27,0.5225,0.03515420479194195,0.1563240170535291,0.00035464857663546805
35,3.0,0.42,15.0,0.016322089227421108,0.08161044613710554,1.26,7.529999999999999,0.502,0.031414395771522594,0.18773841282505171,0.0002277777168211285
33,3.0,0.4,18.0,0.016322089227421108,0.09793253536452665,1.2000000000000002,8.73,0.48500000000000004,0.029918472163354855,0.21765688498840657,0.00018486162894055033
12,3.0,0.39,21.0,0.016322089227421108,0.11425462459194775,1.17,9.9,0.4714285714285714,0.029170510359270978,0.24682739534767756,0.00016508192558136638
22,3.0,0.37,24.0,0.016322089227421108,0.13057671381936886,1.1099999999999999,11.01,0.45875,0.027674586751103233,0.2745019820987808,0.00012887920002520886
8,3.0,0.36,27.0,0.016322089227421108,0.14689880304678998,1.08,12.09,0.4477777777777778,0.02692662494701937,0.30142860704580016,0.00011245617782823534
10,3.0,0.35,30.0,0.016322089227421108,0.1632208922742111,1.0499999999999998,13.14,0.438,0.02617866314293549,0.32760727018873564,9.715204935199858e-05
9,3.0,0.34,33.0,0.016322089227421108,0.17954298150163223,1.02,14.16,0.4290909090909091,0.025430701338851624,0.35303797152758726,8.29668145964987e-05
13,3.0,0.34,36.0,0.016322089227421108,0.19586507072905335,1.02,15.18,0.42166666666666663,0.025430701338851624,0.37846867286643887,8.29668145964987e-05
23,3.0,0.34,39.0,0.016322089227421108,0.21218715995647447,1.02,16.2,0.41538461538461535,0.025430701338851624,0.4038993742052905,8.29668145964987e-05
11,3.0,0.32,42.0,0.016322089227421108,0.2285092491838956,0.96,17.16,0.4085714285714286,0.02393477773068388,0.42783415193597435,5.7953026247709205e-05
25,3.0,0.31,45.0,0.016322089227421108,0.2448313384113167,0.9299999999999999,18.09,0.402,0.023186815926600008,0.45102096786257434,4.712447265441966e-05
18,3.0,0.29,48.0,0.016322089227421108,0.26115342763873783,0.8699999999999999,18.96,0.395,0.021690892318432263,0.4727118601810066,2.882404663005096e-05
24,3.0,0.28,51.0,0.016322089227421108,0.27747551686615896,0.8400000000000001,19.8,0.38823529411764707,0.0209429305143484,0.493654790695355,2.1352174198971855e-05
29,3.0,0.28,54.0,0.016322089227421108,0.2937976060935801,0.8400000000000001,20.64,0.38222222222222224,0.0209429305143484,0.5145977212097034,2.1352174198971855e-05
16,3.0,0.28,57.0,0.016322089227421108,0.3101196953210012,0.8400000000000001,21.48,0.3768421052631579,0.0209429305143484,0.5355406517240517,2.1352174198971855e-05
27,3.0,0.27,60.0,0.016322089227421108,0.3264417845484223,0.81,22.29,0.3715,0.020194968710264525,0.5557356204343162,1.49991954886295e-05
28,3.0,0.26,63.0,0.016322089227421108,0.34276387377584344,0.78,23.07,0.3661904761904762,0.019447006906180654,0.5751826273404969,9.765110499023948e-06
26,3.0,0.25,66.0,0.016322089227421108,0.35908596300326456,0.75,23.82,0.3609090909090909,0.018699045102096783,0.5938816724425936,5.649919230155198e-06
52,3.0,0.24,69.0,0.016322089227421108,0.3754080522306857,0.72,24.54,0.3556521739130435,0.01795108329801291,0.6118327557406065,2.653621682023249e-06
20,2.0,0.23,71.0,0.010881392818280738,0.38628944504896645,0.46,25.0,0.352112676056338,0.01146874766261936,0.6233015034032259,3.4498571316804613e-07
44,3.0,0.22,74.0,0.016322089227421108,0.4026115342763876,0.66,25.66,0.34675675675675677,0.016455159689845168,0.639756663093071,1.7707747969753183e-08
39,2.5,0.21,76.5,0.013601741022850925,0.4162132752992385,0.525,26.185,0.34228758169934637,0.013089331571467747,0.6528459946645387,2.62563445866808e-07
61,2.0,0.21,78.5,0.010881392818280738,0.4270946681175193,0.42,26.605,0.3389171974522293,0.010471465257174198,0.663317459921713,1.680406053547571e-07
19,3.0,0.21,81.5,0.016322089227421108,0.4434167573449404,0.63,27.235,0.3341717791411043,0.015707197885761297,0.6790246578074742,3.7809136204820346e-07
15,3.0,0.17,84.5,0.016322089227421108,0.4597388465723615,0.51,27.745,0.3283431952662722,0.012715350669425812,0.6917400084769001,1.3008563025729984e-05
1,3.0,0.17,87.5,0.016322089227421108,0.47606093579978265,0.51,28.255000000000003,0.32291428571428576,0.012715350669425812,0.704455359146326,1.3008563025729984e-05
49,3.0,0.17,90.5,0.016322089227421108,0.49238302502720377,0.51,28.765000000000004,0.31784530386740334,0.012715350669425812,0.7171707098157518,1.3008563025729984e-05
41,3.0,0.16,93.5,0.016322089227421108,0.5087051142546248,0.48,29.245000000000005,0.3127807486631016,0.01196738886534194,0.7291380986810938,1.896341524349243e-05
40,3.0,0.16,96.5,0.016322089227421108,0.5250272034820459,0.48,29.725000000000005,0.3080310880829016,0.01196738886534194,0.7411054875464358,1.896341524349243e-05
38,2.5,0.16,99.0,0.013601741022850925,0.5386289445048968,0.4,30.125000000000004,0.30429292929292934,0.009972824054451618,0.7510783116008874,1.3169038363536412e-05
36,3.0,0.16,102.0,0.016322089227421108,0.5549510337323179,0.48,30.605000000000004,0.3000490196078432,0.01196738886534194,0.7630457004662294,1.896341524349243e-05
46,3.0,0.15,105.0,0.016322089227421108,0.571273122959739,0.44999999999999996,31.055000000000003,0.2957619047619048,0.011219427061258069,0.7742651275274876,2.6037161181991685e-05
37,3.0,0.15,108.0,0.016322089227421108,0.58759521218716,0.44999999999999996,31.505000000000003,0.291712962962963,0.011219427061258069,0.7854845545887457,2.6037161181991685e-05
31,3.0,0.15,111.0,0.016322089227421108,0.6039173014145811,0.44999999999999996,31.955000000000002,0.2878828828828829,0.011219427061258069,0.7967039816500038,2.6037161181991685e-05
17,3.0,0.15,114.0,0.016322089227421108,0.6202393906420022,0.44999999999999996,32.405,0.2842543859649123,0.011219427061258069,0.8079234087112619,2.6037161181991685e-05
51,3.0,0.14,117.0,0.016322089227421108,0.6365614798694232,0.42000000000000004,32.825,0.28055555555555556,0.0104714652571742,0.8183948739684361,3.422980084122771e-05
6,3.0,0.14,120.0,0.016322089227421108,0.6528835690968443,0.42000000000000004,33.245000000000005,0.2770416666666667,0.0104714652571742,0.8288663392256104,3.422980084122771e-05
43,3.0,0.14,123.0,0.016322089227421108,0.6692056583242654,0.42000000000000004,33.665000000000006,0.27369918699186996,0.0104714652571742,0.8393378044827846,3.422980084122771e-05
2,3.0,0.14,126.0,0.016322089227421108,0.6855277475516864,0.42000000000000004,34.08500000000001,0.2705158730158731,0.0104714652571742,0.8498092697399589,3.422980084122771e-05
54,3.0,0.13,129.0,0.016322089227421108,0.7018498367791075,0.39,34.47500000000001,0.26724806201550394,0.009723503453090327,0.8595327731930492,4.3541334221200556e-05
48,3.0,0.13,132.0,0.016322089227421108,0.7181719260065286,0.39,34.86500000000001,0.26412878787878796,0.009723503453090327,0.8692562766461396,4.3541334221200556e-05
62,1.0,0.13,133.0,0.005440696409140369,0.7236126224156689,0.13,34.99500000000001,0.2631203007518798,0.003241167817696776,0.8724974444638364,4.83792602457784e-06
58,3.0,0.12,136.0,0.016322089227421108,0.73993471164309,0.36,35.35500000000001,0.25996323529411774,0.008975541649006455,0.8814729861128429,5.3971761321910213e-05
42,3.0,0.12,139.0,0.016322089227421108,0.7562568008705111,0.36,35.71500000000001,0.2569424460431655,0.008975541649006455,0.8904485277618494,5.3971761321910213e-05
50,3.0,0.12,142.0,0.016322089227421108,0.7725788900979321,0.36,36.07500000000001,0.25404929577464797,0.008975541649006455,0.8994240694108558,5.3971761321910213e-05
30,3.0,0.12,145.0,0.016322089227421108,0.7889009793253532,0.36,36.43500000000001,0.25127586206896557,0.008975541649006455,0.9083996110598623,5.3971761321910213e-05
5,3.0,0.12,148.0,0.016322089227421108,0.8052230685527743,0.36,36.79500000000001,0.24861486486486492,0.008975541649006455,0.9173751527088688,5.3971761321910213e-05
56,3.0,0.12,151.0,0.016322089227421108,0.8215451577801953,0.36,37.15500000000001,0.24605960264900667,0.008975541649006455,0.9263506943578753,5.3971761321910213e-05
53,3.0,0.11,154.0,0.016322089227421108,0.8378672470076164,0.33,37.48500000000001,0.24340909090909096,0.008227579844922584,0.9345782742027979,6.552108214335665e-05
60,3.0,0.11,157.0,0.016322089227421108,0.8541893362350375,0.33,37.815000000000005,0.240859872611465,0.008227579844922584,0.9428058540477205,6.552108214335665e-05
55,3.0,0.11,160.0,0.016322089227421108,0.8705114254624585,0.33,38.145,0.23840625000000001,0.008227579844922584,0.9510334338926432,6.552108214335665e-05
45,3.0,0.1,163.0,0.016322089227421108,0.8868335146898796,0.30000000000000004,38.445,0.2358588957055215,0.007479618040838714,0.9585130519334819,7.818929668553987e-05
57,3.0,0.09,166.0,0.016322089227421108,0.9031556039173007,0.27,38.715,0.23322289156626508,0.006731656236754842,0.9652447081702368,9.197640494845993e-05
3,3.0,0.08,169.0,0.016322089227421108,0.9194776931447217,0.24,38.955000000000005,0.23050295857988168,0.00598369443267097,0.9712284026029078,0.00010688240693211677
4,3.0,0.08,172.0,0.016322089227421108,0.9357997823721428,0.24,39.19500000000001,0.22787790697674423,0.00598369443267097,0.9772120970355788,0.00010688240693211677
47,3.0,0.08,175.0,0.016322089227421108,0.9521218715995639,0.24,39.43500000000001,0.2253428571428572,0.00598369443267097,0.9831957914682498,0.00010688240693211677
32,3.0,0.08,178.0,0.016322089227421108,0.9684439608269849,0.24,39.67500000000001,0.22289325842696636,0.00598369443267097,0.9891794859009208,0.00010688240693211677
0,2.8000000000000007,0.08,180.8,0.015233949945593038,0.9836779107725779,0.22400000000000006,39.89900000000001,0.2206803097345133,0.005584781470492907,0.9947642673714137,9.310645226086621e-05
59,3.0,0.07,183.8,0.016322089227421108,0.999999999999999,0.21000000000000002,40.10900000000001,0.21822089227421113,0.0052357326285871,1.0000000000000007,0.0001229073026365104
