,weight,grade,cml_weight,weight_pct,cml_weight_pct,yield,cml_yield,cml_grade,recovery,cml_recovery,distributional_heterogeneity
111,3.0,2.06,3.0,0.006746120980436249,0.006746120980436249,6.18,6.18,2.06,0.03761412051125983,0.03761412051125983,0.0009528333950349248
93,3.0,1.85,6.0,0.006746120980436249,0.013492241960872498,5.550000000000001,11.73,1.955,0.03377967133292752,0.07139379184418734,0.0007308128446606809
95,3.0,1.75,9.0,0.006746120980436249,0.02023836294130875,5.25,16.98,1.8866666666666667,0.03195374315276927,0.10334753499695662,0.0006354242155830954
114,3.0,1.68,12.0,0.006746120980436249,0.026984483921744996,5.04,22.02,1.835,0.0306755934266585,0.13402312842361513,0.0005726196515545099
105,3.0,1.48,15.0,0.006746120980436249,0.033730604902181244,4.4399999999999995,26.46,1.764,0.02702373706634201,0.16104686548995714,0.00041118171412738417
88,3.0,1.37,18.0,0.006746120980436249,0.04047672588261749,4.11,30.57,1.6983333333333333,0.025015216068167947,0.1860620815581251,0.0003337598353245824
92,3.0,1.37,21.0,0.006746120980436249,0.04722284686305374,4.11,34.68,1.6514285714285715,0.025015216068167947,0.21107729762629304,0.0003337598353245824
144,3.0,1.2,24.0,0.006746120980436249,0.053968967843489986,3.5999999999999996,38.28,1.595,0.02191113816189893,0.23298843578819198,0.00022997774611405826
101,3.0,1.2,27.0,0.006746120980436249,0.06071508882392623,3.5999999999999996,41.88,1.551111111111111,0.02191113816189893,0.2548995739500909,0.00022997774611405826
77,3.0,1.17,30.0,0.006746120980436249,0.06746120980436249,3.51,45.39,1.5130000000000001,0.021363359707851456,0.27626293365794236,0.0002136636680142469
76,3.0,1.13,33.0,0.006746120980436249,0.07420733078479874,3.3899999999999997,48.78,1.4781818181818183,0.020632988435788157,0.2968959220937305,0.00019284508772251198
96,3.0,1.1,36.0,0.006746120980436249,0.080953451765235,3.3000000000000003,52.08,1.4466666666666665,0.02008520998174069,0.3169811320754712,0.000177931295384721
94,3.0,1.1,39.0,0.006746120980436249,0.08769957274567125,3.3000000000000003,55.379999999999995,1.42,0.02008520998174069,0.33706634205721187,0.000177931295384721
99,3.0,1.0,42.0,0.006746120980436249,0.0944456937261075,3.0,58.379999999999995,1.39,0.01825928180158244,0.3553256238587943,0.00013255287209357563
98,3.0,0.94,45.0,0.006746120980436249,0.10119181470654376,2.82,61.199999999999996,1.3599999999999999,0.017163724893487494,0.3724893487522818,0.0001085264712892206
75,3.0,0.94,48.0,0.006746120980436249,0.10793793568698001,2.82,64.02,1.33375,0.017163724893487494,0.3896530736457693,0.0001085264712892206
80,3.1999999999999886,0.92,51.19999999999999,0.007195862379131974,0.11513379806611199,2.9439999999999897,66.96399999999998,1.307890625,0.017918441874619506,0.4075715155203888,0.00011497371103704969
112,3.0,0.91,54.19999999999999,0.006746120980436249,0.12187991904654824,2.73,69.69399999999999,1.2858671586715869,0.016615946439440022,0.4241874619598288,9.741345459119903e-05
141,3.0,0.86,57.19999999999999,0.006746120980436249,0.1286260400269845,2.58,72.27399999999999,1.2635314685314685,0.0157029823493609,0.4398904443091897,8.022536558213475e-05
9,3.0,0.84,60.19999999999999,0.006746120980436249,0.13537216100742075,2.52,74.79399999999998,1.2424252491694352,0.01533779671332925,0.45522824102251896,7.381689189918248e-05
97,3.0,0.75,63.19999999999999,0.006746120980436249,0.142118281987857,2.25,77.04399999999998,1.2190506329113924,0.013694461351186831,0.4689227023737058,4.827943390780233e-05
100,3.0,0.74,66.19999999999999,0.006746120980436249,0.14886440296829326,2.2199999999999998,79.26399999999998,1.1973413897280967,0.013511868533171005,0.4824345709068768,4.577533994733636e-05
110,3.0,0.7,69.19999999999999,0.006746120980436249,0.1556105239487295,2.0999999999999996,81.36399999999998,1.175780346820809,0.012781497261107708,0.4952160681679845,3.642576684929165e-05
107,3.0,0.68,72.19999999999999,0.006746120980436249,0.16235664492916577,2.04,83.40399999999998,1.155180055401662,0.01241631162507606,0.5076323797930606,3.215106194656084e-05
81,3.0,0.64,75.19999999999999,0.006746120980436249,0.16910276590960202,1.92,85.32399999999998,1.134627659574468,0.011685940353012762,0.5193183201460734,2.440181543368222e-05
120,3.0,0.63,78.19999999999999,0.006746120980436249,0.17584888689003828,1.8900000000000001,87.21399999999998,1.1152685421994883,0.01150334753499694,0.5308216676810703,2.2631204491417364e-05
108,3.0,0.62,81.19999999999999,0.006746120980436249,0.18259500787047453,1.8599999999999999,89.07399999999998,1.0969704433497536,0.011320754716981112,0.5421424223980514,2.0927273823534425e-05
139,3.0,0.61,84.19999999999999,0.006746120980436249,0.18934112885091078,1.83,90.90399999999998,1.0796199524940617,0.01113816189896529,0.5532805842970168,1.929002343003341e-05
121,3.0,0.61,87.19999999999999,0.006746120980436249,0.19608724983134704,1.83,92.73399999999998,1.0634633027522935,0.01113816189896529,0.5644187461959821,1.929002343003341e-05
106,3.0,0.61,90.19999999999999,0.006746120980436249,0.2028333708117833,1.83,94.56399999999998,1.048381374722838,0.01113816189896529,0.5755569080949474,1.929002343003341e-05
90,3.0,0.6,93.19999999999999,0.006746120980436249,0.20957949179221955,1.7999999999999998,96.36399999999998,1.0339484978540772,0.010955569080949464,0.5865124771758968,1.7719453310914316e-05
79,2.8000000000000114,0.6,96.0,0.006296379581740525,0.21587587137396008,1.6800000000000068,98.04399999999998,1.0212916666666665,0.010225197808886208,0.596737674984783,1.5435612661952153e-05
78,3.0,0.57,99.0,0.006746120980436249,0.22262199235439634,1.71,99.75399999999998,1.0076161616161614,0.010407790626901992,0.607145465611685,1.3407824599848548e-05
113,3.0,0.56,102.0,0.006746120980436249,0.2293681133348326,1.6800000000000002,101.43399999999998,0.9944509803921567,0.010225197808886168,0.6173706634205712,1.2103975578257146e-05
89,3.0,0.56,105.0,0.006746120980436249,0.23611423431526884,1.6800000000000002,103.11399999999999,0.9820380952380952,0.010225197808886168,0.6275958612294574,1.2103975578257146e-05
119,3.0,0.55,108.0,0.006746120980436249,0.2428603552957051,1.6500000000000001,104.764,0.970037037037037,0.010042604990870344,0.6376384662203278,1.086680683104765e-05
146,3.0,0.55,111.0,0.006746120980436249,0.24960647627614135,1.6500000000000001,106.414,0.9586846846846847,0.010042604990870344,0.6476810712111982,1.086680683104765e-05
142,3.0,0.54,114.0,0.006746120980436249,0.2563525972565776,1.62,108.034,0.9476666666666668,0.009860012172854518,0.6575410833840527,9.696318358220076e-06
115,3.0,0.54,117.0,0.006746120980436249,0.26309871823701386,1.62,109.65400000000001,0.9372136752136753,0.009860012172854518,0.6674010955569072,9.696318358220076e-06
143,3.0,0.52,120.0,0.006746120980436249,0.2698448392174501,1.56,111.21400000000001,0.9267833333333334,0.00949482653682287,0.6768959220937301,7.5553822357106815e-06
4,3.0,0.49,123.0,0.006746120980436249,0.27659096019788637,1.47,112.68400000000001,0.9161300813008131,0.008947048082775397,0.6858429701765054,4.844080109810994e-06
68,3.0,0.47,126.0,0.006746120980436249,0.2833370811783226,1.41,114.09400000000001,0.9055079365079366,0.008581862446743747,0.6944248326232492,3.369946731120802e-06
82,3.0,0.45,129.0,0.006746120980436249,0.2900832021587589,1.35,115.444,0.8949147286821706,0.008216676810712099,0.7026415094339613,2.1625344499582937e-06
122,3.0,0.44,132.0,0.006746120980436249,0.29682932313919513,1.32,116.764,0.8845757575757576,0.008034083992696275,0.7106755934266575,1.6588487209499176e-06
87,3.0,0.42,135.0,0.006746120980436249,0.3035754441196314,1.26,118.024,0.8742518518518518,0.007668898356664625,0.7183444917833222,8.515180860789258e-07
134,3.0,0.42,138.0,0.006746120980436249,0.31032156510006764,1.26,119.284,0.864376811594203,0.007668898356664625,0.7260133901399868,8.515180860789258e-07
116,3.0,0.39,141.0,0.006746120980436249,0.3170676860805039,1.17,120.45400000000001,0.8542836879432625,0.007121119902617152,0.7331345100426039,1.4062419163683913e-07
135,3.0,0.38,144.0,0.006746120980436249,0.32381380706094015,1.1400000000000001,121.59400000000001,0.8444027777777778,0.0069385270846013284,0.7400730371272052,3.702010891998311e-08
83,3.0,0.38,147.0,0.006746120980436249,0.3305599280413764,1.1400000000000001,122.73400000000001,0.8349251700680272,0.0069385270846013284,0.7470115642118065,3.702010891998311e-08
10,3.0,0.37,150.0,0.006746120980436249,0.33730604902181266,1.1099999999999999,123.84400000000001,0.8256266666666667,0.006755934266585503,0.753767498478392,9.630058504714228e-11
117,3.0,0.35,153.0,0.006746120980436249,0.3440521700022489,1.0499999999999998,124.894,0.8163006535947713,0.006390748630553854,0.7601582471089459,1.262895070609354e-07
128,3.0,0.34,156.0,0.006746120980436249,0.35079829098268517,1.02,125.914,0.8071410256410256,0.00620815581253803,0.7663664029214838,2.8940652187175856e-07
45,3.0,0.33,159.0,0.006746120980436249,0.3575444119631214,0.99,126.904,0.7981383647798742,0.006025562994522206,0.772391965916006,5.192038110645025e-07
140,4.0,0.33,163.0,0.008994827973915,0.3665392399370364,1.32,128.224,0.7866503067484661,0.008034083992696275,0.7804260499087022,9.230289974480043e-07
102,3.0,0.32,166.0,0.006746120980436249,0.37328536091747266,0.96,129.184,0.7782168674698795,0.005842970176506381,0.7862690200852086,8.156813746391664e-07
109,3.0,0.31,169.0,0.006746120980436249,0.3800314818979089,0.9299999999999999,130.114,0.769905325443787,0.005660377358490556,0.7919293974436992,1.1788392125957504e-06
85,3.0,0.31,172.0,0.006746120980436249,0.3867776028783452,0.9299999999999999,131.044,0.7618837209302326,0.005660377358490556,0.7975897748021897,1.1788392125957504e-06
8,3.0,0.31,175.0,0.006746120980436249,0.3935237238587814,0.9299999999999999,131.97400000000002,0.754137142857143,0.005660377358490556,0.8032501521606803,1.1788392125957504e-06
91,3.0,0.31,178.0,0.006746120980436249,0.4002698448392177,0.9299999999999999,132.90400000000002,0.7466516853932585,0.005660377358490556,0.8089105295191709,1.1788392125957504e-06
86,3.0,0.29,181.0,0.006746120980436249,0.40701596581965394,0.8699999999999999,133.77400000000003,0.739082872928177,0.005295191722458907,0.8142057212416298,2.105195711654679e-06
5,3.0,0.28,184.0,0.006746120980436249,0.4137620868000902,0.8400000000000001,134.61400000000003,0.7315978260869567,0.005112598904443084,0.8193183201460729,2.66839437275702e-06
84,3.0,0.28,187.0,0.006746120980436249,0.42050820778052644,0.8400000000000001,135.45400000000004,0.7243529411764708,0.005112598904443084,0.8244309190505159,2.66839437275702e-06
69,3.0,0.26,190.0,0.006746120980436249,0.4272543287609627,0.78,136.23400000000004,0.7170210526315791,0.004747413268411435,0.8291783323189273,3.994832518107467e-06
132,3.0,0.25,193.0,0.006746120980436249,0.43400044974139895,0.75,136.98400000000004,0.7097616580310883,0.00456482045039561,0.833743152769323,4.758072002355572e-06
127,3.0,0.24,196.0,0.006746120980436249,0.4407465707218352,0.72,137.70400000000004,0.7025714285714287,0.0043822276323797855,0.8381253804017028,5.587991760985596e-06
74,3.0,0.23,199.0,0.006746120980436249,0.44749269170227146,0.6900000000000001,138.39400000000003,0.6954472361809046,0.0041996348143639615,0.8423250152160667,6.484591793997537e-06
118,3.0,0.23,202.0,0.006746120980436249,0.4542388126827077,0.6900000000000001,139.08400000000003,0.6885346534653467,0.0041996348143639615,0.8465246500304306,6.484591793997537e-06
70,3.0,0.23,205.0,0.006746120980436249,0.46098493366314397,0.6900000000000001,139.77400000000003,0.6818243902439026,0.0041996348143639615,0.8507242848447946,6.484591793997537e-06
71,3.0,0.22,208.0,0.006746120980436249,0.4677310546435802,0.66,140.43400000000003,0.6751634615384616,0.0040170419963481375,0.8547413268411427,7.447872101391401e-06
123,3.0,0.22,211.0,0.006746120980436249,0.4744771756240165,0.66,141.09400000000002,0.6686919431279622,0.0040170419963481375,0.8587583688374908,7.447872101391401e-06
129,3.0,0.21,214.0,0.006746120980436249,0.48122329660445273,0.63,141.72400000000002,0.6622616822429908,0.0038344491783323126,0.8625928180158231,8.477832683167186e-06
133,3.0,0.21,217.0,0.006746120980436249,0.487969417584889,0.63,142.354,0.6560092165898618,0.0038344491783323126,0.8664272671941554,8.477832683167186e-06
12,3.0,0.21,220.0,0.006746120980436249,0.49471553856532524,0.63,142.984,0.6499272727272728,0.0038344491783323126,0.8702617163724877,8.477832683167186e-06
103,3.0,0.19,223.0,0.006746120980436249,0.5014616595457615,0.5700000000000001,143.554,0.6437399103139013,0.0034692635423006642,0.8737309799147884,1.073779466986451e-05
72,3.0,0.19,226.0,0.006746120980436249,0.5082077805261977,0.5700000000000001,144.124,0.637716814159292,0.0034692635423006642,0.8772002434570891,1.073779466986451e-05
145,3.0,0.19,229.0,0.006746120980436249,0.514953901506634,0.5700000000000001,144.694,0.6318515283842794,0.0034692635423006642,0.8806695069993898,1.073779466986451e-05
63,3.0,0.19,232.0,0.006746120980436249,0.5217000224870703,0.5700000000000001,145.26399999999998,0.6261379310344827,0.0034692635423006642,0.8841387705416905,1.073779466986451e-05
124,3.6000000000000227,0.18,235.60000000000002,0.00809534517652355,0.5297953676635938,0.648000000000004,145.91199999999998,0.6193208828522919,0.0039440048691418315,0.8880827754108324,1.723362634769214e-05
137,3.0,0.18,238.60000000000002,0.006746120980436249,0.5365414886440301,0.54,146.45199999999997,0.6137971500419109,0.00328667072428484,0.8913694461351171,1.1967796074786057e-05
136,3.0,0.17,241.60000000000002,0.006746120980436249,0.5432876096244663,0.51,146.96199999999996,0.6082864238410594,0.003104077906269015,0.8944735240413861,1.3264477754089515e-05
104,3.0,0.17,244.60000000000002,0.006746120980436249,0.5500337306049026,0.51,147.47199999999995,0.602910874897792,0.003104077906269015,0.8975776019476551,1.3264477754089515e-05
73,3.0,0.16,247.60000000000002,0.006746120980436249,0.5567798515853388,0.48,147.95199999999994,0.5975444264943455,0.0029214850882531905,0.9004990870359083,1.4627839707774899e-05
130,3.0,0.16,250.60000000000002,0.006746120980436249,0.5635259725657751,0.48,148.43199999999993,0.592306464485235,0.0029214850882531905,0.9034205721241615,1.4627839707774899e-05
62,3.0,0.16,253.60000000000002,0.006746120980436249,0.5702720935462113,0.48,148.91199999999992,0.5871924290220817,0.0029214850882531905,0.9063420572124147,1.4627839707774899e-05
13,3.0,0.15,256.6,0.006746120980436249,0.5770182145266476,0.44999999999999996,149.3619999999999,0.582081060015588,0.002738892270237366,0.9090809494826521,1.6057881935842203e-05
126,2.3000000000000114,0.15,258.90000000000003,0.00517202608500115,0.5821902406116487,0.3450000000000017,149.7069999999999,0.5782425646967937,0.002099817407181991,0.9111807668898341,9.438466160067345e-06
7,3.0,0.15,261.90000000000003,0.006746120980436249,0.588936361592085,0.44999999999999996,150.1569999999999,0.5733371515845738,0.002738892270237366,0.9139196591600715,1.6057881935842203e-05
11,3.0,0.15,264.90000000000003,0.006746120980436249,0.5956824825725212,0.44999999999999996,150.60699999999989,0.5685428463571154,0.002738892270237366,0.9166585514303088,1.6057881935842203e-05
1,3.0,0.15,267.90000000000003,0.006746120980436249,0.6024286035529575,0.44999999999999996,151.05699999999987,0.563855916386711,0.002738892270237366,0.9193974437005462,1.6057881935842203e-05
131,3.0,0.14,270.90000000000003,0.006746120980436249,0.6091747245333937,0.42000000000000004,151.47699999999986,0.5591620524178658,0.002556299452221542,0.9219537431527678,1.7554604438291422e-05
147,2.0,0.14,272.90000000000003,0.0044974139869575,0.6136721385203512,0.28,151.75699999999986,0.5560901429094901,0.0017041996348143614,0.9236579427875822,7.80204641701841e-06
67,3.0,0.14,275.90000000000003,0.006746120980436249,0.6204182595007874,0.42000000000000004,152.17699999999985,0.5515657847046025,0.002556299452221542,0.9262142422398038,1.7554604438291422e-05
55,3.0,0.13,278.90000000000003,0.006746120980436249,0.6271643804812237,0.39,152.56699999999984,0.5470311939763349,0.0023737066342057176,0.9285879488740094,1.911800721512257e-05
46,3.0,0.12,281.90000000000003,0.006746120980436249,0.63391050146166,0.36,152.92699999999985,0.5424866974104287,0.0021911138161898928,0.9307790626901993,2.074809026633563e-05
3,3.0,0.11,284.90000000000003,0.006746120980436249,0.6406566224420962,0.33,153.25699999999986,0.5379326079326073,0.0020085209981740688,0.9327875836883733,2.2444853591930616e-05
6,3.0,0.11,287.90000000000003,0.006746120980436249,0.6474027434225325,0.33,153.58699999999988,0.5334734282737057,0.0020085209981740688,0.9347961046865474,2.2444853591930616e-05
39,3.0,0.11,290.90000000000003,0.006746120980436249,0.6541488644029687,0.33,153.9169999999999,0.5291062220694392,0.0020085209981740688,0.9368046256847214,2.2444853591930616e-05
52,3.0,0.1,293.90000000000003,0.006746120980436249,0.660894985383405,0.30000000000000004,154.2169999999999,0.5247260973120105,0.0018259281801582443,0.9386305538648797,2.420829719190752e-05
138,3.0,0.1,296.90000000000003,0.006746120980436249,0.6676411063638412,0.30000000000000004,154.5169999999999,0.5204344897271805,0.0018259281801582443,0.940456482045038,2.420829719190752e-05
24,3.0,0.1,299.90000000000003,0.006746120980436249,0.6743872273442775,0.30000000000000004,154.81699999999992,0.5162287429143044,0.0018259281801582443,0.9422824102251962,2.420829719190752e-05
66,3.0,0.1,302.90000000000003,0.006746120980436249,0.6811333483247137,0.30000000000000004,155.11699999999993,0.5121063057114557,0.0018259281801582443,0.9441083384053545,2.420829719190752e-05
48,3.0,0.1,305.90000000000003,0.006746120980436249,0.68787946930515,0.30000000000000004,155.41699999999994,0.5080647270349785,0.0018259281801582443,0.9459342665855127,2.420829719190752e-05
51,3.0,0.1,308.90000000000003,0.006746120980436249,0.6946255902855862,0.30000000000000004,155.71699999999996,0.5041016510197472,0.0018259281801582443,0.947760194765671,2.420829719190752e-05
0,2.7,0.1,311.6,0.006071508882392625,0.7006970991679788,0.27,155.98699999999997,0.5006001283697046,0.00164333536214242,0.9494035301278134,1.960872072544509e-05
65,3.0,0.1,314.6,0.006746120980436249,0.7074432201484151,0.30000000000000004,156.28699999999998,0.4967800381436744,0.0018259281801582443,0.9512294583079717,2.420829719190752e-05
58,3.0,0.1,317.6,0.006746120980436249,0.7141893411288514,0.30000000000000004,156.587,0.4930321158690176,0.0018259281801582443,0.9530553864881299,2.420829719190752e-05
47,3.0,0.09,320.6,0.006746120980436249,0.7209354621092876,0.27,156.857,0.4892607610729881,0.00164333536214242,0.9546987218502724,2.6038421066266347e-05
61,3.0,0.09,323.6,0.006746120980436249,0.7276815830897239,0.27,157.127,0.4855593325092707,0.00164333536214242,0.9563420572124148,2.6038421066266347e-05
15,3.0,0.09,326.6,0.006746120980436249,0.7344277040701601,0.27,157.39700000000002,0.48192590324556034,0.00164333536214242,0.9579853925745573,2.6038421066266347e-05
49,3.0,0.08,329.6,0.006746120980436249,0.7411738250505964,0.24,157.63700000000003,0.4782675970873787,0.0014607425441265952,0.9594461351186839,2.7935225215007074e-05
57,3.0,0.08,332.6,0.006746120980436249,0.7479199460310326,0.24,157.87700000000004,0.4746752856283825,0.0014607425441265952,0.9609068776628106,2.7935225215007074e-05
22,3.0,0.08,335.6,0.006746120980436249,0.7546660670114689,0.24,158.11700000000005,0.471147199046484,0.0014607425441265952,0.9623676202069372,2.7935225215007074e-05
40,3.0,0.08,338.6,0.006746120980436249,0.7614121879919051,0.24,158.35700000000006,0.4676816302421738,0.0014607425441265952,0.9638283627510639,2.7935225215007074e-05
38,3.0,0.07,341.6,0.006746120980436249,0.7681583089723414,0.21000000000000002,158.56700000000006,0.46418911007025776,0.001278149726110771,0.9651065124771746,2.9898709638129744e-05
59,3.0,0.07,344.6,0.006746120980436249,0.7749044299527776,0.21000000000000002,158.77700000000007,0.46075739988392356,0.001278149726110771,0.9663846622032853,2.9898709638129744e-05
27,3.0,0.07,347.6,0.006746120980436249,0.7816505509332139,0.21000000000000002,158.98700000000008,0.4573849252013811,0.001278149726110771,0.9676628119293961,2.9898709638129744e-05
28,3.0,0.07,350.6,0.006746120980436249,0.7883966719136501,0.21000000000000002,159.1970000000001,0.45407016543069045,0.001278149726110771,0.9689409616555068,2.9898709638129744e-05
54,3.0,0.07,353.6,0.006746120980436249,0.7951427928940864,0.21000000000000002,159.4070000000001,0.45081165158371067,0.001278149726110771,0.9702191113816175,2.9898709638129744e-05
20,3.0,0.07,356.6,0.006746120980436249,0.8018889138745227,0.21000000000000002,159.6170000000001,0.4476079641054405,0.001278149726110771,0.9714972611077283,2.9898709638129744e-05
23,3.0,0.07,359.6,0.006746120980436249,0.8086350348549589,0.21000000000000002,159.8270000000001,0.4444577308120136,0.001278149726110771,0.972775410833839,2.9898709638129744e-05
25,3.0,0.07,362.6,0.006746120980436249,0.8153811558353952,0.21000000000000002,160.03700000000012,0.4413596249310538,0.001278149726110771,0.9740535605599497,2.9898709638129744e-05
41,3.0,0.07,365.6,0.006746120980436249,0.8221272768158314,0.21000000000000002,160.24700000000013,0.43831236323851236,0.001278149726110771,0.9753317102860605,2.9898709638129744e-05
44,3.0,0.07,368.6,0.006746120980436249,0.8288733977962677,0.21000000000000002,160.45700000000014,0.4353147042864898,0.001278149726110771,0.9766098600121712,2.9898709638129744e-05
2,3.0,0.07,371.6,0.006746120980436249,0.8356195187767039,0.21000000000000002,160.66700000000014,0.43236544671690025,0.001278149726110771,0.9778880097382819,2.9898709638129744e-05
16,3.0,0.06,374.6,0.006746120980436249,0.8423656397571402,0.18,160.84700000000015,0.4293833422317142,0.0010955569080949464,0.9789835666463769,3.1928874335634326e-05
17,3.0,0.06,377.6,0.006746120980436249,0.8491117607375764,0.18,161.02700000000016,0.4264486228813563,0.0010955569080949464,0.9800791235544718,3.1928874335634326e-05
19,3.0,0.06,380.6,0.006746120980436249,0.8558578817180127,0.18,161.20700000000016,0.42356016815554426,0.0010955569080949464,0.9811746804625667,3.1928874335634326e-05
21,3.0,0.06,383.6,0.006746120980436249,0.862604002698449,0.18,161.38700000000017,0.42071689259645506,0.0010955569080949464,0.9822702373706617,3.1928874335634326e-05
14,3.0,0.06,386.6,0.006746120980436249,0.8693501236788852,0.18,161.56700000000018,0.4179177444386968,0.0010955569080949464,0.9833657942787566,3.1928874335634326e-05
64,3.0,0.06,389.6,0.006746120980436249,0.8760962446593215,0.18,161.74700000000018,0.41516170431211546,0.0010955569080949464,0.9844613511868515,3.1928874335634326e-05
53,3.0,0.06,392.6,0.006746120980436249,0.8828423656397577,0.18,161.9270000000002,0.41244778400407583,0.0010955569080949464,0.9855569080949464,3.1928874335634326e-05
36,3.0,0.06,395.6,0.006746120980436249,0.889588486620194,0.18,162.1070000000002,0.40977502527805915,0.0010955569080949464,0.9866524650030414,3.1928874335634326e-05
37,3.0,0.06,398.6,0.006746120980436249,0.8963346076006302,0.18,162.2870000000002,0.40714249874561015,0.0010955569080949464,0.9877480219111363,3.1928874335634326e-05
43,3.0,0.06,401.6,0.006746120980436249,0.9030807285810665,0.18,162.4670000000002,0.4045493027888451,0.0010955569080949464,0.9888435788192312,3.1928874335634326e-05
50,3.0,0.06,404.6,0.006746120980436249,0.9098268495615027,0.18,162.64700000000022,0.4019945625308952,0.0010955569080949464,0.9899391357273262,3.1928874335634326e-05
26,3.0,0.05,407.6,0.006746120980436249,0.916572970541939,0.15000000000000002,162.79700000000022,0.3994038272816492,0.0009129640900791222,0.9908520998174053,3.402571930752083e-05
29,3.0,0.05,410.6,0.006746120980436249,0.9233190915223752,0.15000000000000002,162.94700000000023,0.3968509498295183,0.0009129640900791222,0.9917650639074844,3.402571930752083e-05
34,3.0,0.05,413.6,0.006746120980436249,0.9300652125028115,0.15000000000000002,163.09700000000024,0.39433510638297925,0.0009129640900791222,0.9926780279975636,3.402571930752083e-05
56,3.0,0.05,416.6,0.006746120980436249,0.9368113334832477,0.15000000000000002,163.24700000000024,0.3918554968795013,0.0009129640900791222,0.9935909920876427,3.402571930752083e-05
30,3.0,0.05,419.6,0.006746120980436249,0.943557454463684,0.15000000000000002,163.39700000000025,0.3894113441372742,0.0009129640900791222,0.9945039561777218,3.402571930752083e-05
60,3.0,0.04,422.6,0.006746120980436249,0.9503035754441203,0.12,163.51700000000025,0.38693090392806495,0.0007303712720632976,0.9952343274497851,3.6189244553789256e-05
31,3.0,0.04,425.6,0.006746120980436249,0.9570496964245565,0.12,163.63700000000026,0.38448543233082766,0.0007303712720632976,0.9959646987218485,3.6189244553789256e-05
18,3.0,0.04,428.6,0.006746120980436249,0.9637958174049928,0.12,163.75700000000026,0.3820741950536637,0.0007303712720632976,0.9966950699939118,3.6189244553789256e-05
35,3.0,0.04,431.6,0.006746120980436249,0.970541938385429,0.12,163.87700000000027,0.3796964782205752,0.0007303712720632976,0.9974254412659751,3.6189244553789256e-05
42,3.0,0.04,434.6,0.006746120980436249,0.9772880593658653,0.12,163.99700000000027,0.37735158766682064,0.0007303712720632976,0.9981558125380384,3.6189244553789256e-05
125,4.099999999999966,0.03,438.7,0.009219698673262798,0.986507758039128,0.12299999999999897,164.12000000000026,0.37410531114657003,0.0007486305538648738,0.9989044430919033,7.175899508347986e-05
32,3.0,0.03,441.7,0.006746120980436249,0.9932538790195643,0.09,164.21000000000026,0.37176816844011834,0.0005477784540474732,0.9994522215459508,3.841945007443959e-05
33,3.0,0.03,444.7,0.006746120980436249,1.0000000000000004,0.09,164.30000000000027,0.3694625590285592,0.0005477784540474732,0.9999999999999983,3.841945007443959e-05
