,weight,grade,cml_weight,weight_pct,cml_weight_pct,yield,cml_yield,cml_grade,recovery,cml_recovery,distributional_heterogeneity
6,3.0,1.31,3.0,0.014677103718199608,0.014677103718199608,3.93,3.93,1.31,0.037775022347818564,0.037775022347818564,0.0005335138450204985
50,3.0,0.78,6.0,0.014677103718199608,0.029354207436399216,2.34,6.27,1.045,0.022491998039159144,0.060267020386977704,6.10725732477656e-05
13,3.0,0.78,9.0,0.014677103718199608,0.04403131115459882,2.34,8.61,0.9566666666666666,0.022491998039159144,0.08275901842613685,6.10725732477656e-05
33,3.0,0.74,12.0,0.014677103718199608,0.05870841487279843,2.2199999999999998,10.829999999999998,0.9024999999999999,0.021338562242279185,0.10409758066841604,4.437502966803247e-05
3,3.0,0.73,15.0,0.014677103718199608,0.07338551859099804,2.19,13.019999999999998,0.8679999999999999,0.0210502032930592,0.12514778396147525,4.061639819107548e-05
4,3.0,0.73,18.0,0.014677103718199608,0.08806262230919765,2.19,15.209999999999997,0.8449999999999999,0.0210502032930592,0.14619798725453445,4.061639819107548e-05
18,3.0,0.72,21.0,0.014677103718199608,0.10273972602739725,2.16,17.369999999999997,0.8271428571428571,0.020761844343839212,0.16695983159837366,3.702406848130899e-05
1,3.0,0.705,24.0,0.014677103718199608,0.11741682974559686,2.1149999999999998,19.484999999999996,0.8118749999999998,0.020329305920009224,0.1872891375183829,3.1947389730141474e-05
34,3.0,0.7,27.0,0.014677103718199608,0.13209393346379647,2.0999999999999996,21.584999999999994,0.7994444444444442,0.02018512644539923,0.2074742639637821,3.0338314363347555e-05
15,3.0,0.695,30.0,0.014677103718199608,0.14677103718199608,2.085,23.669999999999995,0.7889999999999998,0.020040946970789238,0.22751521093457133,2.8770814438351267e-05
53,3.0,0.69,33.0,0.014677103718199608,0.16144814090019569,2.07,25.739999999999995,0.7799999999999998,0.019896767496179243,0.24741197843075058,2.7244889955152604e-05
5,3.0,0.675,36.0,0.014677103718199608,0.1761252446183953,2.0250000000000004,27.764999999999993,0.7712499999999998,0.01946422907234926,0.2668762075030998,2.2916569156342426e-05
30,3.0,0.675,39.0,0.014677103718199608,0.1908023483365949,2.0250000000000004,29.789999999999992,0.7638461538461536,0.01946422907234926,0.28634043657544905,2.2916569156342426e-05
49,3.0,0.67,42.0,0.014677103718199608,0.2054794520547945,2.0100000000000002,31.799999999999994,0.757142857142857,0.019320049597739267,0.3056604861731883,2.1556946440334275e-05
67,3.0,0.67,45.0,0.014677103718199608,0.22015655577299412,2.0100000000000002,33.809999999999995,0.7513333333333332,0.019320049597739267,0.32498053577092756,2.1556946440334275e-05
2,3.0,0.67,48.0,0.014677103718199608,0.23483365949119372,2.0100000000000002,35.81999999999999,0.7462499999999999,0.019320049597739267,0.3443005853686668,2.1556946440334275e-05
24,3.0,0.655,51.0,0.014677103718199608,0.24951076320939333,1.965,37.785,0.7408823529411764,0.018887511173909282,0.3631880965425761,1.77275309430956e-05
17,3.0,0.65,54.0,0.014677103718199608,0.26418786692759294,1.9500000000000002,39.735,0.7358333333333333,0.018743331699299287,0.3819314282418754,1.6534209994277966e-05
20,3.0,0.645,57.0,0.014677103718199608,0.2788649706457925,1.935,41.67,0.7310526315789474,0.018599152224689292,0.4005305804665647,1.5382464487257958e-05
16,3.0,0.615,60.0,0.014677103718199608,0.29354207436399216,1.845,43.515,0.7252500000000001,0.017734075377029326,0.418264655843594,9.345075722888103e-06
14,3.0,0.6,63.0,0.014677103718199608,0.3082191780821918,1.7999999999999998,45.315,0.7192857142857142,0.017301536953199338,0.43556619279679337,6.887649804971158e-06
48,2.8000000000000007,0.6,65.8,0.013698630136986304,0.3219178082191781,1.6800000000000004,46.995,0.714209726443769,0.01614810115631939,0.45171429395311274,5.999908274552656e-06
19,3.0,0.595,68.8,0.014677103718199608,0.33659491193737767,1.785,48.779999999999994,0.7090116279069767,0.017157357478589347,0.46887165143170206,6.151658715927431e-06
28,3.0,0.59,71.8,0.014677103718199608,0.3512720156555773,1.77,50.55,0.7040389972144847,0.017013178003979352,0.4858848294356814,5.457243068681334e-06
10,3.0,0.585,74.8,0.014677103718199608,0.36594911937377694,1.755,52.305,0.699264705882353,0.016868998529369357,0.5027538279650507,4.804402863232865e-06
52,3.0,0.56,77.8,0.014677103718199608,0.3806262230919766,1.6800000000000002,53.985,0.6938946015424164,0.016148101156319386,0.5189019291213701,2.16383346295495e-06
8,3.0,0.56,80.8,0.014677103718199608,0.3953033268101762,1.6800000000000002,55.665,0.6889232673267327,0.016148101156319386,0.5350500302776895,2.16383346295495e-06
46,3.0,0.555,83.8,0.014677103718199608,0.40998043052837585,1.665,57.33,0.6841288782816229,0.01600392168170939,0.5510539519593989,1.7604459082922488e-06
35,3.0,0.545,86.8,0.014677103718199608,0.4246575342465755,1.6350000000000002,58.964999999999996,0.6793202764976959,0.015715562732489405,0.5667695146918883,1.0783971243597305e-06
7,3.0,0.545,89.8,0.014677103718199608,0.4393346379647751,1.6350000000000002,60.599999999999994,0.6748329621380846,0.015715562732489405,0.5824850774243777,1.0783971243597305e-06
12,3.0,0.52,92.8,0.014677103718199608,0.45401174168297476,1.56,62.16,0.6698275862068965,0.01499466535943943,0.5974797427838171,1.0084539598692862e-07
31,3.0,0.52,95.8,0.014677103718199608,0.4686888454011744,1.56,63.72,0.6651356993736952,0.01499466535943943,0.6124744081432565,1.0084539598692862e-07
0,3.0,0.515,98.8,0.014677103718199608,0.483365949119374,1.545,65.265,0.6605769230769231,0.014850485884829434,0.6273248940280859,3.0061375705252785e-08
11,3.0,0.51,101.8,0.014677103718199608,0.49804305283757366,1.53,66.795,0.656139489194499,0.01470630641021944,0.6420312004383053,8.527972212051281e-10
51,3.0,0.5,104.8,0.014677103718199608,0.5127201565557733,1.5,68.295,0.6516698473282443,0.01441794746099945,0.6564491478993048,6.716196564599436e-08
36,3.0,0.49,107.8,0.014677103718199608,0.5273972602739729,1.47,69.765,0.6471706864564007,0.014129588511779463,0.6705787364110842,2.997729012612963e-07
25,3.0,0.48,110.8,0.014677103718199608,0.5420743639921726,1.44,71.205,0.64264440433213,0.013841229562559473,0.6844199659736437,6.986856040671109e-07
32,3.0,0.44,113.8,0.014677103718199608,0.5567514677103722,1.32,72.52499999999999,0.6373022847100175,0.012687793765679517,0.6971077597393233,3.9573540871954906e-06
63,3.0,0.44,116.8,0.014677103718199608,0.5714285714285718,1.32,73.84499999999998,0.6322345890410958,0.012687793765679517,0.7097955535050028,3.9573540871954906e-06
59,3.0,0.44,119.8,0.014677103718199608,0.5861056751467715,1.32,75.16499999999998,0.6274207011686141,0.012687793765679517,0.7224833472706823,3.9573540871954906e-06
9,3.0,0.44,122.8,0.014677103718199608,0.6007827788649711,1.32,76.48499999999997,0.6228420195439737,0.012687793765679517,0.7351711410363618,3.9573540871954906e-06
21,3.0,0.435,125.8,0.014677103718199608,0.6154598825831707,1.305,77.78999999999998,0.6183624801271859,0.012543614291069522,0.7477147553274314,4.551777135675865e-06
41,3.0,0.435,128.8,0.014677103718199608,0.6301369863013704,1.305,79.09499999999998,0.6140916149068322,0.012543614291069522,0.7602583696185009,4.551777135675865e-06
22,3.0,0.425,131.8,0.014677103718199608,0.64481409001957,1.275,80.36999999999999,0.6097875569044005,0.012255255341849533,0.7725136249603505,5.865349558029498e-06
27,3.0,0.41,134.8,0.014677103718199608,0.6594911937377697,1.23,81.6,0.6053412462908011,0.01182271691801955,0.78433634187837,8.147524005042159e-06
61,3.0,0.41,137.8,0.014677103718199608,0.6741682974559693,1.23,82.83,0.6010885341074019,0.01182271691801955,0.7961590587963895,8.147524005042159e-06
56,3.0,0.4,140.8,0.014677103718199608,0.6888454011741689,1.2000000000000002,84.03,0.5968039772727273,0.011534357968799563,0.807693416765189,9.876850845372065e-06
64,3.0,0.4,143.8,0.014677103718199608,0.7035225048923686,1.2000000000000002,85.23,0.5926981919332406,0.011534357968799563,0.8192277747339886,9.876850845372065e-06
66,3.0,0.4,146.8,0.014677103718199608,0.7181996086105682,1.2000000000000002,86.43,0.5887602179836512,0.011534357968799563,0.8307621327027881,9.876850845372065e-06
62,3.0,0.38,149.8,0.014677103718199608,0.7328767123287678,1.1400000000000001,87.57000000000001,0.5845794392523365,0.010957640070359584,0.8417197727731477,1.3834409827603433e-05
29,3.0,0.375,152.8,0.014677103718199608,0.7475538160469675,1.125,88.69500000000001,0.5804646596858639,0.010813460595749589,0.8525332333688973,1.4927738177655347e-05
65,3.0,0.35,155.8,0.014677103718199608,0.7622309197651671,1.0499999999999998,89.745,0.5760269576379974,0.010092563222699615,0.8626257965915969,2.1018011554879328e-05
54,3.0,0.35,158.8,0.014677103718199608,0.7769080234833667,1.0499999999999998,90.795,0.571756926952141,0.010092563222699615,0.8727183598142965,2.1018011554879328e-05
38,3.0,0.33,161.8,0.014677103718199608,0.7915851272015664,0.99,91.785,0.5672744128553769,0.009515845324259638,0.8822342051385561,2.6638588209015805e-05
26,3.0,0.32,164.8,0.014677103718199608,0.806262230919766,0.96,92.74499999999999,0.5627730582524271,0.009227486375039649,0.8914616915135958,2.969832918686982e-05
47,3.5999999999999943,0.32,168.4,0.0176125244618395,0.8238747553816055,1.1519999999999981,93.89699999999999,0.557583135391924,0.01107298365004756,0.9025346751636434,4.27655940290924e-05
23,3.0,0.32,171.4,0.014677103718199608,0.8385518590998051,0.96,94.85699999999999,0.5534247374562427,0.009227486375039649,0.9117621615386831,2.969832918686982e-05
45,3.0,0.315,174.4,0.014677103718199608,0.8532289628180048,0.9450000000000001,95.80199999999998,0.5493233944954127,0.009083306900429656,0.9208454684391127,3.1290562838493274e-05
57,3.0,0.31,177.4,0.014677103718199608,0.8679060665362044,0.9299999999999999,96.73199999999999,0.5452762119503944,0.008939127425819659,0.9297845958649325,3.292437193191435e-05
39,3.0,0.305,180.4,0.014677103718199608,0.882583170254404,0.915,97.64699999999999,0.541280487804878,0.008794947951209666,0.9385795438161422,3.459975646713305e-05
43,3.0,0.3,183.4,0.014677103718199608,0.8972602739726037,0.8999999999999999,98.547,0.5373336968375136,0.008650768476599669,0.9472303122927418,3.631671644414939e-05
60,3.0,0.3,186.4,0.014677103718199608,0.9119373776908033,0.8999999999999999,99.447,0.533513948497854,0.008650768476599669,0.9558810807693414,3.631671644414939e-05
55,3.0,0.3,189.4,0.014677103718199608,0.9266144814090029,0.8999999999999999,100.34700000000001,0.5298152059134108,0.008650768476599669,0.964531849245941,3.631671644414939e-05
37,3.0,0.28,192.4,0.014677103718199608,0.9412915851272026,0.8400000000000001,101.18700000000001,0.5259199584199584,0.008074050578159693,0.9726058998241007,4.3600310770190996e-05
44,3.0,0.28,195.4,0.014677103718199608,0.9559686888454022,0.8400000000000001,102.02700000000002,0.5221443193449335,0.008074050578159693,0.9806799504022604,4.3600310770190996e-05
42,3.0,0.27,198.4,0.014677103718199608,0.9706457925636018,0.81,102.83700000000002,0.5183316532258065,0.007785691628939704,0.9884656420312001,4.749156058399757e-05
58,3.0,0.21,201.4,0.014677103718199608,0.9853228962818015,0.63,103.46700000000001,0.513738828202582,0.00605553793361977,0.9945211799648199,7.43313965778378e-05
40,3.0,0.19,204.4,0.014677103718199608,1.000000000000001,0.5700000000000001,104.037,0.5089872798434443,0.005478820035179792,0.9999999999999997,8.460842271330861e-05
