,weight,grade,cml_weight,weight_pct,cml_weight_pct,yield,cml_yield,cml_grade,recovery,cml_recovery,distributional_heterogeneity
23,1.9000000000000057,0.69,1.9000000000000057,0.00952380952380955,0.00952380952380955,1.3110000000000037,1.3110000000000037,0.69,0.026197993685304413,0.026197993685304413,0.0002780284174514462
3,3.0,0.66,4.900000000000006,0.015037593984962403,0.024561403508771954,1.98,3.291000000000004,0.6716326530612245,0.039566763918308615,0.06576475760361303,0.0006016801776189758
21,3.200000000000003,0.63,8.100000000000009,0.01604010025062658,0.040601503759398534,2.016000000000002,5.307000000000006,0.6551851851851852,0.04028615962591426,0.10605091722952728,0.0005878713952299756
2,3.0,0.6,11.100000000000009,0.015037593984962403,0.05563909774436094,1.7999999999999998,7.1070000000000055,0.6402702702702703,0.035969785380280554,0.14202070260980784,0.0004381566366102312
5,3.0,0.59,14.100000000000009,0.015037593984962403,0.07067669172932334,1.77,8.877000000000006,0.6295744680851064,0.03537028895727588,0.1773909915670837,0.00041341848483714166
14,4.0,0.58,18.10000000000001,0.020050125313283203,0.09072681704260654,2.32,11.197000000000006,0.6186187845303868,0.046361056712361605,0.2237520482794453,0.0006922651110870096
11,3.0,0.57,21.10000000000001,0.015037593984962403,0.10576441102756895,1.71,12.907000000000007,0.6117061611374408,0.03417129611126653,0.25792334439071185,0.0003660985570581349
1,3.0,0.54,24.10000000000001,0.015037593984962403,0.12080200501253135,1.62,14.527000000000008,0.602780082987552,0.03237280684225251,0.2902961512329644,0.00030050960480755594
19,1.9000000000000057,0.41,26.000000000000014,0.00952380952380955,0.1303258145363409,0.7790000000000022,15.30600000000001,0.5886923076923077,0.015566923784021464,0.30586307501698584,3.6519229961976586e-05
8,3.0,0.39,29.000000000000014,0.015037593984962403,0.1453634085213033,1.17,16.47600000000001,0.5681379310344828,0.02338036049718236,0.3292434355141682,6.960175307741878e-05
10,3.0,0.39,32.000000000000014,0.015037593984962403,0.1604010025062657,1.17,17.646000000000008,0.5514375,0.02338036049718236,0.3526237960113505,6.960175307741878e-05
59,3.0,0.37,35.000000000000014,0.015037593984962403,0.17543859649122812,1.1099999999999999,18.756000000000007,0.5358857142857143,0.02218136765117301,0.37480516366252353,5.103350219404412e-05
41,3.0,0.37,38.000000000000014,0.015037593984962403,0.19047619047619052,1.1099999999999999,19.866000000000007,0.5227894736842105,0.02218136765117301,0.39698653131369654,5.103350219404412e-05
44,3.0,0.36,41.000000000000014,0.015037593984962403,0.20551378446115293,1.08,20.946000000000005,0.5108780487804877,0.021581871228168337,0.4185684025418649,4.2827564635943004e-05
0,3.0,0.36,44.000000000000014,0.015037593984962403,0.22055137844611533,1.08,22.026000000000003,0.500590909090909,0.021581871228168337,0.44015027377003324,4.2827564635943004e-05
9,3.0,0.35,47.000000000000014,0.015037593984962403,0.23558897243107774,1.0499999999999998,23.076000000000004,0.49097872340425525,0.020982374805163656,0.46113264857519687,3.534041900023269e-05
43,3.0,0.35,50.000000000000014,0.015037593984962403,0.25062656641604014,1.0499999999999998,24.126000000000005,0.48251999999999995,0.020982374805163656,0.4821150233803605,3.534041900023269e-05
16,2.6999999999999886,0.35,52.7,0.013533834586466106,0.26416040100250626,0.944999999999996,25.071,0.47573055028462996,0.01888413732464721,0.5009991607050077,2.8625739390188237e-05
17,2.700000000000003,0.35,55.400000000000006,0.013533834586466177,0.27769423558897244,0.945000000000001,26.016000000000002,0.4696028880866426,0.01888413732464731,0.519883298029655,2.8625739390188535e-05
6,3.0,0.34,58.400000000000006,0.015037593984962403,0.29273182957393484,1.02,27.036,0.46294520547945206,0.02038287838215898,0.5402661764118141,2.8572065286913212e-05
4,3.0,0.34,61.400000000000006,0.015037593984962403,0.30776942355889725,1.02,28.056,0.45693811074918567,0.02038287838215898,0.5606490547939731,2.8572065286913212e-05
40,3.0,0.33,64.4,0.015037593984962403,0.32280701754385965,0.99,29.046,0.45102484472049686,0.019783381959154307,0.5804324367531274,2.252250349598449e-05
54,3.0,0.32,67.4,0.015037593984962403,0.33784461152882206,0.96,30.006,0.4451928783382789,0.01918388553614963,0.599616322289277,1.719173362744658e-05
35,3.200000000000003,0.32,70.60000000000001,0.01604010025062658,0.35388471177944864,1.024000000000001,31.03,0.4395184135977337,0.020462811238559624,0.6200791335278366,1.95603724827837e-05
46,3.0,0.31,73.60000000000001,0.015037593984962403,0.36892230576441104,0.9299999999999999,31.96,0.43423913043478257,0.018584389113144955,0.6386635226409816,1.2579755681299479e-05
52,3.0,0.29,76.60000000000001,0.015037593984962403,0.38395989974937345,0.8699999999999999,32.83,0.42859007832898166,0.0173853962671356,0.6560489189081172,5.512175556177676e-06
37,3.0,0.28,79.60000000000001,0.015037593984962403,0.39899749373433585,0.8400000000000001,33.67,0.4229899497487437,0.01678589984413093,0.6728348187522482,3.0565733772029935e-06
29,3.0,0.27,82.60000000000001,0.015037593984962403,0.41403508771929826,0.81,34.480000000000004,0.41743341404358353,0.016186403421126254,0.6890212221733744,1.319763120619099e-06
42,3.0,0.27,85.60000000000001,0.015037593984962403,0.42907268170426066,0.81,35.290000000000006,0.41226635514018695,0.016186403421126254,0.7052076255945006,1.319763120619099e-06
12,2.0,0.26,87.60000000000001,0.010025062656641602,0.43909774436090226,0.52,35.81000000000001,0.4087899543378996,0.01039127133208105,0.7155988969265816,1.341087939671149e-07
7,3.0,0.26,90.60000000000001,0.015037593984962403,0.45413533834586467,0.78,36.59000000000001,0.40386313465783674,0.015586906998121576,0.7311858039247032,3.0174478642600855e-07
51,3.0,0.24,93.60000000000001,0.015037593984962403,0.4691729323308271,0.72,37.31000000000001,0.3986111111111112,0.014387914152112222,0.7455737180768155,4.220838852122392e-07
36,3.0,0.24,96.60000000000001,0.015037593984962403,0.4842105263157895,0.72,38.03000000000001,0.3936853002070394,0.014387914152112222,0.7599616322289278,4.220838852122392e-07
49,3.0,0.24,99.60000000000001,0.015037593984962403,0.4992481203007519,0.72,38.75000000000001,0.38905622489959846,0.014387914152112222,0.77434954638104,4.220838852122392e-07
47,3.0,0.23,102.60000000000001,0.015037593984962403,0.5142857142857142,0.6900000000000001,39.440000000000005,0.38440545808966864,0.013788417729107548,0.7881379641101476,1.5604413181915562e-06
53,3.0,0.21,105.60000000000001,0.015037593984962403,0.5293233082706766,0.63,40.07000000000001,0.37945075757575764,0.012589424883098195,0.8007273889932458,5.993531951322607e-06
39,3.0,0.21,108.60000000000001,0.015037593984962403,0.544360902255639,0.63,40.70000000000001,0.37476979742173117,0.012589424883098195,0.813316813876344,5.993531951322607e-06
30,3.0,0.21,111.60000000000001,0.015037593984962403,0.5593984962406015,0.63,41.33000000000001,0.3703405017921148,0.012589424883098195,0.8259062387594422,5.993531951322607e-06
38,3.0,0.2,114.60000000000001,0.015037593984962403,0.5744360902255639,0.6000000000000001,41.930000000000014,0.3658813263525306,0.011989928460093521,0.8378961672195357,9.288265151474327e-06
50,3.0,0.2,117.60000000000001,0.015037593984962403,0.5894736842105263,0.6000000000000001,42.530000000000015,0.3616496598639457,0.011989928460093521,0.8498860956796292,9.288265151474327e-06
20,3.200000000000003,0.19,120.80000000000001,0.01604010025062658,0.6055137844611529,0.6080000000000005,43.13800000000002,0.35710264900662264,0.012149794172894777,0.862035889852524,1.5134481378436986e-05
45,3.0,0.18,123.80000000000001,0.015037593984962403,0.6205513784461153,0.54,43.67800000000002,0.35281098546042017,0.010790935614084169,0.8728268254666082,1.8034107318950195e-05
63,0.5,0.18,124.30000000000001,0.0025062656641604004,0.6230576441102756,0.09,43.76800000000002,0.35211584875301705,0.0017984892690140278,0.8746253147356222,5.009474255263944e-07
48,3.0,0.16,127.30000000000001,0.015037593984962403,0.638095238095238,0.48,44.24800000000002,0.3475883739198744,0.009591942768074815,0.8842172575036971,2.965511717598927e-05
61,3.0,0.16,130.3,0.015037593984962403,0.6531328320802005,0.48,44.728000000000016,0.3432693783576363,0.009591942768074815,0.8938092002717719,2.965511717598927e-05
58,3.0,0.15,133.3,0.015037593984962403,0.6681704260651629,0.44999999999999996,45.17800000000002,0.3389197299324832,0.008992446345070139,0.902801646616842,3.654380998809501e-05
56,3.5,0.15,136.8,0.017543859649122806,0.6857142857142857,0.525,45.70300000000002,0.3340862573099416,0.01049118740258183,0.9132928340194238,4.974018581712932e-05
57,3.0,0.14,139.8,0.015037593984962403,0.7007518796992481,0.42000000000000004,46.12300000000002,0.3299213161659515,0.008392949922065464,0.9216857839414894,4.415129472259154e-05
34,3.799999999999997,0.14,143.60000000000002,0.019047619047619032,0.7197994987468671,0.5319999999999997,46.655000000000015,0.3248955431754875,0.010631069901282915,0.9323168538427723,7.08382995326912e-05
55,3.0,0.13,146.60000000000002,0.015037593984962403,0.7348370927318295,0.39,47.045000000000016,0.3209072305593452,0.007793453499060788,0.9401103073418331,5.24775713794789e-05
67,3.0,0.12,149.60000000000002,0.015037593984962403,0.7498746867167919,0.36,47.405000000000015,0.3168783422459894,0.007193957076056111,0.9473042644178892,6.152263995875705e-05
60,3.0,0.12,152.60000000000002,0.015037593984962403,0.7649122807017543,0.36,47.765000000000015,0.31300786369593714,0.007193957076056111,0.9544982214939453,6.152263995875705e-05
24,3.0,0.1,155.60000000000002,0.015037593984962403,0.7799498746867167,0.30000000000000004,48.06500000000001,0.308901028277635,0.0059949642300467605,0.960493185723992,8.176915288448575e-05
25,3.0,0.1,158.60000000000002,0.015037593984962403,0.7949874686716791,0.30000000000000004,48.36500000000001,0.30494955863808326,0.0059949642300467605,0.9664881499540388,8.176915288448575e-05
18,1.2999999999999972,0.1,159.90000000000003,0.006516290726817028,0.8015037593984962,0.12999999999999973,48.49500000000001,0.3032833020637899,0.002597817833020257,0.969085967787059,1.5354429819420035e-05
28,2.5999999999999943,0.08,162.50000000000003,0.013032581453634055,0.8145363408521302,0.20799999999999955,48.70300000000001,0.2997107692307692,0.004156508532832411,0.9732424763198915,7.87846704953882e-05
13,2.0,0.07,164.50000000000003,0.010025062656641602,0.8245614035087718,0.14,48.84300000000001,0.2969179331306991,0.0027976499740218212,0.9760401262939133,5.2235494084893256e-05
62,1.4000000000000057,0.05,165.90000000000003,0.007017543859649151,0.831578947368421,0.07000000000000028,48.91300000000001,0.29483423749246535,0.0013988249870109163,0.9774389512809243,3.157000176974107e-05
66,3.0,0.05,168.90000000000003,0.015037593984962403,0.8466165413533834,0.15000000000000002,49.06300000000001,0.29048549437537,0.0029974821150233802,0.9804364333959477,0.0001449642938406466
68,3.0,0.05,171.90000000000003,0.015037593984962403,0.8616541353383458,0.15000000000000002,49.21300000000001,0.28628853984874925,0.0029974821150233802,0.983433915510971,0.0001449642938406466
69,2.5,0.05,174.40000000000003,0.012531328320802003,0.8741854636591477,0.125,49.33800000000001,0.282901376146789,0.002497901762519483,0.9859318172734906,0.000100669648500449
15,0.9000000000000057,0.04,175.30000000000004,0.00451127819548875,0.8786967418546365,0.036000000000000226,49.37400000000001,0.2816543069024529,0.0007193957076056157,0.9866512129810961,1.4378372801914783e-05
33,3.0,0.04,178.30000000000004,0.015037593984962403,0.8937343358395989,0.12,49.49400000000001,0.2775883342680875,0.0023979856920187037,0.9890491986731148,0.0001597596977990511
64,3.5999999999999943,0.04,181.90000000000003,0.018045112781954857,0.9117794486215538,0.14399999999999977,49.638000000000005,0.2728862012094557,0.00287758283042244,0.9919267815035372,0.0002300539648306329
65,3.0,0.04,184.90000000000003,0.015037593984962403,0.9268170426065162,0.12,49.758,0.26910762574364516,0.0023979856920187037,0.9943247671955558,0.0001597596977990511
22,2.1999999999999886,0.03,187.10000000000002,0.011027568922305706,0.9378446115288219,0.06599999999999966,49.824000000000005,0.266296098343132,0.0013188921306102803,0.9956436593261662,9.425840504560536e-05
31,3.4000000000000057,0.02,190.50000000000003,0.01704260651629075,0.9548872180451127,0.06800000000000012,49.892,0.26190026246719156,0.0013588585588106012,0.9970025178849767,0.0002459799499937628
27,3.0,0.02,193.50000000000003,0.015037593984962403,0.9699248120300751,0.06,49.952000000000005,0.2581498708010336,0.0011989928460093518,0.9982015107309861,0.0001915068814830327
26,3.0,0.02,196.50000000000003,0.015037593984962403,0.9849624060150375,0.06,50.01200000000001,0.25451399491094145,0.0011989928460093518,0.9994005035769954,0.0001915068814830327
32,3.0,0.01,199.50000000000003,0.015037593984962403,0.9999999999999999,0.03,50.04200000000001,0.2508370927318296,0.0005994964230046759,1.0,0.00020845866120860964
