,weight,grade,cml_weight,weight_pct,cml_weight_pct,yield,cml_yield,cml_grade,recovery,cml_recovery,distributional_heterogeneity
1,3.0,1.43,3.0,0.009239297813366184,0.009239297813366184,4.29,4.29,1.43,0.08400399459554724,0.08400399459554724,0.005589759884931472
99,3.0,1.0,6.0,0.009239297813366184,0.018478595626732368,3.0,7.29,1.215,0.05874405216471834,0.1427480467602656,0.0024507207033877213
7,3.0,0.66,9.0,0.009239297813366184,0.027717893440098552,1.98,9.27,1.03,0.03877107442871411,0.1815191211889797,0.0008721258300588108
107,3.6999999999999886,0.57,12.699999999999989,0.011395133969818259,0.03911302740991681,2.1089999999999933,11.378999999999992,0.8959842519685042,0.04129706867179687,0.22281618986077656,0.0008941256989213926
4,3.0,0.47,15.699999999999989,0.009239297813366184,0.04835232522328299,1.41,12.788999999999993,0.8145859872611466,0.02760970451741762,0.2504258943781942,0.000337471842472258
106,3.0,0.46,18.69999999999999,0.009239297813366184,0.05759162303664918,1.3800000000000001,14.168999999999993,0.7577005347593584,0.02702226399577044,0.27744815837396464,0.00031623388624453335
5,3.0,0.46,21.69999999999999,0.009239297813366184,0.06683092085001537,1.3800000000000001,15.548999999999994,0.7165437788018434,0.02702226399577044,0.3044704223697351,0.00031623388624453335
103,3.0,0.45,24.69999999999999,0.009239297813366184,0.07607021866338155,1.35,16.898999999999994,0.6841700404858301,0.026434823474123258,0.33090524584385833,0.0002956861027497549
105,3.0,0.43,27.69999999999999,0.009239297813366184,0.08530951647674774,1.29,18.188999999999993,0.6566425992779783,0.025259942430828887,0.35616518827468724,0.00025666105395903666
102,3.0,0.42,30.69999999999999,0.009239297813366184,0.09454881429011393,1.26,19.448999999999995,0.6335179153094463,0.024672501909181705,0.3808376901838689,0.00023818378866309687
100,3.0,0.41,33.69999999999999,0.009239297813366184,0.10378811210348012,1.23,20.678999999999995,0.6136201780415431,0.02408506138753452,0.40492275157140345,0.00022039669610010335
98,3.0,0.4,36.69999999999999,0.009239297813366184,0.1130274099168463,1.2000000000000002,21.878999999999994,0.596158038147139,0.02349762086588734,0.4284203724372908,0.00020329977627005618
0,3.0,0.39,39.69999999999999,0.009239297813366184,0.12226670773021249,1.17,23.048999999999992,0.5805793450881612,0.022910180344240152,0.45133055278153095,0.00018689302917295514
101,3.0,0.33,42.69999999999999,0.009239297813366184,0.13150600554357866,0.99,24.03899999999999,0.5629742388758782,0.019385537214357054,0.470716089995888,0.00010294617398221958
11,3.0,0.29,45.69999999999999,0.009239297813366184,0.14074530335694485,0.8699999999999999,24.908999999999992,0.5450547045951859,0.017035775127768316,0.4877518651236563,6.078505851398713e-05
97,3.0,0.26,48.69999999999999,0.009239297813366184,0.14998460117031104,0.78,25.688999999999993,0.5274948665297741,0.01527345356282677,0.503025318686483,3.6411035608748244e-05
96,3.0,0.23,51.69999999999999,0.009239297813366184,0.15922389898367723,0.6900000000000001,26.378999999999994,0.5102321083172147,0.01351113199788522,0.5165364506843683,1.8248567300025416e-05
8,3.0,0.21,54.69999999999999,0.009239297813366184,0.1684631967970434,0.63,27.008999999999993,0.49376599634369284,0.012336250954590853,0.5288727016389592,9.591118758941336e-06
12,3.0,0.21,57.69999999999999,0.009239297813366184,0.1777024946104096,0.63,27.638999999999992,0.47901213171577117,0.012336250954590853,0.5412089525935501,9.591118758941336e-06
95,3.0,0.21,60.69999999999999,0.009239297813366184,0.1869417924237758,0.63,28.26899999999999,0.4657166392092256,0.012336250954590853,0.553545203548141,9.591118758941336e-06
6,3.0,0.2,63.69999999999999,0.009239297813366184,0.19618109023714198,0.6000000000000001,28.868999999999993,0.45320251177394033,0.01174881043294367,0.5652940139810846,6.297653587818653e-06
89,3.0,0.19,66.69999999999999,0.009239297813366184,0.20542038805050816,0.5700000000000001,29.438999999999993,0.44136431784107943,0.011161369911296487,0.576455383892381,3.6943611496421905e-06
9,3.0,0.19,69.69999999999999,0.009239297813366184,0.21465968586387435,0.5700000000000001,30.008999999999993,0.430545193687231,0.011161369911296487,0.5876167538036775,3.6943611496421905e-06
104,3.0,0.18,72.69999999999999,0.009239297813366184,0.22389898367724054,0.54,30.548999999999992,0.42020632737276475,0.010573929389649303,0.5981906831933268,1.781241444411959e-06
20,3.0,0.18,75.69999999999999,0.009239297813366184,0.23313828149060672,0.54,31.08899999999999,0.4106869220607661,0.010573929389649303,0.6087646125829761,1.781241444411959e-06
28,3.0,0.18,78.69999999999999,0.009239297813366184,0.2423775793039729,0.54,31.62899999999999,0.4018932655654383,0.010573929389649303,0.6193385419726254,1.781241444411959e-06
76,3.0,0.17,81.69999999999999,0.009239297813366184,0.2516168771173391,0.51,32.13899999999999,0.39337821297429615,0.009986488868002118,0.6293250308406275,5.582944721279611e-07
3,3.0,0.17,84.69999999999999,0.009239297813366184,0.2608561749307053,0.51,32.64899999999999,0.38546635182998806,0.009986488868002118,0.6393115197086296,5.582944721279611e-07
93,3.0,0.16,87.69999999999999,0.009239297813366184,0.2700954727440715,0.48,33.128999999999984,0.37775370581527923,0.009399048346354934,0.6487105680549846,2.5520232790190086e-08
30,3.0,0.14,90.69999999999999,0.009239297813366184,0.27933477055743766,0.42000000000000004,33.548999999999985,0.3698897464167584,0.008224167303060569,0.6569347353580451,1.0304899529533384e-06
75,3.0,0.13,93.69999999999999,0.009239297813366184,0.28857406837080385,0.39,33.938999999999986,0.3622091782283884,0.007636726781413385,0.6645714621394585,2.5682339124542596e-06
10,3.0,0.13,96.69999999999999,0.009239297813366184,0.29781336618417004,0.39,34.328999999999986,0.3550051706308169,0.007636726781413385,0.6722081889208719,2.5682339124542596e-06
36,3.0,0.12,99.69999999999999,0.009239297813366184,0.3070526639975362,0.36,34.688999999999986,0.34793380140421254,0.007049286259766201,0.6792574751806381,4.796150604901412e-06
73,3.0,0.12,102.69999999999999,0.009239297813366184,0.3162919618109024,0.36,35.048999999999985,0.3412755598831547,0.007049286259766201,0.6863067614404043,4.796150604901412e-06
13,3.0,0.12,105.69999999999999,0.009239297813366184,0.3255312596242686,0.36,35.408999999999985,0.3349952696310311,0.007049286259766201,0.6933560477001705,4.796150604901412e-06
79,3.0,0.12,108.69999999999999,0.009239297813366184,0.3347705574376348,0.36,35.768999999999984,0.3290616375344985,0.007049286259766201,0.7004053339599366,4.796150604901412e-06
15,3.0,0.12,111.69999999999999,0.009239297813366184,0.344009855251001,0.36,36.128999999999984,0.32344673231871074,0.007049286259766201,0.7074546202197028,4.796150604901412e-06
78,3.0,0.11,114.69999999999999,0.009239297813366184,0.35324915306436716,0.33,36.45899999999998,0.31786399302528323,0.006461845738119018,0.7139164659578219,7.71424003029479e-06
87,3.0,0.11,117.69999999999999,0.009239297813366184,0.36248845087773335,0.33,36.78899999999998,0.31256584536958354,0.006461845738119018,0.7203783116959409,7.71424003029479e-06
71,3.0,0.11,120.69999999999999,0.009239297813366184,0.37172774869109954,0.33,37.11899999999998,0.3075310687655342,0.006461845738119018,0.7268401574340599,7.71424003029479e-06
65,3.0,0.11,123.69999999999999,0.009239297813366184,0.3809670465044657,0.33,37.44899999999998,0.302740501212611,0.006461845738119018,0.733302003172179,7.71424003029479e-06
42,3.0,0.11,126.69999999999999,0.009239297813366184,0.3902063443178319,0.33,37.778999999999975,0.29817679558011034,0.006461845738119018,0.739763848910298,7.71424003029479e-06
64,3.0,0.11,129.7,0.009239297813366184,0.3994456421311981,0.33,38.10899999999997,0.2938242097147261,0.006461845738119018,0.746225694648417,7.71424003029479e-06
80,3.0,0.1,132.7,0.009239297813366184,0.4086849399445643,0.30000000000000004,38.40899999999997,0.289442351168048,0.005874405216471835,0.7521000998648889,1.1322502188634398e-05
62,3.0,0.1,135.7,0.009239297813366184,0.4179242377579305,0.30000000000000004,38.70899999999997,0.28525423728813537,0.005874405216471835,0.7579745050813608,1.1322502188634398e-05
14,3.0,0.1,138.7,0.009239297813366184,0.42716353557129666,0.30000000000000004,39.008999999999965,0.28124729632299905,0.005874405216471835,0.7638489102978326,1.1322502188634398e-05
59,3.0,0.1,141.7,0.009239297813366184,0.43640283338466285,0.30000000000000004,39.30899999999996,0.27741002117148883,0.005874405216471835,0.7697233155143045,1.1322502188634398e-05
60,3.0,0.1,144.7,0.009239297813366184,0.44564213119802903,0.30000000000000004,39.60899999999996,0.27373185901865904,0.005874405216471835,0.7755977207307764,1.1322502188634398e-05
19,3.0,0.1,147.7,0.009239297813366184,0.4548814290113952,0.30000000000000004,39.908999999999956,0.2702031144211236,0.005874405216471835,0.7814721259472482,1.1322502188634398e-05
21,3.0,0.1,150.7,0.009239297813366184,0.4641207268247614,0.30000000000000004,40.20899999999995,0.26681486396814835,0.005874405216471835,0.7873465311637201,1.1322502188634398e-05
44,3.0,0.1,153.7,0.009239297813366184,0.4733600246381276,0.30000000000000004,40.50899999999995,0.26355888093688973,0.005874405216471835,0.793220936380192,1.1322502188634398e-05
48,3.0,0.09,156.7,0.009239297813366184,0.4825993224514938,0.27,40.778999999999954,0.2602361199744732,0.005286964694824652,0.7985079010750167,1.562093707992024e-05
58,3.0,0.09,159.7,0.009239297813366184,0.49183862026485997,0.27,41.04899999999996,0.25703819661865973,0.005286964694824652,0.8037948657698414,1.562093707992024e-05
27,3.0,0.09,162.7,0.009239297813366184,0.5010779180782261,0.27,41.31899999999996,0.2539582052858019,0.005286964694824652,0.8090818304646661,1.562093707992024e-05
29,3.0,0.09,165.7,0.009239297813366184,0.5103172158915923,0.27,41.58899999999996,0.25098974049487005,0.005286964694824652,0.8143687951594908,1.562093707992024e-05
63,3.0,0.09,168.7,0.009239297813366184,0.5195565137049585,0.27,41.858999999999966,0.24812685240071114,0.005286964694824652,0.8196557598543155,1.562093707992024e-05
35,3.0,0.09,171.7,0.009239297813366184,0.5287958115183247,0.27,42.12899999999997,0.245364006988934,0.005286964694824652,0.8249427245491402,1.562093707992024e-05
47,3.0,0.09,174.7,0.009239297813366184,0.5380351093316909,0.27,42.39899999999997,0.24269605037206626,0.005286964694824652,0.8302296892439649,1.562093707992024e-05
57,3.0,0.08,177.7,0.009239297813366184,0.547274407145057,0.24,42.638999999999974,0.2399493528418682,0.004699524173177467,0.8349292134171423,2.060954470415231e-05
67,3.0,0.08,180.7,0.009239297813366184,0.5565137049584232,0.24,42.87899999999998,0.23729385722191465,0.004699524173177467,0.8396287375903198,2.060954470415231e-05
33,3.0,0.08,183.7,0.009239297813366184,0.5657530027717894,0.24,43.11899999999998,0.23472509526401733,0.004699524173177467,0.8443282617634972,2.060954470415231e-05
49,3.0,0.08,186.7,0.009239297813366184,0.5749923005851556,0.24,43.35899999999998,0.2322388859132297,0.004699524173177467,0.8490277859366746,2.060954470415231e-05
92,3.0,0.08,189.7,0.009239297813366184,0.5842315983985218,0.24,43.59899999999998,0.22983131259884018,0.004699524173177467,0.853727310109852,2.060954470415231e-05
74,3.0,0.08,192.7,0.009239297813366184,0.593470896211888,0.24,43.838999999999984,0.22749870264660085,0.004699524173177467,0.8584268342830295,2.060954470415231e-05
72,3.0,0.08,195.7,0.009239297813366184,0.6027101940252542,0.24,44.078999999999986,0.22523760858456815,0.004699524173177467,0.8631263584562069,2.060954470415231e-05
40,3.0,0.08,198.7,0.009239297813366184,0.6119494918386204,0.24,44.31899999999999,0.22304479114242573,0.004699524173177467,0.8678258826293843,2.060954470415231e-05
94,3.0,0.08,201.7,0.009239297813366184,0.6211887896519865,0.24,44.55899999999999,0.2209172037679722,0.004699524173177467,0.8725254068025617,2.060954470415231e-05
26,3.0,0.08,204.7,0.009239297813366184,0.6304280874653527,0.24,44.79899999999999,0.21885197850512944,0.004699524173177467,0.8772249309757392,2.060954470415231e-05
41,3.0,0.08,207.7,0.009239297813366184,0.6396673852787189,0.24,45.038999999999994,0.21684641309581126,0.004699524173177467,0.8819244551489166,2.060954470415231e-05
2,3.0,0.08,210.7,0.009239297813366184,0.6489066830920851,0.24,45.278999999999996,0.21489795918367346,0.004699524173177467,0.886623979322094,2.060954470415231e-05
46,3.0,0.08,213.7,0.009239297813366184,0.6581459809054513,0.24,45.519,0.21300421151146468,0.004699524173177467,0.8913235034952715,2.060954470415231e-05
25,3.0,0.07,216.7,0.009239297813366184,0.6673852787188175,0.21000000000000002,45.729,0.21102445777572681,0.0041120836515302845,0.8954355871468017,2.6288325061330605e-05
56,3.0,0.07,219.7,0.009239297813366184,0.6766245765321837,0.21000000000000002,45.939,0.2090987710514338,0.0041120836515302845,0.899547670798332,2.6288325061330605e-05
66,3.0,0.07,222.7,0.009239297813366184,0.6858638743455499,0.21000000000000002,46.149,0.20722496632240683,0.0041120836515302845,0.9036597544498622,2.6288325061330605e-05
50,3.0,0.07,225.7,0.009239297813366184,0.695103172158916,0.21000000000000002,46.359,0.20540097474523705,0.0041120836515302845,0.9077718381013925,2.6288325061330605e-05
18,3.0,0.07,228.7,0.009239297813366184,0.7043424699722822,0.21000000000000002,46.569,0.2036248360297333,0.0041120836515302845,0.9118839217529228,2.6288325061330605e-05
38,3.0,0.07,231.7,0.009239297813366184,0.7135817677856484,0.21000000000000002,46.779,0.20189469141130775,0.0041120836515302845,0.915996005404453,2.6288325061330605e-05
61,3.0,0.07,234.7,0.009239297813366184,0.7228210655990146,0.21000000000000002,46.989000000000004,0.20020877716233493,0.0041120836515302845,0.9201080890559833,2.6288325061330605e-05
85,3.0,0.07,237.7,0.009239297813366184,0.7320603634123808,0.21000000000000002,47.199000000000005,0.1985654185948675,0.0041120836515302845,0.9242201727075136,2.6288325061330605e-05
53,3.0,0.06,240.7,0.009239297813366184,0.741299661225747,0.18,47.379000000000005,0.19683838803489825,0.0035246431298831004,0.9277448158373967,3.2657278151455145e-05
88,3.0,0.06,243.7,0.009239297813366184,0.7505389590391132,0.18,47.559000000000005,0.1951538777185064,0.0035246431298831004,0.9312694589672798,3.2657278151455145e-05
86,3.0,0.06,246.7,0.009239297813366184,0.7597782568524794,0.18,47.739000000000004,0.1935103364410215,0.0035246431298831004,0.9347941020971628,3.2657278151455145e-05
54,3.0,0.06,249.7,0.009239297813366184,0.7690175546658455,0.18,47.919000000000004,0.1919062875450541,0.0035246431298831004,0.938318745227046,3.2657278151455145e-05
45,3.0,0.06,252.7,0.009239297813366184,0.7782568524792117,0.18,48.099000000000004,0.19034032449544916,0.0035246431298831004,0.941843388356929,3.2657278151455145e-05
37,3.0,0.06,255.7,0.009239297813366184,0.7874961502925779,0.18,48.279,0.18881110676574112,0.0035246431298831004,0.9453680314868121,3.2657278151455145e-05
68,3.0,0.06,258.7,0.009239297813366184,0.7967354481059441,0.18,48.459,0.18731735601082336,0.0035246431298831004,0.9488926746166952,3.2657278151455145e-05
52,3.0,0.05,261.7,0.009239297813366184,0.8059747459193103,0.15000000000000002,48.609,0.18574321742453193,0.0029372026082359177,0.9518298772249312,3.971640397452591e-05
81,3.0,0.05,264.7,0.009239297813366184,0.8152140437326765,0.15000000000000002,48.759,0.18420476010578013,0.0029372026082359177,0.9547670798331671,3.971640397452591e-05
34,3.0,0.05,267.7,0.009239297813366184,0.8244533415460427,0.15000000000000002,48.909,0.18270078446021668,0.0029372026082359177,0.957704282441403,3.971640397452591e-05
16,3.0,0.05,270.7,0.009239297813366184,0.8336926393594088,0.15000000000000002,49.059,0.18123014407092722,0.0029372026082359177,0.960641485049639,3.971640397452591e-05
31,3.0,0.05,273.7,0.009239297813366184,0.842931937172775,0.15000000000000002,49.208999999999996,0.17979174278407015,0.0029372026082359177,0.9635786876578749,3.971640397452591e-05
90,3.0,0.05,276.7,0.009239297813366184,0.8521712349861412,0.15000000000000002,49.358999999999995,0.1783845319840983,0.0029372026082359177,0.9665158902661108,3.971640397452591e-05
91,3.0,0.05,279.7,0.009239297813366184,0.8614105327995074,0.15000000000000002,49.50899999999999,0.17700750804433318,0.0029372026082359177,0.9694530928743468,3.971640397452591e-05
51,3.0,0.05,282.7,0.009239297813366184,0.8706498306128736,0.15000000000000002,49.65899999999999,0.17565970993986557,0.0029372026082359177,0.9723902954825827,3.971640397452591e-05
84,3.0,0.05,285.7,0.009239297813366184,0.8798891284262398,0.15000000000000002,49.80899999999999,0.1743402170108505,0.0029372026082359177,0.9753274980908186,3.971640397452591e-05
69,3.0,0.05,288.7,0.009239297813366184,0.889128426239606,0.15000000000000002,49.95899999999999,0.17304814686525802,0.0029372026082359177,0.9782647006990546,3.971640397452591e-05
22,3.0,0.05,291.7,0.009239297813366184,0.8983677240529722,0.15000000000000002,50.10899999999999,0.1717826534110387,0.0029372026082359177,0.9812019033072905,3.971640397452591e-05
23,3.0,0.04,294.7,0.009239297813366184,0.9076070218663383,0.12,50.228999999999985,0.17044112656939256,0.0023497620865887336,0.9835516653938793,4.746570253054289e-05
17,3.0,0.04,297.7,0.009239297813366184,0.9168463196797045,0.12,50.34899999999998,0.1691266375545851,0.0023497620865887336,0.985901427480468,4.746570253054289e-05
83,3.0,0.04,300.7,0.009239297813366184,0.9260856174930707,0.12,50.46899999999998,0.16783837712005314,0.0023497620865887336,0.9882511895670568,4.746570253054289e-05
24,3.0,0.04,303.7,0.009239297813366184,0.9353249153064369,0.12,50.58899999999998,0.16657556799473158,0.0023497620865887336,0.9906009516536456,4.746570253054289e-05
70,3.0,0.04,306.7,0.009239297813366184,0.9445642131198031,0.12,50.708999999999975,0.16533746331920435,0.0023497620865887336,0.9929507137402344,4.746570253054289e-05
82,3.0,0.04,309.7,0.009239297813366184,0.9538035109331693,0.12,50.82899999999997,0.16412334517274774,0.0023497620865887336,0.9953004758268231,4.746570253054289e-05
39,3.0,0.03,312.7,0.009239297813366184,0.9630428087465355,0.09,50.918999999999976,0.16283658458586497,0.0017623215649415502,0.9970627973917647,5.590517381950612e-05
55,3.0,0.02,315.7,0.009239297813366184,0.9722821065599017,0.06,50.97899999999998,0.16147925245486214,0.0011748810432943668,0.9982376784350591,6.503481784141558e-05
43,3.0,0.01,318.7,0.009239297813366184,0.9815214043732678,0.03,51.00899999999998,0.16005334170065888,0.0005874405216471834,0.9988251189567062,7.485463459627123e-05
77,3.0,0.01,321.7,0.009239297813366184,0.990760702186634,0.03,51.03899999999998,0.15865402548958651,0.0005874405216471834,0.9994125594783534,7.485463459627123e-05
32,3.0,0.01,324.7,0.009239297813366184,1.0000000000000002,0.03,51.06899999999998,0.1572805666769325,0.0005874405216471834,1.0000000000000007,7.485463459627123e-05
