,weight,grade,cml_weight,weight_pct,cml_weight_pct,yield,cml_yield,cml_grade,recovery,cml_recovery,distributional_heterogeneity
53,3.0,3.2,3.0,0.01283147989734816,0.01283147989734816,9.600000000000001,9.600000000000001,3.2000000000000006,0.12676614287600693,0.12676614287600693,0.012981107428060553
40,3.0,2.7,6.0,0.01283147989734816,0.02566295979469632,8.100000000000001,17.700000000000003,2.9500000000000006,0.10695893305163084,0.23372507592763778,0.008859977437311678
46,3.0,1.0,9.0,0.01283147989734816,0.03849443969204448,3.0,20.700000000000003,2.3000000000000003,0.03961441964875216,0.2733394955763899,0.0007173258617273362
52,3.0,0.94,12.0,0.01283147989734816,0.05132591958939264,2.82,23.520000000000003,1.9600000000000002,0.037237554469827024,0.31057705004621694,0.0005956564760373992
39,3.0,0.93,15.0,0.01283147989734816,0.0641573994867408,2.79,26.310000000000002,1.7540000000000002,0.03684141027333951,0.3474184603195565,0.000576476756659952
69,3.0,0.79,18.0,0.01283147989734816,0.07698887938408897,2.37,28.680000000000003,1.5933333333333335,0.031295391522514204,0.3787138518420707,0.00034091603250194176
57,3.0,0.79,21.0,0.01283147989734816,0.08982035928143713,2.37,31.050000000000004,1.4785714285714289,0.031295391522514204,0.4100092433645849,0.00034091603250194176
43,3.0,0.67,24.0,0.01283147989734816,0.10265183917878529,2.0100000000000002,33.06,1.3775000000000002,0.02654166116466395,0.43655090452924883,0.00018796907038265664
64,3.0,0.54,27.0,0.01283147989734816,0.11548331907613345,1.62,34.68,1.2844444444444445,0.021391786610326168,0.457942691139575,7.32788510202563e-05
28,3.0,0.52,30.0,0.01283147989734816,0.1283147989734816,1.56,36.24,1.208,0.020599498217351124,0.4785421893569261,6.0342108619901626e-05
48,1.5,0.52,31.5,0.00641573994867408,0.1347305389221557,0.78,37.02,1.1752380952380954,0.010299749108675562,0.48884193846560164,1.5085527154975407e-05
0,3.0,0.52,34.5,0.01283147989734816,0.14756201881950387,1.56,38.580000000000005,1.1182608695652176,0.020599498217351124,0.5094414366829527,6.0342108619901626e-05
30,3.0,0.5,37.5,0.01283147989734816,0.16039349871685205,1.5,40.080000000000005,1.0688000000000002,0.01980720982437608,0.5292486465073288,4.866080801483292e-05
49,3.0,0.5,40.5,0.01283147989734816,0.17322497861420022,1.5,41.580000000000005,1.0266666666666668,0.01980720982437608,0.549055856331705,4.866080801483292e-05
54,3.0,0.46,43.5,0.01283147989734816,0.1860564585115484,1.3800000000000001,42.96000000000001,0.9875862068965519,0.018222633038425994,0.5672784893701309,2.9064532190553374e-05
41,3.0,0.44,46.5,0.01283147989734816,0.19888793840889657,1.32,44.28000000000001,0.9522580645161292,0.01743034464545095,0.5847088340155818,2.114955697134252e-05
31,3.0,0.43,49.5,0.01283147989734816,0.21171941830624474,1.29,45.57000000000001,0.9206060606060608,0.01703420044896343,0.6017430344645452,1.766286003496933e-05
50,3.0,0.43,52.5,0.01283147989734816,0.22455089820359292,1.29,46.86000000000001,0.8925714285714287,0.01703420044896343,0.6187772349135087,1.766286003496933e-05
1,3.0,0.39,55.5,0.01283147989734816,0.2373823781009411,1.17,48.03000000000001,0.8654054054054056,0.015449623663013341,0.6342268585765221,6.854676777691453e-06
55,3.0,0.33,58.5,0.01283147989734816,0.25021385799828927,0.99,49.02000000000001,0.8379487179487182,0.013072758484088213,0.6472996170606102,5.821535641927662e-08
42,3.0,0.32,61.5,0.01283147989734816,0.26304533789563744,0.96,49.98000000000001,0.8126829268292685,0.01267661428760069,0.6599762313482109,2.3983357082455757e-08
27,3.0,0.3,64.5,0.01283147989734816,0.2758768177929856,0.8999999999999999,50.88000000000001,0.7888372093023257,0.011884325894625646,0.6718605572428366,8.971007048732802e-07
33,3.0,0.29,67.5,0.01283147989734816,0.2887082976903338,0.8699999999999999,51.75000000000001,0.7666666666666667,0.011488181698138124,0.6833487389409747,1.8044500520009253e-06
47,3.0,0.28,70.5,0.01283147989734816,0.30153977758768197,0.8400000000000001,52.59000000000001,0.7459574468085108,0.011092037501650606,0.6944407764426253,3.025659847950052e-06
44,3.0,0.27,73.5,0.01283147989734816,0.31437125748503014,0.81,53.40000000000001,0.7265306122448981,0.010695893305163084,0.7051366697477883,4.560730092720673e-06
56,3.0,0.26,76.5,0.01283147989734816,0.3272027373823783,0.78,54.180000000000014,0.7082352941176473,0.010299749108675562,0.7154364188564639,6.409660786312783e-06
35,3.0,0.26,79.5,0.01283147989734816,0.3400342172797265,0.78,54.960000000000015,0.6913207547169813,0.010299749108675562,0.7257361679651395,6.409660786312783e-06
38,1.5,0.24,81.0,0.00641573994867408,0.34644995722840055,0.36,55.320000000000014,0.6829629629629631,0.004753730357850259,0.7304898983229897,2.762275879990367e-06
34,3.0,0.23,84.0,0.01283147989734816,0.3592814371257487,0.6900000000000001,56.01000000000001,0.6667857142857144,0.009111316519212997,0.7396012148422028,1.3839615560018035e-05
12,3.0,0.23,87.0,0.01283147989734816,0.3721129170230969,0.6900000000000001,56.70000000000001,0.6517241379310346,0.009111316519212997,0.7487125313614158,1.3839615560018035e-05
60,3.0,0.22,90.0,0.01283147989734816,0.3849443969204451,0.66,57.36000000000001,0.6373333333333334,0.008715172322725475,0.7574277036841413,1.6943988048896098e-05
36,3.0,0.21,93.0,0.01283147989734816,0.39777587681779325,0.63,57.99000000000001,0.6235483870967743,0.008319028126237953,0.7657467318103792,2.036222098659565e-05
65,3.0,0.21,96.0,0.01283147989734816,0.4106073567151414,0.63,58.62000000000001,0.6106250000000001,0.008319028126237953,0.7740657599366172,2.036222098659565e-05
67,3.0,0.21,99.0,0.01283147989734816,0.4234388366124896,0.63,59.250000000000014,0.5984848484848486,0.008319028126237953,0.7823847880628552,2.036222098659565e-05
45,3.0,0.21,102.0,0.01283147989734816,0.4362703165098378,0.63,59.88000000000002,0.587058823529412,0.008319028126237953,0.7907038161890931,2.036222098659565e-05
37,3.0,0.2,105.0,0.01283147989734816,0.44910179640718595,0.6000000000000001,60.48000000000002,0.5760000000000002,0.007922883929750433,0.7986267001188435,2.409431437311668e-05
61,3.0,0.19,108.0,0.01283147989734816,0.4619332763045341,0.5700000000000001,61.05000000000002,0.565277777777778,0.007526739733262911,0.8061534398521064,2.8140268208459208e-05
68,3.0,0.19,111.0,0.01283147989734816,0.4747647562018823,0.5700000000000001,61.62000000000002,0.5551351351351353,0.007526739733262911,0.8136801795853693,2.8140268208459208e-05
8,3.0,0.19,114.0,0.01283147989734816,0.4875962360992305,0.5700000000000001,62.19000000000002,0.5455263157894739,0.007526739733262911,0.8212069193186322,2.8140268208459208e-05
32,3.0,0.18,117.0,0.01283147989734816,0.5004277159965786,0.54,62.73000000000002,0.5361538461538463,0.007130595536775389,0.8283375148554076,3.250008249262323e-05
29,3.0,0.18,120.0,0.01283147989734816,0.5132591958939268,0.54,63.27000000000002,0.5272500000000001,0.007130595536775389,0.835468110392183,3.250008249262323e-05
13,3.0,0.16,123.0,0.01283147989734816,0.5260906757912749,0.48,63.750000000000014,0.5182926829268294,0.006338307143800345,0.8418064175359834,4.2161292407415716e-05
77,3.0,0.16,126.0,0.01283147989734816,0.538922155688623,0.48,64.23000000000002,0.5097619047619049,0.006338307143800345,0.8481447246797837,4.2161292407415716e-05
14,3.0,0.16,129.0,0.01283147989734816,0.5517536355859711,0.48,64.71000000000002,0.5016279069767443,0.006338307143800345,0.8544830318235841,4.2161292407415716e-05
17,3.0,0.15,132.0,0.01283147989734816,0.5645851154833192,0.44999999999999996,65.16000000000003,0.4936363636363638,0.005942162947312823,0.860425194770897,4.7462688038044196e-05
2,3.0,0.15,135.0,0.01283147989734816,0.5774165953806674,0.44999999999999996,65.61000000000003,0.4860000000000002,0.005942162947312823,0.8663673577182098,4.7462688038044196e-05
19,3.0,0.15,138.0,0.01283147989734816,0.5902480752780155,0.44999999999999996,66.06000000000003,0.47869565217391324,0.005942162947312823,0.8723095206655227,4.7462688038044196e-05
59,3.0,0.15,141.0,0.01283147989734816,0.6030795551753636,0.44999999999999996,66.51000000000003,0.4717021276595747,0.005942162947312823,0.8782516836128356,4.7462688038044196e-05
24,3.0,0.14,144.0,0.01283147989734816,0.6159110350727117,0.42000000000000004,66.93000000000004,0.46479166666666694,0.005546018750825303,0.8837977023636608,5.307794411749415e-05
51,3.0,0.14,147.0,0.01283147989734816,0.6287425149700598,0.42000000000000004,67.35000000000004,0.4581632653061227,0.005546018750825303,0.8893437211144861,5.307794411749415e-05
71,3.0,0.14,150.0,0.01283147989734816,0.641573994867408,0.42000000000000004,67.77000000000004,0.45180000000000026,0.005546018750825303,0.8948897398653114,5.307794411749415e-05
20,3.0,0.13,153.0,0.01283147989734816,0.6544054747647561,0.39,68.16000000000004,0.44549019607843166,0.005149874554337781,0.9000396144196492,5.900706064576561e-05
23,3.0,0.13,156.0,0.01283147989734816,0.6672369546621042,0.39,68.55000000000004,0.4394230769230772,0.005149874554337781,0.905189488973987,5.900706064576561e-05
58,3.0,0.12,159.0,0.01283147989734816,0.6800684345594523,0.36,68.91000000000004,0.43339622641509457,0.004753730357850259,0.9099432193318372,6.525003762285856e-05
72,3.0,0.12,162.0,0.01283147989734816,0.6928999144568004,0.36,69.27000000000004,0.42759259259259286,0.004753730357850259,0.9146969496896874,6.525003762285856e-05
70,3.0,0.12,165.0,0.01283147989734816,0.7057313943541486,0.36,69.63000000000004,0.4220000000000002,0.004753730357850259,0.9194506800475376,6.525003762285856e-05
73,3.0,0.11,168.0,0.01283147989734816,0.7185628742514967,0.33,69.96000000000004,0.41642857142857165,0.0043575861613627375,0.9238082662089003,7.1806875048773e-05
9,3.0,0.11,171.0,0.01283147989734816,0.7313943541488448,0.33,70.29000000000003,0.41105263157894756,0.0043575861613627375,0.9281658523702631,7.1806875048773e-05
25,3.0,0.11,174.0,0.01283147989734816,0.7442258340461929,0.33,70.62000000000003,0.4058620689655174,0.0043575861613627375,0.9325234385316258,7.1806875048773e-05
76,3.0,0.11,177.0,0.01283147989734816,0.757057313943541,0.33,70.95000000000003,0.4008474576271188,0.0043575861613627375,0.9368810246929885,7.1806875048773e-05
26,3.0,0.11,180.0,0.01283147989734816,0.7698887938408892,0.33,71.28000000000003,0.3960000000000002,0.0043575861613627375,0.9412386108543512,7.1806875048773e-05
62,3.0,0.11,183.0,0.01283147989734816,0.7827202737382373,0.33,71.61000000000003,0.39131147540983624,0.0043575861613627375,0.945596197015714,7.1806875048773e-05
74,3.0,0.1,186.0,0.01283147989734816,0.7955517536355854,0.30000000000000004,71.91000000000003,0.3866129032258066,0.003961441964875217,0.9495576389805892,7.86775729235089e-05
78,2.8000000000000114,0.1,188.8,0.011976047904191664,0.8075278015397771,0.28000000000000114,72.19000000000003,0.3823622881355933,0.0036973458338835498,0.9532549848144728,6.853690796892387e-05
63,3.0,0.1,191.8,0.01283147989734816,0.8203592814371252,0.30000000000000004,72.49000000000002,0.37794577685088643,0.003961441964875217,0.957216426779348,7.86775729235089e-05
11,3.0,0.1,194.8,0.01283147989734816,0.8331907613344733,0.30000000000000004,72.79000000000002,0.37366529774127316,0.003961441964875217,0.9611778687442233,7.86775729235089e-05
3,3.0,0.09,197.8,0.01283147989734816,0.8460222412318215,0.27,73.06000000000002,0.36936299292214364,0.0035652977683876944,0.9647431665126109,8.586213124706631e-05
66,3.0,0.09,200.8,0.01283147989734816,0.8588537211291696,0.27,73.33000000000001,0.36518924302788847,0.0035652977683876944,0.9683084642809986,8.586213124706631e-05
22,3.0,0.09,203.8,0.01283147989734816,0.8716852010265177,0.27,73.60000000000001,0.36113837095191365,0.0035652977683876944,0.9718737620493862,8.586213124706631e-05
18,3.0,0.08,206.8,0.01283147989734816,0.8845166809238658,0.24,73.84,0.35705996131528045,0.0031691535719001727,0.9750429156212864,9.33605500194452e-05
6,3.0,0.08,209.8,0.01283147989734816,0.8973481608212139,0.24,74.08,0.3530981887511916,0.0031691535719001727,0.9782120691931866,9.33605500194452e-05
21,3.0,0.08,212.8,0.01283147989734816,0.910179640718562,0.24,74.32,0.3492481203007518,0.0031691535719001727,0.9813812227650868,9.33605500194452e-05
4,3.0,0.08,215.8,0.01283147989734816,0.9230111206159102,0.24,74.55999999999999,0.34550509731232615,0.0031691535719001727,0.9845503763369869,9.33605500194452e-05
15,3.0,0.07,218.8,0.01283147989734816,0.9358426005132583,0.21000000000000002,74.76999999999998,0.3417276051188299,0.0027730093754126514,0.9873233857123996,0.00010117282924064559
16,3.0,0.07,221.8,0.01283147989734816,0.9486740804106064,0.21000000000000002,74.97999999999998,0.3380522993688006,0.0027730093754126514,0.9900963950878123,0.00010117282924064559
5,3.0,0.07,224.8,0.01283147989734816,0.9615055603079545,0.21000000000000002,75.18999999999997,0.3344750889679714,0.0027730093754126514,0.992869404463225,0.00010117282924064559
7,3.0,0.07,227.8,0.01283147989734816,0.9743370402053027,0.21000000000000002,75.39999999999996,0.3309920983318699,0.0027730093754126514,0.9956424138386377,0.00010117282924064559
10,3.0,0.06,230.8,0.01283147989734816,0.9871685201026508,0.18,75.57999999999997,0.32746967071057176,0.0023768651789251296,0.9980192790175628,0.00010929896891066746
75,3.0,0.05,233.8,0.01283147989734816,0.9999999999999989,0.15000000000000002,75.72999999999998,0.3239093242087253,0.0019807209824376083,1.0000000000000004,0.00011773896902951084
