,weight,grade,cml_weight,weight_pct,cml_weight_pct,yield,cml_yield,cml_grade,recovery,cml_recovery,distributional_heterogeneity
4,3.0,0.8,3.0,0.06342494714587739,0.06342494714587739,2.4000000000000004,2.4000000000000004,0.8000000000000002,0.30592734225621415,0.30592734225621415,0.05880741163424988
0,3.3000000000000007,0.35,6.300000000000001,0.06976744186046513,0.1331923890063425,1.1550000000000002,3.5550000000000006,0.5642857142857143,0.14722753346080308,0.45315487571701724,0.006000065790732742
14,3.0,0.3,9.3,0.06342494714587739,0.19661733615221988,0.8999999999999999,4.455,0.4790322580645161,0.11472275334608029,0.5678776290630976,0.0026314649209535756
1,3.0,0.26,12.3,0.06342494714587739,0.26004228329809725,0.78,5.235,0.42560975609756097,0.09942638623326959,0.6673040152963672,0.0012961036163632114
6,3.0,0.2,15.3,0.06342494714587739,0.32346723044397463,0.6000000000000001,5.835000000000001,0.3813725490196079,0.07648183556405354,0.7437858508604207,0.00017048233516470243
3,3.0,0.19,18.3,0.06342494714587739,0.386892177589852,0.5700000000000001,6.405000000000001,0.35000000000000003,0.07265774378585087,0.8164435946462716,8.524453379510537e-05
12,3.0,0.1,21.3,0.06342494714587739,0.4503171247357294,0.30000000000000004,6.705000000000001,0.3147887323943662,0.03824091778202677,0.8546845124282983,0.0006342353349992902
9,3.0,0.07,24.3,0.06342494714587739,0.5137420718816068,0.21000000000000002,6.915000000000001,0.28456790123456793,0.02676864244741874,0.8814531548757171,0.0013436846741462416
5,3.0,0.06,27.3,0.06342494714587739,0.5771670190274842,0.18,7.095000000000001,0.2598901098901099,0.02294455066921606,0.9043977055449332,0.0016386624989076948
7,3.0,0.05,30.3,0.06342494714587739,0.6405919661733617,0.15000000000000002,7.245000000000001,0.23910891089108913,0.019120458891013385,0.9235181644359466,0.001962887679525382
8,3.0,0.04,33.3,0.06342494714587739,0.7040169133192391,0.12,7.365000000000001,0.22117117117117122,0.015296367112810705,0.9388145315487573,0.0023163602159993043
10,3.0,0.04,36.3,0.06342494714587739,0.7674418604651165,0.12,7.485000000000001,0.20619834710743806,0.015296367112810705,0.954110898661568,0.0023163602159993043
11,3.0,0.04,39.3,0.06342494714587739,0.830866807610994,0.12,7.605000000000001,0.19351145038167944,0.015296367112810705,0.9694072657743786,0.0023163602159993043
2,3.0,0.03,42.3,0.06342494714587739,0.8942917547568714,0.09,7.695000000000001,0.18191489361702132,0.01147227533460803,0.9808795411089867,0.002699080108329462
13,3.0,0.03,45.3,0.06342494714587739,0.9577167019027488,0.09,7.785000000000001,0.17185430463576162,0.01147227533460803,0.9923518164435947,0.002699080108329462
15,2.0,0.03,47.3,0.042283298097251586,1.0000000000000004,0.06,7.845000000000001,0.16585623678646938,0.007648183556405353,1.0,0.0011995911592575386
