,weight,grade,cml_weight,weight_pct,cml_weight_pct,yield,cml_yield,cml_grade,recovery,cml_recovery,distributional_heterogeneity
6,3.099999999999998,0.1,3.099999999999998,0.11524163568773227,0.11524163568773227,0.30999999999999983,0.30999999999999983,0.10000000000000002,0.2093038957531563,0.2093038957531563,0.00884770876861546
5,3.0,0.08,6.099999999999998,0.11152416356877325,0.22676579925650553,0.24,0.5499999999999998,0.09016393442622951,0.16204172574437917,0.37134562149753547,0.0025520240881662104
8,3.1000000000000014,0.07,9.2,0.11524163568773241,0.3420074349442379,0.2170000000000001,0.7669999999999999,0.0833695652173913,0.14651272702720958,0.517858348524745,0.000977881153561924
4,3.1000000000000014,0.06,12.3,0.11524163568773241,0.4572490706319703,0.18600000000000008,0.953,0.07747967479674796,0.1255823374518939,0.6434406859766388,0.00010693011297533275
7,3.0,0.06,15.3,0.11152416356877325,0.5687732342007435,0.18,1.133,0.07405228758169935,0.12153129430828437,0.7649719802849232,0.00010014266563766846
2,3.0,0.05,18.3,0.11152416356877325,0.6802973977695168,0.15000000000000002,1.283,0.07010928961748633,0.10127607859023699,0.8662480588751602,0.00010502324572730054
3,3.0,0.04,21.3,0.11152416356877325,0.7918215613382901,0.12,1.403,0.06586854460093897,0.08102086287218958,0.9472689217473498,0.0009304513533862012
1,2.5,0.03,23.8,0.0929368029739777,0.8847583643122677,0.075,1.478,0.06210084033613445,0.05063803929511849,0.9979069610424682,0.0017891854087599794
0,3.0999999999999996,0.001,26.9,0.11524163568773234,1.0,0.0031,1.4811,0.055059479553903355,0.002093038957531564,0.9999999999999998,0.0128026049420136
