,weight,grade,cml_weight,weight_pct,cml_weight_pct,yield,cml_yield,cml_grade,recovery,cml_recovery,distributional_heterogeneity
1,3.0,0.51,3.0,0.020804438280166433,0.020804438280166433,1.53,1.53,0.51,0.04092222103348669,0.04092222103348669,0.00040472518290979006
43,3.0,0.43,6.0,0.020804438280166433,0.041608876560332866,1.29,2.8200000000000003,0.47000000000000003,0.03450304910666525,0.07542527014015193,0.00018765193857587053
7,3.0,0.42,9.0,0.020804438280166433,0.0624133148404993,1.26,4.08,0.45333333333333337,0.033700652615812565,0.1091259227559645,0.00016631234419092487
0,3.0,0.41,12.0,0.020804438280166433,0.08321775312066573,1.23,5.3100000000000005,0.44250000000000006,0.03289825612495989,0.1420241788809244,0.00014626043006304458
29,3.0,0.41,15.0,0.020804438280166433,0.10402219140083216,1.23,6.540000000000001,0.43600000000000005,0.03289825612495989,0.17492243500588428,0.00014626043006304458
8,3.0,0.4,18.0,0.020804438280166433,0.12482662968099859,1.2000000000000002,7.740000000000001,0.43000000000000005,0.032095859634107216,0.2070182946399915,0.00012749619619222975
37,3.0,0.39,21.0,0.020804438280166433,0.145631067961165,1.17,8.91,0.42428571428571427,0.03129346314325453,0.23831175778324604,0.00011001964257848026
9,3.0,0.38,24.0,0.020804438280166433,0.16643550624133144,1.1400000000000001,10.05,0.41875,0.030491066652401852,0.2688028244356479,9.383076922179612e-05
4,3.0,0.37,27.0,0.020804438280166433,0.18723994452149786,1.1099999999999999,11.16,0.41333333333333333,0.029688670161549163,0.29849149459719704,7.892957612217739e-05
28,3.0,0.36,30.0,0.020804438280166433,0.2080443828016643,1.08,12.24,0.40800000000000003,0.02888627367069649,0.32737776826789355,6.531606327962406e-05
15,3.0,0.36,33.0,0.020804438280166433,0.22884882108183072,1.08,13.32,0.4036363636363636,0.02888627367069649,0.35626404193859007,6.531606327962406e-05
18,2.5,0.35,35.5,0.017337031900138695,0.2461858529819694,0.875,14.195,0.39985915492957746,0.023403230983203172,0.37966727292179325,3.67987713153723e-05
11,3.0,0.34,38.5,0.020804438280166433,0.26699029126213586,1.02,15.215,0.3951948051948052,0.02728148068899113,0.40694875361078436,4.195207836571361e-05
3,3.0000000000000018,0.31,41.5,0.020804438280166447,0.2877947295423023,0.9300000000000005,16.145,0.38903614457831326,0.0248742912164331,0.43182304482721745,1.6563702922838318e-05
10,3.0,0.3,44.5,0.020804438280166433,0.3085991678224687,0.8999999999999999,17.044999999999998,0.3830337078651685,0.024071894725580405,0.45589493955279786,1.067627162267731e-05
41,3.0,0.3,47.5,0.020804438280166433,0.32940360610263514,0.8999999999999999,17.944999999999997,0.37778947368421045,0.024071894725580405,0.4799668342783783,1.067627162267731e-05
2,3.0,0.3,50.5,0.020804438280166433,0.35020804438280156,0.8999999999999999,18.844999999999995,0.37316831683168306,0.024071894725580405,0.5040387290039586,1.067627162267731e-05
44,3.0,0.28,53.5,0.020804438280166433,0.371012482662968,0.8400000000000001,19.684999999999995,0.3679439252336448,0.022467101743875048,0.5265058307478336,2.764449793551528e-06
13,3.0,0.27,56.5,0.020804438280166433,0.3918169209431344,0.81,20.494999999999994,0.3627433628318583,0.021664705253022366,0.548170536000856,7.400592645867121e-07
34,3.0,0.27,59.5,0.020804438280166433,0.41262135922330084,0.81,21.304999999999993,0.35806722689075615,0.021664705253022366,0.5698352412538783,7.400592645867121e-07
17,2.5,0.27,62.0,0.017337031900138695,0.42995839112343953,0.675,21.979999999999993,0.35451612903225793,0.018053921044185305,0.5878891622980636,5.139300448518834e-07
5,3.0,0.27,65.0,0.020804438280166433,0.45076282940360596,0.81,22.789999999999992,0.3506153846153845,0.021664705253022366,0.609553867551086,7.400592645867121e-07
27,3.0,0.26,68.0,0.020804438280166433,0.4715672676837724,0.78,23.569999999999993,0.3466176470588234,0.020862308762169685,0.6304161763132556,3.3489926872888256e-09
6,3.0,0.26,71.0,0.020804438280166433,0.4923717059639388,0.78,24.349999999999994,0.34295774647887317,0.020862308762169685,0.6512784850754253,3.3489926872888256e-09
35,3.0,0.26,74.0,0.020804438280166433,0.5131761442441053,0.78,25.129999999999995,0.3395945945945945,0.020862308762169685,0.672140793837595,3.3489926872888256e-09
25,3.0,0.25,77.0,0.020804438280166433,0.5339805825242717,0.75,25.879999999999995,0.33610389610389607,0.020059912271317006,0.6922007061089119,5.543189778532585e-07
38,3.0,0.24,80.0,0.020804438280166433,0.5547850208044381,0.72,26.599999999999994,0.3324999999999999,0.019257515780464324,0.7114582218893762,2.392969220084621e-06
30,3.0,0.23,83.0,0.020804438280166433,0.5755894590846046,0.6900000000000001,27.289999999999996,0.3287951807228915,0.018455119289611646,0.7299133411789879,5.519299719381366e-06
36,3.0,0.23,86.0,0.020804438280166433,0.596393897364771,0.6900000000000001,27.979999999999997,0.3253488372093023,0.018455119289611646,0.7483684604685995,5.519299719381366e-06
21,3.0,0.21,89.0,0.020804438280166433,0.6171983356449374,0.63,28.609999999999996,0.32146067415730334,0.016850326307906283,0.7652187867765058,1.5635001489171046e-05
47,3.0,0.19,92.0,0.020804438280166433,0.6380027739251038,0.5700000000000001,29.179999999999996,0.3171739130434782,0.015245533326200926,0.7804643201027067,3.090142428722227e-05
48,1.200000000000017,0.19,93.20000000000002,0.008321775312066692,0.6463245492371705,0.22800000000000326,29.407999999999998,0.3155364806866952,0.006098213330480456,0.7865625334331872,4.944227885955705e-06
16,3.0,0.19,96.20000000000002,0.020804438280166433,0.667128987517337,0.5700000000000001,29.977999999999998,0.31162162162162155,0.015245533326200926,0.8018080667593881,3.090142428722227e-05
23,3.0,0.18,99.20000000000002,0.020804438280166433,0.6879334257975034,0.54,30.517999999999997,0.307641129032258,0.014443136835348244,0.8162512035947364,4.046615607184599e-05
22,3.0,0.18,102.20000000000002,0.020804438280166433,0.7087378640776698,0.54,31.057999999999996,0.30389432485322887,0.014443136835348244,0.8306943404300846,4.046615607184599e-05
39,3.0,0.18,105.20000000000002,0.020804438280166433,0.7295423023578362,0.54,31.597999999999995,0.3003612167300379,0.014443136835348244,0.8451374772654329,4.046615607184599e-05
14,3.0,0.18,108.20000000000002,0.020804438280166433,0.7503467406380027,0.54,32.138,0.2970240295748613,0.014443136835348244,0.8595806141007811,4.046615607184599e-05
19,2.999999999999993,0.17,111.20000000000002,0.020804438280166385,0.7711511789181691,0.5099999999999988,32.647999999999996,0.2935971223021582,0.013640740344495531,0.8732213544452767,5.131856811353482e-05
24,3.0,0.16,114.20000000000002,0.020804438280166433,0.7919556171983355,0.48,33.12799999999999,0.2900875656742556,0.012838343853642882,0.8860596982989196,6.345866041228955e-05
31,3.0,0.16,117.20000000000002,0.020804438280166433,0.8127600554785019,0.48,33.60799999999999,0.28675767918088724,0.012838343853642882,0.8988980421525625,6.345866041228955e-05
20,3.0,0.16,120.20000000000002,0.020804438280166433,0.8335644937586684,0.48,34.08799999999999,0.28359400998336093,0.012838343853642882,0.9117363860062054,6.345866041228955e-05
42,3.0,0.16,123.20000000000002,0.020804438280166433,0.8543689320388348,0.48,34.567999999999984,0.28058441558441544,0.012838343853642882,0.9245747298598483,6.345866041228955e-05
12,3.0,0.15,126.20000000000002,0.020804438280166433,0.8751733703190012,0.44999999999999996,35.01799999999999,0.27748019017432635,0.012035947362790202,0.9366106772226386,7.688643296810944e-05
40,3.0,0.15,129.20000000000002,0.020804438280166433,0.8959778085991676,0.44999999999999996,35.46799999999999,0.27452012383900914,0.012035947362790202,0.9486466245854288,7.688643296810944e-05
33,3.0,0.15,132.20000000000002,0.020804438280166433,0.9167822468793341,0.44999999999999996,35.91799999999999,0.2716944024205748,0.012035947362790202,0.960682571948219,7.688643296810944e-05
46,3.0,0.14,135.20000000000002,0.020804438280166433,0.9375866851595005,0.42000000000000004,36.337999999999994,0.26877218934911234,0.011233550871937524,0.9719161228201566,9.160188578099467e-05
45,3.0,0.12,138.20000000000002,0.020804438280166433,0.9583911234396669,0.36,36.69799999999999,0.2655426917510853,0.009628757890232162,0.9815448807103888,0.00012489583217796142
26,3.0,0.12,141.20000000000002,0.020804438280166433,0.9791955617198334,0.36,37.05799999999999,0.26245042492917836,0.009628757890232162,0.991173638600621,0.00012489583217796142
32,3.0,0.11,144.20000000000002,0.020804438280166433,0.9999999999999998,0.33,37.38799999999999,0.25927877947295414,0.008826361399379482,1.0000000000000004,0.00014347432576204287
