,weight,grade,cml_weight,weight_pct,cml_weight_pct,yield,cml_yield,cml_grade,recovery,cml_recovery,distributional_heterogeneity
5,3.0,0.46,3.0,0.020604395604395604,0.020604395604395604,1.3800000000000001,1.3800000000000001,0.46,0.03680196277134782,0.03680196277134782,0.0002623611821279283
22,3.0,0.45,6.0,0.020604395604395604,0.04120879120879121,1.35,2.7300000000000004,0.45500000000000007,0.03600192010240547,0.07280388287375329,0.00023708376066681406
21,3.0,0.39,9.0,0.020604395604395604,0.061813186813186816,1.17,3.9000000000000004,0.43333333333333335,0.031201664088751406,0.10400554696250469,0.0001123020993295208
27,3.0,0.36,12.0,0.020604395604395604,0.08241758241758242,1.08,4.98,0.41500000000000004,0.02880153608192438,0.13280708304442906,6.719311200834062e-05
18,3.0,0.36,15.0,0.020604395604395604,0.10302197802197802,1.08,6.0600000000000005,0.404,0.02880153608192438,0.16160861912635344,6.719311200834062e-05
41,3.0,0.34,18.0,0.020604395604395604,0.12362637362637362,1.02,7.08,0.3933333333333333,0.02720145074403969,0.18881006987039312,4.352113651550446e-05
38,3.0,0.34,21.0,0.020604395604395604,0.14423076923076922,1.02,8.1,0.3857142857142857,0.02720145074403969,0.2160115206144328,4.352113651550446e-05
16,3.0,0.34,24.0,0.020604395604395604,0.16483516483516483,1.02,9.12,0.37999999999999995,0.02720145074403969,0.24321297135847247,4.352113651550446e-05
2,3.0,0.33,27.0,0.020604395604395604,0.18543956043956045,0.99,10.11,0.3744444444444444,0.026401408075097346,0.2696143794335698,3.360535358547152e-05
15,3.0,0.33,30.0,0.020604395604395604,0.20604395604395606,0.99,11.1,0.37,0.026401408075097346,0.29601578750866714,3.360535358547152e-05
42,3.0,0.32,33.0,0.020604395604395604,0.22664835164835168,0.96,12.059999999999999,0.3654545454545454,0.025601365406155,0.3216171529148221,2.496970719969535e-05
1,3.0,0.31,36.0,0.020604395604395604,0.2472527472527473,0.9299999999999999,12.989999999999998,0.3608333333333333,0.024801322737212656,0.34641847565203476,1.761419735817597e-05
14,3.0,0.3,39.0,0.020604395604395604,0.2678571428571429,0.8999999999999999,13.889999999999999,0.3561538461538461,0.024001280068270313,0.37041975572030506,1.1538824060913367e-05
0,3.0,0.3,42.0,0.020604395604395604,0.2884615384615385,0.8999999999999999,14.79,0.35214285714285715,0.024001280068270313,0.39442103578857535,1.1538824060913367e-05
9,3.0,0.3,45.0,0.020604395604395604,0.3090659340659341,0.8999999999999999,15.69,0.3486666666666667,0.024001280068270313,0.41842231585684564,1.1538824060913367e-05
33,3.0,0.3,48.0,0.020604395604395604,0.32967032967032966,0.8999999999999999,16.59,0.345625,0.024001280068270313,0.44242359592511593,1.1538824060913367e-05
20,3.0,0.29,51.0,0.020604395604395604,0.35027472527472525,0.8699999999999999,17.46,0.3423529411764706,0.023201237399327966,0.4656248333244439,6.743587307907541e-06
17,3.0,0.28,54.0,0.020604395604395604,0.37087912087912084,0.8400000000000001,18.3,0.3388888888888889,0.02240119473038563,0.48802602805482953,3.2284870991585137e-06
28,3.0,0.27,57.0,0.020604395604395604,0.3914835164835164,0.81,19.11,0.3352631578947368,0.021601152061443283,0.5096271801162728,9.935234346662418e-07
10,3.0,0.27,60.0,0.020604395604395604,0.412087912087912,0.81,19.919999999999998,0.33199999999999996,0.021601152061443283,0.5312283321777161,9.935234346662418e-07
36,3.0,0.27,63.0,0.020604395604395604,0.4326923076923076,0.81,20.729999999999997,0.329047619047619,0.021601152061443283,0.5528294842391595,9.935234346662418e-07
32,3.0,0.25,66.0,0.020604395604395604,0.4532967032967032,0.75,21.479999999999997,0.3254545454545454,0.020001066723558596,0.5728305509627181,3.640057384520391e-07
24,3.0,0.25,69.0,0.020604395604395604,0.47390109890109877,0.75,22.229999999999997,0.3221739130434782,0.020001066723558596,0.5928316176862767,3.640057384520391e-07
11,3.0,0.25,72.0,0.020604395604395604,0.49450549450549436,0.75,22.979999999999997,0.3191666666666666,0.020001066723558596,0.6128326844098353,3.640057384520391e-07
13,3.000000000000007,0.24,75.0,0.020604395604395653,0.5151098901098901,0.7200000000000016,23.7,0.316,0.019201024054616295,0.6320337084644516,1.969451706730117e-06
6,3.0,0.24,78.0,0.020604395604395604,0.5357142857142857,0.72,24.419999999999998,0.31307692307692303,0.01920102405461625,0.6512347325190678,1.9694517067301076e-06
30,3.0,0.24,81.0,0.020604395604395604,0.5563186813186813,0.72,25.139999999999997,0.31037037037037035,0.01920102405461625,0.670435756573684,1.9694517067301076e-06
23,3.0,0.24,84.0,0.020604395604395604,0.576923076923077,0.72,25.859999999999996,0.30785714285714283,0.01920102405461625,0.6896367806283002,1.9694517067301076e-06
4,3.0,0.24,87.0,0.020604395604395604,0.5975274725274726,0.72,26.579999999999995,0.3055172413793103,0.01920102405461625,0.7088378046829165,1.9694517067301076e-06
26,3.0,0.23,90.0,0.020604395604395604,0.6181318681318683,0.6900000000000001,27.269999999999996,0.30299999999999994,0.01840098138567391,0.7272387860685904,4.855034219264947e-06
37,3.0,0.23,93.0,0.020604395604395604,0.6387362637362639,0.6900000000000001,27.959999999999997,0.30064516129032254,0.01840098138567391,0.7456397674542643,4.855034219264947e-06
25,3.0,0.23,96.0,0.020604395604395604,0.6593406593406596,0.6900000000000001,28.65,0.29843749999999997,0.01840098138567391,0.7640407488399382,4.855034219264947e-06
47,3.0,0.22,99.0,0.020604395604395604,0.6799450549450552,0.66,29.31,0.296060606060606,0.017600938716731563,0.7816416875566697,9.02075327605657e-06
8,3.0,0.22,102.0,0.020604395604395604,0.7005494505494508,0.66,29.97,0.2938235294117647,0.017600938716731563,0.7992426262734013,9.02075327605657e-06
34,3.0,0.22,105.0,0.020604395604395604,0.7211538461538465,0.66,30.63,0.2917142857142857,0.017600938716731563,0.8168435649901328,9.02075327605657e-06
19,3.0,0.21,108.0,0.020604395604395604,0.7417582417582421,0.63,31.259999999999998,0.28944444444444445,0.01680089604778922,0.833644461037922,1.4466608877104975e-05
39,3.0,0.21,111.0,0.020604395604395604,0.7623626373626378,0.63,31.889999999999997,0.28729729729729725,0.01680089604778922,0.8504453570857112,1.4466608877104975e-05
40,3.0,0.21,114.0,0.020604395604395604,0.7829670329670334,0.63,32.519999999999996,0.28526315789473683,0.01680089604778922,0.8672462531335005,1.4466608877104975e-05
46,3.0,0.2,117.0,0.020604395604395604,0.803571428571429,0.6000000000000001,33.12,0.28307692307692306,0.01600085337884688,0.8832471065123473,2.119260102241014e-05
31,3.0,0.19,120.0,0.020604395604395604,0.8241758241758247,0.5700000000000001,33.69,0.28075,0.015200810709904533,0.8984479172222518,2.91987297119721e-05
29,3.0,0.18,123.0,0.020604395604395604,0.8447802197802203,0.54,34.23,0.27829268292682924,0.01440076804096219,0.912848685263214,3.848499494579084e-05
3,3.0,0.18,126.0,0.020604395604395604,0.865384615384616,0.54,34.769999999999996,0.2759523809523809,0.01440076804096219,0.9272494533041763,3.848499494579084e-05
7,3.0,0.17,129.0,0.020604395604395604,0.8859890109890116,0.51,35.279999999999994,0.27348837209302324,0.013600725372019845,0.9408501786761961,4.905139672386634e-05
45,3.0,0.16,132.0,0.020604395604395604,0.9065934065934073,0.48,35.75999999999999,0.2709090909090908,0.0128006827030775,0.9536508613792737,6.089793504619862e-05
35,3.0,0.16,135.0,0.020604395604395604,0.9271978021978029,0.48,36.23999999999999,0.2684444444444444,0.0128006827030775,0.9664515440823512,6.089793504619862e-05
44,3.0,0.15,138.0,0.020604395604395604,0.9478021978021985,0.44999999999999996,36.68999999999999,0.26586956521739125,0.012000640034135156,0.9784521841164864,7.402460991278771e-05
48,1.5999999999999943,0.13,139.6,0.01098901098901095,0.9587912087912095,0.20799999999999927,36.89799999999999,0.2643123209169054,0.005546962504666898,0.9839991466211533,2.9615891705951408e-05
43,3.0,0.12,142.6,0.020604395604395604,0.9793956043956051,0.36,37.25799999999999,0.2612762973352033,0.009600512027308125,0.9935996586484614,0.00012108545377809557
12,3.0,0.08,145.6,0.020604395604395604,1.0000000000000007,0.24,37.49799999999999,0.25754120879120873,0.00640034135153875,1.0000000000000002,0.00020175515721810092
