,weight,grade,cml_weight,weight_pct,cml_weight_pct,yield,cml_yield,cml_grade,recovery,cml_recovery,distributional_heterogeneity
152,1.3000000000000114,6.95,1.3000000000000114,0.002669952762374227,0.002669952762374227,9.03500000000008,9.03500000000008,6.950000000000001,0.06334882873028926,0.06334882873028926,0.003681925988729615
46,0.29999999999999716,4.2,1.6000000000000085,0.0006161429451632719,0.003286095707537499,1.259999999999988,10.295000000000067,6.434375000000008,0.008834479712248256,0.07218330844253751,6.754105921722089e-05
154,1.0,3.4,2.6000000000000085,0.002053809817210926,0.005339905524748424,3.4,13.695000000000068,5.267307692307701,0.023839072239400284,0.09602238068193779,0.0004745976588036557
153,0.6999999999999886,2.85,3.299999999999997,0.0014376668720476249,0.006777572396796049,1.9949999999999677,15.690000000000035,4.754545454545469,0.013987926211059647,0.11001030689299743,0.00015750900947645845
53,0.4000000000000057,2.45,3.700000000000003,0.0008215239268843821,0.007599096323680431,0.980000000000014,16.670000000000048,4.505405405405415,0.006871261998415474,0.11688156889141291,3.659933073413275e-05
34,0.29999999999999716,2.25,4.0,0.0006161429451632719,0.008215239268843703,0.6749999999999936,17.34500000000004,4.33625000000001,0.004732756988704423,0.12161432588011734,1.6946511183480226e-05
150,1.5,2.1,5.5,0.003080714725816389,0.011295953994660091,3.1500000000000004,20.49500000000004,3.7263636363636436,0.022086199280620854,0.1437005251607382,0.000361208443162911
17,3.0,2.05,8.5,0.006161429451632778,0.01745738344629287,6.1499999999999995,26.64500000000004,3.1347058823529457,0.04312067478597404,0.18682119994671223,0.001365985815684026
33,3.0999999999999943,1.6,11.599999999999994,0.0063668104333538585,0.02382419387964673,4.959999999999991,31.60500000000003,2.7245689655172454,0.03477699950218388,0.2215981994488961,0.0008071388429266687
36,3.0,1.5,14.599999999999994,0.006161429451632778,0.029985623331279507,4.5,36.10500000000003,2.4729452054794554,0.03155171325802979,0.2531499127069259,0.0006446665117693861
32,3.0,1.4,17.599999999999994,0.006161429451632778,0.03614705278291228,4.199999999999999,40.305000000000035,2.290056818181821,0.029448265707494464,0.28259817841442036,0.0005422767428073144
48,0.5,1.25,18.099999999999994,0.001026904908605463,0.037173957691517746,0.625,40.930000000000035,2.261325966850831,0.004382182396948582,0.28698036081136896,1.1257887023782106e-05
35,3.0,1.2,21.099999999999994,0.006161429451632778,0.04333538714315052,3.5999999999999996,44.53000000000004,2.1104265402843625,0.025241370606423827,0.3122217314177928,0.0003640441544702892
26,3.0,1.0,24.099999999999994,0.006161429451632778,0.0494968165947833,3.0,47.53000000000004,1.9721991701244834,0.02103447550535319,0.333256206923146,0.00022120749891608833
59,3.0,0.95,27.099999999999994,0.006161429451632778,0.055658246046416074,2.8499999999999996,50.38000000000004,1.8590405904059057,0.01998275173008553,0.3532389586532315,0.00019102894952485437
168,0.6000000000000227,0.88,27.700000000000017,0.0012322858903266022,0.05689053193674268,0.52800000000002,50.90800000000006,1.8378339350180515,0.003702067688942302,0.35694102634217384,6.099822132773403e-06
40,3.0,0.76,30.700000000000017,0.006161429451632778,0.06305196138837546,2.2800000000000002,53.18800000000006,1.7325081433224765,0.01598620138406843,0.37292722772624226,9.652614352437529e-05
61,0.5,0.75,31.200000000000017,0.001026904908605463,0.06407886629698092,0.375,53.56300000000006,1.7167628205128214,0.0026293094381691488,0.3755565371644114,2.567700276366218e-06
63,0.5,0.72,31.700000000000017,0.001026904908605463,0.06510577120558639,0.36,53.92300000000006,1.7010410094637234,0.0025241370606423827,0.37808067422505376,2.2417041170931068e-06
86,0.39999999999997726,0.7,32.099999999999994,0.0008215239268843236,0.06592729513247071,0.27999999999998404,54.203000000000046,1.688566978193148,0.001963217713832853,0.3800438919388866,1.3034647031568737e-06
190,3.0,0.68,35.099999999999994,0.006161429451632778,0.0720887245841035,2.04,56.243000000000045,1.6023646723646738,0.014303443343640171,0.39434733528252675,6.629239021764138e-05
57,3.0,0.68,38.099999999999994,0.006161429451632778,0.07825015403573628,2.04,58.283000000000044,1.5297375328084004,0.014303443343640171,0.40865077862616694,6.629239021764138e-05
183,3.0,0.66,41.099999999999994,0.006161429451632778,0.08441158348736906,1.98,60.26300000000004,1.4662530413625317,0.013882753833533107,0.42253353245970005,5.9618850210528503e-05
31,3.0,0.6,44.099999999999994,0.006161429451632778,0.09057301293900184,1.7999999999999998,62.06300000000004,1.4073242630385498,0.012620685303211913,0.43515421776291197,4.172198615615931e-05
149,1.5,0.54,45.599999999999994,0.003080714725816389,0.09365372766481823,0.81,62.87300000000004,1.3787938596491238,0.005679308386445362,0.44083352614935734,6.752689013061087e-06
21,1.1000000000000014,0.5,46.699999999999996,0.0022591907989320216,0.09591291846375026,0.5500000000000007,63.423000000000044,1.3580942184154186,0.003856320509314757,0.4446898466586721,2.55082331178724e-06
10,3.0,0.5,49.699999999999996,0.006161429451632778,0.10207434791538304,1.5,64.92300000000004,1.306297786720323,0.010517237752676595,0.4552070844113487,1.897306595544223e-05
182,3.0,0.5,52.699999999999996,0.006161429451632778,0.10823577736701583,1.5,66.42300000000004,1.2603984819734355,0.010517237752676595,0.4657243221640253,1.897306595544223e-05
173,3.0,0.48,55.699999999999996,0.006161429451632778,0.11439720681864861,1.44,67.86300000000004,1.2183662477558357,0.01009654824256953,0.4758208704065948,1.548515989878354e-05
58,3.0,0.48,58.699999999999996,0.006161429451632778,0.12055863627028139,1.44,69.30300000000004,1.1806303236797282,0.01009654824256953,0.4859174186491644,1.548515989878354e-05
16,3.0,0.45,61.699999999999996,0.006161429451632778,0.12672006572191416,1.35,70.65300000000003,1.1451053484602924,0.009465513977408937,0.4953829326265733,1.0916974553473464e-05
15,3.0,0.45,64.69999999999999,0.006161429451632778,0.13288149517354694,1.35,72.00300000000003,1.112874806800619,0.009465513977408937,0.5048484466039822,1.0916974553473464e-05
9,3.0,0.44,67.69999999999999,0.006161429451632778,0.13904292462517973,1.32,73.32300000000002,1.083057607090104,0.009255169222355406,0.5141036158263376,9.57122576895089e-06
1,1.5,0.43,69.19999999999999,0.003080714725816389,0.14212363935099612,0.645,73.96800000000002,1.0689017341040468,0.004522412233650936,0.5186260280599885,2.0784917040963446e-06
165,1.0,0.43,70.19999999999999,0.002053809817210926,0.14417744916820704,0.43,74.39800000000002,1.0598005698005704,0.003014941489100624,0.5216409695490891,9.237740907094864e-07
113,1.3999999999999773,0.42,71.59999999999997,0.0028753337440952497,0.14705278291230228,0.5879999999999904,74.98600000000002,1.0472905027932968,0.0041227571990491586,0.5257637267481383,1.5560652759691467e-06
37,3.0,0.42,74.59999999999997,0.006161429451632778,0.15321421236393507,1.26,76.24600000000002,1.0220643431635397,0.008834479712248341,0.5345982064603867,7.145197695776927e-06
191,3.0,0.4,77.59999999999997,0.006161429451632778,0.15937564181556785,1.2000000000000002,77.44600000000003,0.9980154639175266,0.008413790202141279,0.543011996662528,5.073128950431211e-06
43,2.1000000000000085,0.4,79.69999999999997,0.004313000616142962,0.1636886424317108,0.8400000000000034,78.28600000000003,0.9822584692597247,0.0058896531414989175,0.5489016498040269,2.4858331857113133e-06
151,1.1000000000000227,0.38,80.8,0.0022591907989320654,0.16594783323064285,0.41800000000000864,78.70400000000004,0.9740594059405946,0.002930803587079272,0.5518324533911062,4.5106373720286483e-07
50,2.6999999999999886,0.36,83.49999999999999,0.0055452865064694766,0.17149311973711234,0.9719999999999959,79.67600000000003,0.9542035928143718,0.0068151700637344055,0.5586476234548406,1.612604249011829e-06
193,2.1999999999999886,0.36,85.69999999999997,0.004518381597864014,0.17601150133497637,0.7919999999999959,80.46800000000003,0.9389498249708291,0.005553101533413214,0.5642007249882539,1.0706453450229406e-06
62,2.299999999999983,0.36,87.99999999999996,0.004723762579585095,0.18073526391456146,0.8279999999999939,81.29600000000002,0.9238181818181825,0.005805515239477438,0.5700062402277314,1.1701888171841594e-06
24,3.0,0.36,90.99999999999996,0.006161429451632778,0.18689669336619424,1.08,82.37600000000002,0.9052307692307698,0.00757241118192715,0.5775786514096586,1.990869443224497e-06
3,3.0,0.36,93.99999999999996,0.006161429451632778,0.19305812281782703,1.08,83.45600000000002,0.8878297872340432,0.00757241118192715,0.5851510625915858,1.990869443224497e-06
25,3.0,0.35,96.99999999999996,0.006161429451632778,0.1992195522694598,1.0499999999999998,84.50600000000001,0.8711958762886604,0.007362066426873616,0.5925131290184594,1.4415291463154708e-06
185,3.0,0.35,99.99999999999996,0.006161429451632778,0.2053809817210926,1.0499999999999998,85.55600000000001,0.8555600000000004,0.007362066426873616,0.5998751954453331,1.4415291463154708e-06
79,1.5,0.34,101.49999999999996,0.003080714725816389,0.20846169644690898,0.51,86.06600000000002,0.847940886699508,0.0035758608359100427,0.6034510562812431,2.451696703408769e-07
23,1.8000000000000043,0.33,103.29999999999995,0.0036968576709796755,0.21215855411788867,0.5940000000000014,86.66000000000003,0.8389157792836405,0.004164826150059942,0.607615882431303,2.1899449741269794e-07
177,3.0,0.33,106.29999999999995,0.006161429451632778,0.21831998356952145,0.99,87.65000000000002,0.8245531514581379,0.006941376916766553,0.6145572593480696,6.083180483686025e-07
178,3.0,0.32,109.29999999999995,0.006161429451632778,0.22448141302115424,0.96,88.61000000000001,0.8107044830741085,0.006731032161713021,0.6212882915097826,3.2444724733075815e-07
18,3.0,0.32,112.29999999999995,0.006161429451632778,0.23064284247278702,0.96,89.57000000000001,0.7975957257346398,0.006731032161713021,0.6280193236714956,3.2444724733075815e-07
69,3.0,0.3,115.29999999999995,0.006161429451632778,0.2368042719244198,0.8999999999999999,90.47000000000001,0.7846487424111019,0.006310342651605957,0.6343296663231015,2.2175141126252157e-08
134,3.0,0.3,118.29999999999995,0.006161429451632778,0.24296570137605258,0.8999999999999999,91.37000000000002,0.7723584108199497,0.006310342651605957,0.6406400089747074,2.2175141126252157e-08
187,3.0,0.3,121.29999999999995,0.006161429451632778,0.24912713082768537,0.8999999999999999,92.27000000000002,0.7606760098928282,0.006310342651605957,0.6469503516263133,2.2175141126252157e-08
27,3.0,0.3,124.29999999999995,0.006161429451632778,0.2552885602793181,0.8999999999999999,93.17000000000003,0.7495575221238944,0.006310342651605957,0.6532606942779192,2.2175141126252157e-08
83,1.0,0.29,125.29999999999995,0.002053809817210926,0.25734237009652905,0.29,93.46000000000004,0.7458898643256191,0.0020333326321841415,0.6552940269101034,4.193151066211547e-10
184,3.0,0.29,128.29999999999995,0.006161429451632778,0.26350379954816183,0.8699999999999999,94.33000000000004,0.7352299298519102,0.0060999978965524245,0.6613940248066559,3.773835959590392e-09
164,3.0,0.29,131.29999999999995,0.006161429451632778,0.2696652289997946,0.8699999999999999,95.20000000000005,0.7250571210967257,0.0060999978965524245,0.6674940227032083,3.773835959590392e-09
42,2.200000000000003,0.29,133.49999999999994,0.004518381597864043,0.27418361059765867,0.6380000000000008,95.83800000000005,0.7178876404494389,0.004473331790805117,0.6719673544940135,2.029485116046394e-09
169,1.5,0.29,134.99999999999994,0.003080714725816389,0.27726432532347506,0.43499999999999994,96.27300000000005,0.7131333333333341,0.0030499989482762123,0.6750173534422896,9.43458989897598e-10
68,3.0,0.28,137.99999999999994,0.006161429451632778,0.28342575477510784,0.8400000000000001,97.11300000000006,0.7037173913043485,0.005889653141498894,0.6809070065837886,7.386236274998883e-08
146,3.0,0.28,140.99999999999994,0.006161429451632778,0.2895871842267406,0.8400000000000001,97.95300000000006,0.6947021276595752,0.005889653141498894,0.6867966597252875,7.386236274998883e-08
30,3.0,0.28,143.99999999999994,0.006161429451632778,0.2957486136783734,0.8400000000000001,98.79300000000006,0.6860625000000007,0.005889653141498894,0.6926863128667864,7.386236274998883e-08
174,3.0,0.28,146.99999999999994,0.006161429451632778,0.3019100431300062,0.8400000000000001,99.63300000000007,0.6777755102040823,0.005889653141498894,0.6985759660082853,7.386236274998883e-08
56,1.0,0.28,147.99999999999994,0.002053809817210926,0.3039638529472171,0.28,99.91300000000007,0.6750878378378385,0.0019632177138329647,0.7005391837221183,8.206929194443203e-09
172,3.0,0.26,150.99999999999994,0.006161429451632778,0.3101252823988499,0.78,100.69300000000007,0.6668410596026497,0.00546896363139183,0.7060081473535101,4.795089122019685e-07
19,0.29999999999999716,0.26,151.29999999999995,0.0006161429451632719,0.31074142534401317,0.07799999999999926,100.77100000000007,0.6660343688037019,0.0005468963631391779,0.7065550437166493,4.795089122019594e-09
29,3.0,0.26,154.29999999999995,0.006161429451632778,0.31690285479564595,0.78,101.55100000000007,0.6581399870382378,0.00546896363139183,0.7120240073480412,4.795089122019685e-07
180,3.0,0.25,157.29999999999995,0.006161429451632778,0.32306428424727873,0.75,102.30100000000007,0.6503560076287356,0.0052586188763382976,0.7172826262243794,8.150669348635496e-07
142,3.0,0.25,160.29999999999995,0.006161429451632778,0.3292257136989115,0.75,103.05100000000007,0.642863381160325,0.0052586188763382976,0.7225412451007177,8.150669348635496e-07
39,3.0,0.25,163.29999999999995,0.006161429451632778,0.3353871431505443,0.75,103.80100000000007,0.6356460502143301,0.0052586188763382976,0.727799863977056,8.150669348635496e-07
170,3.0,0.25,166.29999999999995,0.006161429451632778,0.3415485726021771,0.75,104.55100000000007,0.6286891160553223,0.0052586188763382976,0.7330584828533943,8.150669348635496e-07
60,1.3000000000000114,0.25,167.59999999999997,0.002669952762374227,0.34421852536455133,0.32500000000000284,104.87600000000008,0.6257517899761342,0.0022787348464132825,0.7353372176998075,1.5305145776882476e-07
167,0.39999999999997726,0.25,167.99999999999994,0.0008215239268843236,0.34504004929143567,0.09999999999999432,104.97600000000007,0.6248571428571434,0.0007011491835117332,0.7360383668833193,1.4490078842017013e-08
65,3.0,0.24,170.99999999999994,0.006161429451632778,0.35120147874306845,0.72,105.69600000000007,0.6181052631578954,0.005048274121284765,0.741086641004604,1.2391147894821914e-06
186,3.0,0.23,173.99999999999994,0.006161429451632778,0.35736290819470123,0.6900000000000001,106.38600000000007,0.6114137931034489,0.004837929366231234,0.7459245703708353,1.7516524760578929e-06
143,3.0,0.23,176.99999999999994,0.006161429451632778,0.363524337646334,0.6900000000000001,107.07600000000006,0.6049491525423735,0.004837929366231234,0.7507624997370665,1.7516524760578929e-06
2,3.0,0.23,179.99999999999994,0.006161429451632778,0.3696857670979668,0.6900000000000001,107.76600000000006,0.5987000000000006,0.004837929366231234,0.7556004291032978,1.7516524760578929e-06
54,1.0999999999999943,0.22,181.09999999999994,0.002259190798932007,0.3719449578968988,0.24199999999999874,108.00800000000007,0.5963997791275544,0.001696781024098482,0.7572972101273964,3.163047548282961e-07
22,0.8999999999999986,0.22,181.99999999999994,0.0018484288354898304,0.37379338673238865,0.19799999999999968,108.20600000000006,0.594538461538462,0.0013882753833533083,0.7586854855107497,2.1174119951315836e-07
144,3.0,0.22,184.99999999999994,0.006161429451632778,0.37995481618402144,0.66,108.86600000000006,0.5884648648648654,0.004627584611177703,0.7633130701219274,2.3526799945906564e-06
192,3.0,0.22,187.99999999999994,0.006161429451632778,0.3861162456356542,0.66,109.52600000000005,0.5825851063829792,0.004627584611177703,0.7679406547331051,2.3526799945906564e-06
171,3.0,0.22,190.99999999999994,0.006161429451632778,0.392277675087287,0.66,110.18600000000005,0.5768900523560214,0.004627584611177703,0.7725682393442829,2.3526799945906564e-06
55,0.5,0.2,191.49999999999994,0.001026904908605463,0.39330457999589247,0.1,110.28600000000004,0.5759060052219325,0.0007011491835117731,0.7732693885277946,1.0611679243131565e-07
49,3.0,0.2,194.49999999999994,0.006161429451632778,0.39946600944752525,0.6000000000000001,110.88600000000004,0.5701079691516713,0.004206895101070639,0.7774762836288652,3.820204527527363e-06
41,3.0,0.19,197.49999999999994,0.006161429451632778,0.40562743889915803,0.5700000000000001,111.45600000000003,0.5643341772151902,0.003996550346017107,0.7814728339748823,4.686701541931309e-06
160,3.0,0.19,200.49999999999994,0.006161429451632778,0.4117888683507908,0.5700000000000001,112.02600000000002,0.5587331670822946,0.003996550346017107,0.7854693843208994,4.686701541931309e-06
51,0.5,0.19,200.99999999999994,0.001026904908605463,0.4128157732593963,0.095,112.12100000000002,0.5578159203980102,0.0006660917243361844,0.7861354760452356,1.3018615394253636e-07
44,0.7999999999999972,0.18,201.79999999999995,0.0016430478537687349,0.414458821113165,0.1439999999999995,112.26500000000003,0.5563181367690786,0.0010096548242569496,0.7871451308694926,4.0118672983411734e-07
64,3.0,0.18,204.79999999999995,0.006161429451632778,0.4206202505647978,0.54,112.80500000000004,0.5508056640625003,0.003786205590963575,0.7909313364604561,5.641688388292315e-06
175,3.0,0.18,207.79999999999995,0.006161429451632778,0.4267816800164306,0.54,113.34500000000004,0.545452358036574,0.003786205590963575,0.7947175420514196,5.641688388292315e-06
155,0.6999999999999886,0.18,208.49999999999994,0.0014376668720476249,0.4282193468884782,0.12599999999999795,113.47100000000005,0.544225419664269,0.0008834479712248196,0.7956009900226445,3.0715859002923823e-07
104,3.0,0.18,211.49999999999994,0.006161429451632778,0.43438077634011096,0.54,114.01100000000005,0.5390591016548467,0.003786205590963575,0.799387195613608,5.641688388292315e-06
7,3.0,0.18,214.49999999999994,0.006161429451632778,0.44054220579174375,0.54,114.55100000000006,0.5340372960372964,0.003786205590963575,0.8031734012045716,5.641688388292315e-06
166,2.6000000000000227,0.18,217.09999999999997,0.005339905524748454,0.4458821113164922,0.4680000000000041,115.01900000000006,0.5297973284200833,0.0032813781788351266,0.8064547793834067,4.237534833872968e-06
139,3.0,0.17,220.09999999999997,0.006161429451632778,0.452043540768125,0.51,115.52900000000007,0.5248932303498414,0.0035758608359100427,0.8100306402193167,6.68516506661038e-06
157,3.0,0.17,223.09999999999997,0.006161429451632778,0.45820497021975776,0.51,116.03900000000007,0.5201210219632456,0.0035758608359100427,0.8136065010552267,6.68516506661038e-06
189,3.0,0.16,226.09999999999997,0.006161429451632778,0.46436639967139054,0.48,116.51900000000008,0.5153427686864224,0.0033655160808565105,0.8169720171360833,7.817131576885509e-06
158,3.0,0.16,229.09999999999997,0.006161429451632778,0.4705278291230233,0.48,116.99900000000008,0.5106896551724143,0.0033655160808565105,0.8203375332169398,7.817131576885509e-06
101,2.0999999999999943,0.16,231.19999999999996,0.004313000616142933,0.47484082973916625,0.3359999999999991,117.33500000000008,0.507504325259516,0.002355861256599551,0.8226933944735394,3.830394472673878e-06
72,3.0,0.16,234.19999999999996,0.006161429451632778,0.48100225919079903,0.48,117.81500000000008,0.5030529461998297,0.0033655160808565105,0.826058910554396,7.817131576885509e-06
70,3.0,0.16,237.19999999999996,0.006161429451632778,0.4871636886424318,0.48,118.29500000000009,0.49871416526138324,0.0033655160808565105,0.8294244266352525,7.817131576885509e-06
141,3.0,0.16,240.19999999999996,0.006161429451632778,0.4933251180940646,0.48,118.77500000000009,0.4944837635303918,0.0033655160808565105,0.8327899427161091,7.817131576885509e-06
38,3.0,0.16,243.19999999999996,0.006161429451632778,0.4994865475456974,0.48,119.2550000000001,0.4903577302631584,0.0033655160808565105,0.8361554587969656,7.817131576885509e-06
135,3.0,0.16,246.19999999999996,0.006161429451632778,0.5056479769973301,0.48,119.7350000000001,0.4863322502030874,0.0033655160808565105,0.8395209748778222,7.817131576885509e-06
110,3.0,0.16,249.19999999999996,0.006161429451632778,0.5118094064489629,0.48,120.2150000000001,0.48240369181380466,0.0033655160808565105,0.8428864909586787,7.817131576885509e-06
66,3.0,0.16,252.19999999999996,0.006161429451632778,0.5179708359005957,0.48,120.6950000000001,0.478568596352102,0.0033655160808565105,0.8462520070395353,7.817131576885509e-06
145,3.0,0.15,255.19999999999996,0.006161429451632778,0.5241322653522285,0.44999999999999996,121.14500000000011,0.47470611285266506,0.0031551713258029784,0.8494071783653383,9.037587919117696e-06
162,3.0,0.15,258.19999999999993,0.006161429451632778,0.5302936948038612,0.44999999999999996,121.59500000000011,0.4709333849728898,0.0031551713258029784,0.8525623496911413,9.037587919117696e-06
137,3.0,0.15,261.19999999999993,0.006161429451632778,0.536455124255494,0.44999999999999996,122.04500000000012,0.4672473200612563,0.0031551713258029784,0.8557175210169443,9.037587919117696e-06
136,3.0,0.15,264.19999999999993,0.006161429451632778,0.5426165537071268,0.44999999999999996,122.49500000000012,0.46364496593489835,0.0031551713258029784,0.8588726923427473,9.037587919117696e-06
0,1.5,0.15,265.69999999999993,0.003080714725816389,0.5456972684329432,0.22499999999999998,122.72000000000011,0.4618742943168993,0.0015775856629014892,0.8604502780056488,2.259396979779424e-06
20,3.0,0.15,268.69999999999993,0.006161429451632778,0.551858697884576,0.44999999999999996,123.17000000000012,0.4583922590249354,0.0031551713258029784,0.8636054493314518,9.037587919117696e-06
98,2.1999999999999886,0.15,270.8999999999999,0.004518381597864014,0.55637707948244,0.3299999999999983,123.50000000000011,0.45588778146917736,0.0023137923055888392,0.8659192416370406,4.860213947614355e-06
47,1.0,0.15,271.8999999999999,0.002053809817210926,0.5584308892996509,0.15,123.65000000000012,0.45476278043398366,0.0010517237752676596,0.8669709654123082,1.0041764354575217e-06
28,3.0,0.15,274.8999999999999,0.006161429451632778,0.5645923187512837,0.44999999999999996,124.10000000000012,0.45143688614041527,0.0031551713258029784,0.8701261367381112,9.037587919117696e-06
71,3.0,0.14,277.8999999999999,0.006161429451632778,0.5707537482029165,0.42000000000000004,124.52000000000012,0.44807484706729095,0.002944826570749447,0.8730709633088607,1.0346534093306942e-05
159,3.0,0.14,280.8999999999999,0.006161429451632778,0.5769151776545492,0.42000000000000004,124.94000000000013,0.44478462086151715,0.002944826570749447,0.8760157898796102,1.0346534093306942e-05
179,3.0,0.14,283.8999999999999,0.006161429451632778,0.583076607106182,0.42000000000000004,125.36000000000013,0.4415639309616068,0.002944826570749447,0.8789606164503596,1.0346534093306942e-05
106,3.0,0.14,286.8999999999999,0.006161429451632778,0.5892380365578148,0.42000000000000004,125.78000000000013,0.43841059602649063,0.002944826570749447,0.8819054430211091,1.0346534093306942e-05
140,3.0,0.14,289.8999999999999,0.006161429451632778,0.5953994660094476,0.42000000000000004,126.20000000000013,0.43532252500862423,0.002944826570749447,0.8848502695918585,1.0346534093306942e-05
90,3.0,0.14,292.8999999999999,0.006161429451632778,0.6015608954610804,0.42000000000000004,126.62000000000013,0.43229771252987426,0.002944826570749447,0.887795096162608,1.0346534093306942e-05
105,3.0,0.14,295.8999999999999,0.006161429451632778,0.6077223249127132,0.42000000000000004,127.04000000000013,0.42933423453869607,0.002944826570749447,0.8907399227333574,1.0346534093306942e-05
103,3.0,0.14,298.8999999999999,0.006161429451632778,0.613883754364346,0.42000000000000004,127.46000000000014,0.42643024422883963,0.002944826570749447,0.8936847493041069,1.0346534093306942e-05
94,3.0,0.13,301.8999999999999,0.006161429451632778,0.6200451838159787,0.39,127.85000000000014,0.4234845975488578,0.002734481815695915,0.8964192311198028,1.1743970099453251e-05
114,3.0,0.13,304.8999999999999,0.006161429451632778,0.6262066132676115,0.39,128.24000000000012,0.42059691702197494,0.002734481815695915,0.8991537129354987,1.1743970099453251e-05
73,3.0,0.13,307.8999999999999,0.006161429451632778,0.6323680427192443,0.39,128.6300000000001,0.41776550828191017,0.002734481815695915,0.9018881947511946,1.1743970099453251e-05
67,3.0,0.13,310.8999999999999,0.006161429451632778,0.6385294721708771,0.39,129.0200000000001,0.4149887423608882,0.002734481815695915,0.9046226765668905,1.1743970099453251e-05
102,1.3000000000000114,0.12,312.19999999999993,0.002669952762374227,0.6411994249332513,0.15600000000000136,129.1760000000001,0.41376040999359426,0.0010937927262783754,0.905716469293169,2.4842804593856757e-06
100,3.0,0.12,315.19999999999993,0.006161429451632778,0.6473608543848841,0.36,129.53600000000012,0.4109644670050766,0.0025241370606423827,0.9082406063538113,1.3229895937556624e-05
163,3.0,0.12,318.19999999999993,0.006161429451632778,0.6535222838365169,0.36,129.89600000000013,0.4082212445003148,0.0025241370606423827,0.9107647434144537,1.3229895937556624e-05
176,3.0,0.12,321.19999999999993,0.006161429451632778,0.6596837132881497,0.36,130.25600000000014,0.4055292652552932,0.0025241370606423827,0.913288880475096,1.3229895937556624e-05
148,3.0,0.12,324.19999999999993,0.006161429451632778,0.6658451427397825,0.36,130.61600000000016,0.4028871067242449,0.0025241370606423827,0.9158130175357384,1.3229895937556624e-05
126,3.0,0.12,327.19999999999993,0.006161429451632778,0.6720065721914152,0.36,130.97600000000017,0.40029339853300794,0.0025241370606423827,0.9183371545963808,1.3229895937556624e-05
6,3.0,0.12,330.19999999999993,0.006161429451632778,0.678168001643048,0.36,131.33600000000018,0.39774682010902546,0.0025241370606423827,0.9208612916570231,1.3229895937556624e-05
95,3.0,0.11,333.19999999999993,0.006161429451632778,0.6843294310946808,0.33,131.6660000000002,0.39515606242497064,0.0023137923055888514,0.9231750839626119,1.4804311607617053e-05
181,3.0,0.11,336.19999999999993,0.006161429451632778,0.6904908605463136,0.33,131.9960000000002,0.3926115407495545,0.0023137923055888514,0.9254888762682008,1.4804311607617053e-05
147,3.0,0.11,339.19999999999993,0.006161429451632778,0.6966522899979464,0.33,132.32600000000022,0.3901120283018875,0.0023137923055888514,0.9278026685737896,1.4804311607617053e-05
52,0.30000000000001137,0.1,339.49999999999994,0.0006161429451633011,0.6972684329431097,0.030000000000001137,132.35600000000022,0.3898556701030935,0.00021034475505353988,0.9280130133288431,1.646721710963579e-07
81,3.0,0.1,342.49999999999994,0.006161429451632778,0.7034298623947425,0.30000000000000004,132.65600000000023,0.3873167883211686,0.0021034475505353196,0.9301164608793784,1.6467217109634544e-05
96,3.0,0.1,345.49999999999994,0.006161429451632778,0.7095912918463753,0.30000000000000004,132.95600000000024,0.38482199710564474,0.0021034475505353196,0.9322199084299136,1.6467217109634544e-05
138,3.0,0.1,348.49999999999994,0.006161429451632778,0.715752721298008,0.30000000000000004,133.25600000000026,0.38237015781922606,0.0021034475505353196,0.9343233559804489,1.6467217109634544e-05
14,3.0,0.1,351.49999999999994,0.006161429451632778,0.7219141507496408,0.30000000000000004,133.55600000000027,0.3799601706970136,0.0021034475505353196,0.9364268035309842,1.6467217109634544e-05
188,3.0,0.1,354.49999999999994,0.006161429451632778,0.7280755802012736,0.30000000000000004,133.85600000000028,0.3775909732016934,0.0021034475505353196,0.9385302510815194,1.6467217109634544e-05
8,3.0,0.1,357.49999999999994,0.006161429451632778,0.7342370096529064,0.30000000000000004,134.1560000000003,0.3752615384615393,0.0021034475505353196,0.9406336986320547,1.6467217109634544e-05
87,3.0,0.1,360.49999999999994,0.006161429451632778,0.7403984391045392,0.30000000000000004,134.4560000000003,0.37297087378640864,0.0021034475505353196,0.94273714618259,1.6467217109634544e-05
161,3.0,0.09,363.49999999999994,0.006161429451632778,0.746559868556172,0.27,134.7260000000003,0.37063548830811643,0.0018931027954817875,0.9446302489780718,1.8218612443609096e-05
92,2.9000000000000057,0.09,366.4,0.005956048469911697,0.7525159170260837,0.2610000000000005,134.9870000000003,0.36841430131004455,0.0018299993689657311,0.9464602483470376,1.702428118341701e-05
82,3.0,0.09,369.4,0.006161429451632778,0.7586773464777165,0.27,135.25700000000032,0.36615322144017415,0.0018931027954817875,0.9483533511425194,1.8218612443609096e-05
80,3.0,0.09,372.4,0.006161429451632778,0.7648387759293492,0.27,135.52700000000033,0.3639285714285723,0.0018931027954817875,0.9502464539380012,1.8218612443609096e-05
45,0.5,0.09,372.9,0.001026904908605463,0.7658656808379547,0.045,135.57200000000032,0.36356127648163133,0.00031551713258029784,0.9505619710705815,5.060725678780305e-07
13,3.0,0.09,375.9,0.006161429451632778,0.7720271102895875,0.27,135.84200000000033,0.3613780260707644,0.0018931027954817875,0.9524550738660633,1.8218612443609096e-05
11,3.0,0.09,378.9,0.006161429451632778,0.7781885397412203,0.27,136.11200000000034,0.3592293481129595,0.0018931027954817875,0.9543481766615451,1.8218612443609096e-05
5,3.0000000000000018,0.09,381.9,0.006161429451632781,0.784349969192853,0.27000000000000013,136.38200000000035,0.35711442786069747,0.001893102795481788,0.956241279457027,1.821861244360912e-05
77,3.0,0.09,384.9,0.006161429451632778,0.7905113986444858,0.27,136.65200000000036,0.3550324759677848,0.0018931027954817875,0.9581343822525088,1.8218612443609096e-05
97,3.0,0.09,387.9,0.006161429451632778,0.7966728280961186,0.27,136.92200000000037,0.3529827275070904,0.0018931027954817875,0.9600274850479906,1.8218612443609096e-05
133,3.0,0.09,390.9,0.006161429451632778,0.8028342575477514,0.27,137.19200000000038,0.3509644410335134,0.0018931027954817875,0.9619205878434725,1.8218612443609096e-05
156,3.0,0.09,393.9,0.006161429451632778,0.8089956869993842,0.27,137.4620000000004,0.34897689768976997,0.0018931027954817875,0.9638136906389543,1.8218612443609096e-05
107,3.0,0.09,396.9,0.006161429451632778,0.815157116451017,0.27,137.7320000000004,0.3470194003527347,0.0018931027954817875,0.9657067934344361,1.8218612443609096e-05
108,3.0,0.09,399.9,0.006161429451632778,0.8213185459026497,0.27,138.0020000000004,0.34509127281820556,0.0018931027954817875,0.9675998962299179,1.8218612443609096e-05
109,3.0,0.09,402.9,0.006161429451632778,0.8274799753542825,0.27,138.27200000000042,0.34319185902209093,0.0018931027954817875,0.9694929990253998,1.8218612443609096e-05
111,3.0,0.09,405.9,0.006161429451632778,0.8336414048059153,0.27,138.54200000000043,0.34132052229613313,0.0018931027954817875,0.9713861018208816,1.8218612443609096e-05
112,1.5,0.08,407.4,0.003080714725816389,0.8367221195317317,0.12,138.66200000000043,0.3403583701521857,0.0008413790202141276,0.9722274808410957,5.014624402385177e-06
117,3.0,0.08,410.4,0.006161429451632778,0.8428835489833645,0.24,138.90200000000044,0.3384551656920089,0.0016827580404282553,0.973910238881524,2.0058497609540707e-05
99,1.0999999999999943,0.08,411.5,0.002259190798932007,0.8451427397822965,0.08799999999999955,138.99000000000044,0.337764277035238,0.0006170112814903572,0.9745272501630143,2.696753567504889e-06
84,0.5,0.08,412.0,0.001026904908605463,0.846169644690902,0.04,139.03000000000043,0.33745145631068063,0.0002804596734047092,0.9748077098364191,5.571804891539085e-07
132,3.0,0.08,415.0,0.006161429451632778,0.8523310741425347,0.24,139.27000000000044,0.3355903614457842,0.0016827580404282553,0.9764904678768473,2.0058497609540707e-05
74,3.0,0.08,418.0,0.006161429451632778,0.8584925035941675,0.24,139.51000000000045,0.3337559808612451,0.0016827580404282553,0.9781732259172756,2.0058497609540707e-05
93,0.700000000000017,0.07,418.70000000000005,0.0014376668720476832,0.8599301704662152,0.049000000000001195,139.55900000000045,0.3333150226892774,0.0003435630999207772,0.9785167890171964,1.1970630641823247e-06
85,0.700000000000017,0.07,419.4000000000001,0.0014376668720476832,0.8613678373382629,0.049000000000001195,139.60800000000046,0.33287553648068774,0.0003435630999207772,0.9788603521171172,1.1970630641823247e-06
115,3.0,0.06,422.4000000000001,0.006161429451632778,0.8675292667898957,0.18,139.78800000000047,0.33093750000000105,0.0012620685303211913,0.9801224206474384,2.4003737437275118e-05
88,3.0,0.06,425.4000000000001,0.006161429451632778,0.8736906962415285,0.18,139.96800000000047,0.32902679830747633,0.0012620685303211913,0.9813844891777596,2.4003737437275118e-05
124,3.0,0.06,428.4000000000001,0.006161429451632778,0.8798521256931613,0.18,140.14800000000048,0.3271428571428582,0.0012620685303211913,0.9826465577080807,2.4003737437275118e-05
75,3.0,0.06,431.4000000000001,0.006161429451632778,0.8860135551447941,0.18,140.3280000000005,0.3252851182197507,0.0012620685303211913,0.9839086262384019,2.4003737437275118e-05
12,3.0,0.06,434.4000000000001,0.006161429451632778,0.8921749845964269,0.18,140.5080000000005,0.32345303867403424,0.0012620685303211913,0.9851706947687231,2.4003737437275118e-05
127,3.0,0.06,437.4000000000001,0.006161429451632778,0.8983364140480596,0.18,140.6880000000005,0.3216460905349805,0.0012620685303211913,0.9864327632990443,2.4003737437275118e-05
91,3.0,0.06,440.4000000000001,0.006161429451632778,0.9044978434996924,0.18,140.8680000000005,0.31986376021798474,0.0012620685303211913,0.9876948318293655,2.4003737437275118e-05
128,3.0,0.06,443.4000000000001,0.006161429451632778,0.9106592729513252,0.18,141.0480000000005,0.31810554803789015,0.0012620685303211913,0.9889569003596866,2.4003737437275118e-05
4,3.0,0.05,446.4000000000001,0.006161429451632778,0.916820702402958,0.15000000000000002,141.19800000000052,0.3163037634408613,0.0010517237752676598,0.9900086241349543,2.610909209907791e-05
129,3.0,0.05,449.4000000000001,0.006161429451632778,0.9229821318545908,0.15000000000000002,141.34800000000052,0.3145260347129517,0.0010517237752676598,0.9910603479102219,2.610909209907791e-05
78,1.5,0.05,450.9000000000001,0.003080714725816389,0.9260628465804072,0.07500000000000001,141.4230000000005,0.31364604125083273,0.0005258618876338299,0.9915862097978557,6.5272730247694775e-06
122,3.0,0.05,453.9000000000001,0.006161429451632778,0.93222427603204,0.15000000000000002,141.57300000000052,0.3119035029742245,0.0010517237752676598,0.9926379335731234,2.610909209907791e-05
118,3.0,0.04,456.9000000000001,0.006161429451632778,0.9383857054836727,0.12,141.69300000000052,0.3101181877872631,0.0008413790202141276,0.9934793125933374,2.830293659283777e-05
89,3.0,0.04,459.9000000000001,0.006161429451632778,0.9445471349353055,0.12,141.81300000000053,0.3083561643835627,0.0008413790202141276,0.9943206916135515,2.830293659283777e-05
121,3.0,0.04,462.9000000000001,0.006161429451632778,0.9507085643869383,0.12,141.93300000000053,0.3066169799092687,0.0008413790202141276,0.9951620706337656,2.830293659283777e-05
125,3.0,0.04,465.9000000000001,0.006161429451632778,0.9568699938385711,0.12,142.05300000000054,0.30490019317450207,0.0008413790202141276,0.9960034496539797,2.830293659283777e-05
76,3.0,0.04,468.9000000000001,0.006161429451632778,0.9630314232902039,0.12,142.17300000000054,0.3032053742802314,0.0008413790202141276,0.9968448286741938,2.830293659283777e-05
131,3.0,0.04,471.9000000000001,0.006161429451632778,0.9691928527418366,0.12,142.29300000000055,0.3015321042593781,0.0008413790202141276,0.9976862076944079,2.830293659283777e-05
123,3.0,0.03,474.9000000000001,0.006161429451632778,0.9753542821934694,0.09,142.38300000000055,0.29981680353758794,0.0006310342651605957,0.9983172419595685,3.058527091855469e-05
120,3.0,0.02,477.9000000000001,0.006161429451632778,0.9815157116451022,0.06,142.44300000000055,0.2980602636534851,0.0004206895101070638,0.9987379314696756,3.295609507622865e-05
119,3.0,0.02,480.9000000000001,0.006161429451632778,0.987677141096735,0.06,142.50300000000055,0.2963256394260772,0.0004206895101070638,0.9991586209797827,3.295609507622865e-05
116,3.0,0.02,483.9000000000001,0.006161429451632778,0.9938385705483678,0.06,142.56300000000056,0.2946125232486062,0.0004206895101070638,0.9995793104898898,3.295609507622865e-05
130,3.0,0.02,486.9000000000001,0.006161429451632778,1.0000000000000004,0.06,142.62300000000056,0.29292051756007503,0.0004206895101070638,0.9999999999999969,3.295609507622865e-05
