,weight,grade,cml_weight,weight_pct,cml_weight_pct,yield,cml_yield,cml_grade,recovery,cml_recovery,distributional_heterogeneity
35,0.4000000000000057,5.5,0.4000000000000057,0.0007407407407407512,0.0007407407407407512,2.2000000000000313,2.2000000000000313,5.5,0.017423534443159906,0.017423534443159906,0.0002783156057174762
42,0.6000000000000085,3.5,1.0000000000000142,0.001111111111111127,0.0018518518518518782,2.10000000000003,4.300000000000061,4.3,0.016631555604834453,0.034055090047994355,0.0002408841972827468
27,3.0,2.05,4.000000000000014,0.005555555555555556,0.007407407407407434,6.1499999999999995,10.45000000000006,2.6125000000000056,0.04870669855701449,0.08276178860500885,0.0018620211423323587
31,1.6999999999999886,1.98,5.700000000000003,0.003148148148148127,0.010555555555555561,3.3659999999999775,13.816000000000038,2.4238596491228126,0.026658007698034097,0.10941979630304295,0.0005527134960553646
36,3.0,1.8,8.700000000000003,0.005555555555555556,0.016111111111111118,5.4,19.216000000000037,2.2087356321839113,0.0427668572695737,0.15218665357261665,0.00138468097525169
52,3.0,1.7,11.700000000000003,0.005555555555555556,0.021666666666666674,5.1,24.316000000000038,2.078290598290601,0.04039092075459738,0.19257757432721404,0.0012135026685506148
38,3.0,1.25,14.700000000000003,0.005555555555555556,0.02722222222222223,3.75,28.066000000000038,1.9092517006802743,0.02969920643720396,0.22227678076441798,0.0005829158778949219
29,3.0,1.15,17.700000000000003,0.005555555555555556,0.03277777777777779,3.4499999999999997,31.516000000000037,1.7805649717514143,0.027323269922227642,0.24960005068664562,0.0004738333887490224
191,3.0,1.0,20.700000000000003,0.005555555555555556,0.038333333333333344,3.0,34.516000000000034,1.6674396135265714,0.023759365149763168,0.27335941583640877,0.00033137868374216517
39,3.0,0.9,23.700000000000003,0.005555555555555556,0.0438888888888889,2.7,37.21600000000004,1.5702953586497903,0.02138342863478685,0.29474284447119564,0.00025052156621225484
82,0.5,0.8,24.200000000000003,0.000925925925925926,0.04481481481481483,0.4,37.616000000000035,1.5543801652892575,0.003167915353301756,0.2979107598244974,5.0265165924650026e-06
63,0.700000000000017,0.73,24.90000000000002,0.001296296296296328,0.04611111111111116,0.5110000000000124,38.127000000000045,1.531204819277109,0.004047011863843091,0.3019577716883405,7.566436133544114e-06
53,3.0,0.7,27.90000000000002,0.005555555555555556,0.051666666666666715,2.0999999999999996,40.22700000000005,1.441827956989248,0.016631555604834213,0.3185893272931747,0.00012267777709162091
51,0.4000000000000057,0.64,28.300000000000026,0.0007407407407407512,0.052407407407407465,0.25600000000000367,40.48300000000005,1.4304946996466434,0.0020274658261131527,0.3206167931192878,1.6556614453266135e-06
25,3.0,0.62,31.300000000000026,0.005555555555555556,0.05796296296296302,1.8599999999999999,42.343000000000046,1.3528115015974445,0.014730806392853162,0.335347599512141,8.418522792733049e-05
40,3.0,0.57,34.300000000000026,0.005555555555555556,0.06351851851851857,1.71,44.05300000000005,1.2843440233236156,0.013542838135365005,0.348890437647506,6.37966830097275e-05
91,0.4000000000000057,0.56,34.70000000000003,0.0007407407407407512,0.06425925925925932,0.2240000000000032,44.27700000000005,1.2759942363112395,0.0017740325978490086,0.350664470245355,1.0676920619662315e-06
101,3.0,0.54,37.70000000000003,0.005555555555555556,0.06981481481481487,1.62,45.89700000000005,1.217427055702918,0.012830057180872111,0.3634945274262271,5.2918373896733226e-05
50,3.0,0.54,40.70000000000003,0.005555555555555556,0.07537037037037042,1.62,47.517000000000046,1.1674938574938578,0.012830057180872111,0.3763245846070992,5.2918373896733226e-05
0,2.999999999999999,0.52,43.70000000000003,0.005555555555555554,0.08092592592592597,1.5599999999999996,49.07700000000005,1.1230434782608698,0.012354869877876843,0.38867945448497604,4.6230675253723437e-05
193,3.0,0.5,46.70000000000003,0.005555555555555556,0.08648148148148152,1.5,50.57700000000005,1.0830192719486085,0.011879682574881584,0.40055913705985763,3.999458255656952e-05
194,3.0,0.49,49.70000000000003,0.005555555555555556,0.09203703703703707,1.47,52.04700000000005,1.0472233400402418,0.011642088923383953,0.4122012259832416,3.704588843768849e-05
192,3.0,0.49,52.70000000000003,0.005555555555555556,0.09759259259259262,1.47,53.517000000000046,1.0155028462998106,0.011642088923383953,0.4238433149066256,3.704588843768849e-05
107,0.4000000000000341,0.45,53.100000000000065,0.0007407407407408039,0.09833333333333343,0.18000000000001534,53.69700000000006,1.0112429378531071,0.0014255619089859116,0.4252688768156115,4.6898003247659433e-07
190,3.0,0.44,56.100000000000065,0.005555555555555556,0.10388888888888897,1.32,55.01700000000006,0.9806951871657753,0.010454120665895794,0.4357229974815073,2.3995940140242677e-05
180,3.0,0.44,59.100000000000065,0.005555555555555556,0.10944444444444452,1.32,56.33700000000006,0.9532487309644669,0.010454120665895794,0.4461771181474031,2.3995940140242677e-05
66,3.0,0.4,62.100000000000065,0.005555555555555556,0.11500000000000007,1.2000000000000002,57.53700000000006,0.9265217391304348,0.009503746059905269,0.45568086420730836,1.5588208258637237e-05
188,3.0,0.39,65.10000000000007,0.005555555555555556,0.12055555555555562,1.17,58.707000000000065,0.9017972350230415,0.009266152408407636,0.46494701661571597,1.3768529004395767e-05
37,3.0,0.38,68.10000000000007,0.005555555555555556,0.12611111111111117,1.1400000000000001,59.847000000000065,0.8788105726872247,0.009028558756910004,0.47397557537262597,1.2061751236618249e-05
32,3.0,0.38,71.10000000000007,0.005555555555555556,0.13166666666666674,1.1400000000000001,60.987000000000066,0.857763713080169,0.009028558756910004,0.48300413412953597,1.2061751236618249e-05
45,0.19999999999998863,0.37,71.30000000000005,0.0003703703703703493,0.1320370370370371,0.07399999999999579,61.061000000000064,0.8563955119214589,0.0005860643403607915,0.48359019846989676,4.652388869023779e-08
28,3.0,0.37,74.30000000000005,0.005555555555555556,0.13759259259259266,1.1099999999999999,62.17100000000006,0.8367563930013462,0.008790965105412371,0.49238116357530914,1.0467874955304692e-05
179,3.0,0.36,77.30000000000005,0.005555555555555556,0.14314814814814822,1.08,63.25100000000006,0.8182535575679174,0.008553371453914741,0.5009345350292239,8.986900160455088e-06
43,2.1999999999999886,0.36,79.50000000000004,0.004074074074074053,0.14722222222222228,0.7919999999999959,64.04300000000006,0.8055723270440255,0.006272472399537444,0.5072070074287613,4.832955197400242e-06
34,1.5,0.36,81.00000000000004,0.002777777777777778,0.15000000000000005,0.54,64.58300000000007,0.7973209876543215,0.004276685726957371,0.5114836931557187,2.246725040113772e-06
157,3.0,0.36,84.00000000000004,0.005555555555555556,0.1555555555555556,1.08,65.66300000000007,0.7817023809523813,0.008553371453914741,0.5200370646096335,8.986900160455088e-06
33,3.0,0.34,87.00000000000004,0.005555555555555556,0.16111111111111118,1.02,66.68300000000006,0.7664712643678164,0.008078184150919477,0.5281152487605529,6.3636550301477576e-06
177,0.4000000000000341,0.33,87.40000000000008,0.0007407407407408039,0.16185185185185197,0.13200000000001127,66.81500000000007,0.7644736842105264,0.0010454120665896686,0.5291606608271426,9.282461679450511e-08
41,3.799999999999997,0.33,91.20000000000007,0.007037037037037032,0.168888888888889,1.2539999999999991,68.06900000000007,0.746370614035088,0.009931414632600997,0.5390920754597436,8.377421665702646e-06
166,3.0,0.33,94.20000000000007,0.005555555555555556,0.17444444444444457,0.99,69.05900000000007,0.7331104033970277,0.007840590499421846,0.5469326659591655,5.221384694690023e-06
139,3.0,0.33,97.20000000000007,0.005555555555555556,0.18000000000000013,0.99,70.04900000000006,0.7206687242798355,0.007840590499421846,0.5547732564585873,5.221384694690023e-06
65,0.4000000000000057,0.33,97.60000000000008,0.0007407407407407512,0.1807407407407409,0.1320000000000019,70.18100000000007,0.7190676229508198,0.0010454120665895944,0.5558186685251769,9.282461679449191e-08
30,0.7000000000000028,0.32,98.30000000000008,0.0012962962962963015,0.1820370370370372,0.22400000000000092,70.40500000000007,0.7162258392675485,0.0017740325978489904,0.557592701123026,2.2823197382124176e-07
189,3.0,0.32,101.30000000000008,0.005555555555555556,0.18759259259259276,0.96,71.36500000000007,0.704491609081935,0.007602996847924213,0.5651956979709502,4.192015845696244e-06
13,3.0,0.32,104.30000000000008,0.005555555555555556,0.19314814814814832,0.96,72.32500000000006,0.6934324065196549,0.007602996847924213,0.5727986948188744,4.192015845696244e-06
167,3.0,0.32,107.30000000000008,0.005555555555555556,0.19870370370370388,0.96,73.28500000000005,0.6829916123019572,0.007602996847924213,0.5804016916667986,4.192015845696244e-06
85,3.0,0.31,110.30000000000008,0.005555555555555556,0.20425925925925945,0.9299999999999999,74.21500000000006,0.6728467815049864,0.007365403196426581,0.5877670948632251,3.2755484831664213e-06
44,2.200000000000017,0.31,112.5000000000001,0.004074074074074106,0.20833333333333356,0.6820000000000053,74.89700000000006,0.6657511111111111,0.005401295677379535,0.5931683905406047,1.7615171842806363e-06
178,3.0,0.3,115.5000000000001,0.005555555555555556,0.21388888888888913,0.8999999999999999,75.79700000000007,0.6562510822510823,0.00712780954492895,0.6002962000855336,2.4719826071005554e-06
196,3.400000000000091,0.3,118.90000000000019,0.006296296296296465,0.2201851851851856,1.0200000000000273,76.81700000000009,0.646063919259882,0.008078184150919694,0.6083743842364533,3.1751243264537723e-06
26,3.0,0.3,121.90000000000019,0.005555555555555556,0.22574074074074116,0.8999999999999999,77.7170000000001,0.6375471698113205,0.00712780954492895,0.6155021937813823,2.4719826071005554e-06
47,3.0,0.29,124.90000000000019,0.005555555555555556,0.23129629629629672,0.8699999999999999,78.5870000000001,0.62919935948759,0.0068902158934313175,0.6223924096748136,1.7813182174986459e-06
102,3.0,0.27,127.90000000000019,0.005555555555555556,0.23685185185185229,0.81,79.3970000000001,0.6207740422204846,0.006415028590436056,0.6288074382652497,7.38693897686698e-07
24,3.0,0.27,130.9000000000002,0.005555555555555556,0.24240740740740785,0.81,80.20700000000011,0.6127349121466767,0.006415028590436056,0.6352224668556857,7.38693897686698e-07
153,1.1000000000000227,0.26,132.00000000000023,0.0020370370370370794,0.24444444444444494,0.2860000000000059,80.49300000000011,0.6097954545454544,0.0022650594776108023,0.6374875263332965,5.1994233405197123e-08
163,3.0,0.26,135.00000000000023,0.005555555555555556,0.2500000000000005,0.78,81.27300000000011,0.602022222222222,0.006177434938938424,0.6436649612722349,3.867339674766569e-07
173,3.0,0.26,138.00000000000023,0.005555555555555556,0.25555555555555604,0.78,82.05300000000011,0.594586956521739,0.006177434938938424,0.6498423962111733,3.867339674766569e-07
175,3.0,0.26,141.00000000000023,0.005555555555555556,0.26111111111111157,0.78,82.83300000000011,0.5874680851063828,0.006177434938938424,0.6560198311501118,3.867339674766569e-07
17,3.0,0.25,144.00000000000023,0.005555555555555556,0.2666666666666671,0.75,83.58300000000011,0.5804374999999998,0.005939841287440792,0.6619596724375525,1.4767552373057205e-07
64,6.0,0.24,150.00000000000023,0.011111111111111112,0.27777777777777823,1.44,85.02300000000011,0.5668199999999999,0.01140449527188632,0.6733641677094389,8.607426579377405e-08
54,3.0,0.23,153.00000000000023,0.005555555555555556,0.28333333333333377,0.6900000000000001,85.71300000000011,0.5602156862745097,0.005464653984445529,0.6788288216938844,8.263095630271196e-09
137,3.0,0.22,156.00000000000023,0.005555555555555556,0.2888888888888893,0.66,86.3730000000001,0.5536730769230768,0.005227060332947897,0.6840558820268323,1.0790911127605502e-07
86,3.0,0.22,159.00000000000023,0.005555555555555556,0.29444444444444484,0.66,87.0330000000001,0.5473773584905659,0.005227060332947897,0.6892829423597802,1.0790911127605502e-07
49,3.0,0.22,162.00000000000023,0.005555555555555556,0.3000000000000004,0.66,87.6930000000001,0.5413148148148147,0.005227060332947897,0.694510002692728,1.0790911127605502e-07
67,3.0,0.21,165.00000000000023,0.005555555555555556,0.3055555555555559,0.63,88.32300000000009,0.5352909090909089,0.004989466681450266,0.6994994693741783,3.204566133857952e-07
195,3.0,0.2,168.00000000000023,0.005555555555555556,0.31111111111111145,0.6000000000000001,88.92300000000009,0.5293035714285712,0.004751873029952634,0.7042513424041309,6.459056019594907e-07
143,0.8999999999999773,0.2,168.9000000000002,0.0016666666666666245,0.3127777777777781,0.17999999999999547,89.10300000000008,0.5275488454706926,0.0014255619089857542,0.7056769043131167,5.813150417635122e-08
162,3.0,0.2,171.9000000000002,0.005555555555555556,0.31833333333333363,0.6000000000000001,89.70300000000007,0.5218324607329841,0.004751873029952634,0.7104287773430693,6.459056019594907e-07
152,3.3000000000000114,0.2,175.20000000000022,0.006111111111111132,0.32444444444444476,0.6600000000000024,90.36300000000007,0.5157705479452053,0.005227060332947915,0.7156558376760173,7.815457783709891e-07
77,3.0,0.2,178.20000000000022,0.005555555555555556,0.3300000000000003,0.6000000000000001,90.96300000000006,0.5104545454545452,0.004751873029952634,0.7204077107059699,6.459056019594907e-07
99,3.0,0.19,181.20000000000022,0.005555555555555556,0.33555555555555583,0.5700000000000001,91.53300000000006,0.5051490066225163,0.004514279378455002,0.7249219900844249,1.0842560769971431e-06
164,3.0,0.19,184.20000000000022,0.005555555555555556,0.34111111111111136,0.5700000000000001,92.10300000000005,0.5000162866449508,0.004514279378455002,0.72943626946288,1.0842560769971431e-06
156,3.0,0.19,187.20000000000022,0.005555555555555556,0.3466666666666669,0.5700000000000001,92.67300000000004,0.49504807692307656,0.004514279378455002,0.733950548841335,1.0842560769971431e-06
48,3.0,0.19,190.20000000000022,0.005555555555555556,0.35222222222222244,0.5700000000000001,93.24300000000004,0.49023659305993655,0.004514279378455002,0.7384648282197901,1.0842560769971431e-06
70,3.0,0.19,193.20000000000022,0.005555555555555556,0.35777777777777797,0.5700000000000001,93.81300000000003,0.4855745341614903,0.004514279378455002,0.7429791075982451,1.0842560769971431e-06
176,1.099999999999966,0.18,194.30000000000018,0.002037037037036974,0.3598148148148149,0.19799999999999385,94.01100000000002,0.483844570252187,0.0015681180998843203,0.7445472256981295,2.198849696203741e-07
135,3.0,0.18,197.30000000000018,0.005555555555555556,0.36537037037037046,0.54,94.55100000000003,0.4792245311708056,0.004276685726957371,0.7488239114250869,1.6355080384987518e-06
140,3.0,0.18,200.30000000000018,0.005555555555555556,0.370925925925926,0.54,95.09100000000004,0.47474288567149253,0.004276685726957371,0.7531005971520442,1.6355080384987518e-06
181,3.0,0.18,203.30000000000018,0.005555555555555556,0.37648148148148153,0.54,95.63100000000004,0.4703935071323166,0.004276685726957371,0.7573772828790016,1.6355080384987518e-06
174,3.0,0.18,206.30000000000018,0.005555555555555556,0.38203703703703706,0.54,96.17100000000005,0.46617062530295666,0.004276685726957371,0.761653968605959,1.6355080384987518e-06
168,3.0,0.17,209.30000000000018,0.005555555555555556,0.3875925925925926,0.51,96.68100000000005,0.4619254658385092,0.0040390920754597385,0.7656930606814187,2.2996614864643155e-06
46,3.0,0.17,212.30000000000018,0.005555555555555556,0.39314814814814814,0.51,97.19100000000006,0.45780028261893535,0.0040390920754597385,0.7697321527568785,2.2996614864643155e-06
125,1.0,0.16,213.30000000000018,0.001851851851851852,0.39499999999999996,0.16,97.35100000000006,0.45640412564463184,0.0012671661413207022,0.7709993188981992,3.4185738009931513e-07
165,3.0,0.16,216.30000000000018,0.005555555555555556,0.4005555555555555,0.48,97.83100000000006,0.45229311141932493,0.0038014984239621067,0.7748008173221613,3.076716420893836e-06
58,3.0,0.16,219.30000000000018,0.005555555555555556,0.40611111111111103,0.48,98.31100000000006,0.4482945736434108,0.0038014984239621067,0.7786023157461235,3.076716420893836e-06
182,3.0,0.16,222.30000000000018,0.005555555555555556,0.41166666666666657,0.48,98.79100000000007,0.4444039586144849,0.0038014984239621067,0.7824038141700856,3.076716420893836e-06
183,3.0,0.16,225.30000000000018,0.005555555555555556,0.4172222222222221,0.48,99.27100000000007,0.44061695517088323,0.0038014984239621067,0.7862053125940478,3.076716420893836e-06
170,3.0,0.16,228.30000000000018,0.005555555555555556,0.42277777777777764,0.48,99.75100000000008,0.4369294787560228,0.0038014984239621067,0.79000681101801,3.076716420893836e-06
158,3.0,0.16,231.30000000000018,0.005555555555555556,0.4283333333333332,0.48,100.23100000000008,0.4333376567228707,0.0038014984239621067,0.7938083094419721,3.076716420893836e-06
56,3.0,0.15,234.30000000000018,0.005555555555555556,0.4338888888888887,0.44999999999999996,100.68100000000008,0.4297097737942809,0.003563904772464475,0.7973722142144366,3.9666728417873134e-06
18,3.0,0.15,237.30000000000018,0.005555555555555556,0.43944444444444425,0.44999999999999996,101.13100000000009,0.42617361989043406,0.003563904772464475,0.8009361189869011,3.9666728417873134e-06
150,3.0,0.15,240.30000000000018,0.005555555555555556,0.4449999999999998,0.44999999999999996,101.58100000000009,0.42272575946733254,0.003563904772464475,0.8045000237593656,3.9666728417873134e-06
160,3.0,0.15,243.30000000000018,0.005555555555555556,0.4505555555555553,0.44999999999999996,102.03100000000009,0.4193629264282779,0.003563904772464475,0.8080639285318301,3.9666728417873134e-06
161,3.0,0.15,246.30000000000018,0.005555555555555556,0.45611111111111086,0.44999999999999996,102.4810000000001,0.41608201380430376,0.003563904772464475,0.8116278333042946,3.9666728417873134e-06
79,3.0,0.15,249.30000000000018,0.005555555555555556,0.4616666666666664,0.44999999999999996,102.9310000000001,0.41288006417970324,0.003563904772464475,0.815191738076759,3.9666728417873134e-06
1,3.0,0.15,252.30000000000018,0.005555555555555556,0.46722222222222193,0.44999999999999996,103.3810000000001,0.40975426080063426,0.003563904772464475,0.8187556428492235,3.9666728417873134e-06
172,3.0,0.14,255.30000000000018,0.005555555555555556,0.47277777777777746,0.42000000000000004,103.8010000000001,0.4065844104974541,0.003326311120966844,0.8220819539701903,4.9695307491447445e-06
147,1.5,0.14,256.8000000000002,0.002777777777777778,0.47555555555555523,0.21000000000000002,104.0110000000001,0.4050272585669783,0.001663155560483422,0.8237451095306738,1.2423826872861861e-06
187,3.0,0.14,259.8000000000002,0.005555555555555556,0.48111111111111077,0.42000000000000004,104.4310000000001,0.401966897613549,0.003326311120966844,0.8270714206516406,4.9695307491447445e-06
142,2.5,0.14,262.3000000000002,0.004629629629629629,0.4857407407407404,0.35000000000000003,104.78100000000009,0.3994700724361419,0.0027719259341390367,0.8298433465857796,3.451063020239406e-06
55,3.0,0.14,265.3000000000002,0.005555555555555556,0.49129629629629595,0.42000000000000004,105.20100000000009,0.3965359969845459,0.003326311120966844,0.8331696577067464,4.9695307491447445e-06
11,3.0,0.14,268.3000000000002,0.005555555555555556,0.4968518518518515,0.42000000000000004,105.6210000000001,0.3936675363399181,0.003326311120966844,0.8364959688277133,4.9695307491447445e-06
159,3.0,0.14,271.3000000000002,0.005555555555555556,0.5024074074074071,0.42000000000000004,106.0410000000001,0.390862513822337,0.003326311120966844,0.8398222799486801,4.9695307491447445e-06
186,3.0,0.14,274.3000000000002,0.005555555555555556,0.5079629629629626,0.42000000000000004,106.4610000000001,0.38811884797666796,0.003326311120966844,0.8431485910696469,4.9695307491447445e-06
169,3.0,0.14,277.3000000000002,0.005555555555555556,0.5135185185185182,0.42000000000000004,106.8810000000001,0.3854345474215652,0.003326311120966844,0.8464749021906137,4.9695307491447445e-06
119,3.0,0.14,280.3000000000002,0.005555555555555556,0.5190740740740737,0.42000000000000004,107.3010000000001,0.38280770602925446,0.003326311120966844,0.8498012133115805,4.9695307491447445e-06
184,3.0,0.13,283.3000000000002,0.005555555555555556,0.5246296296296292,0.39,107.6910000000001,0.3801306036004237,0.003088717469469212,0.8528899307810498,6.085290142966134e-06
61,3.0,0.13,286.3000000000002,0.005555555555555556,0.5301851851851848,0.39,108.0810000000001,0.3775096053091164,0.003088717469469212,0.8559786482505191,6.085290142966134e-06
14,3.0,0.12,289.3000000000002,0.005555555555555556,0.5357407407407403,0.36,108.4410000000001,0.37483926719668176,0.00285112381797158,0.8588297720684906,7.31395102325148e-06
3,3.0,0.12,292.3000000000002,0.005555555555555556,0.5412962962962958,0.36,108.8010000000001,0.37222374273007197,0.00285112381797158,0.8616808958864622,7.31395102325148e-06
103,3.0,0.12,295.3000000000002,0.005555555555555556,0.5468518518518514,0.36,109.1610000000001,0.3696613613274637,0.00285112381797158,0.8645320197044338,7.31395102325148e-06
15,3.0,0.12,298.3000000000002,0.005555555555555556,0.5524074074074069,0.36,109.5210000000001,0.3671505196111298,0.00285112381797158,0.8673831435224054,7.31395102325148e-06
8,3.0000000000000036,0.12,301.3000000000002,0.005555555555555562,0.5579629629629624,0.36000000000000043,109.8810000000001,0.3646896780617326,0.0028511238179715834,0.870234267340377,7.313951023251497e-06
148,3.0,0.11,304.3000000000002,0.005555555555555556,0.563518518518518,0.33,110.2110000000001,0.3621787709497208,0.0026135301664739485,0.8728477975068509,8.655513390000782e-06
100,3.0,0.11,307.3000000000002,0.005555555555555556,0.5690740740740735,0.33,110.5410000000001,0.35971688903351784,0.0026135301664739485,0.8754613276733249,8.655513390000782e-06
118,1.6000000000000227,0.11,308.9000000000002,0.002962962962963005,0.5720370370370366,0.17600000000000252,110.7170000000001,0.3584234380058272,0.0013938827554527925,0.8768552104287777,2.4620126976002924e-06
21,3.0,0.11,311.9000000000002,0.005555555555555556,0.5775925925925921,0.33,111.0470000000001,0.3560339852516833,0.0026135301664739485,0.8794687405952516,8.655513390000782e-06
20,3.0,0.11,314.9000000000002,0.005555555555555556,0.5831481481481476,0.33,111.3770000000001,0.3536900603366149,0.0026135301664739485,0.8820822707617255,8.655513390000782e-06
2,3.0,0.1,317.9000000000002,0.005555555555555556,0.5887037037037032,0.30000000000000004,111.67700000000009,0.3512960050330293,0.002375936514976317,0.8844582072767019,1.0109977243214037e-05
76,3.0,0.1,320.9000000000002,0.005555555555555556,0.5942592592592587,0.30000000000000004,111.97700000000009,0.34894671237145536,0.002375936514976317,0.8868341437916782,1.0109977243214037e-05
80,3.0,0.1,323.9000000000002,0.005555555555555556,0.5998148148148142,0.30000000000000004,112.27700000000009,0.3466409385612844,0.002375936514976317,0.8892100803066546,1.0109977243214037e-05
155,3.0,0.1,326.9000000000002,0.005555555555555556,0.6053703703703698,0.30000000000000004,112.57700000000008,0.3443774854695626,0.002375936514976317,0.891586016821631,1.0109977243214037e-05
19,3.0,0.1,329.9000000000002,0.005555555555555556,0.6109259259259253,0.30000000000000004,112.87700000000008,0.3421551985450137,0.002375936514976317,0.8939619533366073,1.0109977243214037e-05
10,3.0,0.1,332.9000000000002,0.005555555555555556,0.6164814814814809,0.30000000000000004,113.17700000000008,0.3399729648543106,0.002375936514976317,0.8963378898515837,1.0109977243214037e-05
154,3.0,0.09,335.9000000000002,0.005555555555555556,0.6220370370370364,0.27,113.44700000000007,0.33774039892825247,0.0021383428634786854,0.8984762327150624,1.1677342582891255e-05
94,3.0,0.09,338.9000000000002,0.005555555555555556,0.6275925925925919,0.27,113.71700000000007,0.3355473591029802,0.0021383428634786854,0.9006145755785411,1.1677342582891255e-05
75,3.0,0.09,341.9000000000002,0.005555555555555556,0.6331481481481475,0.27,113.98700000000007,0.3333928049137175,0.0021383428634786854,0.9027529184420198,1.1677342582891255e-05
144,3.0,0.09,344.9000000000002,0.005555555555555556,0.638703703703703,0.27,114.25700000000006,0.33127573209625977,0.0021383428634786854,0.9048912613054985,1.1677342582891255e-05
16,3.0,0.09,347.9000000000002,0.005555555555555556,0.6442592592592585,0.27,114.52700000000006,0.3291951710261569,0.0021383428634786854,0.9070296041689772,1.1677342582891255e-05
71,3.0,0.09,350.9000000000002,0.005555555555555556,0.6498148148148141,0.27,114.79700000000005,0.32715018523795947,0.0021383428634786854,0.9091679470324558,1.1677342582891255e-05
84,3.0,0.09,353.9000000000002,0.005555555555555556,0.6553703703703696,0.27,115.06700000000005,0.32513987001977956,0.0021383428634786854,0.9113062898959345,1.1677342582891255e-05
120,3.0,0.09,356.9000000000002,0.005555555555555556,0.6609259259259251,0.27,115.33700000000005,0.3231633510787335,0.0021383428634786854,0.9134446327594132,1.1677342582891255e-05
185,2.999999999999943,0.09,359.90000000000015,0.00555555555555545,0.6664814814814806,0.26999999999999486,115.60700000000004,0.3212197832731314,0.002138342863478644,0.9155829756228919,1.1677342582890812e-05
9,3.0,0.09,362.90000000000015,0.005555555555555556,0.6720370370370361,0.27,115.87700000000004,0.31930834940755026,0.0021383428634786854,0.9177213184863706,1.1677342582891255e-05
72,3.0,0.09,365.90000000000015,0.005555555555555556,0.6775925925925916,0.27,116.14700000000003,0.31742825908718225,0.0021383428634786854,0.9198596613498493,1.1677342582891255e-05
4,3.0,0.09,368.90000000000015,0.005555555555555556,0.6831481481481472,0.27,116.41700000000003,0.31557874762808347,0.0021383428634786854,0.921998004213328,1.1677342582891255e-05
23,3.0,0.09,371.90000000000015,0.005555555555555556,0.6887037037037027,0.27,116.68700000000003,0.31375907502016664,0.0021383428634786854,0.9241363470768067,1.1677342582891255e-05
171,3.0,0.09,374.90000000000015,0.005555555555555556,0.6942592592592582,0.27,116.95700000000002,0.31196852493998395,0.0021383428634786854,0.9262746899402854,1.1677342582891255e-05
149,3.0,0.09,377.90000000000015,0.005555555555555556,0.6998148148148138,0.27,117.22700000000002,0.31020640381053183,0.0021383428634786854,0.9284130328037641,1.1677342582891255e-05
151,3.0,0.08,380.90000000000015,0.005555555555555556,0.7053703703703693,0.24,117.46700000000001,0.30839327907587283,0.0019007492119810533,0.9303137820157451,1.3357609409032419e-05
136,1.2000000000000455,0.08,382.1000000000002,0.0022222222222223064,0.7075925925925917,0.09600000000000364,117.56300000000002,0.3076760010468463,0.0007602996847924502,0.9310740817005375,2.137217505445349e-06
57,3.0,0.08,385.1000000000002,0.005555555555555556,0.7131481481481472,0.24,117.80300000000001,0.3059023630225914,0.0019007492119810533,0.9329748309125185,1.3357609409032419e-05
12,3.0,0.08,388.1000000000002,0.005555555555555556,0.7187037037037027,0.24,118.043,0.30415614532337015,0.0019007492119810533,0.9348755801244996,1.3357609409032419e-05
106,2.0,0.08,390.1000000000002,0.003703703703703704,0.7224074074074064,0.16,118.203,0.30300692130223006,0.0012671661413207022,0.9361427462658203,5.936715292903297e-06
81,3.299999999999983,0.08,393.4000000000002,0.006111111111111079,0.7285185185185175,0.2639999999999986,118.467,0.30113624809354334,0.002090824133179148,0.9382335703989995,1.616270738492906e-05
111,3.0,0.08,396.4000000000002,0.005555555555555556,0.734074074074073,0.24,118.707,0.29946266397578186,0.0019007492119810533,0.9401343196109805,1.3357609409032419e-05
112,3.0,0.08,399.4000000000002,0.005555555555555556,0.7396296296296285,0.24,118.94699999999999,0.2978142213319978,0.0019007492119810533,0.9420350688229615,1.3357609409032419e-05
116,3.0,0.07,402.4000000000002,0.005555555555555556,0.7451851851851841,0.21000000000000002,119.15699999999998,0.2961158051689859,0.001663155560483422,0.943698224383445,1.5150777721637547e-05
146,2.8999999999999773,0.07,405.3000000000002,0.005370370370370328,0.7505555555555544,0.20299999999999843,119.35999999999999,0.29449790278805804,0.0016077170418006285,0.9453059414252456,1.4157560070996642e-05
22,3.0,0.07,408.3000000000002,0.005555555555555556,0.75611111111111,0.21000000000000002,119.56999999999998,0.292848395787411,0.001663155560483422,0.9469690969857291,1.5150777721637547e-05
130,2.3000000000000114,0.07,410.6000000000002,0.00425925925925928,0.7603703703703693,0.1610000000000008,119.73099999999998,0.2916000974184119,0.0012750859297039631,0.948244182915433,8.905290460829268e-06
59,3.0,0.07,413.6000000000002,0.005555555555555556,0.7659259259259248,0.21000000000000002,119.94099999999997,0.28999274661508684,0.001663155560483422,0.9499073384759165,1.5150777721637547e-05
110,3.0,0.07,416.6000000000002,0.005555555555555556,0.7714814814814803,0.21000000000000002,120.15099999999997,0.2884085453672586,0.001663155560483422,0.9515704940363999,1.5150777721637547e-05
87,3.0,0.07,419.6000000000002,0.005555555555555556,0.7770370370370359,0.21000000000000002,120.36099999999996,0.28684699714013323,0.001663155560483422,0.9532336495968834,1.5150777721637547e-05
5,3.0,0.06,422.6000000000002,0.005555555555555556,0.7825925925925914,0.18,120.54099999999997,0.285236630383341,0.00142556190898579,0.9546592115058692,1.7056847520706627e-05
123,3.0,0.06,425.6000000000002,0.005555555555555556,0.7881481481481469,0.18,120.72099999999998,0.28364896616541335,0.00142556190898579,0.956084773414855,1.7056847520706627e-05
145,3.0,0.06,428.6000000000002,0.005555555555555556,0.7937037037037025,0.18,120.90099999999998,0.2820835277648155,0.00142556190898579,0.9575103353238408,1.7056847520706627e-05
121,3.0,0.06,431.6000000000002,0.005555555555555556,0.799259259259258,0.18,121.08099999999999,0.28053985171455037,0.00142556190898579,0.9589358972328266,1.7056847520706627e-05
68,3.0,0.06,434.6000000000002,0.005555555555555556,0.8048148148148135,0.18,121.261,0.2790174873446846,0.00142556190898579,0.9603614591418124,1.7056847520706627e-05
73,3.0,0.06,437.6000000000002,0.005555555555555556,0.8103703703703691,0.18,121.441,0.27751599634369273,0.00142556190898579,0.9617870210507982,1.7056847520706627e-05
74,3.0,0.06,440.6000000000002,0.005555555555555556,0.8159259259259246,0.18,121.62100000000001,0.2760349523377212,0.00142556190898579,0.963212582959784,1.7056847520706627e-05
83,3.0,0.06,443.6000000000002,0.005555555555555556,0.8214814814814801,0.18,121.80100000000002,0.27457394048692507,0.00142556190898579,0.9646381448687698,1.7056847520706627e-05
92,2.9999999999999716,0.06,446.60000000000014,0.005555555555555503,0.8270370370370357,0.1799999999999983,121.98100000000001,0.27313255709807427,0.0014255619089857765,0.9660637067777555,1.705684752070631e-05
104,3.0,0.06,449.60000000000014,0.005555555555555556,0.8325925925925912,0.18,122.16100000000002,0.271710409252669,0.00142556190898579,0.9674892686867413,1.7056847520706627e-05
109,3.0,0.06,452.60000000000014,0.005555555555555556,0.8381481481481468,0.18,122.34100000000002,0.2703071144498453,0.00142556190898579,0.9689148305957271,1.7056847520706627e-05
113,3.0,0.06,455.60000000000014,0.005555555555555556,0.8437037037037023,0.18,122.52100000000003,0.2689223002633889,0.00142556190898579,0.9703403925047129,1.7056847520706627e-05
115,3.0,0.06,458.60000000000014,0.005555555555555556,0.8492592592592578,0.18,122.70100000000004,0.26755560401221107,0.00142556190898579,0.9717659544136987,1.7056847520706627e-05
117,1.1999999999999886,0.06,459.8000000000001,0.002222222222222201,0.8514814814814801,0.07199999999999931,122.77300000000004,0.26701391909525884,0.0005702247635943106,0.9723361791772931,2.7290956033130093e-06
98,3.0,0.06,462.8000000000001,0.005555555555555556,0.8570370370370356,0.18,122.95300000000005,0.26567199654278306,0.00142556190898579,0.9737617410862789,1.7056847520706627e-05
128,3.0,0.06,465.8000000000001,0.005555555555555556,0.8625925925925911,0.18,123.13300000000005,0.26434735938170895,0.00142556190898579,0.9751873029952647,1.7056847520706627e-05
138,3.0,0.06,468.8000000000001,0.005555555555555556,0.8681481481481467,0.18,123.31300000000006,0.26303967576791815,0.00142556190898579,0.9766128649042505,1.7056847520706627e-05
129,2.3000000000000114,0.06,471.10000000000014,0.00425925925925928,0.872407407407406,0.13800000000000068,123.45100000000006,0.2620483973678625,0.0010929307968891111,0.9777057957011396,1.0025635931615442e-05
131,1.2999999999999545,0.06,472.4000000000001,0.002407407407407323,0.8748148148148133,0.07799999999999727,123.52900000000007,0.26149237933954284,0.0006177434938938207,0.9783235391950335,3.2028969233324658e-06
90,1.9000000000000057,0.05,474.30000000000007,0.003518518518518529,0.8783333333333317,0.09500000000000029,123.62400000000007,0.26064516129032267,0.0007523798964091693,0.9790759190914426,7.651522876725069e-06
126,3.0,0.05,477.30000000000007,0.005555555555555556,0.8838888888888873,0.15000000000000002,123.77400000000007,0.25932118164676315,0.0011879682574881586,0.9802638873489308,1.9075818806239668e-05
114,3.0,0.05,480.30000000000007,0.005555555555555556,0.8894444444444428,0.15000000000000002,123.92400000000008,0.25801374141161787,0.0011879682574881586,0.9814518556064189,1.9075818806239668e-05
60,3.0,0.05,483.30000000000007,0.005555555555555556,0.8949999999999984,0.15000000000000002,124.07400000000008,0.2567225325884545,0.0011879682574881586,0.982639823863907,1.9075818806239668e-05
141,3.0,0.05,486.30000000000007,0.005555555555555556,0.9005555555555539,0.15000000000000002,124.22400000000009,0.25544725478099956,0.0011879682574881586,0.9838277921213952,1.9075818806239668e-05
96,3.0,0.05,489.30000000000007,0.005555555555555556,0.9061111111111094,0.15000000000000002,124.3740000000001,0.2541876149601473,0.0011879682574881586,0.9850157603788833,1.9075818806239668e-05
78,3.0,0.05,492.30000000000007,0.005555555555555556,0.911666666666665,0.15000000000000002,124.5240000000001,0.25294332723948826,0.0011879682574881586,0.9862037286363714,1.9075818806239668e-05
132,3.0,0.04,495.30000000000007,0.005555555555555556,0.9172222222222205,0.12,124.6440000000001,0.2516535433070868,0.0009503746059905267,0.987154103242362,2.120769157823666e-05
69,3.0,0.04,498.30000000000007,0.005555555555555556,0.922777777777776,0.12,124.76400000000011,0.25037928958458777,0.0009503746059905267,0.9881044778483525,2.120769157823666e-05
134,3.0,0.04,501.30000000000007,0.005555555555555556,0.9283333333333316,0.12,124.88400000000011,0.24912028725314203,0.0009503746059905267,0.9890548524543431,2.120769157823666e-05
6,3.0,0.04,504.30000000000007,0.005555555555555556,0.9338888888888871,0.12,125.00400000000012,0.24787626412849514,0.0009503746059905267,0.9900052270603337,2.120769157823666e-05
133,3.0,0.04,507.30000000000007,0.005555555555555556,0.9394444444444426,0.12,125.12400000000012,0.24664695446481394,0.0009503746059905267,0.9909556016663242,2.120769157823666e-05
122,3.0,0.04,510.30000000000007,0.005555555555555556,0.9449999999999982,0.12,125.24400000000013,0.24543209876543232,0.0009503746059905267,0.9919059762723148,2.120769157823666e-05
89,3.0,0.04,513.3000000000001,0.005555555555555556,0.9505555555555537,0.12,125.36400000000013,0.244231443600234,0.0009503746059905267,0.9928563508783054,2.120769157823666e-05
124,2.8999999999999773,0.04,516.2,0.005370370370370328,0.9559259259259241,0.11599999999999909,125.48000000000013,0.24308407593955855,0.000918695452457502,0.9937750463307629,1.9817409574774168e-05
93,3.0,0.04,519.2,0.005555555555555556,0.9614814814814796,0.12,125.60000000000014,0.24191063174114047,0.0009503746059905267,0.9947254209367534,2.120769157823666e-05
95,3.0,0.04,522.2,0.005555555555555556,0.9670370370370351,0.12,125.72000000000014,0.2407506702412871,0.0009503746059905267,0.995675795542744,2.120769157823666e-05
97,3.0,0.04,525.2,0.005555555555555556,0.9725925925925907,0.12,125.84000000000015,0.23960396039603987,0.0009503746059905267,0.9966261701487346,2.120769157823666e-05
127,3.0,0.04,528.2,0.005555555555555556,0.9781481481481462,0.12,125.96000000000015,0.23847027641045085,0.0009503746059905267,0.9975765447547251,2.120769157823666e-05
105,2.0,0.04,530.2,0.003703703703703704,0.9818518518518499,0.08,126.04000000000015,0.23772161448510024,0.0006335830706603511,0.9982101278253854,9.425640701438515e-06
88,3.0,0.03,533.2,0.005555555555555556,0.9874074074074054,0.09,126.13000000000015,0.23655288822205578,0.000712780954492895,0.9989229087798783,2.345246583669761e-05
108,3.0,0.03,536.2,0.005555555555555556,0.9929629629629609,0.09,126.22000000000016,0.2353972398358824,0.000712780954492895,0.9996356897343712,2.345246583669761e-05
62,0.799999999999983,0.02,537.0,0.00148148148148145,0.9944444444444424,0.01599999999999966,126.23600000000016,0.23507635009311018,0.00012671661413206754,0.9997624063485033,1.83538784580419e-06
7,3.0,0.01,540.0,0.005555555555555556,0.9999999999999979,0.03,126.26600000000016,0.23382592592592621,0.00023759365149763167,1.0000000000000009,2.828071881301138e-05
