,weight,grade,cml_weight,weight_pct,cml_weight_pct,yield,cml_yield,cml_grade,recovery,cml_recovery,distributional_heterogeneity
4,3.0,1.245,3.0,0.12396694214876033,0.12396694214876033,3.7350000000000003,3.7350000000000003,1.245,0.21344564708033786,0.21344564708033786,0.008006438636232316
3,3.0,1.068,6.0,0.12396694214876033,0.24793388429752067,3.204,6.939,1.1565,0.18310036231469948,0.39654600939503737,0.003496761380521496
6,3.0,0.885,9.0,0.12396694214876033,0.371900826446281,2.6550000000000002,9.594000000000001,1.066,0.151726423828192,0.5482724332232294,0.0007705888231107003
7,3.0,0.729,12.0,0.12396694214876033,0.49586776859504134,2.187,11.781,0.98175,0.12498142708559541,0.6732538603088248,1.029179687065265e-06
1,3.0,0.637,15.0,0.12396694214876033,0.6198347107438017,1.911,13.692,0.9128000000000001,0.10920873669893592,0.7824625970077608,0.00021780462809922732
5,3.0,0.52,18.0,0.12396694214876033,0.7438016528925621,1.56,15.252,0.8473333333333334,0.0891499891419885,0.8716125861497492,0.001212220216675758
2,3.0,0.471,21.0,0.12396694214876033,0.8677685950413224,1.4129999999999998,16.665,0.7935714285714285,0.08074931708822419,0.9523619032379734,0.0018677631158730817
0,0.20000000000000018,0.463,21.2,0.008264462809917363,0.8760330578512397,0.09260000000000009,16.7576,0.7904528301886793,0.005291851919582143,0.9576537551575556,8.83641550533955e-06
8,3.0,0.247,24.2,0.12396694214876033,1.0,0.741,17.4986,0.7230826446280992,0.042346244842444536,1.0,0.006661938228769227
