,weight,grade,cml_weight,weight_pct,cml_weight_pct,yield,cml_yield,cml_grade,recovery,cml_recovery,distributional_heterogeneity
27,3.0,11.374,3.0,0.02553191489361702,0.02553191489361702,34.122,34.122,11.374,0.44563901437532566,0.44563901437532566,0.17648997503493422
37,3.0,1.245,6.0,0.02553191489361702,0.05106382978723404,3.7350000000000003,37.857,6.3095,0.04877972330730442,0.49441873768263006,0.0005404605960395145
8,3.0,0.955,9.0,0.02553191489361702,0.07659574468085106,2.8649999999999998,40.722,4.524666666666667,0.037417378119257605,0.5318361158018876,0.00014126423608805454
12,3.0,0.893,12.0,0.02553191489361702,0.10212765957446808,2.6790000000000003,43.401,3.61675,0.034988187079054496,0.5668243028809421,8.942108364507834e-05
7,3.0,0.668,15.0,0.02553191489361702,0.1276595744680851,2.004,45.405,3.027,0.026172574433156105,0.5929968773140982,4.1044464560242934e-07
31,1.0,0.6,16.0,0.00851063829787234,0.13617021276595745,0.6,46.005,2.8753125,0.007836100129687456,0.6008329774437857,4.550017403382201e-07
3,3.0,0.583,19.0,0.02553191489361702,0.16170212765957448,1.7489999999999999,47.754000000000005,2.5133684210526317,0.022842231878038934,0.6236752093218246,7.234394724289243e-06
38,3.0,0.501,22.0,0.02553191489361702,0.1872340425531915,1.5030000000000001,49.257000000000005,2.2389545454545456,0.01962943082486708,0.6433046401466918,3.4839318181846894e-05
26,3.0,0.48,25.0,0.02553191489361702,0.21276595744680854,1.44,50.697,2.02788,0.018806640311249893,0.6621112804579417,4.5229318208233346e-05
9,3.0,0.471,28.0,0.02553191489361702,0.23829787234042557,1.4129999999999998,52.11,1.8610714285714285,0.01845401580541396,0.6805652962633556,5.009665550278576e-05
24,3.0,0.445,31.0,0.02553191489361702,0.2638297872340426,1.335,53.445,1.7240322580645162,0.01743532278855459,0.6980006190519102,6.55548037157593e-05
40,3.0,0.437,34.0,0.02553191489361702,0.2893617021276596,1.311,54.756,1.610470588235294,0.01712187878336709,0.7151224978352774,7.072870737570776e-05
29,1.2000000000000028,0.411,35.2,0.010212765957446832,0.29957446808510646,0.49320000000000114,55.2492,1.5695795454545454,0.006441274306603104,0.7215637721418805,1.4224149272383958e-05
28,3.0,0.407,38.2,0.02553191489361702,0.32510638297872346,1.2209999999999999,56.4702,1.4782774869109947,0.01594646376391397,0.7375102359057945,9.188087335992547e-05
22,3.0,0.405,41.2,0.02553191489361702,0.35063829787234047,1.215,57.6852,1.400126213592233,0.0158681027626171,0.7533783386684115,9.338926490326126e-05
23,3.0,0.4,44.2,0.02553191489361702,0.37617021276595747,1.2000000000000002,58.885200000000005,1.3322443438914027,0.015672200259374915,0.7690505389277864,9.7213972668688e-05
6,3.0,0.38,47.2,0.02553191489361702,0.40170212765957447,1.1400000000000001,60.025200000000005,1.271720338983051,0.014888590246406168,0.7839391291741926,0.00011328035954592607
0,3.0,0.361,50.2,0.02553191489361702,0.4272340425531915,1.083,61.108200000000004,1.2172948207171315,0.01414416073408586,0.7980832899082785,0.00012968094479791934
21,3.0,0.34,53.2,0.02553191489361702,0.4527659574468085,1.02,62.12820000000001,1.1678233082706768,0.013321370220468675,0.8114046601287471,0.00014909740121495142
41,2.0,0.313,55.2,0.01702127659574468,0.4697872340425532,0.626,62.754200000000004,1.1368514492753623,0.00817566446864058,0.8195803245973877,7.824485390317115e-05
2,3.0,0.313,58.2,0.02553191489361702,0.4953191489361702,0.9390000000000001,63.693200000000004,1.094384879725086,0.01226349670296087,0.8318438213003486,0.0001760509212821351
1,3.0,0.312,61.2,0.02553191489361702,0.5208510638297872,0.9359999999999999,64.6292,1.056032679738562,0.012224316202312431,0.8440681375026611,0.00017709218292881164
20,3.0,0.309,64.2,0.02553191489361702,0.5463829787234042,0.927,65.5562,1.0211246105919003,0.012106774700367121,0.8561749122030282,0.00018023438920841404
5,3.0,0.305,67.2,0.02553191489361702,0.5719148936170213,0.915,66.47120000000001,0.989154761904762,0.011950052697773371,0.8681249649008016,0.00018446698070688695
15,3.0,0.302,70.2,0.02553191489361702,0.5974468085106384,0.9059999999999999,67.37720000000002,0.9597891737891739,0.011832511195828057,0.8799574760966297,0.00018767366167499395
11,1.5,0.295,71.7,0.01276595744680851,0.6102127659574469,0.4425,67.81970000000001,0.9458814504881452,0.0057791238456444995,0.8857365999422742,4.8815843770354475e-05
19,3.0,0.278,74.7,0.02553191489361702,0.635744680851064,0.8340000000000001,68.65370000000001,0.9190589022757699,0.010892179180265565,0.8966287791225397,0.00021432186175677806
16,3.0,0.268,77.7,0.02553191489361702,0.661276595744681,0.804,69.45770000000002,0.8939214929214931,0.010500374173781192,0.9071291532963209,0.00022594721641208267
35,3.0,0.265,80.7,0.02553191489361702,0.6868085106382981,0.795,70.25270000000002,0.8705415117719952,0.01038283267183588,0.9175119859681569,0.00022949469216228548
39,3.0,0.263,83.7,0.02553191489361702,0.7123404255319151,0.789,71.04170000000002,0.8487658303464757,0.010304471670539005,0.9278164576386959,0.0002318750271120646
13,3.0,0.237,86.7,0.02553191489361702,0.7378723404255322,0.711,71.75270000000002,0.8275974625144177,0.009285778653679636,0.9371022362923755,0.0002639369427266069
33,2.4000000000000057,0.236,89.10000000000001,0.020425531914893665,0.7582978723404259,0.5664000000000013,72.31910000000002,0.8116621773288442,0.007397278522424977,0.9444995148148005,0.0001697353864583719
17,3.0,0.217,92.10000000000001,0.02553191489361702,0.783829787234043,0.651,72.97010000000002,0.7922920738327905,0.00850216864071089,0.9530016834555114,0.00029001225743837045
10,3.0,0.209,95.10000000000001,0.02553191489361702,0.80936170212766,0.627,73.59710000000001,0.7738916929547844,0.008188724635523392,0.9611904080910347,0.00030078624832843387
36,3.0,0.201,98.10000000000001,0.02553191489361702,0.8348936170212771,0.603,74.2001,0.7563720693170234,0.007875280630335893,0.9690656887213707,0.00031175673350727304
34,3.0,0.197,101.10000000000001,0.02553191489361702,0.8604255319148941,0.591,74.7911,0.7397734915924826,0.007718558627742144,0.9767842473491128,0.00031731566145498376
14,3.0,0.175,104.10000000000001,0.02553191489361702,0.8859574468085112,0.5249999999999999,75.3161,0.7234975984630163,0.006856587613476523,0.9836408349625894,0.00034876784902035987
18,3.0,0.149,107.10000000000001,0.02553191489361702,0.9114893617021282,0.44699999999999995,75.76310000000001,0.7074052287581699,0.005837894596617155,0.9894787295592065,0.0003878544354586427
4,3.0,0.137,110.10000000000001,0.02553191489361702,0.9370212765957453,0.41100000000000003,76.17410000000001,0.6918628519527702,0.005367728588835908,0.9948464581480424,0.0004065944093339222
25,3.0,0.083,113.10000000000001,0.02553191489361702,0.9625531914893624,0.249,76.4231,0.6757126436781609,0.0032519815538202945,0.9980984397018627,0.0004963954296257857
30,1.5,0.07,114.60000000000001,0.01276595744680851,0.9753191489361709,0.10500000000000001,76.52810000000001,0.6677844677137871,0.001371317522695305,0.999469757224558,0.00012983781900019462
32,2.8999999999999915,0.014,117.5,0.024680851063829716,1.0000000000000007,0.04059999999999988,76.5687,0.651648510638298,0.000530242775442183,1.0000000000000002,0.0005832518806991325
