,weight,grade,cml_weight,weight_pct,cml_weight_pct,yield,cml_yield,cml_grade,recovery,cml_recovery,distributional_heterogeneity
24,3.0,1.198,3.0,0.022075055187637967,0.022075055187637967,3.594,3.594,1.198,0.0657404951572632,0.0657404951572632,0.0019066706477409447
18,3.0,0.842,6.0,0.022075055187637967,0.044150110375275935,2.526,6.119999999999999,1.0199999999999998,0.0462049223058561,0.1119454174631193,0.0005822504871428649
20,3.0,0.808,9.0,0.022075055187637967,0.0662251655629139,2.4240000000000004,8.544,0.9493333333333334,0.044339165348137456,0.15628458281125676,0.0004956906012388566
9,0.5,0.785,9.5,0.003679175864606328,0.06990434142752022,0.3925,8.9365,0.9406842105263159,0.0071795059402409035,0.16346408875149768,1.2252310638391956e-05
31,3.0,0.668,12.5,0.022075055187637967,0.0919793966151582,2.004,10.9405,0.87524,0.036656636698707695,0.20012072545020537,0.0002126225193639706
6,3.0,0.667,15.5,0.022075055187637967,0.11405445180279616,2.0010000000000003,12.941500000000001,0.8349354838709678,0.036601761494068914,0.23672248694427428,0.00021102519611330061
1,2.999999999999999,0.629,18.5,0.02207505518763796,0.13612950699043413,1.8869999999999993,14.8285,0.8015405405405406,0.034516503717795105,0.27123899066206936,0.00015478964152854948
21,2.999999999999993,0.621,21.499999999999993,0.022075055187637915,0.15820456217807205,1.8629999999999955,16.691499999999994,0.7763488372093024,0.03407750208068477,0.30531649274275413,0.00014405873142041005
29,3.0,0.588,24.499999999999993,0.022075055187637967,0.18027961736571002,1.7639999999999998,18.455499999999994,0.7532857142857142,0.032266620327604974,0.3375831130703591,0.00010386800000219074
45,3.0,0.542,27.499999999999993,0.022075055187637967,0.202354672553348,1.6260000000000001,20.081499999999995,0.7302363636363637,0.029742360914220917,0.36732547398458004,5.878757710489167e-05
22,3.0,0.523,30.499999999999993,0.022075055187637967,0.22442972774098596,1.569,21.650499999999994,0.7098524590163934,0.028699732026084016,0.39602520601066404,4.388634321384358e-05
46,1.5,0.517,31.999999999999993,0.011037527593818984,0.23546725533480495,0.7755000000000001,22.425999999999995,0.7008125,0.014185240399125658,0.4102104464097897,9.908095904691612e-06
35,3.0,0.489,34.99999999999999,0.022075055187637967,0.2575423105224429,1.467,23.892999999999994,0.6826571428571429,0.026833975068365365,0.4370444214781551,2.264731843118245e-05
25,3.0,0.472,37.99999999999999,0.022075055187637967,0.2796173657100809,1.416,25.308999999999994,0.6660263157894737,0.025901096589506033,0.4629455180676611,1.4638592808808563e-05
26,3.0,0.463,40.99999999999999,0.022075055187637967,0.30169242089771886,1.389,26.697999999999993,0.651170731707317,0.02540721974775698,0.4883527378154181,1.110332065571314e-05
28,3.0,0.457,43.99999999999999,0.022075055187637967,0.32376747608535683,1.371,28.068999999999992,0.6379318181818181,0.025077968519924276,0.5134307063353424,9.017488481222868e-06
42,3.0,0.456,46.99999999999999,0.022075055187637967,0.3458425312729948,1.368,29.43699999999999,0.6263191489361701,0.025023093315285495,0.5384537996506279,8.69092880206353e-06
5,3.0,0.438,49.99999999999999,0.022075055187637967,0.3679175864606328,1.314,30.75099999999999,0.6150199999999999,0.024035339631787382,0.5624891392824153,3.8427151019741736e-06
19,3.0,0.432,52.99999999999999,0.022075055187637967,0.38999264164827074,1.296,32.04699999999999,0.6046603773584904,0.02370608840395468,0.58619522768637,2.660269352728429e-06
17,3.0,0.426,55.99999999999999,0.022075055187637967,0.4120676968359087,1.278,33.32499999999999,0.5950892857142855,0.023376837176121972,0.6095720648624919,1.6946363455413697e-06
0,3.0,0.408,58.99999999999999,0.022075055187637967,0.4341427520235467,1.224,34.548999999999985,0.5855762711864405,0.02238908349262386,0.6319611483551157,9.861377633231268e-08
15,3.0,0.404,61.99999999999999,0.022075055187637967,0.45621780721118466,1.2120000000000002,35.76099999999999,0.576790322580645,0.022169582674068728,0.6541307310291845,8.935445690917396e-09
27,3.0,0.395,65.0,0.022075055187637967,0.4782928623988226,1.185,36.94599999999999,0.5683999999999999,0.02167570583231967,0.6758064368615042,1.5947990759313932e-07
14,3.0,0.371,68.0,0.022075055187637967,0.5003679175864606,1.113,38.05899999999999,0.5596911764705881,0.020358700920988855,0.6961651377824931,2.9458719686446158e-06
4,3.0,0.371,71.0,0.022075055187637967,0.5224429727740986,1.113,39.17199999999999,0.5517183098591548,0.020358700920988855,0.716523838703482,2.9458719686446158e-06
2,3.0,0.341,74.0,0.022075055187637967,0.5445180279617365,1.0230000000000001,40.19499999999999,0.5431756756756756,0.01871244478182534,0.7352362834853073,1.1307148741279388e-05
16,3.0,0.338,77.0,0.022075055187637967,0.5665930831493745,1.014,41.208999999999996,0.5351818181818181,0.018547819167908982,0.7537841026532163,1.2441393938873562e-05
23,3.0,0.317,80.0,0.022075055187637967,0.5886681383370125,0.9510000000000001,42.16,0.5269999999999999,0.017395439870494522,0.7711795425237108,2.189879951644357e-05
11,3.0,0.317,83.0,0.022075055187637967,0.6107431935246505,0.9510000000000001,43.111,0.5194096385542168,0.017395439870494522,0.7885749823942053,2.189879951644357e-05
37,3.0,0.316,86.0,0.022075055187637967,0.6328182487122884,0.948,44.059,0.512313953488372,0.017340564665855734,0.8059155470600611,2.2415400500845793e-05
40,3.0,0.302,89.0,0.022075055187637967,0.6548933038999264,0.9059999999999999,44.964999999999996,0.5052247191011235,0.01657231180091276,0.8224878588609739,3.0280184780148015e-05
30,3.0,0.29,92.0,0.022075055187637967,0.6769683590875644,0.8699999999999999,45.834999999999994,0.4982065217391304,0.01591380934524735,0.8384016682062212,3.796095033037566e-05
38,3.0,0.276,95.0,0.022075055187637967,0.6990434142752023,0.8280000000000001,46.663,0.4911894736842105,0.015145556480304377,0.8535472246865256,4.801795233493789e-05
43,3.0,0.272,98.0,0.022075055187637967,0.7211184694628403,0.8160000000000001,47.479,0.48447959183673467,0.014926055661749241,0.8684732803482748,5.110819422115723e-05
13,3.0,0.254,101.0,0.022075055187637967,0.7431935246504783,0.762,48.241,0.4776336633663366,0.01393830197825113,0.8824115823265258,6.620675279046702e-05
12,3.0,0.248,104.0,0.022075055187637967,0.7652685798381162,0.744,48.985,0.4710096153846154,0.013609050750418425,0.8960206330769442,7.167323113102098e-05
39,3.0,0.247,107.0,0.022075055187637967,0.7873436350257542,0.741,49.726,0.4647289719626168,0.013554175545779642,0.9095748086227239,7.260538987103568e-05
33,4.0,0.223,111.0,0.029433406916850625,0.8167770419426048,0.892,50.618,0.45601801801801806,0.016316227512598435,0.9258910361353223,0.0001720603955233378
3,3.0,0.19,114.0,0.022075055187637967,0.8388520971302428,0.5700000000000001,51.188,0.44901754385964915,0.010426288881368956,0.9363173250166913,0.0001356937564580682
10,3.0,0.181,117.0,0.022075055187637967,0.8609271523178808,0.5429999999999999,51.731,0.44214529914529915,0.009932412039619897,0.9462497370563112,0.00014744378262011016
32,3.0,0.181,120.0,0.022075055187637967,0.8830022075055187,0.5429999999999999,52.274,0.43561666666666665,0.009932412039619897,0.9561821490959311,0.00014744378262011016
7,3.0,0.177,123.0,0.022075055187637967,0.9050772626931567,0.5309999999999999,52.805,0.4293089430894309,0.009712911221064761,0.9658950603169959,0.0001528226034502823
34,3.0,0.175,126.0,0.022075055187637967,0.9271523178807947,0.5249999999999999,53.33,0.4232539682539682,0.009603160811787194,0.9754982211287831,0.00015554814932237817
36,3.0,0.157,129.0,0.022075055187637967,0.9492273730684326,0.471,53.800999999999995,0.41706201550387595,0.008615407128289083,0.9841136282570723,0.00018116212588153418
8,0.9000000000000021,0.155,129.9,0.006622516556291406,0.9558498896247241,0.13950000000000032,53.94049999999999,0.4152463433410315,0.0025516970157034606,0.9866653252727757,1.657157173203265e-05
41,3.0,0.132,132.9,0.022075055187637967,0.977924944812362,0.396,54.336499999999994,0.40885252069224975,0.0072435270123194844,0.9939088522850952,0.00021997422801526604
44,3.0,0.111,135.9,0.022075055187637967,1.0,0.333,54.66949999999999,0.4022774098601912,0.006091147714905021,1.0000000000000002,0.00025548529809688817
