,weight,grade,cml_weight,weight_pct,cml_weight_pct,yield,cml_yield,cml_grade,recovery,cml_recovery,distributional_heterogeneity
80,3.0,4.448,3.0,0.011476664116296864,0.011476664116296864,13.344000000000001,13.344000000000001,4.448,0.08474264122185886,0.08474264122185886,0.005367903401232734
36,3.0,2.068,6.0,0.011476664116296864,0.022953328232593728,6.204000000000001,19.548000000000002,3.2580000000000005,0.03939923157527071,0.12414187279712957,0.0007796697735009449
29,3.0,1.977,9.0,0.011476664116296864,0.03442999234889059,5.931,25.479000000000003,2.8310000000000004,0.037665512971136454,0.16180738576826603,0.000685855804341633
28,3.0,1.964,12.0,0.011476664116296864,0.045906656465187455,5.8919999999999995,31.371000000000002,2.61425,0.03741783888483156,0.19922522465309758,0.0006729445483716612
22,3.0,1.794,15.0,0.011476664116296864,0.05738332058148432,5.382,36.753,2.4502,0.03417902391007526,0.23340424856317285,0.0005153971402061661
33,3.0,1.694,18.0,0.011476664116296864,0.06885998469778118,5.082,41.835,2.3241666666666667,0.03227383863080686,0.26567808719397973,0.00043252246778698386
13,3.0,1.688,21.0,0.011476664116296864,0.08033664881407804,5.064,46.899,2.2332857142857145,0.032159527514050754,0.2978376147080305,0.0004277808383301473
84,3.0,1.302,24.0,0.011476664116296864,0.0918133129303749,3.906,50.805,2.116875,0.024805512336074694,0.3226431270441052,0.00017765819486587452
23,3.0,1.07,27.0,0.011476664116296864,0.10328997704667175,3.21,54.015,2.0005555555555556,0.020385482488171982,0.34302860953227715,7.936704478305961e-05
34,3.0,1.021,30.0,0.011476664116296864,0.11476664116296861,3.0629999999999997,57.078,1.9026,0.01945194170133046,0.3624805512336076,6.360505255833927e-05
2,3.0000000000000018,0.966,33.0,0.01147666411629687,0.12624330527926547,2.8980000000000015,59.976000000000006,1.8174545454545457,0.018404089797732844,0.38088464103134045,4.7989226571818664e-05
37,3.0,0.947,36.0,0.011476664116296864,0.13771996939556233,2.8409999999999997,62.81700000000001,1.744916666666667,0.018042104594671836,0.39892674562601227,4.3105008675084585e-05
32,3.0,0.929,39.0,0.011476664116296864,0.1491966335118592,2.787,65.60400000000001,1.6821538461538466,0.017699171244403525,0.4166259168704158,3.871959495933819e-05
18,2.999999999999993,0.924,41.99999999999999,0.011476664116296836,0.16067329762815602,2.7719999999999936,68.376,1.6280000000000003,0.017603911980440062,0.4342298288508558,3.754316638864771e-05
46,1.0,0.912,42.99999999999999,0.003825554705432288,0.1644988523335883,0.912,69.28800000000001,1.6113488372093028,0.005791763248975965,0.44002159209983177,3.865976036704146e-06
30,3.0,0.91,45.99999999999999,0.011476664116296864,0.17597551644988516,2.73,72.01800000000001,1.5656086956521744,0.017337186041342528,0.4573587781411743,3.434571723394091e-05
27,3.0,0.829,48.99999999999999,0.011476664116296864,0.18745218056618201,2.487,74.50500000000001,1.5205102040816332,0.015793985965135114,0.4731527641063094,1.8639267946456115e-05
31,3.0,0.809,51.99999999999999,0.011476664116296864,0.19892884468247887,2.427,76.93200000000002,1.479461538461539,0.015412948909281432,0.4885657130155908,1.549433797148157e-05
1,3.0,0.805,54.99999999999999,0.011476664116296864,0.21040550879877573,2.415,79.34700000000002,1.4426727272727278,0.015336741498110696,0.5039024545137015,1.4900197393590734e-05
39,3.0,0.793,57.99999999999999,0.011476664116296864,0.2218821729150726,2.379,81.72600000000003,1.409068965517242,0.015108119264598487,0.5190105737783001,1.3187466494126366e-05
0,3.0,0.743,60.99999999999999,0.011476664116296864,0.23335883703136945,2.229,83.95500000000003,1.3763114754098367,0.014155526624964283,0.5331661004032644,7.17630434034389e-06
3,3.0,0.741,63.99999999999999,0.011476664116296864,0.2448355011476663,2.223,86.17800000000003,1.3465312500000006,0.014117422919378914,0.5472835233226433,6.973607056055339e-06
9,3.0,0.711,67.0,0.011476664116296864,0.25631216526396317,2.133,88.31100000000002,1.318074626865672,0.01354586733559839,0.5608293906582417,4.2816019627678e-06
83,0.4000000000000057,0.71,67.4,0.001530221882172937,0.2578423871461361,0.284000000000004,88.59500000000003,1.3144658753709202,0.0018035753977074533,0.5626329660559491,7.472214445507895e-08
87,3.0,0.669,70.4,0.011476664116296864,0.269319051262433,2.007,90.60200000000003,1.2869602272727276,0.01274568951830566,0.5753786555742548,1.610425470943585e-06
4,3.0,0.669,73.4,0.011476664116296864,0.2807957153787299,2.007,92.60900000000004,1.2617029972752047,0.01274568951830566,0.5881243450925605,1.610425470943585e-06
19,3.0,0.666,76.4,0.011476664116296864,0.29227237949502677,1.9980000000000002,94.60700000000004,1.2383115183246078,0.012688533959927608,0.6008128790524881,1.4686285179016018e-06
47,2.4000000000000057,0.634,78.80000000000001,0.009181331293037514,0.30145371078806427,1.5216000000000036,96.12860000000005,1.2199060913705588,0.009663099736449396,0.6104759787889376,2.321008330675082e-07
66,3.0,0.599,81.80000000000001,0.011476664116296864,0.31293037490436115,1.797,97.92560000000005,1.1971344743276287,0.011412059822817773,0.6218880386117553,4.173714735932675e-09
77,3.0,0.596,84.80000000000001,0.011476664116296864,0.32440703902065804,1.7879999999999998,99.71360000000004,1.1758679245283021,0.011354904264439719,0.6332429428761951,1.4825461524273784e-08
12,3.0,0.583,87.80000000000001,0.011476664116296864,0.3358837031369549,1.7489999999999999,101.46260000000004,1.1556104783599093,0.011107230178134827,0.64435017305433,1.364814346659125e-07
61,3.0,0.577,90.80000000000001,0.011476664116296864,0.3473603672532518,1.7309999999999999,103.19360000000003,1.1364933920704847,0.010992919061378722,0.6553430921157086,2.3400927815775683e-07
26,3.0,0.559,93.80000000000001,0.011476664116296864,0.3588370313695487,1.677,104.87060000000004,1.1180234541577827,0.010649985711110409,0.665993077826819,6.833971856016198e-07
56,3.0,0.548,96.80000000000001,0.011476664116296864,0.3703136954858456,1.6440000000000001,106.51460000000004,1.1003574380165293,0.010440415330390885,0.6764334931572099,1.0738115462916169e-06
57,3.0,0.54,99.80000000000001,0.011476664116296864,0.38179035960214247,1.62,108.13460000000005,1.0835130260521046,0.010288000508049412,0.6867214936652594,1.4129211735718534e-06
74,3.0,0.535,102.80000000000001,0.011476664116296864,0.39326702371843936,1.605,109.73960000000005,1.0675058365758758,0.010192741244085991,0.6969142349093453,1.6484579417862179e-06
38,3.0,0.503,105.80000000000001,0.011476664116296864,0.40474368783473624,1.509,111.24860000000005,1.0514990548204162,0.009583081954720098,0.7064973168640655,3.585653402641733e-06
14,3.0,0.501,108.80000000000001,0.011476664116296864,0.41622035195103313,1.5030000000000001,112.75160000000005,1.0363198529411768,0.009544978249134733,0.7160422951132002,3.731410289393921e-06
20,3.0,0.481,111.80000000000001,0.011476664116296864,0.42769701606733,1.443,114.19460000000005,1.021418604651163,0.00916394119328105,0.7252062363064812,5.348687318642816e-06
24,3.0,0.481,114.80000000000001,0.011476664116296864,0.4391736801836269,1.443,115.63760000000005,1.007296167247387,0.00916394119328105,0.7343701774997622,5.348687318642816e-06
11,3.0,0.466,117.80000000000001,0.011476664116296864,0.4506503442999238,1.3980000000000001,117.03560000000004,0.9935110356536505,0.008878163401390788,0.743248340901153,6.752205965367387e-06
6,3.0,0.465,120.80000000000001,0.011476664116296864,0.4621270084162207,1.395,118.43060000000004,0.9803857615894043,0.008859111548598104,0.7521074524497511,6.851581444666371e-06
79,3.0,0.458,123.80000000000001,0.011476664116296864,0.47360367253251756,1.374,119.80460000000004,0.9677269789983847,0.008725748579049316,0.7608332010288004,7.5675362930699685e-06
35,3.0,0.453,126.80000000000001,0.011476664116296864,0.48508033664881445,1.359,121.16360000000003,0.9555488958990538,0.008630489315085895,0.7694636903438863,8.1007109990483e-06
51,3.0,0.449,129.8,0.011476664116296864,0.49655700076511133,1.347,122.51060000000003,0.9438412942989215,0.008554281903915158,0.7780179722478014,8.540317795244992e-06
40,3.0,0.449,132.8,0.011476664116296864,0.5080336648814082,1.347,123.85760000000002,0.9326626506024097,0.008554281903915158,0.7865722541517166,8.540317795244992e-06
21,3.0,0.439,135.8,0.011476664116296864,0.5195103289977051,1.317,125.17460000000001,0.9217569955817378,0.008363763375988317,0.7949360175277049,9.690151019013498e-06
65,3.0,0.41,138.8,0.011476664116296864,0.530986993114002,1.23,126.40460000000002,0.9106959654178675,0.0078112596450004785,0.8027472771727054,1.3435189938199538e-05
8,3.0,0.406,141.8,0.011476664116296864,0.5424636572302989,1.218,127.62260000000002,0.9000183356840621,0.007735052233829742,0.8104823294065352,1.3999659479019155e-05
58,3.0,0.397,144.8,0.011476664116296864,0.5539403213465958,1.191,128.8136,0.8895966850828729,0.007563585558695586,0.8180459149652308,1.5312183797958896e-05
5,3.0,0.395,147.8,0.011476664116296864,0.5654169854628927,1.185,129.9986,0.8795575101488498,0.0075254818531102175,0.825571396818341,1.561184127692075e-05
7,3.0,0.385,150.8,0.011476664116296864,0.5768936495791895,1.155,131.1536,0.8697188328912467,0.007334963325183377,0.8329063601435244,1.7153685443110088e-05
76,3.0,0.382,153.8,0.011476664116296864,0.5883703136954864,1.146,132.2996,0.8602054616384914,0.007277807766805324,0.8401841679103297,1.7630394643665422e-05
42,3.0,0.371,156.8,0.011476664116296864,0.5998469778117833,1.113,133.4126,0.8508456632653061,0.007068237386085799,0.8472524052964154,1.943422623563942e-05
63,3.0,0.37,159.8,0.011476664116296864,0.6113236419280802,1.1099999999999999,134.5226,0.8418185231539425,0.007049185533293114,0.8543015908297086,1.9602566602956888e-05
72,3.0,0.362,162.8,0.011476664116296864,0.6228003060443771,1.0859999999999999,135.60860000000002,0.8329766584766586,0.006896770710951641,0.8611983615406602,2.0975423604324654e-05
25,3.0,0.348,165.8,0.011476664116296864,0.634276970160674,1.044,136.65260000000004,0.8242014475271413,0.006630044771854065,0.8678284063125142,2.3489719069927156e-05
41,3.0,0.348,168.8,0.011476664116296864,0.6457536342769709,1.044,137.69660000000005,0.815738151658768,0.006630044771854065,0.8744584510843683,2.3489719069927156e-05
64,3.0,0.309,171.8,0.011476664116296864,0.6572302983932677,0.927,138.62360000000004,0.8068894062863797,0.005887022512939386,0.8803454735973076,3.124409325398477e-05
71,3.0,0.307,174.8,0.011476664116296864,0.6687069625095646,0.921,139.54460000000003,0.7983100686498857,0.005848918807354018,0.8861943924046617,3.167151726232822e-05
10,3.0,0.306,177.8,0.011476664116296864,0.6801836266258615,0.9179999999999999,140.46260000000004,0.7900033745781779,0.005829866954561332,0.892024259359223,3.188631818578445e-05
17,3.0,0.303,180.8,0.011476664116296864,0.6916602907421584,0.909,141.37160000000003,0.7819225663716816,0.005772711396183281,0.8977969707554063,3.253507663329115e-05
78,3.0,0.289,183.8,0.011476664116296864,0.7031369548584553,0.867,142.23860000000002,0.7738770402611534,0.005505985457085703,0.903302956212492,3.564900365155959e-05
43,3.0,0.278,186.8,0.011476664116296864,0.7146136189747522,0.8340000000000001,143.07260000000002,0.7659132762312635,0.005296415076366179,0.9085993712888581,3.8195478195564156e-05
60,3.0,0.268,189.8,0.011476664116296864,0.7260902830910491,0.804,143.87660000000002,0.7580432033719706,0.005105896548439338,0.9137052678372974,4.05866794036653e-05
48,3.0,0.265,192.8,0.011476664116296864,0.737566947207346,0.795,144.6716,0.7503713692946058,0.005048740990061285,0.9187540088273587,4.131819571679417e-05
59,3.0,0.261,195.8,0.011476664116296864,0.7490436113236428,0.783,145.4546,0.742873340143003,0.004972533578890549,0.9237265424062493,4.2303714047621356e-05
16,3.0,0.257,198.8,0.011476664116296864,0.7605202754399397,0.771,146.2256,0.7355412474849093,0.004896326167719812,0.9286228685739691,4.330084751748324e-05
53,3.0,0.253,201.8,0.011476664116296864,0.7719969395562366,0.759,146.98459999999997,0.7283676907829533,0.004820118756549076,0.9334429873305182,4.4309596126379805e-05
85,3.0,0.25,204.8,0.011476664116296864,0.7834736036725335,0.75,147.73459999999997,0.7213603515624998,0.004762963198171024,0.9382059505286893,4.5073780018043754e-05
49,3.0,0.243,207.8,0.011476664116296864,0.7949502677888304,0.729,148.46359999999999,0.7144542829643887,0.004629600228622235,0.9428355507573115,4.688228388189801e-05
55,3.0,0.242,210.8,0.011476664116296864,0.8064269319051273,0.726,149.18959999999998,0.7077305502846298,0.0046105483758295505,0.947446099133141,4.7143545361493004e-05
44,3.0,0.238,213.8,0.011476664116296864,0.8179035960214242,0.714,149.90359999999998,0.7011393826005612,0.004534340964658814,0.9519804400977998,4.819585074176966e-05
67,3.0,0.231,216.8,0.011476664116296864,0.829380260137721,0.6930000000000001,150.5966,0.6946337638376383,0.004400977995110026,0.9563814180929099,5.006533408555605e-05
45,2.5999999999999943,0.229,219.4,0.009946442234123927,0.8393267023718449,0.5953999999999987,151.192,0.6891157702825889,0.0037811577175880283,0.9601625758104979,3.80107331698373e-05
52,3.0,0.222,222.4,0.011476664116296864,0.8508033664881418,0.666,151.858,0.6828147482014388,0.00422951131997587,0.9643920871304738,5.252122365322322e-05
75,3.0,0.212,225.4,0.011476664116296864,0.8622800306044387,0.636,152.494,0.6765483584738243,0.004038992792049028,0.9684310799225228,5.531895472753857e-05
50,3.0,0.19,228.4,0.011476664116296864,0.8737566947207356,0.5700000000000001,153.064,0.6701576182136602,0.0036198520306099783,0.9720509319531327,6.172949614979551e-05
81,3.0,0.181,231.4,0.011476664116296864,0.8852333588370325,0.5429999999999999,153.607,0.6638159031979256,0.0034483853554758206,0.9754993173086086,6.445325986145026e-05
62,3.0,0.18,234.4,0.011476664116296864,0.8967100229533294,0.54,154.147,0.6576237201365187,0.0034293335026831374,0.9789286508112918,6.475953000480469e-05
54,3.0,0.178,237.4,0.011476664116296864,0.9081866870696262,0.534,154.68099999999998,0.6515627632687446,0.0033912297970977692,0.9823198806083895,6.537424813008255e-05
15,3.0,0.168,240.4,0.011476664116296864,0.9196633511859231,0.504,155.18499999999997,0.6455282861896837,0.003200711269170928,0.9855205918775604,6.849139552785188e-05
82,3.0,0.164,243.4,0.011476664116296864,0.93114001530222,0.492,155.67699999999996,0.6395932621199669,0.0031245038580001916,0.9886450957355606,6.975858098027031e-05
73,3.0,0.148,246.4,0.011476664116296864,0.9426166794185169,0.44399999999999995,156.12099999999995,0.6336079545454544,0.0028196742133172457,0.9914647699488778,7.494347418029105e-05
68,3.0,0.138,249.4,0.011476664116296864,0.9540933435348138,0.41400000000000003,156.53499999999994,0.627646351242983,0.0026291556853904052,0.9940939256342682,7.827840543496087e-05
88,3.0,0.133,252.4,0.011476664116296864,0.9655700076511107,0.399,156.93399999999994,0.621767036450079,0.0025338964214269848,0.9966278220556952,7.997309404440833e-05
69,3.0,0.089,255.4,0.011476664116296864,0.9770466717674076,0.267,157.20099999999994,0.6155090054815973,0.0016956148985488846,0.9983234369542441,9.566892380000837e-05
70,3.0,0.064,258.4,0.011476664116296864,0.9885233358837044,0.192,157.39299999999994,0.6091060371517026,0.0012193185787317822,0.9995427555329759,0.00010521313747700627
86,3.0,0.024,261.4,0.011476664116296864,1.0000000000000013,0.07200000000000001,157.46499999999995,0.6023909716908951,0.0004572444670244183,1.0000000000000002,0.00012142760940677166
