,weight,grade,cml_weight,weight_pct,cml_weight_pct,yield,cml_yield,cml_grade,recovery,cml_recovery,distributional_heterogeneity
29,5.0,1.85,5.0,0.025007502250675204,0.025007502250675204,9.25,9.25,1.85,0.11186358689079694,0.11186358689079694,0.007543979439011991
30,5.0,1.7,10.0,0.025007502250675204,0.05001500450135041,8.5,17.75,1.775,0.10279356633208367,0.2146571532228806,0.006050671765276985
26,5.0,1.09,15.0,0.025007502250675204,0.07502250675202561,5.45,23.2,1.5466666666666666,0.06590881605998306,0.28056596928286365,0.001672917471327478
40,2.240000000000009,0.8,17.24000000000001,0.011203361008302536,0.08622586776032815,1.7920000000000074,24.992000000000008,1.4496519721577723,0.02167130245495232,0.30223727173781595,0.00010957779813048828
27,5.0,0.79,22.24000000000001,0.025007502250675204,0.11123337001100335,3.95,28.942000000000007,1.301348920863309,0.04776877494255653,0.3500060466803725,0.0005180755345541826
3,5.0,0.71,27.24000000000001,0.025007502250675204,0.13624087226167855,3.55,32.492000000000004,1.1928046989720995,0.04293143064457612,0.3929374773249486,0.00032126720906968737
32,4.5,0.68,31.74000000000001,0.022506752025607684,0.15874762428728623,3.06,35.55200000000001,1.1201008191556394,0.037005683879550125,0.4299431612044987,0.00021021902490526672
1,4.999999999999998,0.63,36.74000000000001,0.025007502250675193,0.18375512653796142,3.149999999999999,38.702000000000005,1.0534022863364179,0.0380940863465957,0.46803724755109444,0.0001712586832995995
37,6.0,0.62,42.74000000000001,0.030009002700810243,0.21376412923877167,3.7199999999999998,42.422000000000004,0.9925596630790827,0.044987301971217794,0.5130245495223122,0.0002243494490338913
31,5.0,0.59,47.74000000000001,0.025007502250675204,0.23877163148944686,2.9499999999999997,45.37200000000001,0.9503979891076665,0.035675414197605504,0.5486999637199177,0.00011380434530745828
0,5.0,0.43,52.74000000000001,0.025007502250675204,0.2637791337401221,2.15,47.522000000000006,0.9010618126659081,0.02600072560164469,0.5747006893215624,9.864926249110599e-07
5,5.0,0.41,57.74000000000001,0.025007502250675204,0.2887866359907973,2.05,49.572,0.8585382750259785,0.02479138952714959,0.5994920788487119,4.6704709269658686e-08
28,5.0,0.41,62.74000000000001,0.025007502250675204,0.3137941382414725,2.05,51.622,0.8227924768887471,0.02479138952714959,0.6242834683758615,4.6704709269658686e-08
4,5.0,0.38,67.74000000000001,0.025007502250675204,0.3388016404921477,1.9,53.522,0.7901092412164156,0.022977385415406937,0.6472608537912684,4.121374364839639e-06
24,5.0,0.35,72.74000000000001,0.025007502250675204,0.36380914274282294,1.75,55.272,0.7598570250206212,0.021163381303664287,0.6684242350949327,1.4777265855248136e-05
8,5.0,0.34,77.74000000000001,0.025007502250675204,0.38881664499349816,1.7000000000000002,56.972,0.7328531000771803,0.020558713266416735,0.6889829483613494,1.9791723426459495e-05
36,5.0,0.33,82.74000000000001,0.025007502250675204,0.4138241472441734,1.6500000000000001,58.622,0.7085085810974135,0.019954045229169184,0.7089369935905186,2.5537427868208494e-05
9,5.0,0.31,87.74000000000001,0.025007502250675204,0.4388316494948486,1.55,60.172,0.6857989514474583,0.01874470915467408,0.7276817027451927,3.9222577363319336e-05
7,5.0,0.29,92.74000000000001,0.025007502250675204,0.4638391517455238,1.45,61.622,0.6644597800301919,0.017535373080178978,0.7452170758253717,5.5832714340580615e-05
23,5.0,0.27,97.74000000000001,0.025007502250675204,0.48884665399619903,1.35,62.972,0.644280744833231,0.01632603700568388,0.7615431128310556,7.53678387999923e-05
6,5.0,0.27,102.74000000000001,0.025007502250675204,0.5138541562468742,1.35,64.322,0.6260657971578742,0.01632603700568388,0.7778691498367395,7.53678387999923e-05
11,5.000000000000007,0.27,107.74000000000001,0.02500750225067524,0.5388616584975495,1.350000000000002,65.67200000000001,0.6095414887692594,0.016326037005683903,0.7941951868424234,7.53678387999925e-05
2,5.0,0.26,112.74000000000001,0.025007502250675204,0.5638691607482247,1.3,66.97200000000001,0.594039382650346,0.015721368968436327,0.8099165558108598,8.623227133550459e-05
10,5.0,0.25,117.74000000000001,0.025007502250675204,0.5888766629988998,1.25,68.22200000000001,0.5794292508917955,0.015116700931188776,0.8250332567420485,9.782795074155448e-05
16,5.0,0.24,122.74000000000001,0.025007502250675204,0.613884165249575,1.2,69.42200000000001,0.5656020857096301,0.014512032893941224,0.8395452896359897,0.00011015487701814199
22,5.0,0.23,127.74000000000001,0.025007502250675204,0.6388916675002502,1.1500000000000001,70.57200000000002,0.5524659464537343,0.013907364856693675,0.8534526544926834,0.00012321305016526707
14,5.0,0.23,132.74,0.025007502250675204,0.6638991697509253,1.1500000000000001,71.72200000000002,0.540319421425343,0.013907364856693675,0.867360019349377,0.00012321305016526707
25,5.0,0.22,137.74,0.025007502250675204,0.6889066720016005,1.1,72.82200000000002,0.5286917380572094,0.013302696819446123,0.8806627161688231,0.00013700247018292978
15,5.0,0.21,142.74,0.025007502250675204,0.7139141742522757,1.05,73.87200000000001,0.5175283732660783,0.012698028782198572,0.8933607449510217,0.00015152313707113014
21,5.0,0.2,147.74,0.025007502250675204,0.7389216765029508,1.0,74.87200000000001,0.5067821849194531,0.01209336074495102,0.9054541056959727,0.0001667750508298681
35,5.0,0.2,152.74,0.025007502250675204,0.763929178753626,1.0,75.87200000000001,0.49673955741783427,0.01209336074495102,0.9175474664409238,0.0001667750508298681
13,5.0,0.19,157.74,0.025007502250675204,0.7889366810043011,0.95,76.82200000000002,0.48701660961075194,0.011488692707703469,0.9290361591486272,0.00018275821145914364
39,4.699999999999989,0.19,162.44,0.023507052115634634,0.8124437331199358,0.8929999999999978,77.71500000000002,0.478422802265452,0.010799371145241234,0.9398355302938685,0.00016148515564529855
34,5.0,0.18,167.44,0.025007502250675204,0.837451235370611,0.8999999999999999,78.61500000000002,0.4695114667940756,0.010884024670455917,0.9507195549643244,0.0001994726189589568
20,5.0,0.17,172.44,0.025007502250675204,0.8624587376212861,0.8500000000000001,79.46500000000002,0.46082695430294607,0.010279356633208368,0.9609989115975327,0.00021691827332930756
12,5.0,0.16,177.44,0.025007502250675204,0.8874662398719613,0.8,80.26500000000001,0.4523500901713256,0.009674688595960816,0.9706736001934935,0.000235095174570196
19,5.0,0.15,182.44,0.025007502250675204,0.9124737421226364,0.75,81.01500000000001,0.44406380179785143,0.009070020558713265,0.9797436207522068,0.0002540033226816221
33,5.0,0.12,187.44,0.025007502250675204,0.9374812443733116,0.6,81.61500000000001,0.4354193341869399,0.007256016446970612,0.9869996371991774,0.0003151152482391257
17,5.0,0.1,192.44,0.025007502250675204,0.9624887466239868,0.5,82.11500000000001,0.4267044273539805,0.00604668037247551,0.9930463175716528,0.000359512766296816
18,5.0,0.08,197.44,0.025007502250675204,0.9874962488746619,0.4,82.51500000000001,0.41792443273906005,0.004837344297980408,0.9978836618696333,0.00040683527183665706
38,2.5,0.07,199.94,0.012503751125337602,0.9999999999999996,0.17500000000000002,82.69000000000001,0.4135740722216666,0.0021163381303664287,0.9999999999999997,0.00010789834872809599
