,weight,grade,cml_weight,weight_pct,cml_weight_pct,yield,cml_yield,cml_grade,recovery,cml_recovery,distributional_heterogeneity
11,3.0999999999999943,0.93,3.0999999999999943,0.07093821510297471,0.07093821510297471,2.8829999999999947,2.8829999999999947,0.9299999999999999,0.1485776128633269,0.1485776128633269,0.0060278760845901835
2,3.0999999999999996,0.78,6.199999999999994,0.07093821510297482,0.14187643020594953,2.4179999999999997,5.300999999999995,0.855,0.1246134817563389,0.27319109461966584,0.0028810342503097384
14,3.0,0.6,9.199999999999994,0.06864988558352403,0.21052631578947356,1.7999999999999998,7.100999999999995,0.7718478260869565,0.0927643784786642,0.36595547309833004,0.0005815087675897658
1,3.000000000000001,0.4,12.199999999999996,0.06864988558352406,0.2791762013729976,1.2000000000000004,8.300999999999995,0.6804098360655736,0.06184291898577616,0.4277983920841062,4.633479426285553e-05
4,3.0999999999999996,0.4,15.299999999999995,0.07093821510297482,0.3501144164759724,1.24,9.540999999999995,0.6235947712418299,0.06390434961863535,0.49170274170274153,4.947526365178236e-05
8,3.1999999999999993,0.4,18.499999999999993,0.07322654462242562,0.423340961098398,1.2799999999999998,10.820999999999994,0.5849189189189189,0.06596578025149454,0.5576685219542361,5.271869925018224e-05
9,3.0000000000000036,0.4,21.499999999999996,0.06864988558352411,0.49199084668192217,1.2000000000000015,12.020999999999995,0.5591162790697674,0.06184291898577622,0.6195114409400123,4.633479426285561e-05
10,3.0,0.4,24.499999999999996,0.06864988558352403,0.5606407322654462,1.2000000000000002,13.220999999999997,0.5396326530612244,0.06184291898577615,0.6813543599257885,4.6334794262855505e-05
12,2.6000000000000014,0.39,27.099999999999998,0.05949656750572086,0.620137299771167,1.0140000000000007,14.234999999999998,0.5252767527675276,0.05225726654298087,0.7336116264687694,5.2407478429128205e-05
3,3.0,0.34,30.099999999999998,0.06864988558352403,0.6887871853546911,1.02,15.254999999999997,0.5068106312292359,0.052566481137909724,0.7861781076066792,0.00025867589856120617
0,1.5,0.33,31.599999999999998,0.034324942791762014,0.7231121281464531,0.495,15.749999999999996,0.4984177215189873,0.025510204081632657,0.8116883116883118,7.769961852785298e-05
5,3.0,0.33,34.599999999999994,0.06864988558352403,0.7917620137299771,0.99,16.739999999999995,0.48381502890173406,0.051020408163265314,0.8627087198515772,0.0003107984741114119
6,3.0,0.32,37.599999999999994,0.06864988558352403,0.8604118993135011,0.96,17.699999999999996,0.4707446808510638,0.04947433518862091,0.912183055040198,0.0003677017329474693
7,3.0,0.32,40.599999999999994,0.06864988558352403,0.9290617848970252,0.96,18.659999999999997,0.45960591133004924,0.04947433518862091,0.9616573902288189,0.0003677017329474693
13,3.1000000000000014,0.24,43.699999999999996,0.07093821510297486,1.0,0.7440000000000003,19.403999999999996,0.44402745995423337,0.03834260977118122,1.0000000000000002,0.0010624734869460542
