,weight,grade,cml_weight,weight_pct,cml_weight_pct,yield,cml_yield,cml_grade,recovery,cml_recovery,distributional_heterogeneity
35,3.0999999999999943,1.9,3.0999999999999943,0.025811823480432934,0.025811823480432934,5.889999999999989,5.889999999999989,1.9,0.11881707415476456,0.11881707415476456,0.008649976652995264
11,3.0,1.5,6.099999999999994,0.024979184013322237,0.050791007493755175,4.5,10.38999999999999,1.70327868852459,0.09077705156136529,0.20959412571612984,0.0043293593738698176
10,3.0999999999999943,1.04,9.199999999999989,0.025811823480432934,0.0766028309741881,3.223999999999994,13.613999999999983,1.4797826086956523,0.06503671427418692,0.2746308399903168,0.0015385920577819265
12,3.0,1.02,12.199999999999989,0.024979184013322237,0.10158201498751034,3.06,16.67399999999998,1.3667213114754095,0.06172839506172839,0.3363592350520452,0.001350504512680297
34,3.0,0.71,15.199999999999989,0.024979184013322237,0.12656119900083257,2.13,18.80399999999998,1.2371052631578945,0.0429678044057129,0.3793270394577581,0.0003235904636215332
37,3.0999999999999943,0.6,18.299999999999983,0.025811823480432934,0.1523730224812655,1.8599999999999965,20.663999999999977,1.1291803278688521,0.037521181312030916,0.416848220769789,0.00013710906082840498
17,3.0,0.6,21.299999999999983,0.024979184013322237,0.17735220649458774,1.7999999999999998,22.463999999999977,1.0546478873239435,0.03631082062454611,0.4531590413943351,0.00012840598828882927
14,3.1000000000000014,0.59,24.399999999999984,0.025811823480432993,0.20316402997502073,1.8290000000000008,24.292999999999978,0.9956147540983604,0.036895828290163815,0.4900548696844989,0.00012285516262213606
16,3.1000000000000014,0.53,27.499999999999986,0.025811823480432993,0.2289758534554537,1.643000000000001,25.93599999999998,0.9431272727272725,0.03314371015896072,0.5231985798434596,5.375656226677236e-05
33,3.1000000000000085,0.52,30.599999999999994,0.025811823480433052,0.2547876769358868,1.6120000000000045,27.547999999999984,0.9002614379084963,0.03251835713709361,0.5557169369805532,4.497759368792085e-05
38,3.0,0.51,33.599999999999994,0.024979184013322237,0.279766860949209,1.53,29.077999999999985,0.8654166666666664,0.030864197530864196,0.5865811345114175,3.463338410165157e-05
13,3.1000000000000014,0.49,36.699999999999996,0.025811823480432993,0.305578684429642,1.5190000000000006,30.596999999999987,0.8337057220708445,0.03064229807149198,0.6172234325829095,2.3333484774866532e-05
9,3.0000000000000036,0.48,39.7,0.02497918401332227,0.33055786844296425,1.4400000000000017,32.03699999999999,0.8069773299748109,0.029048656499636925,0.6462720890825464,1.6560606316871985e-05
24,3.0999999999999943,0.42,42.8,0.025811823480432934,0.3563696919233972,1.3019999999999976,33.33899999999999,0.7789485981308409,0.02626482691842164,0.6725369160009681,2.05212114829588e-07
36,3.0,0.36,45.8,0.024979184013322237,0.3813488759367194,1.08,34.41899999999999,0.7515065502183405,0.02178649237472767,0.6943234083756957,1.0193279899151693e-05
18,3.0,0.36,48.8,0.024979184013322237,0.4063280599500416,1.08,35.49899999999999,0.7274385245901638,0.02178649237472767,0.7161099007504234,1.0193279899151693e-05
5,3.0,0.34,51.8,0.024979184013322237,0.43130724396336384,1.02,36.51899999999999,0.7049999999999998,0.0205761316872428,0.7366860324376662,1.9386869786193567e-05
23,3.1000000000000085,0.31,54.900000000000006,0.025811823480433052,0.4571190674437969,0.9610000000000026,37.48,0.6826958105646629,0.01938594367788273,0.7560719761155489,4.1291931236824186e-05
8,3.099999999999998,0.3,58.0,0.025811823480432962,0.48293089092422986,0.9299999999999993,38.41,0.6622413793103448,0.018760590656015475,0.7748325667715643,4.971988434414258e-05
4,3.0999999999999996,0.3,61.1,0.025811823480432976,0.5087427144046628,0.9299999999999998,39.339999999999996,0.6438625204582651,0.01876059065601549,0.7935931574275799,4.971988434414264e-05
21,3.0999999999999943,0.3,64.19999999999999,0.025811823480432934,0.5345545378850958,0.9299999999999983,40.269999999999996,0.6272585669781932,0.018760590656015458,0.8123537480835953,4.971988434414247e-05
20,3.0,0.26,67.19999999999999,0.024979184013322237,0.559533721898418,0.78,41.05,0.6108630952380953,0.015734688937303315,0.8280884370208986,8.546068921053811e-05
26,3.0,0.25,70.19999999999999,0.024979184013322237,0.5845129059117402,0.75,41.8,0.5954415954415955,0.01512950859356088,0.8432179456144595,9.701610587465111e-05
1,3.000000000000001,0.23,73.19999999999999,0.024979184013322248,0.6094920899250624,0.6900000000000003,42.489999999999995,0.580464480874317,0.013919147906076016,0.8571370935205356,0.0001223243986935904
3,3.0,0.22,76.19999999999999,0.024979184013322237,0.6344712739383847,0.66,43.14999999999999,0.566272965879265,0.013313967562333575,0.8704510610828692,0.0001360772748484166
19,3.1000000000000014,0.21,79.29999999999998,0.025811823480432993,0.6602830974188176,0.6510000000000002,43.800999999999995,0.5523455233291299,0.013132413459210849,0.8835834745420801,0.00016076743848626848
29,3.1000000000000085,0.2,82.39999999999999,0.025811823480433052,0.6860949208992507,0.6200000000000018,44.421,0.5390898058252428,0.012507060437343696,0.8960905349794238,0.00017701671963275633
0,4.3,0.2,86.69999999999999,0.03580349708576187,0.7218984179850126,0.86,45.281,0.5222722029988467,0.01734850318728314,0.9134390381667069,0.00034058679979288723
6,3.1000000000000014,0.18,89.79999999999998,0.025811823480432993,0.7477102414654456,0.5580000000000003,45.839,0.5104565701559021,0.011256354393609301,0.9246953925603162,0.00021186168033748016
25,3.0,0.17,92.79999999999998,0.024979184013322237,0.7726894254787678,0.51,46.349,0.49945043103448283,0.0102880658436214,0.9349834584039376,0.00021582895307611417
27,3.0999999999999943,0.17,95.89999999999998,0.025811823480432934,0.7985012489592008,0.526999999999999,46.876,0.48880083420229414,0.010631001371742093,0.9456144597756797,0.00023045735989571663
31,3.0999999999999943,0.16,98.99999999999997,0.025811823480432934,0.8243130724396338,0.4959999999999991,47.372,0.47850505050505066,0.010005648349874911,0.9556201081255546,0.00024983517225787085
30,3.0,0.15,101.99999999999997,0.024979184013322237,0.849292256452956,0.44999999999999996,47.822,0.4688431372549021,0.009077705156136527,0.9646978132816911,0.00025285702984552416
7,3.0,0.15,104.99999999999997,0.024979184013322237,0.8742714404662782,0.44999999999999996,48.272000000000006,0.4597333333333335,0.009077705156136527,0.9737755184378276,0.00025285702984552416
15,3.0,0.13,107.99999999999997,0.024979184013322237,0.8992506244796005,0.39,48.662000000000006,0.45057407407407424,0.007867344468651657,0.9816428629064793,0.0002928150526025519
22,3.0,0.12,110.99999999999997,0.024979184013322237,0.9242298084929227,0.36,49.022000000000006,0.4416396396396398,0.0072621641249092225,0.9889050270313885,0.00031389279372642245
2,3.0999999999999996,0.1,114.09999999999997,0.025811823480432976,0.9500416319733557,0.31,49.33200000000001,0.4323575810692377,0.006253530218671831,0.9951585572500603,0.0003825268353130516
28,3.0,0.04,117.09999999999997,0.024979184013322237,0.9750208159866779,0.12,49.452000000000005,0.4223057216054656,0.002420721374969741,0.99757927862503,0.0005088842366059456
32,3.0,0.04,120.09999999999997,0.024979184013322237,1.0000000000000002,0.12,49.572,0.4127560366361367,0.002420721374969741,0.9999999999999998,0.0005088842366059456
