,weight,grade,cml_weight,weight_pct,cml_weight_pct,yield,cml_yield,cml_grade,recovery,cml_recovery,distributional_heterogeneity
12,4.0,0.75,4.0,0.06279434850863423,0.06279434850863423,3.0,3.0,0.75,0.18420729460886645,0.18420729460886645,0.014741103480737896
21,2.200000000000003,0.7,6.200000000000003,0.03453689167974887,0.0973312401883831,1.5400000000000018,4.540000000000002,0.732258064516129,0.0945597445658849,0.2787670391747513,0.0036027428685907283
9,2.5000000000000036,0.59,8.700000000000006,0.039246467817896445,0.13657770800627955,1.475000000000002,6.015000000000004,0.6913793103448276,0.09056858651602613,0.36933562569077744,0.002633959867664913
11,1.3999999999999986,0.43,10.100000000000005,0.021978021978021955,0.1585557299843015,0.6019999999999994,6.6170000000000035,0.6551485148514852,0.03696426378484583,0.4062998894756233,0.00022458744349259567
5,3.0,0.38,13.100000000000005,0.04709576138147567,0.20565149136577718,1.1400000000000001,7.757000000000003,0.5921374045801527,0.06999877195136926,0.47629866142699256,0.0005245478931646572
2,2.5,0.36,15.600000000000005,0.03924646781789639,0.24489795918367357,0.8999999999999999,8.657000000000004,0.5549358974358974,0.05526218838265993,0.5315608498096525,0.0002565033052085899
6,3.1000000000000014,0.3,18.700000000000006,0.04866562009419155,0.29356357927786514,0.9300000000000004,9.587000000000003,0.5126737967914439,0.05710426132874862,0.588665111138401,7.121066588556701e-05
10,1.5,0.24,20.200000000000006,0.023547880690737835,0.31711145996860296,0.36,9.947000000000003,0.4924257425742574,0.022104875353063973,0.610769986491465,2.0822644045552534e-06
3,3.5999999999999996,0.23,23.800000000000004,0.056514913657770796,0.37362637362637374,0.828,10.775000000000002,0.4527310924369748,0.05084121331204714,0.6616111998035121,3.219087561306476e-05
4,2.8000000000000007,0.21,26.600000000000005,0.04395604395604397,0.4175824175824177,0.5880000000000001,11.363000000000003,0.4271804511278196,0.03610462974333783,0.69771582954685,6.164470513948392e-05
17,0.5,0.21,27.100000000000005,0.007849293563579279,0.425431711145997,0.105,11.468000000000004,0.4231734317343174,0.0064472553113103254,0.7041630848581603,1.9657112608253792e-06
8,2.6999999999999993,0.21,29.800000000000004,0.042386185243328094,0.4678178963893251,0.5669999999999998,12.035000000000004,0.40385906040268466,0.034815178681075754,0.738978263539236,5.732014036566802e-05
1,3.0,0.21,32.800000000000004,0.04709576138147567,0.5149136577708008,0.63,12.665000000000004,0.3861280487804879,0.038683531867861956,0.777661795407098,7.076560538971364e-05
0,2.9999999999999996,0.19,35.800000000000004,0.04709576138147566,0.5620094191522764,0.57,13.235000000000005,0.3696927374301677,0.034999385975684624,0.8126611813827826,0.00014632229795782638
7,2.8999999999999986,0.18,38.7,0.04552590266875979,0.6075353218210362,0.5219999999999997,13.757000000000005,0.3554780361757107,0.03205206926194274,0.8447132506447254,0.000181544186674659
19,3.5,0.18,42.2,0.05494505494505495,0.6624803767660912,0.63,14.387000000000006,0.34092417061611385,0.038683531867861956,0.8833967825125874,0.0002644371327900803
16,3.8000000000000043,0.12,46.00000000000001,0.05965463108320258,0.7221350078492937,0.4560000000000005,14.843000000000007,0.32267391304347837,0.027999508780547733,0.911396291293135,0.0010020467679960365
13,4.100000000000001,0.11,50.10000000000001,0.06436420722135011,0.7864992150706438,0.4510000000000002,15.294000000000008,0.3052694610778444,0.02769249662286627,0.9390887879160013,0.0013448143582189523
14,1.8999999999999986,0.1,52.00000000000001,0.029827315541601236,0.816326530612245,0.18999999999999986,15.484000000000007,0.29776923076923084,0.011666461991894868,0.9507552499078962,0.0003298166016538824
18,4.5,0.1,56.50000000000001,0.0706436420722135,0.8869701726844585,0.45,15.934000000000006,0.2820176991150443,0.027631094191329968,0.9783863440992261,0.0018500792752052988
15,3.1999999999999957,0.06,59.7,0.05023547880690731,0.9372056514913658,0.19199999999999973,16.126000000000005,0.2701172529313233,0.011789266854967437,0.9901756109541935,0.0014781112134534848
20,3.999999999999993,0.04,63.699999999999996,0.06279434850863412,0.9999999999999999,0.15999999999999973,16.286000000000005,0.25566718995290433,0.009824389045806195,0.9999999999999997,0.002805816605493633
