,weight,grade,cml_weight,weight_pct,cml_weight_pct,yield,cml_yield,cml_grade,recovery,cml_recovery,distributional_heterogeneity
4,3.0,0.6,3.0,0.024610336341263334,0.024610336341263334,1.7999999999999998,1.7999999999999998,0.6,0.07622919578198452,0.07622919578198452,0.002664506649960931
8,2.700000000000003,0.38,5.700000000000003,0.02214930270713702,0.04675963904840036,1.0260000000000011,2.826000000000001,0.49578947368421045,0.043450641595731226,0.11967983737771574,0.00045374703844673555
5,3.0,0.34,8.700000000000003,0.024610336341263334,0.07136997538966369,1.02,3.846000000000001,0.44206896551724134,0.043196544276457895,0.16287638165417365,0.0003454471254102895
1,4.5,0.33,13.200000000000003,0.036915504511895,0.10828547990155869,1.485,5.331000000000001,0.40386363636363637,0.06288908652013724,0.22576546817431087,0.0006746269623388847
22,2.6000000000000085,0.3,15.800000000000011,0.02132895816242829,0.12961443806398698,0.7800000000000026,6.111000000000004,0.38677215189873415,0.033032651505526735,0.2587981196798376,0.00013697643786928678
0,3.0,0.29,18.80000000000001,0.024610336341263334,0.15422477440525031,0.8699999999999999,6.981000000000004,0.3713297872340426,0.03684411129462585,0.29564223097446346,0.0001496652496095201
26,3.0,0.27,21.80000000000001,0.024610336341263334,0.17883511074651365,0.81,7.791000000000004,0.3573853211009174,0.03430313810189304,0.3299453690763565,9.39504059708663e-05
21,3.0999999999999943,0.27,24.900000000000006,0.025430680885972064,0.2042657916324857,0.8369999999999985,8.628000000000002,0.34650602409638553,0.035446576038622744,0.36539194511497924,0.00010031815570889132
9,3.0,0.26,27.900000000000006,0.024610336341263334,0.22887612797374904,0.78,9.408000000000001,0.3372043010752688,0.03303265150552663,0.3984245966205059,7.093539272617947e-05
10,3.0,0.26,30.900000000000006,0.024610336341263334,0.25348646431501237,0.78,10.188,0.3297087378640776,0.03303265150552663,0.43145724812603253,7.093539272617947e-05
6,3.8999999999999986,0.24,34.800000000000004,0.03199343724364232,0.2854799015586547,0.9359999999999996,11.124,0.3196551724137931,0.03963918180663194,0.4710964299326645,5.8457409922485265e-05
19,3.3999999999999986,0.23,38.2,0.02789171452009843,0.31337161607875313,0.7819999999999997,11.906,0.31167539267015704,0.03311735061195104,0.5042137805446155,2.7307272564472618e-05
7,3.0,0.23,41.2,0.024610336341263334,0.3379819524200165,0.6900000000000001,12.596,0.3057281553398058,0.029221191716427404,0.533434972261043,2.125998729067939e-05
33,4.1000000000000085,0.22,45.30000000000001,0.033634126333059955,0.37161607875307645,0.9020000000000019,13.498000000000001,0.29796909492273727,0.03819929699741677,0.5716342692584597,2.0840783194704013e-05
24,3.0999999999999943,0.19,48.400000000000006,0.025430680885972064,0.3970467596390485,0.588999999999999,14.087,0.29105371900826443,0.024943886841993782,0.5965781561004535,2.369684412527312e-07
25,2.299999999999997,0.18,50.7,0.018867924528301865,0.4159146841673504,0.4139999999999995,14.501,0.28601577909270215,0.01753271502985642,0.6141108711303099,1.78278440473894e-06
11,3.0,0.18,53.7,0.024610336341263334,0.44052502050861375,0.54,15.041,0.2800931098696462,0.02286875873459536,0.6369796298649053,3.0330925600473533e-06
3,3.0,0.18,56.7,0.024610336341263334,0.46513535684987706,0.54,15.581,0.27479717813051147,0.02286875873459536,0.6598483885995007,3.0330925600473533e-06
30,4.5,0.18,61.2,0.036915504511895,0.502050861361772,0.8099999999999999,16.391,0.2678267973856209,0.03430313810189303,0.6941515267013937,6.824458260106545e-06
2,3.0,0.18,64.2,0.024610336341263334,0.5266611977030353,0.54,16.930999999999997,0.26372274143302177,0.02286875873459536,0.7170202854359891,3.0330925600473533e-06
27,3.0,0.16,67.2,0.024610336341263334,0.5512715340442986,0.48,17.410999999999998,0.25909226190476187,0.02032778554186254,0.7373480709778516,1.8340241349448355e-05
35,5.700000000000003,0.16,72.9,0.04675963904840035,0.5980311730926989,0.9120000000000005,18.322999999999997,0.25134430727023316,0.038622792529538846,0.7759708635073904,6.620827127150863e-05
34,3.3999999999999915,0.15,76.3,0.027891714520098372,0.6259228876127974,0.5099999999999987,18.832999999999995,0.24682830930537347,0.021598272138228892,0.7975691356456193,3.960741701391098e-05
20,3.0,0.15,79.3,0.024610336341263334,0.6505332239540607,0.44999999999999996,19.282999999999994,0.24316519546027737,0.01905729894549613,0.8166264345911154,3.083622431878898e-05
23,3.5,0.15,82.8,0.02871205906480722,0.6792452830188679,0.525,19.807999999999993,0.23922705314009654,0.022233515436412155,0.8388599500275276,4.197152754501834e-05
17,3.3000000000000043,0.14,86.1,0.0270713699753897,0.7063166529942576,0.46200000000000063,20.269999999999992,0.23542392566782802,0.01956549358404272,0.8584254436115702,5.633818040217993e-05
32,5.0,0.14,91.1,0.04101722723543889,0.7473338802296965,0.7000000000000001,20.96999999999999,0.23018660812294175,0.02964468724854954,0.8880701308601198,0.00012933466575339712
12,3.0,0.12,94.1,0.024610336341263334,0.7719442165709598,0.36,21.32999999999999,0.226673751328374,0.015245839156396905,0.9033159700165166,8.769380752537124e-05
18,2.0,0.11,96.1,0.016406890894175553,0.7883511074651354,0.22,21.54999999999999,0.224245577523413,0.009316901706686998,0.9126328717232036,5.0267946678704644e-05
16,2.1999999999999957,0.11,98.29999999999998,0.018047579983593076,0.8063986874487284,0.24199999999999952,21.79199999999999,0.22168870803662252,0.010248591877355677,0.9228814636005593,6.082421548123238e-05
29,2.1999999999999886,0.1,100.49999999999997,0.018047579983593017,0.8244462674323214,0.21999999999999886,22.01199999999999,0.21902487562189052,0.00931690170668695,0.9321983653072463,7.622474317483949e-05
14,3.0,0.1,103.49999999999997,0.024610336341263334,0.8490566037735847,0.30000000000000004,22.31199999999999,0.2155748792270531,0.012704865963664089,0.9449032312709104,0.00014174022491189307
28,3.8000000000000114,0.09,107.29999999999998,0.031173092698933647,0.8802296964725184,0.342000000000001,22.653999999999993,0.21112767940354144,0.014483547198577104,0.9593867784694875,0.00027854092900847136
37,3.0,0.08,110.29999999999998,0.024610336341263334,0.9048400328137817,0.24,22.89399999999999,0.20756119673617401,0.01016389277093127,0.9695506712404187,0.00020869973183078853
13,3.0,0.07,113.29999999999998,0.024610336341263334,0.929450369155045,0.21000000000000002,23.103999999999992,0.20391879964695495,0.008893406174564862,0.9784440774149836,0.00024702189386487637
31,2.5,0.07,115.79999999999998,0.020508613617719443,0.9499589827727645,0.17500000000000002,23.278999999999993,0.20102763385146802,0.007411171812137385,0.985855249227121,0.00017154298185060858
15,3.0,0.07,118.79999999999998,0.024610336341263334,0.9745693191140278,0.21000000000000002,23.488999999999994,0.19771885521885518,0.008893406174564862,0.9947486554016859,0.00024702189386487637
36,3.1000000000000085,0.04,121.89999999999999,0.02543068088597218,1.0,0.12400000000000035,23.612999999999992,0.19370795734208363,0.0052513445983145045,1.0000000000000004,0.00040720561301037776
