,weight,grade,cml_weight,weight_pct,cml_weight_pct,yield,cml_yield,cml_grade,recovery,cml_recovery,distributional_heterogeneity
7,3.0,0.4,3.0,0.030643513789581203,0.030643513789581203,1.2000000000000002,1.2000000000000002,0.4000000000000001,0.0870258902023352,0.0870258902023352,0.0031789723699494777
12,5.0,0.35,8.0,0.051072522982635336,0.08171603677221653,1.75,2.95,0.36875,0.12691275654507214,0.21393864674740734,0.0057517410268049666
25,3.0,0.31,11.0,0.030643513789581203,0.11235955056179774,0.9299999999999999,3.88,0.3527272727272727,0.06744506490680977,0.2813837116542171,0.0013543541646339873
8,4.0,0.3,15.0,0.04085801838610827,0.153217568947906,1.2,5.08,0.33866666666666667,0.08702589020233518,0.3684096018565523,0.00213147238803956
22,3.5,0.25,18.5,0.035750766087844735,0.18896833503575072,0.875,5.955,0.3218918918918919,0.06345637827253607,0.4318659801290884,0.0007676009465285171
3,3.0,0.23,21.5,0.030643513789581203,0.2196118488253319,0.6900000000000001,6.6450000000000005,0.3090697674418605,0.05003988686634273,0.48190586699543114,0.0003762192885329197
13,3.0,0.2,24.5,0.030643513789581203,0.2502553626149131,0.6000000000000001,7.245000000000001,0.29571428571428576,0.0435129451011676,0.5254188120965988,0.0001656222622836403
5,3.0,0.19,27.5,0.030643513789581203,0.2808988764044943,0.5700000000000001,7.815000000000001,0.2841818181818182,0.04133729784610922,0.566756109942708,0.00011435701744765271
21,3.0,0.17,30.5,0.030643513789581203,0.3115423901940755,0.51,8.325000000000001,0.2729508196721312,0.03698600333599245,0.6037421132787004,4.0227173646336045e-05
18,3.0,0.15,33.5,0.030643513789581203,0.34218590398365667,0.44999999999999996,8.775,0.2619402985074627,0.03263470882587569,0.6363768221045761,3.964857672563821e-06
2,6.0,0.14,39.5,0.061287027579162406,0.40347293156281905,0.8400000000000001,9.615,0.24341772151898736,0.06091812314163463,0.6972949452462107,1.3609048402767908e-07
14,3.0,0.11,42.5,0.030643513789581203,0.43411644535240024,0.33,9.945,0.234,0.023932119805642176,0.7212270650518529,4.504280920765296e-05
6,5.5,0.11,48.0,0.056179775280898875,0.49029622063329914,0.605,10.55,0.2197916666666667,0.04387555297701066,0.7651026180288635,0.0001513938865035002
9,7.0,0.11,55.0,0.07150153217568947,0.5617977528089886,0.77,11.32,0.20581818181818182,0.05584161287983175,0.8209442309086952,0.00024523307235277717
27,3.0,0.1,58.0,0.030643513789581203,0.5924412665985698,0.30000000000000004,11.620000000000001,0.20034482758620692,0.0217564725505838,0.8427007034592789,7.897950198364053e-05
24,3.0,0.09,61.0,0.030643513789581203,0.623084780388151,0.27,11.89,0.19491803278688524,0.01958082529552542,0.8622815287548043,0.00012238307671651427
16,4.400000000000006,0.08,65.4,0.044943820224719155,0.6680286006128702,0.3520000000000005,12.242,0.18718654434250764,0.02552759445935169,0.8878091232141561,0.00037698982297171946
19,3.0,0.08,68.4,0.030643513789581203,0.6986721144024514,0.24,12.482000000000001,0.18248538011695906,0.017405178040467036,0.9052143012546231,0.00017525353340627412
4,4.0,0.08,72.4,0.04085801838610827,0.7395301327885596,0.32,12.802000000000001,0.1768232044198895,0.02320690405395605,0.9284212053085792,0.0003115618371667095
26,3.0,0.07,75.4,0.030643513789581203,0.7701736465781408,0.21000000000000002,13.012000000000002,0.17257294429708225,0.015229530785408658,0.9436507360939879,0.00023759087205292
10,3.0,0.06,78.4,0.030643513789581203,0.800817160367722,0.18,13.192000000000002,0.168265306122449,0.013053883530350278,0.9567046196243382,0.0003093950926564522
1,2.5,0.05,80.9,0.025536261491317668,0.8263534218590397,0.125,13.317000000000002,0.16461063040791102,0.009065196896076582,0.9657698165204147,0.0002712959689006044
23,3.0,0.05,83.9,0.030643513789581203,0.8569969356486209,0.15000000000000002,13.467000000000002,0.16051251489868892,0.0108782362752919,0.9766480527957067,0.0003906661952168704
20,3.0,0.04,86.9,0.030643513789581203,0.8876404494382021,0.12,13.587000000000002,0.15635212888377445,0.008702589020233518,0.9853506418159401,0.00048140417973417465
17,3.0999999999999943,0.03,90.0,0.03166496424923385,0.9193054136874359,0.09299999999999983,13.680000000000001,0.15200000000000002,0.0067445064906809645,0.992095148306621,0.0006210292148958187
15,3.0,0.02,93.0,0.030643513789581203,0.9499489274770171,0.06,13.740000000000002,0.147741935483871,0.004351294510116759,0.9964464428167378,0.0006912807946394417
11,3.0,0.01,96.0,0.030643513789581203,0.9805924412665983,0.03,13.770000000000001,0.14343750000000002,0.0021756472550583795,0.9986220900717961,0.0008104194250274044
0,1.9,0.01,97.9,0.019407558733401428,0.9999999999999997,0.019,13.789000000000001,0.14084780388151175,0.0013779099282036403,0.9999999999999998,0.00032506823603877
