,weight,grade,cml_weight,weight_pct,cml_weight_pct,yield,cml_yield,cml_grade,recovery,cml_recovery,distributional_heterogeneity
9,2.0,1.33,2.0,0.022624434389140274,0.022624434389140274,2.66,2.66,1.33,0.15229588915607473,0.15229588915607473,0.016814686181373124
20,1.6999999999999886,0.81,3.6999999999999886,0.019230769230769103,0.04185520361990938,1.376999999999991,4.036999999999991,1.091081081081082,0.0788388869804186,0.23113477613649333,0.00355312770165608
6,3.0,0.64,6.699999999999989,0.03393665158371041,0.07579185520361979,1.92,5.956999999999991,0.8891044776119404,0.10992785984197874,0.3410626359784721,0.005774663732551509
7,4.0,0.43,10.699999999999989,0.04524886877828055,0.12104072398190034,1.72,7.676999999999991,0.7174766355140186,0.09847704110843929,0.4395396770869114,0.0028332383296090762
11,5.0,0.39,15.699999999999989,0.056561085972850686,0.17760180995475103,1.9500000000000002,9.626999999999992,0.613184713375796,0.11164548265200967,0.551185159738921,0.0030342907575069407
13,2.0,0.35,17.69999999999999,0.022624434389140274,0.2002262443438913,0.7,10.326999999999991,0.5834463276836157,0.04007786556738808,0.5912630253063091,0.0003046222598938326
3,3.0,0.26,20.69999999999999,0.03393665158371041,0.2341628959276017,0.78,11.10699999999999,0.5365700483091785,0.04465819306080387,0.635921218367113,0.00011495145164503529
19,3.9000000000000057,0.24,24.599999999999994,0.044117647058823595,0.2782805429864253,0.9360000000000013,12.042999999999992,0.48955284552845507,0.05358983167296471,0.6895110500400777,8.972228136437164e-05
10,4.5,0.21,29.099999999999994,0.05090497737556562,0.3291855203619909,0.945,12.987999999999992,0.44632302405498264,0.05410511851597391,0.7436161685560516,1.0240903318533694e-05
8,3.0,0.18,32.099999999999994,0.03393665158371041,0.3631221719457013,0.54,13.527999999999992,0.4214330218068534,0.030917210580556524,0.7745333791366081,9.117023971526972e-06
21,3.9000000000000057,0.17,36.0,0.044117647058823595,0.4072398190045249,0.663000000000001,14.190999999999992,0.39419444444444424,0.03795946410168334,0.8124928432382915,3.79232173336127e-05
2,6.0,0.14,42.0,0.06787330316742082,0.4751131221719457,0.8400000000000001,15.030999999999992,0.3578809523809522,0.048093438680865706,0.8605862819191572,0.00039124303910648427
5,3.0,0.13,45.0,0.03393665158371041,0.5090497737556561,0.39,15.420999999999992,0.3426888888888887,0.022329096530401934,0.8829153784495591,0.00013473533431558718
15,3.5,0.09,48.5,0.03959276018099548,0.5486425339366515,0.315,15.735999999999992,0.32445360824742253,0.018035039505324636,0.9009504179548837,0.000464735320730246
14,5.0,0.07,53.5,0.056561085972850686,0.6052036199095022,0.35000000000000003,16.08599999999999,0.3006728971962615,0.020038932783694043,0.9209893507385778,0.0013338676735722246
1,3.0,0.06,56.5,0.03393665158371041,0.6391402714932126,0.18,16.26599999999999,0.28789380530973435,0.010305736860185507,0.9312950875987633,0.000558420130670506
16,4.5,0.06,61.0,0.05090497737556562,0.6900452488687783,0.27,16.53599999999999,0.2710819672131146,0.015458605290278262,0.9467536928890417,0.0012564452940086385
12,3.5,0.05,64.5,0.03959276018099548,0.7296380090497737,0.17500000000000002,16.71099999999999,0.2590852713178293,0.010019466391847021,0.9567731592808887,0.0008745797055392865
18,4.5,0.05,69.0,0.05090497737556562,0.7805429864253394,0.225,16.935999999999993,0.24544927536231873,0.012882171075231885,0.9696553303561206,0.0014457337989526979
23,2.5999999999999943,0.04,71.6,0.02941176470588229,0.8099547511312216,0.10399999999999977,17.039999999999992,0.23798882681564237,0.005954425741440502,0.9756097560975611,0.0005502467512927189
4,4.5,0.03,76.1,0.05090497737556562,0.8608597285067873,0.135,17.174999999999994,0.22568988173455973,0.007729302645139131,0.9833390587427002,0.0018641388884275878
22,4.5,0.03,80.6,0.05090497737556562,0.9117647058823529,0.135,17.309999999999995,0.2147642679900744,0.007729302645139131,0.9910683613878394,0.0018641388884275878
17,4.5,0.02,85.1,0.05090497737556562,0.9626696832579186,0.09,17.399999999999995,0.20446533490011745,0.005152868430092754,0.9962212298179322,0.0020932554729584177
0,3.3,0.02,88.39999999999999,0.03733031674208145,1.0,0.066,17.465999999999994,0.19757918552036194,0.0037787701820680194,1.0000000000000002,0.001125706276568749
