,weight,grade,cml_weight,weight_pct,cml_weight_pct,yield,cml_yield,cml_grade,recovery,cml_recovery,distributional_heterogeneity
16,3.5,0.76,3.5,0.041176470588235294,0.041176470588235294,2.66,2.66,0.76,0.1622050125007623,0.1622050125007623,0.014647907957472308
6,1.5,0.63,5.0,0.01764705882352941,0.058823529411764705,0.9450000000000001,3.6050000000000004,0.7210000000000001,0.05762546496737608,0.21983047746813839,0.0015982729578023571
4,2.0,0.49,7.0,0.023529411764705882,0.08235294117647059,0.98,4.585000000000001,0.6550000000000001,0.05975974144764927,0.27959021891578767,0.0013126367889347687
12,1.5,0.42,8.5,0.01764705882352941,0.1,0.63,5.215000000000001,0.613529411764706,0.03841697664491739,0.31800719556070506,0.00043138948630720974
5,2.5,0.34,11.0,0.029411764705882353,0.12941176470588237,0.8500000000000001,6.065000000000001,0.5513636363636365,0.05183242880663458,0.36983962436733964,0.0005026861787187593
0,4.4,0.3,15.4,0.05176470588235295,0.18117647058823533,1.32,7.385000000000002,0.47954545454545466,0.0804927129703031,0.4503323373376427,0.0008252983912453142
21,4.099999999999994,0.24,19.499999999999993,0.048235294117646994,0.22941176470588232,0.9839999999999987,8.369,0.42917948717948734,0.06000365875968041,0.5103359960973232,0.00013849440634786217
1,4.5,0.22,23.999999999999993,0.052941176470588235,0.28235294117647053,0.99,9.359,0.38995833333333346,0.060369534727727325,0.5707055308250505,5.518050639640642e-05
2,5.0,0.22,28.999999999999993,0.058823529411764705,0.34117647058823525,1.1,10.459,0.3606551724137932,0.06707726080858592,0.6377827916336364,6.812408197087212e-05
13,4.0,0.21,32.99999999999999,0.047058823529411764,0.388235294117647,0.84,11.299,0.3423939393939395,0.051222635526556516,0.6890054271601929,1.733733034756653e-05
11,3.0,0.16,35.99999999999999,0.03529411764705882,0.4235294117647058,0.48,11.779,0.3271944444444445,0.02927007744374658,0.7182755046039394,3.628906037112222e-05
3,3.0,0.15,38.99999999999999,0.03529411764705882,0.45882352941176463,0.44999999999999996,12.229,0.3135641025641026,0.027440697603512417,0.7457162022074518,6.167620638037645e-05
8,4.5,0.12,43.49999999999999,0.052941176470588235,0.5117647058823529,0.54,12.768999999999998,0.29354022988505746,0.032928837124214905,0.7786450393316667,0.00040049372611440236
17,6.5,0.12,49.99999999999999,0.07647058823529412,0.588235294117647,0.78,13.548999999999998,0.27098,0.0475638758460882,0.826208915177755,0.0008355980211522717
7,4.5,0.11,54.49999999999999,0.052941176470588235,0.6411764705882352,0.495,14.043999999999997,0.2576880733944954,0.030184767363863663,0.8563936825416186,0.0005178541554326172
14,4.0,0.11,58.49999999999999,0.047058823529411764,0.6882352941176471,0.44,14.483999999999996,0.24758974358974356,0.026830904323434365,0.883224586865053,0.0004091687154035494
15,6.0,0.1,64.5,0.07058823529411765,0.7588235294117647,0.6000000000000001,15.083999999999996,0.233860465116279,0.03658759680468323,0.9198121836697363,0.0011560434176892097
9,4.5,0.09,69.0,0.052941176470588235,0.8117647058823529,0.40499999999999997,15.488999999999995,0.22447826086956515,0.024696627843161175,0.9445088115128975,0.0007977545271670919
19,3.0,0.09,72.0,0.03529411764705882,0.8470588235294118,0.27,15.758999999999995,0.21887499999999993,0.016464418562107452,0.9609732300750049,0.0003545575676298186
20,4.0,0.07,76.0,0.047058823529411764,0.8941176470588235,0.28,16.038999999999994,0.21103947368421044,0.017074211842185508,0.9780474419171904,0.0008990769380337457
10,3.0,0.06,79.0,0.03529411764705882,0.9294117647058823,0.18,16.218999999999994,0.20530379746835437,0.010976279041404968,0.9890237209585954,0.0005913572744506291
18,6.0,0.03,85.0,0.07058823529411765,0.9999999999999999,0.18,16.398999999999994,0.19292941176470582,0.010976279041404968,1.0000000000000004,0.003553585328275331
