,weight,grade,cml_weight,weight_pct,cml_weight_pct,yield,cml_yield,cml_grade,recovery,cml_recovery,distributional_heterogeneity
12,6.100000000000001,1.48,6.100000000000001,0.053508771929824575,0.053508771929824575,9.028000000000002,9.028000000000002,1.48,0.1463446263575945,0.1463446263575945,0.008618495867334089
0,3.9000000000000004,1.37,10.000000000000002,0.034210526315789476,0.08771929824561406,5.343000000000001,14.371000000000002,1.4371,0.08661047171340577,0.23295509807100026,0.0027457542776731696
26,6.0,1.36,16.0,0.05263157894736842,0.14035087719298248,8.16,22.531000000000002,1.4081875000000001,0.13227427459880048,0.3652293726698007,0.006342958970626639
2,3.0,1.24,19.0,0.02631578947368421,0.16666666666666669,3.7199999999999998,26.251,1.3816315789473685,0.060301507537688454,0.4255308802074892,0.0011550290323259847
5,4.0,1.2,23.0,0.03508771929824561,0.2017543859649123,4.8,31.051000000000002,1.3500434782608697,0.07780839682282381,0.503339277030313,0.0018250562881590012
1,3.0,0.6,26.0,0.02631578947368421,0.2280701754385965,1.7999999999999998,32.851,1.2635,0.02917814880855893,0.532517425838872,8.193100961944457e-06
15,3.0,0.54,29.0,0.02631578947368421,0.2543859649122807,1.62,34.471,1.188655172413793,0.02626033392770304,0.558777759766575,3.075317580069568e-09
4,3.5,0.53,32.5,0.03070175438596491,0.2850877192982456,1.855,36.32599999999999,1.1177230769230768,0.030069703355487122,0.588847463122062,3.9948850512803397e-07
8,2.3000000000000043,0.52,34.800000000000004,0.020175438596491267,0.3052631578947369,1.1960000000000022,37.522,1.0782183908045975,0.019387258875020304,0.6082347219970824,6.212272733380401e-07
3,4.0,0.51,38.800000000000004,0.03508771929824561,0.3403508771929825,2.04,39.562,1.0196391752577318,0.03306856864970012,0.6413032906467825,4.07696934152167e-06
13,3.0,0.49,41.800000000000004,0.02631578947368421,0.3666666666666667,1.47,41.032,0.9816267942583731,0.023828821526989792,0.6651321121737723,6.185009567885438e-06
14,4.0,0.45,45.800000000000004,0.03508771929824561,0.4017543859649123,1.8,42.831999999999994,0.9351965065502181,0.029178148808558933,0.6943102609823313,3.492302337257567e-05
11,1.8999999999999986,0.44,47.7,0.016666666666666653,0.41842105263157897,0.8359999999999994,43.66799999999999,0.9154716981132073,0.013551629113308473,0.7078618900956397,9.703458958831728e-06
6,5.699999999999999,0.43,53.400000000000006,0.049999999999999996,0.46842105263157896,2.4509999999999996,46.11899999999999,0.8636516853932582,0.03973091262765441,0.7475928027232941,0.00010545415546086756
25,4.599999999999994,0.42,58.0,0.04035087719298241,0.5087719298245613,1.9319999999999975,48.05099999999999,0.8284655172413791,0.03131787972118655,0.7789106824444807,8.159504332547035e-05
10,3.299999999999997,0.4,61.3,0.028947368421052607,0.5377192982456139,1.319999999999999,49.37099999999999,0.8053996737357257,0.021397309126276534,0.8003079915707573,5.7003395354634565e-05
18,3.0,0.38,64.3,0.02631578947368421,0.5640350877192981,1.1400000000000001,50.51099999999999,0.7855520995334369,0.01847949424542066,0.8187874858161779,6.140752290450612e-05
17,3.0,0.36,67.3,0.02631578947368421,0.5903508771929823,1.08,51.59099999999999,0.7665824665676075,0.01750688928513536,0.8362943751013132,7.759672253181599e-05
23,4.900000000000006,0.28,72.2,0.04298245614035093,0.6333333333333332,1.3720000000000017,52.96299999999999,0.7335595567867034,0.022240233425190502,0.8585346085265038,0.00043023980316531703
16,3.0,0.27,75.2,0.02631578947368421,0.6596491228070174,0.81,53.77299999999999,0.7150664893617019,0.01313016696385152,0.8716647754903553,0.00017386064097180652
28,11.599999999999994,0.26,86.8,0.10175438596491224,0.7614035087719296,3.0159999999999987,56.78899999999999,0.6542511520737326,0.04888960933700761,0.9205543848273628,0.0027946846079182504
9,4.0,0.26,90.8,0.03508771929824561,0.7964912280701753,1.04,57.828999999999986,0.6368832599118941,0.016858485978278496,0.9374128708056414,0.00033230494743379945
21,4.5,0.24,95.3,0.039473684210526314,0.8359649122807016,1.08,58.908999999999985,0.6181427072402936,0.01750688928513536,0.9549197600907767,0.0004825400792941819
19,3.0,0.22,98.3,0.02631578947368421,0.8622807017543858,0.66,59.56899999999998,0.6059918616480161,0.010698654563138276,0.965618414653915,0.0002438949028141926
7,2.1999999999999993,0.22,100.5,0.019298245614035082,0.8815789473684208,0.4839999999999998,60.05299999999998,0.5975422885572138,0.007845680012968065,0.973464094666883,0.00013116125884674352
27,6.0,0.15,106.5,0.05263157894736842,0.9342105263157892,0.8999999999999999,60.95299999999998,0.5723286384976524,0.014589074404279465,0.9880531690711625,0.0014472321519109434
20,3.0,0.13,109.5,0.02631578947368421,0.9605263157894733,0.39,61.34299999999998,0.5602100456621003,0.0063219322418544355,0.9943751013130169,0.00039975432700679176
22,1.5999999999999943,0.09,111.1,0.014035087719298196,0.9745614035087715,0.1439999999999995,61.48699999999998,0.5534383438343833,0.0023342519046847063,0.9967093532177016,0.00013690955876054174
24,2.9000000000000057,0.07,114.0,0.02543859649122812,0.9999999999999997,0.20300000000000043,61.68999999999998,0.5411403508771928,0.0032906467822985974,1.0000000000000002,0.0004905316763092713
