,weight,grade,cml_weight,weight_pct,cml_weight_pct,yield,cml_yield,cml_grade,recovery,cml_recovery,distributional_heterogeneity
4,1.6999999999999993,0.19,1.6999999999999993,0.013776337115072928,0.013776337115072928,0.32299999999999984,0.32299999999999984,0.18999999999999997,0.04941860465116278,0.04941860465116278,0.001270371235114205
12,3.0,0.15,4.699999999999999,0.024311183144246355,0.03808752025931928,0.44999999999999996,0.7729999999999998,0.16446808510638297,0.06884944920440639,0.11826805385556917,0.001983657143645603
1,3.8000000000000007,0.14,8.5,0.03079416531604539,0.06888168557536467,0.5320000000000001,1.305,0.1535294117647059,0.08139534883720935,0.19966340269277852,0.002560479773742515
20,6.0,0.12,14.5,0.04862236628849271,0.11750405186385737,0.72,2.025,0.1396551724137931,0.11015911872705021,0.30982252141982874,0.003786771900684313
11,3.5,0.09,18.0,0.028363047001620748,0.1458670988654781,0.315,2.34,0.13,0.04819461444308447,0.3580171358629132,0.0003932910671853239
9,3.0,0.08,21.0,0.024311183144246355,0.17017828200972446,0.24,2.58,0.12285714285714286,0.036719706242350075,0.3947368421052633,0.0001539714454761735
6,3.8000000000000007,0.07,24.8,0.03079416531604539,0.20097244732576985,0.26600000000000007,2.846,0.11475806451612904,0.040697674418604675,0.43543451652386794,9.807949254447463e-05
0,4.8,0.06,29.6,0.03889789303079417,0.23987034035656402,0.288,3.134,0.10587837837837837,0.04406364749082008,0.47949816401468803,2.6685019141277653e-05
17,6.0,0.06,35.6,0.04862236628849271,0.2884927066450567,0.36,3.4939999999999998,0.09814606741573033,0.055079559363525106,0.5345777233782132,4.1695342408246335e-05
16,6.0,0.05,41.6,0.04862236628849271,0.3371150729335494,0.30000000000000004,3.7939999999999996,0.09120192307692307,0.0458996328029376,0.5804773561811508,7.41327763336312e-06
25,5.0,0.05,46.6,0.04051863857374392,0.37763371150729336,0.25,4.044,0.08678111587982831,0.038249694002447994,0.6187270501835989,5.148109467613278e-06
21,6.0,0.05,52.6,0.04862236628849271,0.42625607779578606,0.30000000000000004,4.343999999999999,0.08258555133079847,0.0458996328029376,0.6646266829865365,7.41327763336312e-06
19,6.0,0.05,58.6,0.04862236628849271,0.47487844408427876,0.30000000000000004,4.643999999999999,0.07924914675767916,0.0458996328029376,0.7105263157894741,7.41327763336312e-06
18,6.0,0.05,64.6,0.04862236628849271,0.5235008103727715,0.30000000000000004,4.943999999999999,0.07653250773993807,0.0458996328029376,0.7564259485924117,7.41327763336312e-06
13,4.0,0.05,68.6,0.03241491085899514,0.5559157212317667,0.2,5.143999999999999,0.07498542274052478,0.030599755201958397,0.7870257037943701,3.2947900592724975e-06
15,3.0,0.04,71.6,0.024311183144246355,0.5802269043760131,0.12,5.263999999999999,0.0735195530726257,0.018359853121175038,0.8053855569155451,3.541832904351006e-05
14,3.0,0.04,74.6,0.024311183144246355,0.6045380875202595,0.12,5.3839999999999995,0.072171581769437,0.018359853121175038,0.8237454100367202,3.541832904351006e-05
10,6.0,0.03,80.6,0.04862236628849271,0.6531604538087522,0.18,5.563999999999999,0.06903225806451613,0.027539779681762553,0.8512851897184828,0.0004444754580302779
3,3.0,0.03,83.6,0.024311183144246355,0.6774716369529986,0.09,5.653999999999999,0.06763157894736842,0.013769889840881277,0.865055079559364,0.00011111886450756947
23,6.0,0.03,89.6,0.04862236628849271,0.7260940032414913,0.18,5.833999999999999,0.06511160714285713,0.027539779681762553,0.8925948592411266,0.0004444754580302779
24,4.5,0.03,94.1,0.036466774716369534,0.7625607779578608,0.135,5.9689999999999985,0.06343251859723698,0.02065483476132192,0.9132496940024485,0.0002500174451420313
26,2.5999999999999943,0.03,96.69999999999999,0.021069692058346794,0.7836304700162076,0.07799999999999983,6.046999999999998,0.06253360910031022,0.011933904528763748,0.9251835985312122,8.346261378568514e-05
8,6.0,0.02,102.69999999999999,0.04862236628849271,0.8322528363047003,0.12,6.166999999999998,0.06004868549172345,0.018359853121175038,0.9435434516523873,0.0009158197032020755
5,4.0,0.02,106.69999999999999,0.03241491085899514,0.8646677471636954,0.08,6.246999999999998,0.05854732895970008,0.012239902080783358,0.9557833537331707,0.0004070309792009224
22,6.0,0.02,112.69999999999999,0.04862236628849271,0.9132901134521881,0.12,6.366999999999998,0.056495119787045245,0.018359853121175038,0.9741432068543457,0.0009158197032020755
2,6.199999999999999,0.02,118.89999999999999,0.050243111831442464,0.9635332252836306,0.12399999999999999,6.490999999999998,0.054592094196804025,0.0189718482252142,0.99311505507956,0.0009778919275302159
7,4.5,0.01,123.39999999999999,0.036466774716369534,1.0000000000000002,0.045,6.535999999999998,0.05296596434359804,0.006884944920440638,1.0000000000000007,0.0008750846540753064
