,weight,grade,cml_weight,weight_pct,cml_weight_pct,yield,cml_yield,cml_grade,recovery,cml_recovery,distributional_heterogeneity
16,3.0,0.78,3.0,0.028116213683223992,0.028116213683223992,2.34,2.34,0.7799999999999999,0.1178722546846665,0.1178722546846665,0.008056146896252633
9,3.0,0.32,6.0,0.028116213683223992,0.056232427366447985,0.96,3.3,0.5499999999999999,0.048357848075760615,0.1662301027604271,0.00040972376288112174
0,5.9,0.3,11.9,0.05529522024367385,0.11152764761012184,1.77,5.07,0.4260504201680672,0.08915978238968364,0.25538988515011074,0.0011468085693409592
5,4.5,0.29,16.4,0.04217432052483599,0.15370196813495782,1.305,6.375,0.38871951219512196,0.06573644972798709,0.32112633487809783,0.0005551739325859859
1,3.0,0.29,19.4,0.028116213683223992,0.18181818181818182,0.8699999999999999,7.245,0.3734536082474227,0.043824299818658055,0.36495063469675587,0.000246743970038216
13,3.0,0.29,22.4,0.028116213683223992,0.2099343955014058,0.8699999999999999,8.115,0.36227678571428573,0.043824299818658055,0.4087749345154139,0.000246743970038216
10,4.5,0.26,26.9,0.04217432052483599,0.2521087160262418,1.17,9.285,0.3451672862453532,0.05893612734233325,0.46771106185774713,0.00028095816778709795
3,4.0,0.23,30.9,0.03748828491096532,0.28959700093720714,0.92,10.205,0.3302588996763754,0.0463429377392706,0.5140539995970177,7.84048767098146e-05
2,3.0,0.23,33.9,0.028116213683223992,0.3177132146204311,0.6900000000000001,10.895,0.32138643067846606,0.03475720330445295,0.5488112029014707,4.410274314927071e-05
6,4.5,0.22,38.4,0.04217432052483599,0.3598875351452671,0.99,11.885,0.30950520833333334,0.04986903082812814,0.5986802337295988,5.9208566651590416e-05
7,4.5,0.2,42.9,0.04217432052483599,0.4020618556701031,0.9,12.785,0.298018648018648,0.045335482571025584,0.6440157163006244,9.9929454822696e-06
4,4.5,0.19,47.4,0.04217432052483599,0.4442361761949391,0.855,13.64,0.2877637130801688,0.0430687084424743,0.6870844247430987,7.999297472174029e-07
8,4.5,0.19,51.9,0.04217432052483599,0.4864104967197751,0.855,14.495000000000001,0.2792870905587669,0.0430687084424743,0.7301531331855731,7.999297472174029e-07
14,4.5,0.15,56.4,0.04217432052483599,0.528584817244611,0.6749999999999999,15.170000000000002,0.2689716312056738,0.034001611928269185,0.7641547451138423,6.67931658043969e-05
15,5.5,0.14,61.9,0.05154639175257732,0.5801312089971884,0.77,15.940000000000001,0.2575121163166398,0.038787023977433,0.8029417690912752,0.00016280146602139122
22,4.5,0.12,66.4,0.04217432052483599,0.6223055295220243,0.54,16.48,0.24819277108433732,0.02720128954261535,0.8301430586338906,0.00022419165679453916
20,4.5,0.11,70.9,0.04217432052483599,0.6644798500468603,0.495,16.975,0.23942172073342735,0.02493451541406407,0.8550775740479547,0.00029721088025739747
11,4.5,0.1,75.4,0.04217432052483599,0.7066541705716962,0.45,17.425,0.23110079575596817,0.022667741285512792,0.8777453153334674,0.00038050663361999465
21,3.0,0.1,78.4,0.028116213683223992,0.7347703842549203,0.30000000000000004,17.725,0.22608418367346939,0.015111827523675197,0.8928571428571427,0.00016911405938666428
24,5.799999999999997,0.09,84.2,0.05435801312089969,0.78912839737582,0.5219999999999997,18.247,0.2167102137767221,0.02629457989119482,0.9191517227483375,0.0007875562846381031
19,6.5,0.09,90.7,0.06091846298031865,0.8500468603561386,0.585,18.832,0.20762954796030872,0.029468063671166625,0.9486197864195041,0.0009891276167051097
17,4.5,0.09,95.2,0.04217432052483599,0.8922211808809746,0.40499999999999997,19.237000000000002,0.20206932773109246,0.02040096715696151,0.9690207535764656,0.0004740789168823307
12,4.5,0.07,99.7,0.04217432052483599,0.9343955014058105,0.31500000000000006,19.552000000000003,0.1961083249749248,0.015867418899858956,0.9848881724763245,0.0006920530731062191
23,4.5,0.05,104.2,0.04217432052483599,0.9765698219306465,0.225,19.777000000000005,0.1897984644913628,0.011333870642756396,0.9962220431190809,0.0009511333489290632
18,2.5,0.03,106.7,0.023430178069353328,0.9999999999999998,0.075,19.852000000000004,0.18605435801312092,0.0037779568809187983,0.9999999999999997,0.000386209797639155
