,weight,grade,cml_weight,weight_pct,cml_weight_pct,yield,cml_yield,cml_grade,recovery,cml_recovery,distributional_heterogeneity
5,6.799999999999997,0.66,6.799999999999997,0.040645546921697535,0.040645546921697535,4.487999999999999,4.487999999999999,0.66,0.11279782849100224,0.11279782849100224,0.0052059517356562255
3,3.5,0.49,10.299999999999997,0.020920502092050212,0.06156604901374775,1.7149999999999999,6.2029999999999985,0.6022330097087378,0.04310344827586205,0.1559012767668643,0.0004920831013938923
4,8.0,0.46,18.299999999999997,0.04781829049611477,0.10938433950986251,3.68,9.883,0.5400546448087432,0.0924901980496632,0.2483914748165275,0.0019955793244727763
8,9.100000000000009,0.46,27.400000000000006,0.0543933054393306,0.1637776449491931,4.186000000000004,14.069000000000003,0.5134671532846715,0.105207600281492,0.3535990750980195,0.002582092560306108
7,9.199999999999989,0.4,36.599999999999994,0.054991034070531915,0.21876867901972502,3.6799999999999957,17.749,0.48494535519125687,0.09249019804966309,0.4460892731476826,0.0014061872991337676
0,21.2,0.37,57.8,0.12671846981470414,0.34548714883442916,7.843999999999999,25.592999999999996,0.44278546712802763,0.1971448677993364,0.643234140947019,0.004959877533089817
6,9.100000000000009,0.3,66.9,0.0543933054393306,0.39988045427375973,2.7300000000000026,28.323,0.42336322869955156,0.06861365235749477,0.7118477933045138,0.00020221826647294098
1,4.0,0.3,70.9,0.023909145248057383,0.4237895995218171,1.2,29.523,0.41640338504936525,0.03015984719010756,0.7420076404946213,3.907127476834983e-05
9,6.099999999999994,0.23,77.0,0.036461446503287476,0.4602510460251046,1.4029999999999987,30.926,0.4016363636363636,0.03526188800643406,0.7772695285010554,1.4389405873732345e-06
11,4.5,0.23,81.5,0.02689778840406456,0.4871488344291691,1.0350000000000001,31.961,0.39215950920245396,0.026012868201467775,0.8032823967025231,7.830837649639358e-07
2,5.0,0.19,86.5,0.02988643156007173,0.5170352659892409,0.95,32.911,0.38047398843930635,0.023876545692168485,0.8271589423946916,3.611872814522314e-05
21,4.0,0.13,90.5,0.023909145248057383,0.5409444112372983,0.52,33.431000000000004,0.36940331491712713,0.013069267115713276,0.8402282095104049,0.00011750295792407199
24,4.5,0.11,95.0,0.02689778840406456,0.5678421996413628,0.495,33.926,0.3571157894736842,0.012440936965919368,0.8526691464763243,0.00020900055350460062
22,7.0,0.11,102.0,0.041841004184100423,0.6096832038254633,0.77,34.696000000000005,0.3401568627450981,0.01935256861365235,0.8720217150899766,0.0005057297344061941
18,4.5,0.1,106.5,0.02689778840406456,0.6365809922295278,0.45,35.14600000000001,0.33000938967136156,0.011309942696290336,0.883331657786267,0.00024298093380937524
13,5.0,0.1,111.5,0.02988643156007173,0.6664674237895996,0.5,35.64600000000001,0.3196950672645741,0.01256660299587815,0.8958982607821452,0.0002999764614930558
15,6.0,0.1,117.5,0.03586371787208607,0.7023311416616856,0.6000000000000001,36.24600000000001,0.30847659574468095,0.015079923595053783,0.910978184377199,0.0004319661045500004
12,5.5,0.1,123.0,0.0328750747160789,0.7352062163777645,0.55,36.79600000000001,0.2991544715447155,0.013823263295465966,0.924801447672665,0.0003629715184065975
19,4.5,0.08,127.5,0.02689778840406456,0.762104004781829,0.36,37.156000000000006,0.2914196078431373,0.009047954157032268,0.9338494018296973,0.0003186165826465267
10,5.700000000000003,0.08,133.2,0.03407053197848179,0.7961745367603108,0.45600000000000024,37.61200000000001,0.28237237237237245,0.01146074193224088,0.9453101437619382,0.0005112026059350944
16,7.0,0.07,140.2,0.041841004184100423,0.8380155409444112,0.49000000000000005,38.10200000000001,0.271768901569187,0.012315270935960588,0.9576254146978989,0.0008717689238403101
14,6.0,0.07,146.2,0.03586371787208607,0.8738792588164973,0.42000000000000004,38.52200000000001,0.26348837209302334,0.010555946516537648,0.9681813612144365,0.0006404832909847175
17,6.0,0.06,152.2,0.03586371787208607,0.9097429766885834,0.36,38.88200000000001,0.25546649145860717,0.009047954157032268,0.9772293153714688,0.0007190851836215965
20,6.0,0.06,158.2,0.03586371787208607,0.9456066945606695,0.36,39.24200000000001,0.24805309734513284,0.009047954157032268,0.9862772695285011,0.0007190851836215965
23,4.5,0.06,162.7,0.02689778840406456,0.972504482964734,0.27,39.512000000000015,0.24285187461585753,0.006785965617774202,0.9930632351462754,0.000404485415787148
25,4.599999999999994,0.06,167.29999999999998,0.027495517035265957,1.0,0.27599999999999963,39.78800000000001,0.23782426778242688,0.0069367648537247304,1.0,0.0004226622912620262
