,weight,grade,cml_weight,weight_pct,cml_weight_pct,yield,cml_yield,cml_grade,recovery,cml_recovery,distributional_heterogeneity
17,4.5,0.88,4.5,0.03458877786318218,0.03458877786318218,3.96,3.96,0.88,0.15111619919862623,0.15111619919862623,0.013578639923088099
8,4.5,0.45,9.0,0.03458877786318218,0.06917755572636436,2.025,5.984999999999999,0.6649999999999999,0.07727532913566114,0.22839152833428739,0.0018221416595379752
24,6.0,0.39,15.0,0.0461183704842429,0.11529592621060726,2.34,8.325,0.5549999999999999,0.08929593589009731,0.3176874642243847,0.0018643021543768357
1,3.6000000000000005,0.32,18.6,0.027671022290545744,0.142966948501153,1.1520000000000001,9.477,0.5095161290322581,0.04396107613050945,0.36164854035489413,0.0002653658541089164
5,4.5,0.31,23.1,0.03458877786318218,0.17755572636433517,1.395,10.872,0.4706493506493506,0.053234115626788786,0.41488265598168295,0.0003476486203189746
18,4.5,0.26,27.6,0.03458877786318218,0.21214450422751735,1.17,12.042,0.4363043478260869,0.044647967945048654,0.4595306239267316,0.00010118730510312098
15,4.5,0.25,32.1,0.03458877786318218,0.24673328209069953,1.125,13.167,0.41018691588785045,0.04293073840870063,0.5024613623354323,6.958830574298655e-05
23,4.5,0.22,36.6,0.03458877786318218,0.2813220599538817,0.99,14.157,0.3868032786885246,0.03777904979965656,0.5402404121350888,1.0177835028655987e-05
19,4.5,0.21,41.1,0.03458877786318218,0.31591083781706386,0.945,15.102,0.36744525547445256,0.03606182026330853,0.5763022323983973,2.1698539125700048e-06
22,4.5,0.18,45.6,0.03458877786318218,0.350499615680246,0.8099999999999999,15.912,0.3489473684210526,0.030910131654264452,0.6072123640526618,1.3532437930384737e-05
21,4.5,0.18,50.1,0.03458877786318218,0.38508839354342816,0.8099999999999999,16.722,0.3337724550898204,0.030910131654264452,0.6381224957069263,1.3532437930384737e-05
14,4.5,0.18,54.6,0.03458877786318218,0.4196771714066103,0.8099999999999999,17.532,0.3210989010989011,0.030910131654264452,0.6690326273611907,1.3532437930384737e-05
28,3.0,0.18,57.6,0.02305918524212145,0.4427363566487318,0.54,18.072,0.31375,0.020606754436176305,0.6896393817973671,6.014416857948773e-06
26,2.9000000000000057,0.17,60.50000000000001,0.02229054573405078,0.46502690238278255,0.493000000000001,18.565,0.3068595041322314,0.018813203587101736,0.7084525853844688,1.2091908406948176e-05
4,4.199999999999999,0.16,64.7,0.03228285933897002,0.49730976172175256,0.6719999999999999,19.237000000000002,0.2973261205564142,0.025643961076130508,0.7340965464605993,4.4074970144333586e-05
20,4.5,0.16,69.2,0.03458877786318218,0.5318985395849347,0.72,19.957,0.28839595375722543,0.027475672581568404,0.7615722190421677,5.0596266747321735e-05
12,4.5,0.16,73.7,0.03458877786318218,0.5664873174481169,0.72,20.677,0.2805563093622795,0.027475672581568404,0.789047891623736,5.0596266747321735e-05
0,2.6,0.14,76.3,0.019984627209838592,0.5864719446579555,0.36400000000000005,21.041,0.27576671035386635,0.013890478916237362,0.8029383705399734,3.713864342440278e-05
16,4.5,0.14,80.8,0.03458877786318218,0.6210607225211376,0.6300000000000001,21.671,0.26820544554455444,0.02404121350887236,0.8269795840488458,0.00011125111380830715
9,4.5,0.14,85.3,0.03458877786318218,0.6556495003843198,0.6300000000000001,22.301,0.2614419695193435,0.02404121350887236,0.8510207975577181,0.00011125111380830715
7,4.5,0.14,89.8,0.03458877786318218,0.690238278247502,0.6300000000000001,22.930999999999997,0.25535634743875274,0.02404121350887236,0.8750620110665904,0.00011125111380830715
3,4.9,0.13,94.7,0.03766333589546504,0.727901614142967,0.6370000000000001,23.567999999999998,0.24887011615628296,0.024308338103415386,0.8993703491700058,0.00017835596602565123
13,4.5,0.11,99.2,0.03458877786318218,0.7624903920061491,0.495,24.063,0.24257056451612902,0.01888952489982828,0.9182598740698341,0.00024646654360737616
6,4.5,0.11,103.7,0.03458877786318218,0.7970791698693312,0.495,24.558,0.23681774349083895,0.01888952489982828,0.9371493989696624,0.00024646654360737616
10,4.5,0.1,108.2,0.03458877786318218,0.8316679477325134,0.45,25.008,0.2311275415896488,0.017172295363480253,0.9543216943331427,0.00030333386266242335
27,4.0,0.08,112.2,0.030745580322828602,0.862413528055342,0.32,25.328,0.2257397504456328,0.012211410036252625,0.9665331043693953,0.00034351546821179585
2,4.1,0.08,116.3,0.03151421983089931,0.8939277478862413,0.32799999999999996,25.656,0.22060189165950128,0.012516695287158939,0.9790497996565543,0.00036090593879001796
11,4.5,0.06,120.8,0.03458877786318218,0.9285165257494234,0.27,25.926,0.21461920529801323,0.010303377218088152,0.9893531768746424,0.0005897806844927334
25,2.0999999999999943,0.03,122.89999999999999,0.016141429669484973,0.9446579554189084,0.06299999999999983,25.988999999999997,0.2114646053702197,0.002404121350887229,0.9917572982255296,0.00018871363984021474
29,7.199999999999989,0.03,130.09999999999997,0.0553420445810914,0.9999999999999998,0.21599999999999966,26.205,0.20142198308993087,0.008242701774470508,1.0000000000000002,0.002218348092815591
