,weight,grade,cml_weight,weight_pct,cml_weight_pct,yield,cml_yield,cml_grade,recovery,cml_recovery,distributional_heterogeneity
20,4.0,0.78,4.0,0.03502626970227671,0.03502626970227671,3.12,3.12,0.78,0.0979099981171154,0.0979099981171154,0.003954363299351191
19,4.5,0.54,8.5,0.03940455341506129,0.07443082311733801,2.43,5.550000000000001,0.6529411764705884,0.0762568254565995,0.17416682357371488,0.0013580899546235378
18,4.5,0.54,13.0,0.03940455341506129,0.11383537653239931,2.43,7.98,0.6138461538461539,0.0762568254565995,0.2504236490303144,0.0013580899546235378
6,4.5,0.38,17.5,0.03940455341506129,0.1532399299474606,1.71,9.690000000000001,0.5537142857142858,0.05366221050649594,0.30408585953681033,0.00020328078573693655
17,5.0,0.38,22.5,0.043782837127845885,0.1970227670753065,1.9,11.590000000000002,0.5151111111111112,0.05962467834055104,0.36371053787736135,0.0002509639330085636
0,5.9,0.37,28.4,0.05166374781085815,0.24868651488616464,2.1830000000000003,13.773000000000001,0.48496478873239446,0.06850561727232787,0.43221615514968925,0.0002836485669571861
8,4.5,0.37,32.9,0.03940455341506129,0.28809106830122594,1.665,15.438000000000002,0.46924012158054723,0.05225004707211447,0.4844662022218037,0.00016500670729339322
9,4.5,0.36,37.4,0.03940455341506129,0.3274956217162872,1.6199999999999999,17.058000000000003,0.4560962566844921,0.05083788363773299,0.5353040858595367,0.000130721039980658
15,4.0,0.36,41.4,0.03502626970227671,0.36252189141856395,1.44,18.498000000000005,0.4468115942028987,0.04518922990020711,0.5804933157597438,0.00010328575998471745
7,4.5,0.3,45.9,0.03940455341506129,0.4019264448336252,1.3499999999999999,19.848000000000006,0.43241830065359493,0.04236490303144416,0.622858218791188,8.763669851218173e-06
12,3.0,0.29,48.9,0.02626970227670753,0.42819614711033277,0.8699999999999999,20.718000000000007,0.42368098159509215,0.027301826398041792,0.6501600451892298,1.0652802018400202e-06
21,3.5,0.28,52.4,0.03064798598949212,0.4588441330998249,0.9800000000000001,21.698000000000008,0.414083969465649,0.030753781459863173,0.680913826649093,1.1192681551032483e-08
14,4.299999999999997,0.26,56.699999999999996,0.03765323992994744,0.49649737302977237,1.1179999999999992,22.816000000000006,0.4023985890652559,0.03508441599196633,0.7159982426410593,6.598856424344761e-06
2,4.5,0.26,61.199999999999996,0.03940455341506129,0.5359019264448337,1.17,23.986000000000004,0.39192810457516347,0.03671624929391827,0.7527144919349775,7.2269790477545475e-06
26,4.299999999999997,0.24,65.5,0.03765323992994744,0.5735551663747811,1.0319999999999994,25.018000000000004,0.3819541984732825,0.032385614761815076,0.7851001066967926,2.7747874911941527e-05
13,1.7000000000000028,0.18,67.2,0.014886164623467625,0.5884413309982487,0.3060000000000005,25.324000000000005,0.3768452380952382,0.009602711353794025,0.7947028180505866,2.7914878452824646e-05
1,4.5,0.18,71.7,0.03940455341506129,0.62784588441331,0.8099999999999999,26.134000000000004,0.3644909344490935,0.025418941818866496,0.8201217598694531,0.0001955973317196184
3,4.5,0.18,76.2,0.03940455341506129,0.6672504378283713,0.8099999999999999,26.944000000000003,0.3535958005249344,0.025418941818866496,0.8455407016883196,0.0001955973317196184
10,4.5,0.15,80.7,0.03940455341506129,0.7066549912434327,0.6749999999999999,27.619000000000003,0.34224287484510535,0.02118245151572208,0.8667231532040417,0.0003320449976299018
4,4.5,0.15,85.2,0.03940455341506129,0.746059544658494,0.6749999999999999,28.294000000000004,0.3320892018779343,0.02118245151572208,0.8879056047197638,0.0003320449976299018
11,3.0,0.14,88.2,0.02626970227670753,0.7723292469352016,0.42000000000000004,28.714000000000006,0.3255555555555556,0.013180192054227075,0.9010857967739908,0.00017133527786442033
16,4.0,0.14,92.2,0.03502626970227671,0.8073555166374783,0.56,29.274000000000004,0.31750542299349244,0.017573589405636098,0.918659386179627,0.0003045960495367473
22,3.5,0.14,95.7,0.03064798598949212,0.8380035026269704,0.49000000000000005,29.764000000000003,0.3110135841170324,0.015376890729931586,0.9340362769095585,0.00023320635042657214
27,4.5,0.14,100.2,0.03940455341506129,0.8774080560420318,0.6300000000000001,30.394000000000002,0.30333333333333334,0.019770288081340612,0.9538065649908991,0.00038550437519494575
28,3.799999999999997,0.14,104.0,0.033274956217162845,0.9106830122591946,0.5319999999999997,30.926000000000002,0.29736538461538464,0.016694909935354284,0.9705014749262534,0.000274897934706914
5,4.5,0.13,108.5,0.03940455341506129,0.9500875656742559,0.585,31.511000000000003,0.2904239631336406,0.018358124646959136,0.9888595995732126,0.00044295216389079805
23,1.7999999999999972,0.07,110.3,0.015761821366024494,0.9658493870402803,0.1259999999999998,31.637000000000004,0.28682683590208524,0.003954057616268116,0.9928136571894807,0.00013942328477006076
25,2.799999999999997,0.07,113.1,0.02451838879159367,0.990367775831874,0.1959999999999998,31.833000000000006,0.28145888594164464,0.006150756291972629,0.9989644134814533,0.000337369923641135
24,1.1000000000000085,0.03,114.2,0.00963222416812617,1.0000000000000002,0.03300000000000025,31.866000000000007,0.27903677758318746,0.0010355865185464209,0.9999999999999997,7.3902178878172e-05
