,weight,grade,cml_weight,weight_pct,cml_weight_pct,yield,cml_yield,cml_grade,recovery,cml_recovery,distributional_heterogeneity
2,5.0,2.04,5.0,0.04448398576512455,0.04448398576512455,10.2,10.2,2.04,0.3053160919540231,0.3053160919540231,0.06803338761893685
3,5.0,0.8,10.0,0.04448398576512455,0.0889679715302491,4.0,14.2,1.42,0.11973180076628358,0.4250478927203067,0.005662233662448653
0,5.9,0.5,15.9,0.05249110320284697,0.14145907473309607,2.95,17.15,1.0786163522012577,0.08830220306513414,0.5133500957854409,0.0012824348733467032
12,4.299999999999997,0.41,20.199999999999996,0.03825622775800709,0.17971530249110318,1.7629999999999988,18.912999999999997,0.9362871287128713,0.05277179118773945,0.5661218869731803,0.0002107015816825833
10,3.5,0.39,23.699999999999996,0.031138790035587186,0.21085409252669035,1.365,20.277999999999995,0.8556118143459915,0.04085847701149427,0.6069803639846746,9.447231490961774e-05
6,5.0,0.35,28.699999999999996,0.04448398576512455,0.2553380782918149,1.75,22.027999999999995,0.7675261324041811,0.05238266283524906,0.6593630268199236,6.238909945811061e-05
7,4.0,0.31,32.699999999999996,0.03558718861209964,0.2909252669039145,1.24,23.267999999999994,0.7115596330275228,0.03711685823754791,0.6964798850574716,2.3398891630190294e-06
24,3.5,0.31,36.199999999999996,0.031138790035587186,0.3220640569395017,1.085,24.352999999999994,0.6727348066298342,0.03247725095785442,0.728957136015326,1.7914776404364442e-06
19,4.0,0.31,40.199999999999996,0.03558718861209964,0.3576512455516013,1.24,25.592999999999993,0.636641791044776,0.03711685823754791,0.7660739942528739,2.3398891630190294e-06
11,4.700000000000003,0.3,44.9,0.04181494661921711,0.3994661921708184,1.4100000000000008,27.002999999999993,0.601403118040089,0.042205459770114986,0.808279454022989,1.5250052102418754e-07
1,4.0,0.3,48.9,0.03558718861209964,0.43505338078291805,1.2,28.202999999999992,0.5767484662576686,0.03591954022988507,0.844198994252874,1.104575978445902e-07
4,5.0,0.2,53.9,0.04448398576512455,0.4795373665480426,1.0,29.202999999999992,0.541799628942486,0.029932950191570894,0.874131944444445,0.00021173263626282407
16,4.0,0.14,57.9,0.03558718861209964,0.5151245551601422,0.56,29.76299999999999,0.514041450777202,0.016762452107279703,0.8908943965517246,0.0003543707044759005
17,4.0,0.14,61.9,0.03558718861209964,0.5507117437722419,0.56,30.32299999999999,0.48987075928917595,0.016762452107279703,0.9076568486590043,0.0003543707044759005
5,4.5,0.13,66.4,0.040035587188612096,0.590747330960854,0.585,30.90799999999999,0.4654819277108432,0.01751077586206897,0.9251676245210733,0.0005073671252963654
15,4.5,0.13,70.9,0.040035587188612096,0.6307829181494661,0.585,31.49299999999999,0.4441889985895626,0.01751077586206897,0.9426784003831422,0.0005073671252963654
14,5.0,0.09,75.9,0.04448398576512455,0.6752669039145907,0.44999999999999996,31.94299999999999,0.4208563899868246,0.013469827586206901,0.9561482279693491,0.0009618780075469246
20,4.0,0.08,79.9,0.03558718861209964,0.7108540925266903,0.32,32.26299999999999,0.4037922403003753,0.009578544061302686,0.9657267720306517,0.0006764495913697001
8,4.5,0.06,84.4,0.040035587188612096,0.7508896797153024,0.27,32.532999999999994,0.38546208530805676,0.008081896551724142,0.9738086685823758,0.001021038345317941
9,3.5,0.05,87.9,0.031138790035587186,0.7820284697508896,0.17500000000000002,32.70799999999999,0.3721046643913537,0.005238266283524907,0.9790469348659007,0.0006708371306311424
23,4.0,0.04,91.9,0.03558718861209964,0.8176156583629892,0.16,32.86799999999999,0.3576496191512512,0.004789272030651343,0.983836206896552,0.0009485116657578481
13,4.5,0.03,96.4,0.040035587188612096,0.8576512455516013,0.135,33.002999999999986,0.3423547717842322,0.004040948275862071,0.9878771551724141,0.0012956140304592584
21,4.0,0.03,100.4,0.03558718861209964,0.893238434163701,0.12,33.12299999999998,0.32991035856573686,0.003591954022988507,0.9914691091954027,0.0010236950364122537
18,4.5,0.03,104.9,0.040035587188612096,0.9332740213523131,0.135,33.25799999999998,0.31704480457578627,0.004040948275862071,0.9955100574712648,0.0012956140304592584
22,4.5,0.02,109.4,0.040035587188612096,0.9733096085409252,0.09,33.347999999999985,0.3048263254113344,0.0026939655172413804,0.9982040229885061,0.001394396709047783
25,3.0,0.02,112.4,0.02669039145907473,0.9999999999999999,0.06,33.40799999999999,0.2972241992882561,0.0017959770114942535,1.0000000000000002,0.0006197318706879035
