,weight,grade,cml_weight,weight_pct,cml_weight_pct,yield,cml_yield,cml_grade,recovery,cml_recovery,distributional_heterogeneity
24,3.0,1.14,3.0,0.02904162633107454,0.02904162633107454,3.42,3.42,1.14,0.12897386582192558,0.12897386582192558,0.009986452489656803
15,2.5,0.72,5.5,0.02420135527589545,0.05324298160696999,1.7999999999999998,5.22,0.9490909090909091,0.06788098201153978,0.19685484783346535,0.0019079097917652143
6,4.0,0.54,9.5,0.03872216844143272,0.09196515004840271,2.16,7.38,0.7768421052631579,0.08145717841384774,0.2783120262473131,0.0018262810773424106
19,1.5,0.5,11.0,0.01452081316553727,0.10648596321393998,0.75,8.129999999999999,0.739090909090909,0.02828374250480824,0.30659576875212136,0.00018941822399776566
1,4.0,0.39,15.0,0.03872216844143272,0.1452081316553727,1.56,9.69,0.646,0.058830184410001145,0.3654259531621225,0.0004043323061922025
4,4.0,0.36,19.0,0.03872216844143272,0.18393030009680542,1.44,11.129999999999999,0.5857894736842105,0.05430478560923182,0.4197307387713543,0.0002428179577981871
16,4.5,0.36,23.5,0.04356243949661181,0.22749273959341723,1.6199999999999999,12.749999999999998,0.5425531914893617,0.061092883810385794,0.4808236225817401,0.00030731647783833056
17,4.200000000000003,0.35,27.700000000000003,0.040658276863504386,0.26815101645692163,1.4700000000000009,14.219999999999999,0.5133574007220215,0.055436135309424185,0.5362597578911643,0.00021838510024764314
7,4.5,0.34,32.2,0.04356243949661181,0.31171345595353345,1.53,15.749999999999998,0.4891304347826086,0.05769883470980881,0.5939585926009732,0.0001998376696236991
5,4.0,0.3,36.2,0.03872216844143272,0.35043562439496617,1.2,16.95,0.46823204419889497,0.04525398800769318,0.6392125806086664,4.266466684618298e-05
3,4.0,0.29,40.2,0.03872216844143272,0.3891577928363989,1.16,18.11,0.4504975124378109,0.04374552174077007,0.6829581023494364,2.523407836996346e-05
23,2.5,0.28,42.7,0.02420135527589545,0.41335914811229435,0.7000000000000001,18.81,0.4405152224824355,0.02639815967115436,0.7093562620205908,4.825949551028856e-06
25,4.0,0.28,46.7,0.03872216844143272,0.4520813165537271,1.12,19.93,0.4267665952890792,0.04223705547384698,0.7515933174944377,1.2354430850633873e-05
2,4.0,0.28,50.7,0.03872216844143272,0.4908034849951598,1.12,21.05,0.4151873767258383,0.04223705547384698,0.7938303729682846,1.2354430850633873e-05
0,4.9,0.24,55.6,0.04743465634075509,0.5382381413359149,1.176,22.226,0.39974820143884887,0.04434890824753932,0.838179281215824,9.521841294784745e-06
14,3.0,0.15,58.6,0.02904162633107454,0.5672797676669894,0.44999999999999996,22.676,0.3869624573378839,0.016970245502884944,0.8551495267187089,0.0001457182350991834
20,5.0,0.14,63.6,0.0484027105517909,0.6156824782187803,0.7000000000000001,23.375999999999998,0.3675471698113207,0.02639815967115436,0.8815476863898632,0.0004842002594585225
21,3.5,0.14,67.1,0.033881897386253634,0.649564375605034,0.49000000000000005,23.865999999999996,0.35567809239940384,0.018478711769808052,0.9000263981596713,0.00023725812713467606
9,4.5,0.13,71.6,0.04356243949661181,0.6931268151016458,0.585,24.450999999999997,0.3414944134078212,0.022061319153750425,0.9220877173134218,0.0004622981759982077
8,4.5,0.1,76.1,0.04356243949661181,0.7366892545982575,0.45,24.900999999999996,0.3272141918528252,0.016970245502884944,0.9390579628163067,0.0007071447814000033
13,3.5,0.09,79.6,0.033881897386253634,0.7705711519845111,0.315,25.215999999999998,0.31678391959798996,0.011879171852019461,0.9509371346683262,0.0004841199309348405
18,5.299999999999997,0.08,84.89999999999999,0.05130687318489833,0.8218780251694094,0.42399999999999977,25.639999999999997,0.30200235571260303,0.015989742429384918,0.9669268770977111,0.0012472997248020314
22,2.5,0.07,87.39999999999999,0.02420135527589545,0.8460793804453048,0.17500000000000002,25.814999999999998,0.29536613272311213,0.00659953991778859,0.9735264170154997,0.00030982390390088657
11,4.5,0.06,91.89999999999999,0.04356243949661181,0.8896418199419166,0.27,26.084999999999997,0.2838411316648531,0.010182147301730967,0.9837085643172306,0.0011142439070156232
12,4.5,0.04,96.39999999999999,0.04356243949661181,0.9332042594385284,0.18,26.264999999999997,0.27245850622406637,0.006788098201153977,0.9904966625183846,0.0013523521777148153
10,4.5,0.04,100.89999999999999,0.04356243949661181,0.9767666989351401,0.18,26.444999999999997,0.2620911793855302,0.006788098201153977,0.9972847607195386,0.0013523521777148153
26,2.4000000000000057,0.03,103.3,0.02323330106485969,0.9999999999999998,0.07200000000000016,26.516999999999996,0.25669893514036785,0.002715239280461597,1.0000000000000002,0.00042099085938837746
