,weight,grade,cml_weight,weight_pct,cml_weight_pct,yield,cml_yield,cml_grade,recovery,cml_recovery,distributional_heterogeneity
13,1.5,2.47,1.5,0.01661129568106312,0.01661129568106312,3.705,3.705,2.47,0.2914798206278023,0.2914798206278023,0.07555270600639619
14,1.1000000000000227,1.1,2.6000000000000227,0.012181616832779874,0.028792912513842993,1.210000000000025,4.915000000000025,1.8903846153846084,0.09519313980017492,0.3866729604279772,0.006890912945366356
64,1.5,0.69,4.100000000000023,0.01661129568106312,0.045404208194906114,1.035,5.950000000000025,1.45121951219512,0.08142553693651157,0.4680984973644888,0.004200885869519476
59,0.5,0.45,4.600000000000023,0.005537098560354374,0.050941306755260485,0.225,6.175000000000025,1.3423913043478248,0.017701203681850342,0.4857997010463391,0.0001479654534068045
38,0.6999999999999886,0.41,5.300000000000011,0.007751937984495997,0.058693244739756484,0.2869999999999953,6.46200000000002,1.2192452830188691,0.02257886869640429,0.5083785697427434,0.0002198378743357294
12,0.8999999999999773,0.34,6.199999999999989,0.00996677740863762,0.0686600221483941,0.3059999999999923,6.768000000000012,1.0916129032258104,0.024073637007315858,0.5324522067500593,0.0001990034877368204
22,0.799999999999983,0.34,6.999999999999972,0.00885935769656681,0.0775193798449609,0.27199999999999425,7.040000000000006,1.0057142857142907,0.021398788450947517,0.5538509952010069,0.00015723732364390872
48,1.1999999999999886,0.27,8.19999999999996,0.01328903654485037,0.09080841638981127,0.32399999999999696,7.364000000000003,0.8980487804878097,0.025489733301864256,0.5793407285028711,0.0001488570013566091
51,1.3000000000000114,0.21,9.499999999999972,0.014396456256921498,0.10520487264673277,0.27300000000000235,7.637000000000006,0.8038947368421083,0.021477460467311936,0.600818188970183,5.014062062756714e-05
7,0.5,0.21,9.999999999999972,0.005537098560354374,0.11074197120708715,0.105,7.742000000000006,0.7742000000000028,0.008260561718196826,0.6090787506883798,7.417251572125186e-06
20,1.1999999999999886,0.21,11.19999999999996,0.01328903654485037,0.12403100775193751,0.2519999999999976,7.994000000000004,0.7137500000000029,0.019825348123672197,0.628904098812052,4.272336905544026e-05
56,0.9000000000000341,0.17,12.099999999999994,0.00996677740863825,0.13399778516057576,0.1530000000000058,8.14700000000001,0.673305785123968,0.012036818503658689,0.6409409173157107,4.285070135073424e-06
75,1.599999999999966,0.14,13.69999999999996,0.01771871539313362,0.1517165005537094,0.22399999999999526,8.371000000000004,0.6110218978102211,0.01762253166548619,0.6585634489811969,9.251309464154523e-09
39,0.6000000000000227,0.14,14.299999999999983,0.0066445182724255,0.15836101882613488,0.0840000000000032,8.455000000000007,0.5912587412587424,0.006608449374557713,0.6651718983557546,1.3009653933968838e-09
44,1.0,0.14,15.299999999999983,0.011074197120708748,0.16943521594684363,0.14,8.595000000000008,0.561764705882354,0.011014082290929103,0.6761859806466838,3.6137927594355142e-09
3,0.8999999999999986,0.14,16.19999999999998,0.009966777408637858,0.1794019933554815,0.1259999999999998,8.721000000000007,0.5383333333333344,0.009912674061836177,0.6860986547085199,2.9271721351427573e-09
21,0.5,0.14,16.69999999999998,0.005537098560354374,0.18493909191583585,0.07,8.791000000000007,0.5264071856287436,0.005507041145464552,0.6916056958539845,9.034481898588786e-10
43,1.0,0.1,17.69999999999998,0.011074197120708748,0.1960132890365446,0.1,8.891000000000007,0.5023163841807919,0.00786720163637793,0.6994728974903623,1.0284820036518248e-05
45,1.0,0.1,18.69999999999998,0.011074197120708748,0.20708748615725336,0.1,8.991000000000007,0.480802139037434,0.00786720163637793,0.7073400991267402,1.0284820036518248e-05
24,2.0,0.1,20.69999999999998,0.022148394241417495,0.22923588039867085,0.2,9.191000000000006,0.44400966183574947,0.01573440327275586,0.7230745023994961,4.113928014607299e-05
11,0.799999999999983,0.1,21.499999999999964,0.00885935769656681,0.23809523809523767,0.0799999999999983,9.271000000000004,0.4312093023255823,0.00629376130910221,0.7293682637085983,6.582284823371398e-06
69,0.6999999999999886,0.05,22.199999999999953,0.007751937984495997,0.24584717607973366,0.034999999999999434,9.306000000000004,0.4191891891891903,0.002753520572732231,0.7321217842813306,2.4984176622223188e-05
57,0.8999999999999773,0.05,23.09999999999993,0.00996677740863762,0.25581395348837127,0.04499999999999887,9.351000000000003,0.40480519480519617,0.0035402407363699794,0.7356620250177005,4.130037360000085e-05
50,1.0,0.05,24.09999999999993,0.011074197120708748,0.26688815060908,0.05,9.401000000000003,0.3900829875518685,0.003933600818188965,0.7395956258358894,5.098811555555918e-05
80,1.5,0.05,25.59999999999993,0.01661129568106312,0.2834994462901431,0.07500000000000001,9.476000000000003,0.37015625000000113,0.005900401227283449,0.7454960270631729,0.00011472326000000814
79,1.5,0.05,27.09999999999993,0.01661129568106312,0.30011074197120624,0.07500000000000001,9.551000000000002,0.3524354243542445,0.005900401227283449,0.7513964282904563,0.00011472326000000814
78,1.5,0.05,28.59999999999993,0.01661129568106312,0.31672203765226936,0.07500000000000001,9.626000000000001,0.3365734265734274,0.005900401227283449,0.7572968295177397,0.00011472326000000814
77,1.6000000000000227,0.05,30.199999999999953,0.017718715393134247,0.3344407530454036,0.08000000000000114,9.706000000000003,0.3213907284768218,0.006293761309102434,0.7635905908268421,0.00013052957582223524
52,1.0,0.05,31.199999999999953,0.011074197120708748,0.34551495016611233,0.05,9.756000000000004,0.31269230769230827,0.003933600818188965,0.767524191645031,5.098811555555918e-05
53,1.1000000000000227,0.05,32.299999999999976,0.012181616832779874,0.3576965669988922,0.05500000000000114,9.811000000000005,0.3037461300309601,0.004326960900007951,0.771851152545039,6.169561982222916e-05
54,1.0,0.05,33.299999999999976,0.011074197120708748,0.3687707641196009,0.05,9.861000000000006,0.29612612612612654,0.003933600818188965,0.7757847533632279,5.098811555555918e-05
76,1.5,0.05,34.799999999999976,0.01661129568106312,0.38538205980066403,0.07500000000000001,9.936000000000005,0.28551724137931067,0.005900401227283449,0.7816851545905114,0.00011472326000000814
74,1.400000000000034,0.05,36.20000000000001,0.015503875968992624,0.40088593576965664,0.07000000000000171,10.006000000000007,0.27640883977900566,0.005507041145464686,0.787192195735976,9.993670648890087e-05
55,1.3000000000000114,0.05,37.50000000000002,0.014396456256921498,0.41528239202657813,0.06500000000000057,10.071000000000009,0.2685600000000001,0.0051136810636457,0.7923058767996217,8.616991528889652e-05
58,1.3999999999999773,0.05,38.9,0.015503875968991995,0.4307862679955701,0.06999999999999887,10.141000000000007,0.2606940874035992,0.005507041145464462,0.7978129179450861,9.993670648889275e-05
70,0.5,0.05,39.4,0.005537098560354374,0.4363233665559245,0.025,10.166000000000007,0.2580203045685281,0.0019668004090944826,0.7997797183541806,1.2747028888889795e-05
73,1.3000000000000114,0.05,40.70000000000001,0.014396456256921498,0.450719822812846,0.06500000000000057,10.231000000000009,0.2513759213759215,0.0051136810636457,0.8048933994178263,8.616991528889652e-05
60,1.0,0.05,41.70000000000001,0.011074197120708748,0.46179401993355473,0.05,10.28100000000001,0.24654676258992822,0.003933600818188965,0.8088270002360153,5.098811555555918e-05
61,1.0,0.05,42.70000000000001,0.011074197120708748,0.47286821705426346,0.05,10.33100000000001,0.2419437939110072,0.003933600818188965,0.8127606010542042,5.098811555555918e-05
62,0.5,0.05,43.20000000000001,0.005537098560354374,0.47840531561461785,0.025,10.35600000000001,0.23972222222222242,0.0019668004090944826,0.8147274014632987,1.2747028888889795e-05
63,0.8999999999999773,0.05,44.09999999999999,0.00996677740863762,0.48837209302325546,0.04499999999999887,10.401000000000009,0.2358503401360547,0.0035402407363699794,0.8182676421996686,4.130037360000085e-05
72,1.599999999999966,0.05,45.69999999999995,0.01771871539313362,0.5060908084163891,0.0799999999999983,10.481000000000007,0.22934354485776845,0.00629376130910221,0.8245614035087708,0.00013052957582222594
65,0.8000000000000114,0.05,46.499999999999964,0.008859357696567123,0.5149501661129562,0.04000000000000057,10.521000000000008,0.22625806451612937,0.003146880654551217,0.8277082841633221,3.263239395555881e-05
66,1.1999999999999886,0.05,47.69999999999995,0.01328903654485037,0.5282392026578066,0.059999999999999436,10.581000000000007,0.22182389937106953,0.004720320981826714,0.8324286051451488,7.342288640000383e-05
67,1.2000000000000455,0.05,48.9,0.013289036544851,0.5415282392026576,0.060000000000002274,10.641000000000009,0.21760736196319036,0.004720320981826937,0.8371489261269758,7.34228864000108e-05
49,1.0,0.05,49.9,0.011074197120708748,0.5526024363233664,0.05,10.69100000000001,0.21424849699398818,0.003933600818188965,0.8410825269451647,5.098811555555918e-05
68,0.6999999999999886,0.05,50.59999999999999,0.007751937984495997,0.5603543743078624,0.034999999999999434,10.72600000000001,0.2119762845849805,0.002753520572732231,0.843836047517897,2.4984176622223188e-05
71,1.3000000000000114,0.05,51.9,0.014396456256921498,0.5747508305647839,0.06500000000000057,10.791000000000011,0.20791907514450889,0.0051136810636457,0.8489497285815427,8.616991528889652e-05
0,1.5,0.05,53.4,0.01661129568106312,0.591362126245847,0.07500000000000001,10.86600000000001,0.20348314606741594,0.005900401227283449,0.8548501298088261,0.00011472326000000814
41,1.0,0.05,54.4,0.011074197120708748,0.6024363233665558,0.05,10.916000000000011,0.20066176470588257,0.003933600818188965,0.8587837306270151,5.098811555555918e-05
47,1.0,0.05,55.4,0.011074197120708748,0.6135105204872646,0.05,10.966000000000012,0.19794223826714824,0.003933600818188965,0.862717331445204,5.098811555555918e-05
46,1.0,0.05,56.4,0.011074197120708748,0.6245847176079734,0.05,11.016000000000012,0.19531914893617044,0.003933600818188965,0.866650932263393,5.098811555555918e-05
2,1.1999999999999957,0.05,57.599999999999994,0.01328903654485045,0.6378737541528239,0.05999999999999979,11.076000000000013,0.19229166666666692,0.0047203209818267415,0.8713712532452197,7.34228864000047e-05
4,0.8000000000000043,0.05,58.4,0.008859357696567045,0.646733111849391,0.040000000000000216,11.116000000000014,0.1903424657534249,0.003146880654551189,0.8745181338997708,3.263239395555822e-05
5,1.3000000000000114,0.05,59.70000000000001,0.014396456256921498,0.6611295681063125,0.06500000000000057,11.181000000000015,0.18728643216080423,0.0051136810636457,0.8796318149634166,8.616991528889652e-05
6,0.5,0.05,60.20000000000001,0.005537098560354374,0.6666666666666669,0.025,11.206000000000016,0.18614617940199357,0.0019668004090944826,0.881598615372511,1.2747028888889795e-05
8,1.1999999999999886,0.05,61.4,0.01328903654485037,0.6799557032115172,0.059999999999999436,11.266000000000014,0.18348534201954422,0.004720320981826714,0.8863189363543378,7.342288640000383e-05
9,0.5999999999999943,0.05,61.99999999999999,0.006644518272425185,0.6866002214839424,0.029999999999999718,11.296000000000014,0.182193548387097,0.002360160490913357,0.8886790968452511,1.8355721600000957e-05
10,0.39999999999997726,0.05,62.39999999999997,0.004429678848283247,0.6910299003322257,0.019999999999998866,11.316000000000013,0.18134615384615416,0.0015734403272754968,0.8902525371725266,8.158098488888542e-06
15,1.3000000000000114,0.05,63.69999999999998,0.014396456256921498,0.7054263565891472,0.06500000000000057,11.381000000000014,0.1786656200941918,0.0051136810636457,0.8953662182361724,8.616991528889652e-05
16,1.299999999999983,0.05,64.99999999999997,0.014396456256921182,0.7198228128460684,0.06499999999999916,11.446000000000014,0.176092307692308,0.005113681063645588,0.900479899299818,8.616991528889277e-05
17,1.3000000000000114,0.05,66.29999999999998,0.014396456256921498,0.73421926910299,0.06500000000000057,11.511000000000015,0.17361990950226272,0.0051136810636457,0.9055935803634637,8.616991528889652e-05
18,0.5999999999999943,0.05,66.89999999999998,0.006644518272425185,0.7408637873754151,0.029999999999999718,11.541000000000015,0.1725112107623321,0.002360160490913357,0.9079537408543771,1.8355721600000957e-05
19,1.5,0.05,68.39999999999998,0.01661129568106312,0.7574750830564783,0.07500000000000001,11.616000000000014,0.16982456140350904,0.005900401227283449,0.9138541420816605,0.00011472326000000814
23,1.0,0.05,69.39999999999998,0.011074197120708748,0.768549280177187,0.05,11.666000000000015,0.16809798270893397,0.003933600818188965,0.9177877428998494,5.098811555555918e-05
25,0.799999999999983,0.05,70.19999999999996,0.00885935769656681,0.7774086378737538,0.03999999999999915,11.706000000000014,0.16675213675213704,0.003146880654551105,0.9209346235544006,3.2632393955556486e-05
26,2.0,0.05,72.19999999999996,0.022148394241417495,0.7995570321151713,0.1,11.806000000000013,0.1635180055401665,0.00786720163637793,0.9288018251907785,0.00020395246222223672
27,1.200000000000017,0.05,73.39999999999998,0.013289036544850686,0.812846068660022,0.06000000000000086,11.866000000000014,0.1616621253405997,0.004720320981826826,0.9335221461726053,7.342288640000731e-05
28,1.0999999999999943,0.05,74.49999999999997,0.012181616832779558,0.8250276854928015,0.054999999999999716,11.921000000000014,0.1600134228187922,0.0043269609000078394,0.9378491070726132,6.169561982222597e-05
29,1.4000000000000057,0.05,75.89999999999998,0.015503875968992309,0.8405315614617938,0.07000000000000028,11.991000000000014,0.1579841897233204,0.005507041145464573,0.9433561482180777,9.99367064888968e-05
30,1.0,0.05,76.89999999999998,0.011074197120708748,0.8516057585825025,0.05,12.041000000000015,0.1565799739921979,0.003933600818188965,0.9472897490362666,5.098811555555918e-05
31,1.8000000000000114,0.05,78.69999999999999,0.01993355481727587,0.8715393133997784,0.09000000000000058,12.131000000000014,0.1541423125794157,0.0070804814727401825,0.9543702305090068,0.00016520149440001384
32,0.6999999999999886,0.05,79.39999999999998,0.007751937984495997,0.8792912513842744,0.034999999999999434,12.166000000000015,0.15322418136020174,0.002753520572732231,0.9571237510817391,2.4984176622223188e-05
33,1.1000000000000227,0.05,80.5,0.012181616832779874,0.8914728682170543,0.05500000000000114,12.221000000000016,0.1518136645962735,0.004326960900007951,0.961450711981747,6.169561982222916e-05
34,1.5,0.05,82.0,0.01661129568106312,0.9080841638981174,0.07500000000000001,12.296000000000015,0.1499512195121953,0.005900401227283449,0.9673511132090304,0.00011472326000000814
35,1.5,0.05,83.5,0.01661129568106312,0.9246954595791805,0.07500000000000001,12.371000000000015,0.14815568862275466,0.005900401227283449,0.9732515144363139,0.00011472326000000814
36,1.1000000000000227,0.05,84.60000000000002,0.012181616832779874,0.9368770764119604,0.05500000000000114,12.426000000000016,0.14687943262411363,0.004326960900007951,0.9775784753363218,6.169561982222916e-05
37,0.5,0.05,85.10000000000002,0.005537098560354374,0.9424141749723147,0.025,12.451000000000016,0.14631022326674517,0.0019668004090944826,0.9795452757454163,1.2747028888889795e-05
40,1.0,0.05,86.10000000000002,0.011074197120708748,0.9534883720930235,0.05,12.501000000000017,0.14519163763066217,0.003933600818188965,0.9834788765636052,5.098811555555918e-05
1,1.5,0.05,87.60000000000002,0.01661129568106312,0.9700996677740866,0.07500000000000001,12.576000000000016,0.1435616438356166,0.005900401227283449,0.9893792777908886,0.00011472326000000814
42,1.1000000000000227,0.05,88.70000000000005,0.012181616832779874,0.9822812846068665,0.05500000000000114,12.631000000000018,0.1424013528748592,0.004326960900007951,0.9937062386908966,6.169561982222916e-05
81,1.599999999999966,0.05,90.30000000000001,0.01771871539313362,1.0,0.0799999999999983,12.711000000000016,0.14076411960132906,0.00629376130910221,0.9999999999999988,0.00013052957582222594
