,weight,grade,cml_weight,weight_pct,cml_weight_pct,yield,cml_yield,cml_grade,recovery,cml_recovery,distributional_heterogeneity
23,1.0,0.96,1.0,0.025568908207619555,0.025568908207619555,0.96,0.96,0.96,0.21253044055789258,0.21253044055789258,0.03495461457876219
32,0.8000000000000114,0.45,1.8000000000000114,0.020455126566095935,0.046024034773715486,0.36000000000000515,1.3200000000000052,0.7333333333333316,0.07969891520921087,0.29222935576710346,0.0035098264927900724
13,0.6999999999999886,0.34,2.5,0.017898235745333398,0.06392227051904889,0.23799999999999616,1.5580000000000014,0.6232000000000005,0.052689838388310026,0.3449191941554135,0.0012104556144667778
0,0.8000000000000007,0.31,3.3000000000000007,0.02045512656609566,0.08437739708514455,0.24800000000000022,1.8060000000000016,0.5472727272727277,0.054903697144122306,0.3998228912995358,0.0011867040148692825
21,1.0,0.27,4.300000000000001,0.025568908207619555,0.10994630529276411,0.27,2.0760000000000014,0.48279069767441884,0.0597741864069073,0.4595970777064431,0.001170001056690669
22,1.299999999999983,0.24,5.599999999999984,0.03323958066990498,0.1431858859626691,0.3119999999999959,2.3879999999999972,0.42642857142857216,0.06907239318131418,0.5286694708877573,0.0012839904524778038
2,1.2000000000000028,0.14,6.7999999999999865,0.030682689849143536,0.17386857581181264,0.16800000000000043,2.555999999999998,0.3758823529411769,0.0371928270976313,0.5658622979853886,4.2381886994147754e-05
15,1.5,0.14,8.299999999999986,0.03835336231142933,0.21222193812324197,0.21000000000000002,2.765999999999998,0.333253012048193,0.04649103387203901,0.6123533318574276,6.622169842835556e-05
31,0.799999999999983,0.1,9.09999999999997,0.020455126566095206,0.2326770646893372,0.0799999999999983,2.845999999999996,0.31274725274725335,0.017710870046490673,0.6300642019039182,7.5309438453919915e-06
25,0.9000000000000057,0.1,9.999999999999975,0.023012017386857743,0.25568908207619495,0.09000000000000058,2.935999999999997,0.2936000000000004,0.01992472880230256,0.6499889307062208,9.531350804324767e-06
19,1.0,0.1,10.999999999999975,0.025568908207619555,0.2812579902838145,0.1,3.035999999999997,0.27600000000000036,0.022138587558113813,0.6721275182643346,1.176709975842549e-05
20,0.9000000000000057,0.1,11.89999999999998,0.023012017386857743,0.30427000767067225,0.09000000000000058,3.1259999999999977,0.26268907563025234,0.01992472880230256,0.6920522470666371,9.531350804324767e-06
40,0.009999999999990905,0.1,11.909999999999972,0.00025568908207596297,0.3045256967527482,0.0009999999999990906,3.1269999999999967,0.26255247691015987,0.0002213858755809368,0.6922736329422181,1.1767099758404084e-09
9,0.6000000000000014,0.1,12.509999999999973,0.015341344924571768,0.31986704167732,0.060000000000000143,3.1869999999999967,0.25475619504396513,0.01328315253486832,0.7055567854770864,4.236155913033196e-06
27,1.0,0.05,13.509999999999973,0.025568908207619555,0.34543594988493953,0.05,3.2369999999999965,0.23960029607698025,0.011069293779056907,0.7166260792561433,0.00021023881857698212
39,1.0,0.05,14.509999999999973,0.025568908207619555,0.37100485809255906,0.05,3.2869999999999964,0.22653342522398362,0.011069293779056907,0.7276953730352002,0.00021023881857698212
38,1.0,0.05,15.509999999999973,0.025568908207619555,0.3965737663001786,0.05,3.336999999999996,0.2151515151515153,0.011069293779056907,0.738764666814257,0.00021023881857698212
37,1.299999999999983,0.05,16.809999999999956,0.03323958066990498,0.42981334697008355,0.06499999999999916,3.4019999999999953,0.2023795359904821,0.014390081912773791,0.7531547487270308,0.00035530360339509047
36,0.9000000000000057,0.05,17.70999999999996,0.023012017386857743,0.4528253643569413,0.04500000000000029,3.4469999999999956,0.19463579898362524,0.00996236440115128,0.7631171131281821,0.0001702934430473577
35,1.0,0.05,18.70999999999996,0.025568908207619555,0.47839427256456085,0.05,3.4969999999999954,0.1869053981827901,0.011069293779056907,0.7741864069072389,0.00021023881857698212
34,0.8999999999999773,0.05,19.60999999999994,0.023012017386857018,0.5014062899514179,0.04499999999999887,3.5419999999999945,0.18062213156552806,0.009962364401150964,0.7841487713083899,0.0001702934430473469
33,0.9000000000000057,0.05,20.509999999999945,0.023012017386857743,0.5244183073382757,0.04500000000000029,3.586999999999995,0.1748902974158949,0.00996236440115128,0.7941111357095412,0.0001702934430473577
3,0.6999999999999957,0.05,21.20999999999994,0.017898235745333578,0.5423165430836092,0.03499999999999979,3.6219999999999946,0.170768505421971,0.007748505645339788,0.801859641354881,0.00010301702110271997
4,1.0,0.05,22.20999999999994,0.025568908207619555,0.5678854512912288,0.05,3.6719999999999944,0.16533093201260712,0.011069293779056907,0.8129289351339378,0.00021023881857698212
30,1.4000000000000057,0.05,23.609999999999946,0.035796471490667524,0.6036819227818964,0.07000000000000028,3.7419999999999947,0.1584921643371454,0.015497011290679732,0.8284259464246175,0.0004120680844108883
29,1.0,0.05,24.609999999999946,0.025568908207619555,0.629250830989516,0.05,3.7919999999999945,0.1540837058106462,0.011069293779056907,0.8394952402036744,0.00021023881857698212
28,1.0,0.05,25.609999999999946,0.025568908207619555,0.6548197391971355,0.05,3.8419999999999943,0.15001952362358464,0.011069293779056907,0.8505645339827312,0.00021023881857698212
12,0.6000000000000227,0.05,26.20999999999997,0.015341344924572314,0.6701610841217078,0.030000000000001137,3.8719999999999954,0.14772987409385732,0.0066415762674343955,0.8572061102501657,7.568597468771929e-05
11,1.0,0.05,27.20999999999997,0.025568908207619555,0.6957299923293274,0.05,3.9219999999999953,0.14413818449099594,0.011069293779056907,0.8682754040292225,0.00021023881857698212
5,1.2999999999999972,0.05,28.509999999999966,0.033239580669905344,0.7289695729992327,0.06499999999999986,3.986999999999995,0.13984566818660119,0.014390081912773947,0.8826654859419965,0.0003553036033950982
24,1.0,0.05,29.509999999999966,0.025568908207619555,0.7545384812068523,0.05,4.0369999999999955,0.1368010843781769,0.011069293779056907,0.8937347797210533,0.00021023881857698212
6,0.6000000000000014,0.05,30.109999999999967,0.015341344924571768,0.769879826131424,0.030000000000000072,4.066999999999996,0.1350714048488874,0.00664157626743416,0.9003763559884874,7.568597468771393e-05
7,1.0,0.05,31.109999999999967,0.025568908207619555,0.7954487343390436,0.05,4.1169999999999956,0.13233686917389906,0.011069293779056907,0.9114456497675443,0.00021023881857698212
8,1.5,0.05,32.60999999999997,0.03835336231142933,0.8338020966504729,0.07500000000000001,4.191999999999996,0.12854952468567923,0.016603940668585362,0.9280495904361297,0.0004730373417982098
1,1.0,0.05,33.60999999999997,0.025568908207619555,0.8593710048580925,0.05,4.2419999999999956,0.1262124367747694,0.011069293779056907,0.9391188842151865,0.00021023881857698212
18,1.0,0.05,34.60999999999997,0.025568908207619555,0.8849399130657121,0.05,4.291999999999995,0.12401040161802944,0.011069293779056907,0.9501881779942434,0.00021023881857698212
17,1.0,0.05,35.60999999999997,0.025568908207619555,0.9105088212733317,0.05,4.341999999999995,0.12193204156135913,0.011069293779056907,0.9612574717733002,0.00021023881857698212
16,0.5,0.05,36.10999999999997,0.012784454103809777,0.9232932753771415,0.025,4.3669999999999956,0.12093602880088615,0.005534646889528453,0.9667921186628287,5.255970464424553e-05
10,0.5,0.05,36.60999999999997,0.012784454103809777,0.9360777294809512,0.025,4.391999999999996,0.11996722207047253,0.005534646889528453,0.9723267655523571,5.255970464424553e-05
14,1.5,0.05,38.10999999999997,0.03835336231142933,0.9744310917923806,0.07500000000000001,4.466999999999996,0.11721332983468905,0.016603940668585362,0.9889307062209425,0.0004730373417982098
26,1.0,0.05,39.10999999999997,0.025568908207619555,1.0000000000000002,0.05,4.516999999999996,0.11549475837381742,0.011069293779056907,0.9999999999999993,0.00021023881857698212
