,weight,grade,cml_weight,weight_pct,cml_weight_pct,yield,cml_yield,cml_grade,recovery,cml_recovery,distributional_heterogeneity
24,1.0,1.58,1.0,0.013623978201634879,0.013623978201634879,1.58,1.58,1.58,0.16355261114849146,0.16355261114849146,0.022478594977313252
1,0.3000000000000007,1.41,1.3000000000000007,0.004087193460490473,0.017711171662125352,0.423000000000001,2.003000000000001,1.5407692307692307,0.04378655349102028,0.20733916463951174,0.0015760391868336278
11,0.5,1.13,1.8000000000000007,0.0068119891008174395,0.02452316076294279,0.565,2.568000000000001,1.4266666666666665,0.058485585632213705,0.2658247502717255,0.0026701605784895293
8,1.5,0.73,3.3000000000000007,0.02043596730245232,0.04495912806539511,1.095,3.663000000000001,1.11,0.11334817038455577,0.3791729206562813,0.008632677481570037
12,0.5,0.64,3.8000000000000007,0.0068119891008174395,0.05177111716621255,0.32,3.983000000000001,1.0481578947368422,0.03312457947311219,0.4122975001293935,0.0006923524121001788
23,1.0,0.54,4.800000000000001,0.013623978201634879,0.06539509536784743,0.54,4.5230000000000015,0.9422916666666669,0.05589772786087683,0.4681952279902703,0.0017870699102522593
34,0.6999999999999886,0.37,5.499999999999989,0.00953678474114426,0.0749318801089917,0.2589999999999958,4.781999999999997,0.8694545454545467,0.026810206511049744,0.49500543450132006,0.0002983710996410448
10,1.2000000000000028,0.32,6.699999999999992,0.016348773841961893,0.09128065395095358,0.3840000000000009,5.165999999999999,0.7710447761194037,0.03974949536773472,0.5347549298690548,0.0005475937679267683
15,1.0,0.31,7.699999999999992,0.013623978201634879,0.10490463215258847,0.31,5.475999999999998,0.7111688311688317,0.03208943636457744,0.5668443662336322,0.000340973145167382
44,2.0,0.28,9.699999999999992,0.027247956403269758,0.13215258855585824,0.56,6.035999999999998,0.6222680412371137,0.05796801407794634,0.6248123803115786,0.000943721943535456
43,2.0,0.27,11.699999999999992,0.027247956403269758,0.159400544959128,0.54,6.575999999999998,0.5620512820512823,0.05589772786087683,0.6807101081724555,0.0008208094045731169
14,1.0,0.21,12.699999999999992,0.013623978201634879,0.1730245231607629,0.21,6.785999999999998,0.5343307086614175,0.021738005279229877,0.7024481134516853,6.583743541594484e-05
13,2.0,0.19,14.699999999999992,0.027247956403269758,0.20027247956403266,0.38,7.165999999999998,0.487482993197279,0.03933543812432073,0.7417835515760061,0.00014610721435674143
38,0.5999999999999943,0.17,15.299999999999986,0.00817438692098085,0.2084468664850135,0.10199999999999904,7.267999999999997,0.47503267973856234,0.01055845970705441,0.7523420112830604,5.68380304929656e-06
22,1.0999999999999943,0.16,16.39999999999998,0.01498637602179829,0.2234332425068118,0.1759999999999991,7.443999999999996,0.45390243902439054,0.01821851871021161,0.7705605299932721,1.0446746358263709e-05
47,1.0,0.14,17.39999999999998,0.013623978201634879,0.23705722070844668,0.14,7.583999999999996,0.4358620689655175,0.014492003519486586,0.7850525335127586,7.534679524315581e-07
49,1.5,0.11,18.89999999999998,0.02043596730245232,0.257493188010899,0.165,7.748999999999996,0.4100000000000002,0.017079861290823475,0.8021323948035821,1.1263447561291261e-05
45,2.0,0.11,20.89999999999998,0.027247956403269758,0.28474114441416876,0.22,7.968999999999996,0.3812918660287083,0.022773148387764633,0.8249055431913468,2.0023906775628906e-05
32,2.0,0.1,22.89999999999998,0.027247956403269758,0.3119891008174385,0.2,8.168999999999995,0.3567248908296944,0.02070286217069512,0.845608405362042,4.283825851328175e-05
30,2.0,0.1,24.89999999999998,0.027247956403269758,0.3392370572207083,0.2,8.368999999999994,0.3361044176706828,0.02070286217069512,0.8663112675327371,4.283825851328175e-05
16,1.0,0.07,25.89999999999998,0.013623978201634879,0.35286103542234315,0.07,8.438999999999995,0.32583011583011584,0.007246001759743293,0.8735572692924805,4.067858349332405e-05
36,0.6999999999999886,0.07,26.59999999999997,0.00953678474114426,0.3623978201634874,0.04899999999999921,8.487999999999994,0.3190977443609024,0.005072201231820223,0.8786294705243006,1.9932505911728138e-05
2,0.5,0.06,27.09999999999997,0.0068119891008174395,0.36920980926430486,0.03,8.517999999999994,0.31431734317343185,0.0031054293256042678,0.8817348998499049,1.3738585367228315e-05
17,2.0,0.05,29.09999999999997,0.027247956403269758,0.3964577656675746,0.1,8.617999999999993,0.296151202749141,0.01035143108534756,0.8920863309352525,0.0002854925678191858
31,2.0,0.05,31.09999999999997,0.027247956403269758,0.4237057220708444,0.1,8.717999999999993,0.2803215434083602,0.01035143108534756,0.9024377620206,0.0002854925678191858
7,2.0,0.05,33.099999999999966,0.027247956403269758,0.45095367847411416,0.1,8.817999999999993,0.26640483383685803,0.01035143108534756,0.9127891931059475,0.0002854925678191858
39,1.8000000000000114,0.04,34.89999999999998,0.024523160762942937,0.4754768392370571,0.07200000000000045,8.889999999999993,0.2547277936962751,0.00745303038145029,0.9202422234873978,0.00029138935124115825
9,0.5999999999999943,0.04,35.49999999999997,0.00817438692098085,0.4836512261580379,0.02399999999999977,8.913999999999993,0.25109859154929576,0.0024843434604833905,0.9227265669478812,3.237659458234989e-05
40,2.0,0.03,37.49999999999997,0.027247956403269758,0.5108991825613076,0.06,8.973999999999993,0.23930666666666667,0.0062108586512085355,0.9289374255990898,0.00044255948182977934
48,2.0,0.03,39.49999999999997,0.027247956403269758,0.5381471389645773,0.06,9.033999999999994,0.22870886075949368,0.0062108586512085355,0.9351482842502983,0.00044255948182977934
37,1.0,0.03,40.49999999999997,0.013623978201634879,0.5517711171662122,0.03,9.063999999999993,0.22380246913580246,0.0031054293256042678,0.9382537135759026,0.00011063987045744483
25,1.0,0.03,41.49999999999997,0.013623978201634879,0.565395095367847,0.03,9.093999999999992,0.2191325301204819,0.0031054293256042678,0.9413591429015069,0.00011063987045744483
6,2.0,0.03,43.49999999999997,0.027247956403269758,0.5926430517711168,0.06,9.153999999999993,0.21043678160919538,0.0062108586512085355,0.9475700015527154,0.00044255948182977934
28,2.0,0.03,45.49999999999997,0.027247956403269758,0.6198910081743865,0.06,9.213999999999993,0.2025054945054945,0.0062108586512085355,0.9537808602039239,0.00044255948182977934
19,2.0,0.03,47.49999999999997,0.027247956403269758,0.6471389645776562,0.06,9.273999999999994,0.19524210526315788,0.0062108586512085355,0.9599917188551325,0.00044255948182977934
41,2.0,0.02,49.49999999999997,0.027247956403269758,0.6743869209809259,0.04,9.313999999999993,0.18816161616161614,0.004140572434139024,0.9641322912892715,0.0005339511938968401
3,1.6999999999999993,0.02,51.199999999999974,0.023160762942779283,0.6975476839237051,0.03399999999999999,9.347999999999994,0.18257812499999998,0.003519486569018169,0.9676517778582896,0.0003857797375904666
4,2.0,0.02,53.199999999999974,0.027247956403269758,0.7247956403269749,0.04,9.387999999999993,0.17646616541353377,0.004140572434139024,0.9717923502924286,0.0005339511938968401
46,1.6999999999999886,0.02,54.89999999999996,0.02316076294277914,0.747956403269754,0.03399999999999977,9.421999999999992,0.1716211293260473,0.003519486569018147,0.9753118368614467,0.0003857797375904618
21,0.9000000000000057,0.02,55.79999999999997,0.012261580381471468,0.7602179836512255,0.018000000000000113,9.439999999999992,0.16917562724014332,0.0018632575953625725,0.9771750944568093,0.00010812511676411147
5,2.0,0.02,57.79999999999997,0.027247956403269758,0.7874659400544952,0.04,9.479999999999992,0.16401384083044976,0.004140572434139024,0.9813156668909483,0.0005339511938968401
33,1.4000000000000057,0.02,59.199999999999974,0.01907356948228891,0.8065395095367841,0.028000000000000115,9.507999999999992,0.16060810810810805,0.0028984007038973286,0.9842140675948456,0.00026163608500945373
42,2.0,0.02,61.199999999999974,0.027247956403269758,0.8337874659400538,0.04,9.547999999999991,0.15601307189542477,0.004140572434139024,0.9883546400289847,0.0005339511938968401
18,2.0,0.02,63.199999999999974,0.027247956403269758,0.8610354223433235,0.04,9.58799999999999,0.15170886075949358,0.004140572434139024,0.9924952124631237,0.0005339511938968401
0,0.5,0.01,63.699999999999974,0.0068119891008174395,0.867847411444141,0.005,9.592999999999991,0.15059654631083194,0.000517571554267378,0.993012784017391,3.96196922503173e-05
20,2.0,0.01,65.69999999999997,0.027247956403269758,0.8950953678474107,0.02,9.61299999999999,0.14631659056316582,0.002070286217069512,0.9950830702344605,0.0006339150760050768
35,1.8000000000000114,0.01,67.49999999999999,0.024523160762942937,0.9196185286103536,0.018000000000000113,9.630999999999991,0.14268148148148138,0.0018632575953625725,0.9969463278298231,0.0005134712115641187
26,1.9000000000000057,0.005,69.39999999999999,0.025885558583106347,0.94550408719346,0.00950000000000003,9.64049999999999,0.13891210374639756,0.0009833859531080211,0.997929713782931,0.0006201182016942378
27,2.0,0.005,71.39999999999999,0.027247956403269758,0.9727520435967297,0.01,9.65049999999999,0.1351610644257702,0.001035143108534756,0.9989648568914659,0.0006871115808246361
29,2.0,0.005,73.39999999999999,0.027247956403269758,0.9999999999999994,0.01,9.66049999999999,0.1316144414168936,0.001035143108534756,1.0000000000000007,0.0006871115808246361
