,weight,grade,cml_weight,weight_pct,cml_weight_pct,yield,cml_yield,cml_grade,recovery,cml_recovery,distributional_heterogeneity
67,3.0,2.367,3.0,0.010084033613445379,0.010084033613445379,7.101,7.101,2.367,0.11344809681671127,0.11344809681671127,0.01068412956188875
62,3.0999999999999943,2.219,6.099999999999994,0.010420168067226872,0.02050420168067225,6.878899999999987,13.979899999999986,2.2917868852459016,0.10989974837240864,0.2233478451891199,0.009896186897695105
56,3.0999999999999943,1.028,9.199999999999989,0.010420168067226872,0.030924369747899125,3.186799999999994,17.16669999999998,1.8659456521739133,0.05091344809681662,0.2742612932859365,0.0016397057275547718
25,1.1000000000000085,0.857,10.299999999999997,0.0036974789915966673,0.034621848739495795,0.9427000000000073,18.109399999999987,1.7581941747572807,0.01506090985341706,0.2893222031393536,0.00012912756095137217
59,3.0,0.79,13.299999999999997,0.010084033613445379,0.04470588235294117,2.37,20.479399999999988,1.5398045112781948,0.03786396133722091,0.3271861644765745,0.0007717243843381928
61,3.0,0.752,16.299999999999997,0.010084033613445379,0.05478991596638655,2.2560000000000002,22.735399999999988,1.3948098159509197,0.03604265686783561,0.3632288213444101,0.0006738501212633691
93,3.099999999999966,0.733,19.399999999999963,0.010420168067226777,0.06521008403361332,2.272299999999975,25.007699999999964,1.2890567010309284,0.03630307145424731,0.3995318927986574,0.0006699246877418392
63,3.0,0.527,22.399999999999963,0.010084033613445379,0.0752941176470587,1.581,26.588699999999964,1.186995535714286,0.025258617246475216,0.42479051004513263,0.00023026798843581712
57,3.0,0.46,25.399999999999963,0.010084033613445379,0.08537815126050409,1.3800000000000001,27.968699999999963,1.1011299212598427,0.022047369892559013,0.44683787993769164,0.00014312141492715653
60,3.0999999999999943,0.409,28.499999999999957,0.010420168067226872,0.09579831932773096,1.2678999999999976,29.23659999999996,1.0258456140350878,0.020256420497663418,0.46709430043535505,9.675186187526892e-05
55,3.0,0.408,31.499999999999957,0.010084033613445379,0.10588235294117634,1.224,30.46059999999996,0.9670031746031746,0.019555058513400166,0.4866493589487552,8.970031265556363e-05
58,3.0999999999999943,0.385,34.59999999999995,0.010420168067226872,0.11630252100840321,1.1934999999999978,31.654099999999957,0.9148583815028902,0.019067779686064587,0.5057171386348198,7.47811867102571e-05
66,3.0999999999999943,0.343,37.699999999999946,0.010420168067226872,0.12672268907563008,1.0632999999999981,32.717399999999955,0.8678355437665783,0.016987658265766634,0.5227047969005865,4.313192750791587e-05
31,1.4000000000000057,0.323,39.09999999999995,0.004705882352941196,0.13142857142857128,0.4522000000000018,33.16959999999996,0.8483273657289003,0.007224507728561758,0.5299293046291482,6.343473782719822e-06
90,3.0,0.308,42.09999999999995,0.010084033613445379,0.14151260504201665,0.9239999999999999,34.09359999999996,0.8098242280285035,0.014762152015017772,0.544691456644166,2.188479177913027e-05
77,3.0999999999999943,0.305,45.199999999999946,0.010420168067226872,0.15193277310924352,0.9454999999999982,35.039099999999955,0.7752013274336282,0.015105643647401816,0.5597971002915678,2.195368141241575e-05
54,3.1000000000000227,0.302,48.29999999999997,0.010420168067226968,0.16235294117647048,0.9362000000000068,35.97529999999996,0.7448302277432709,0.014957063545952099,0.5747541638375199,2.058342058487656e-05
87,3.0999999999999943,0.297,51.39999999999996,0.010420168067226872,0.17277310924369735,0.9206999999999983,36.89599999999996,0.7178210116731515,0.01470943004353554,0.5894635938810554,1.8397768301407344e-05
97,3.0,0.262,54.39999999999996,0.010084033613445379,0.18285714285714272,0.786,37.68199999999996,0.6926838235294115,0.012557415025761872,0.6020210089068173,6.11761561079274e-06
53,3.0,0.253,57.39999999999996,0.010084033613445379,0.1929411764705881,0.759,38.44099999999996,0.669703832752613,0.012126053440907458,0.6141470623477248,4.16984497574826e-06
96,3.1000000000000227,0.248,60.499999999999986,0.010420168067226968,0.20336134453781507,0.7688000000000056,39.209799999999966,0.6480958677685946,0.012282621719854704,0.6264296840675795,3.468733608186405e-06
85,3.1000000000000227,0.245,63.60000000000001,0.010420168067226968,0.21378151260504202,0.7595000000000055,39.96929999999997,0.6284481132075466,0.012134041618404848,0.6385637256859843,2.937362549427088e-06
102,3.1000000000000227,0.241,66.70000000000003,0.010420168067226968,0.22420168067226898,0.7471000000000054,40.71639999999997,0.6104407796101942,0.011935934816471708,0.650499660502456,2.297548838115974e-06
101,3.0,0.227,69.70000000000003,0.010084033613445379,0.23428571428571435,0.681,41.39739999999997,0.5939368723098989,0.010879897751328036,0.661379558253784,6.33399725967705e-07
86,3.0,0.224,72.70000000000003,0.010084033613445379,0.24436974789915972,0.672,42.069399999999966,0.578671251719394,0.010736110556376563,0.6721156688101606,4.252043395024801e-07
64,3.1000000000000227,0.222,75.80000000000005,0.010420168067226968,0.25478991596638667,0.688200000000005,42.75759999999997,0.5640844327176773,0.010994927507289292,0.6831105963174499,3.3034841394075847e-07
91,3.1000000000000227,0.221,78.90000000000008,0.010420168067226968,0.2652100840336136,0.685100000000005,43.442699999999974,0.5506045627376417,0.010945400806806008,0.6940559971242559,2.758694307257045e-07
88,3.0999999999999943,0.219,82.00000000000007,0.010420168067226872,0.2756302521008405,0.6788999999999987,44.12159999999997,0.538068292682926,0.010846347405839337,0.7049023445300953,1.8162882866015943e-07
95,3.0,0.217,85.00000000000007,0.010084033613445379,0.2857142857142859,0.651,44.772599999999976,0.5267364705882346,0.010400607101489795,0.7153029516315851,1.0021877333260878e-07
94,3.0,0.199,88.00000000000007,0.010084033613445379,0.2957983193277313,0.597,45.36959999999998,0.5155636363636357,0.009537883931780964,0.7248408355633661,2.982794747821399e-07
84,3.0,0.185,91.00000000000007,0.010084033613445379,0.3058823529411767,0.5549999999999999,45.92459999999998,0.5046659340659334,0.008866877022007428,0.7337077125853735,1.4814701680808465e-06
52,3.0999999999999943,0.182,94.10000000000007,0.010420168067226872,0.3163025210084036,0.5641999999999989,46.488799999999976,0.4940361317747072,0.009013859487957805,0.7427215720733313,1.977703820125778e-06
30,0.3999999999999915,0.182,94.50000000000006,0.0013445378151260218,0.3176470588235296,0.07279999999999845,46.56159999999998,0.4927153439153434,0.0011630786436074361,0.7438846507169388,3.292743092821146e-08
51,3.0,0.17,97.50000000000006,0.010084033613445379,0.327731092436975,0.51,47.071599999999975,0.4827856410256405,0.00814794104725007,0.7520325917641888,3.7484544248767312e-06
98,3.099999999999966,0.166,100.60000000000002,0.010420168067226777,0.3381512605042018,0.5145999999999944,47.58619999999997,0.4730238568588465,0.008221432280225177,0.760254024044414,4.834439061041543e-06
92,3.0,0.165,103.60000000000002,0.010084033613445379,0.3482352941176472,0.495,48.08119999999997,0.4641042471042467,0.00790829572233095,0.768162319766745,4.733835370831056e-06
76,3.0,0.159,106.60000000000002,0.010084033613445379,0.3583193277310926,0.477,48.558199999999964,0.45551782363977444,0.007620721332428006,0.775783041099173,6.067907393811005e-06
105,2.8000000000000114,0.155,109.40000000000003,0.009411764705882392,0.367731092436975,0.4340000000000018,48.99219999999997,0.4478263254113341,0.006933738067659892,0.7827167791668328,6.1406160197403025e-06
73,3.0999999999999943,0.154,112.50000000000003,0.010420168067226872,0.3781512605042019,0.4773999999999991,49.469599999999964,0.43972977777777733,0.007627111874425835,0.7903438910412587,7.801162896144218e-06
24,1.7000000000000028,0.149,114.20000000000003,0.005714285714285724,0.3838655462184876,0.2533000000000004,49.72289999999997,0.4354019264448332,0.004046810720134208,0.7943907017613929,2.7804728561205973e-06
23,3.0,0.146,117.20000000000003,0.010084033613445379,0.393949579831933,0.43799999999999994,50.16089999999997,0.4279940273037539,0.006997643487638294,0.8013883452490312,9.525804008679462e-06
83,3.0999999999999943,0.143,120.30000000000003,0.010420168067226872,0.4043697478991599,0.44329999999999914,50.60419999999997,0.4206500415627594,0.0070823181691097034,0.808470663418141,1.1141241942360783e-05
89,3.0,0.141,123.30000000000003,0.010084033613445379,0.4144537815126053,0.42299999999999993,51.02719999999997,0.41384590429845874,0.006757998162719174,0.8152286615808602,1.1062511819487457e-05
78,3.0999999999999943,0.139,126.40000000000002,0.010420168067226872,0.4248739495798322,0.43089999999999923,51.45809999999997,0.4071052215189871,0.006884211367176566,0.8221128729480367,1.250298978463064e-05
10,3.1000000000000014,0.139,129.50000000000003,0.010420168067226895,0.4352941176470591,0.4309000000000002,51.888999999999974,0.4006872586872584,0.006884211367176582,0.8289970843152132,1.2502989784630699e-05
80,3.0,0.131,132.50000000000003,0.010084033613445379,0.4453781512605045,0.393,52.281999999999975,0.3945811320754714,0.006278707512880936,0.8352757918280942,1.4480506731636978e-05
68,3.0999999999999943,0.128,135.60000000000002,0.010420168067226872,0.4557983193277314,0.39679999999999926,52.678799999999974,0.38848672566371656,0.0063394176618604345,0.8416152094899546,1.6652523870898334e-05
75,3.1000000000000227,0.127,138.70000000000005,0.010420168067226968,0.46621848739495836,0.3937000000000029,53.07249999999998,0.382642393655371,0.006289890961377208,0.8479051004513318,1.7059188971106663e-05
82,3.0,0.125,141.70000000000005,0.010084033613445379,0.47630252100840376,0.375,53.44749999999998,0.3771877205363441,0.005991133122977992,0.8538962335743098,1.6751834424868166e-05
79,3.0,0.125,144.70000000000005,0.010084033613445379,0.48638655462184915,0.375,53.82249999999998,0.37195922598479586,0.005991133122977992,0.8598873666972877,1.6751834424868166e-05
65,3.0,0.123,147.70000000000005,0.010084033613445379,0.49647058823529455,0.369,54.19149999999998,0.36690250507786026,0.005895274993010345,0.8657826416902981,1.7545698780268802e-05
50,3.0999999999999943,0.117,150.80000000000004,0.010420168067226872,0.5068907563025215,0.36269999999999936,54.55419999999997,0.36176525198938964,0.005794623956544304,0.8715772656468423,2.1395658319870182e-05
29,0.6000000000000085,0.116,151.40000000000003,0.002016806722689104,0.5089075630252106,0.069600000000001,54.623799999999974,0.36079128137384386,0.0011119543076247313,0.8726892199544671,8.187578930478285e-07
104,3.099999999999966,0.113,154.5,0.010420168067226777,0.5193277310924374,0.35029999999999617,54.97409999999997,0.355819417475728,0.005596517154611114,0.8782857371090782,2.326760812677791e-05
33,3.0,0.111,157.5,0.010084033613445379,0.5294117647058827,0.333,55.30709999999997,0.3511561904761903,0.005320126213204457,0.8836058633222826,2.269481371807021e-05
81,3.0999999999999943,0.109,160.6,0.010420168067226872,0.5398319327731096,0.33789999999999937,55.64499999999997,0.34648194271481925,0.005398410352678027,0.8890042736749607,2.5218050543630836e-05
99,3.0,0.094,163.6,0.010084033613445379,0.5499159663865549,0.28200000000000003,55.926999999999964,0.3418520782396086,0.004505332108479451,0.8935096057834402,3.1121910481509104e-05
3,3.0999999999999996,0.092,166.7,0.01042016806722689,0.5603361344537818,0.28519999999999995,56.21219999999997,0.3372057588482302,0.004556456444462195,0.8980660622279024,3.438311399494576e-05
72,3.0,0.089,169.7,0.010084033613445379,0.5704201680672272,0.267,56.47919999999997,0.3328179139658219,0.004265686783560331,0.9023317490114627,3.3853159832833386e-05
7,3.0,0.088,172.7,0.010084033613445379,0.5805042016806725,0.264,56.74319999999997,0.3285651418645048,0.004217757718576507,0.9065495067300392,3.4413192874719584e-05
42,3.0,0.086,175.7,0.010084033613445379,0.5905882352941179,0.258,57.001199999999976,0.32442344906089915,0.004121899588608859,0.9106714063186481,3.554704213011332e-05
70,3.0,0.086,178.7,0.010084033613445379,0.6006722689075632,0.258,57.25919999999998,0.32042081701175146,0.004121899588608859,0.9147933059072569,3.554704213011332e-05
37,1.2000000000000028,0.085,179.89999999999998,0.004033613445378161,0.6047058823529413,0.10200000000000024,57.361199999999975,0.31885047248471365,0.0016295882094500178,0.916422894116707,5.779337334979365e-06
103,3.0,0.084,182.89999999999998,0.010084033613445379,0.6147899159663867,0.252,57.61319999999998,0.3149983597594313,0.004026041458641211,0.9204489355753481,3.6699268947668846e-05
74,3.0,0.083,185.89999999999998,0.010084033613445379,0.624873949579832,0.249,57.86219999999998,0.31125443786982243,0.003978112393657387,0.9244270479690055,3.728227394225728e-05
35,0.5999999999999943,0.076,186.49999999999997,0.0020168067226890565,0.626890756302521,0.045599999999999564,57.90779999999998,0.3104975871313672,0.0007285217877541169,0.9251555697567596,1.6596780735803217e-06
71,3.0999999999999943,0.076,189.59999999999997,0.010420168067226872,0.6373109243697479,0.23559999999999956,58.14339999999998,0.30666350210970456,0.003764029236729633,0.9289195989934892,4.430418413085315e-05
5,3.0,0.07,192.59999999999997,0.010084033613445379,0.6473949579831932,0.21000000000000002,58.35339999999998,0.30297715472481823,0.003355034548867676,0.9322746335423568,4.5279428411087595e-05
21,3.0,0.068,195.59999999999997,0.010084033613445379,0.6574789915966386,0.20400000000000001,58.55739999999998,0.2993732106339468,0.0032591764189000283,0.9355338099612569,4.6578675725937424e-05
69,3.0,0.067,198.59999999999997,0.010084033613445379,0.6675630252100839,0.201,58.75839999999998,0.29586304128902313,0.003211247353916204,0.9387450573151731,4.723519096917302e-05
47,3.0,0.065,201.59999999999997,0.010084033613445379,0.6776470588235293,0.195,58.95339999999998,0.2924275793650793,0.003115389223948556,0.9418604465391217,4.856200462726553e-05
34,0.5,0.064,202.09999999999997,0.0016806722689075631,0.6793277310924368,0.032,58.98539999999998,0.2918624443344878,0.0005112433598274554,0.9423716898989491,1.367563973392291e-06
43,3.0999999999999943,0.063,205.19999999999996,0.010420168067226872,0.6897478991596637,0.19529999999999964,59.18069999999998,0.28840497076023386,0.0031201821304469328,0.9454918720293961,5.328979467718488e-05
1,1.4,0.061,206.59999999999997,0.004705882352941176,0.694453781512605,0.08539999999999999,59.26609999999998,0.2868639883833494,0.0013643807165395214,0.9468562527459357,1.1165633186074936e-05
22,3.0999999999999943,0.058,209.69999999999996,0.010420168067226872,0.7048739495798318,0.17979999999999968,59.44589999999998,0.2834806866952789,0.00287254862803051,0.9497288013739662,5.696655919893481e-05
49,3.0,0.057,212.69999999999996,0.010084033613445379,0.7149579831932772,0.171,59.61689999999998,0.2802863187588152,0.0027319567040779646,0.9524607580780442,5.405303488125351e-05
36,0.7999999999999972,0.057,213.49999999999994,0.0026890756302520914,0.7176470588235293,0.04559999999999984,59.66249999999998,0.2794496487119438,0.0007285217877541214,0.9531892798657983,3.843771369333556e-06
8,3.099999999999998,0.056,216.59999999999994,0.010420168067226884,0.7280672268907562,0.1735999999999999,59.83609999999998,0.2762516158818098,0.0027734952270639436,0.9559627750928622,5.847160552448558e-05
39,3.0999999999999943,0.056,219.69999999999993,0.010420168067226872,0.7384873949579831,0.1735999999999997,60.00969999999998,0.2731438324988621,0.0027734952270639405,0.9587362703199261,5.8471605524485435e-05
4,3.0,0.055,222.69999999999993,0.010084033613445379,0.7485714285714284,0.165,60.17469999999998,0.2702052088010777,0.002636098574110317,0.9613723688940364,5.5471736350154975e-05
6,3.1000000000000014,0.054,225.79999999999993,0.010420168067226895,0.7589915966386553,0.16740000000000008,60.34209999999998,0.26723693534100973,0.002674441826097377,0.9640468107201338,5.999627500252243e-05
46,3.1000000000000085,0.048,228.89999999999992,0.010420168067226919,0.7694117647058822,0.1488000000000004,60.49089999999998,0.2642678025338576,0.0023772816231976738,0.9664240923433315,6.468802235154939e-05
32,2.4000000000000057,0.044,231.29999999999993,0.008067226890756321,0.7774789915966386,0.10560000000000025,60.596499999999985,0.2619822741028967,0.0016871030874306067,0.9681111954307621,4.0705979745763384e-05
27,3.0999999999999943,0.044,234.39999999999992,0.010420168067226872,0.7878991596638655,0.13639999999999974,60.73289999999999,0.25909940273037546,0.0021791748212645246,0.9702903702520266,6.791396967999701e-05
26,3.299999999999997,0.043,237.69999999999993,0.011092436974789906,0.7989915966386554,0.14189999999999986,60.874799999999986,0.25609928481278926,0.00226704477373487,0.9725574150257614,7.788754750244305e-05
9,3.0,0.043,240.69999999999993,0.010084033613445379,0.8090756302521007,0.129,61.003799999999984,0.2534432904029913,0.0020609497943044294,0.9746183648200658,6.436987396896131e-05
16,3.0999999999999943,0.039,243.79999999999993,0.010420168067226872,0.8194957983193276,0.12089999999999977,61.12469999999998,0.2507165709598031,0.001931541318848101,0.9765499061389139,7.205678407329153e-05
38,3.0,0.038,246.79999999999993,0.010084033613445379,0.829579831932773,0.11399999999999999,61.23869999999998,0.2481308752025932,0.0018213044693853096,0.9783712106082992,6.827269290809963e-05
2,3.0999999999999996,0.037,249.89999999999992,0.01042016806722689,0.8399999999999999,0.11469999999999998,61.35339999999998,0.24551180472188874,0.001832487917881535,0.9802036985261807,7.374825034746025e-05
20,3.1000000000000014,0.034,252.99999999999991,0.010420168067226895,0.8504201680672268,0.10540000000000005,61.45879999999998,0.24292015810276682,0.001683907816431682,0.9818876063426124,7.632224316962446e-05
14,3.1000000000000014,0.033,256.0999999999999,0.010420168067226895,0.8608403361344537,0.10230000000000006,61.56109999999998,0.24037914877001174,0.0016343811159483972,0.9835219874585608,7.719005235325553e-05
44,3.0,0.032,259.0999999999999,0.010084033613445379,0.870924369747899,0.096,61.65709999999998,0.23796642223079892,0.001533730079482366,0.9850557175380431,7.310769052290038e-05
15,3.0,0.031,262.0999999999999,0.010084033613445379,0.8810084033613443,0.093,61.75009999999998,0.23559748187714613,0.001485801014498542,0.9865415185525417,7.392960382559207e-05
18,3.1000000000000014,0.03,265.19999999999993,0.010420168067226895,0.8914285714285712,0.09300000000000004,61.843099999999986,0.23319419306184014,0.0014858010144985427,0.9880273195670403,7.982291463287791e-05
28,1.2999999999999972,0.029,266.49999999999994,0.004369747899159654,0.8957983193277309,0.03769999999999992,61.88079999999999,0.2321981238273921,0.0006023085832967196,0.988629628150337,1.419359899870978e-05
41,3.1000000000000085,0.028,269.59999999999997,0.010420168067226919,0.9062184873949578,0.08680000000000024,61.96759999999999,0.2298501483679525,0.0013867476135319765,0.9900163757638689,8.160268509323416e-05
19,3.0,0.028,272.59999999999997,0.010084033613445379,0.9163025210084031,0.084,62.05159999999999,0.2276287600880411,0.0013420138195470704,0.9913583895834159,7.642291007690984e-05
0,0.6000000000000001,0.026,273.2,0.002016806722689076,0.9183193277310923,0.015600000000000001,62.06719999999999,0.22718594436310394,0.0002492311379158845,0.9916076207213318,3.12432344788629e-06
48,3.0999999999999943,0.025,276.29999999999995,0.010420168067226872,0.9287394957983192,0.07749999999999986,62.14469999999999,0.22491748099891423,0.0012381675120821162,0.992845788233414,8.43091341946786e-05
13,3.0,0.025,279.29999999999995,0.010084033613445379,0.9388235294117645,0.07500000000000001,62.219699999999996,0.2227701396348013,0.0011982266245955987,0.9940440148580095,7.89575658430916e-05
12,3.0,0.024,282.29999999999995,0.010084033613445379,0.9489075630252098,0.07200000000000001,62.2917,0.22065781083953245,0.0011502975596117747,0.9951943124176214,7.98116398795664e-05
11,3.1000000000000014,0.022,285.4,0.010420168067226895,0.9593277310924367,0.06820000000000002,62.359899999999996,0.2185,0.0010895874106322647,0.9962838998282536,8.705973538921789e-05
40,3.0,0.021,288.4,0.010084033613445379,0.9694117647058821,0.063,62.4229,0.2164455617198336,0.0010065103646603028,0.9972904101929139,8.240142833223356e-05
45,3.0,0.02,291.4,0.010084033613445379,0.9794957983193274,0.06,62.4829,0.2144231297185999,0.0009585812996764787,0.9982489914925904,8.327387993087017e-05
17,3.0,0.02,294.4,0.010084033613445379,0.9895798319327728,0.06,62.5429,0.2124419157608696,0.0009585812996764787,0.9992075727922669,8.327387993087017e-05
100,3.1000000000000227,0.016,297.5,0.010420168067226968,0.9999999999999998,0.049600000000000366,62.5925,0.21039495798319327,0.0007924272077325617,0.9999999999999994,9.269339405757811e-05
