,weight,grade,cml_weight,weight_pct,cml_weight_pct,yield,cml_yield,cml_grade,recovery,cml_recovery,distributional_heterogeneity
79,3.0,0.519,3.0,0.006506180871828234,0.006506180871828234,1.557,1.557,0.519,0.031535007503995044,0.031535007503995044,0.0006264421625830626
14,1.0999999999999943,0.339,4.099999999999994,0.0023855996530036737,0.008891780524831907,0.3728999999999981,1.9298999999999982,0.4707073170731709,0.007552603916660046,0.03908761142065509,2.669793306064314e-05
103,3.0,0.326,7.099999999999994,0.006506180871828234,0.01539796139666014,0.978,2.907899999999998,0.4095633802816902,0.019808116466863937,0.058895727887519025,0.0001769414905744779
15,1.9000000000000057,0.304,9.0,0.004120581218824561,0.0195185426154847,0.5776000000000017,3.4854999999999996,0.3872777777777777,0.011698535860184708,0.07059426374770374,5.742539654651181e-05
72,3.0,0.28,12.0,0.006506180871828234,0.026024723487312936,0.8400000000000001,4.3255,0.3604583333333333,0.0170131061678586,0.08760736991556234,0.00011039547917636278
4,1.799999999999999,0.277,13.799999999999999,0.0039037085230969383,0.029928432010409876,0.49859999999999977,4.8241,0.34957246376811596,0.010098493732493205,0.09770586364805554,3.837536379055475e-05
71,3.0999999999999943,0.237,16.89999999999999,0.006723053567555829,0.03665148557796571,0.7346999999999986,5.558799999999998,0.328923076923077,0.01488039178753058,0.11258625543558612,6.654216683506084e-05
68,3.0,0.23,19.89999999999999,0.006506180871828234,0.04315766644979394,0.6900000000000001,6.248799999999998,0.31401005025125633,0.013975051495026706,0.12656130693061282,5.578402838607713e-05
9,3.1000000000000014,0.223,22.999999999999993,0.006723053567555845,0.049880720017349785,0.6913000000000004,6.940099999999998,0.3017434782608696,0.014001381302191255,0.14056268823280407,5.297405461276301e-05
73,3.0999999999999943,0.22,26.099999999999987,0.006723053567555829,0.05660377358490561,0.6819999999999987,7.622099999999997,0.2920344827586207,0.013813021912475644,0.1543757101452797,5.0267651131965035e-05
21,3.1000000000000014,0.205,29.19999999999999,0.006723053567555845,0.06332682715246146,0.6355000000000003,8.257599999999996,0.2827945205479452,0.01287122496389779,0.16724693510917749,3.780001151879726e-05
5,2.1000000000000014,0.202,31.29999999999999,0.004554326610279767,0.06788115376274123,0.4242000000000003,8.681799999999997,0.2773738019169329,0.008591618614768598,0.17583855372394608,1.6299726729509447e-05
66,3.0,0.198,34.29999999999999,0.006506180871828234,0.07438733463456947,0.5940000000000001,9.275799999999997,0.2704314868804665,0.012030696504414296,0.18786925022836037,3.052027297468777e-05
7,3.099999999999998,0.192,37.39999999999999,0.006723053567555837,0.08111038820212531,0.5951999999999996,9.870999999999997,0.26393048128342245,0.01205500094179694,0.1999242511701573,2.8429662801676606e-05
18,3.0,0.187,40.39999999999999,0.006506180871828234,0.08761656907395354,0.5609999999999999,10.431999999999997,0.25821782178217817,0.011362324476391275,0.21128657564654857,2.3582130708138552e-05
20,3.0,0.182,43.39999999999999,0.006506180871828234,0.09412274994578178,0.546,10.977999999999996,0.2529493087557603,0.011058519009108089,0.22234509465565666,2.072378251613261e-05
69,3.0,0.181,46.39999999999999,0.006506180871828234,0.10062893081761001,0.5429999999999999,11.520999999999995,0.24829741379310338,0.010997757915651449,0.2333428525713081,2.0174264340599703e-05
123,3.1000000000000227,0.178,49.500000000000014,0.006723053567555891,0.10735198438516591,0.5518000000000041,12.072799999999999,0.24389494949494941,0.01117599045645767,0.24451884302776578,1.982864693654225e-05
51,3.0,0.178,52.500000000000014,0.006506180871828234,0.11385816525699415,0.534,12.6068,0.24012952380952374,0.010815474635281538,0.2553343176630473,1.857001273973753e-05
85,3.0999999999999943,0.176,55.60000000000001,0.006723053567555829,0.12058121882454997,0.545599999999999,13.152399999999998,0.23655395683453231,0.011050417529980516,0.26638473519302786,1.872607886329188e-05
27,3.0,0.176,58.60000000000001,0.006506180871828234,0.1270873996963782,0.528,13.680399999999999,0.2334539249146757,0.010693952448368262,0.2770786876413961,1.753743077727654e-05
1,3.0,0.173,61.60000000000001,0.006506180871828234,0.13359358056820642,0.5189999999999999,14.199399999999999,0.23050974025974022,0.010511669167998346,0.28759035680939443,1.6043936490755757e-05
78,3.0999999999999943,0.17,64.7,0.006723053567555829,0.14031663413576226,0.526999999999999,14.726399999999998,0.22761051004636781,0.010673698750549361,0.2982640555599438,1.560759736191001e-05
30,3.0,0.169,67.7,0.006506180871828234,0.14682281500759048,0.507,15.233399999999998,0.22501329394386999,0.010268624794171797,0.3085326803541156,1.4155984268780015e-05
19,3.1000000000000014,0.167,70.80000000000001,0.006723053567555845,0.15354586857514632,0.5177000000000003,15.751099999999997,0.22247316384180785,0.01048533936083381,0.31901801971494936,1.4154794390301207e-05
64,3.0,0.167,73.80000000000001,0.006506180871828234,0.16005204944697454,0.501,16.2521,0.22021815718157176,0.010147102607258521,0.3291651223222079,1.3256311083528696e-05
106,3.0,0.165,76.80000000000001,0.006506180871828234,0.16655823031880276,0.495,16.7471,0.21806119791666664,0.010025580420345244,0.33919070274255314,1.2386173182101743e-05
12,3.0,0.158,79.80000000000001,0.006506180871828234,0.17306441119063098,0.474,17.2211,0.21580325814536339,0.00960025276614878,0.3487909555087019,9.573280887224333e-06
90,3.1000000000000227,0.155,82.90000000000003,0.006723053567555891,0.17978746475818688,0.48050000000000354,17.701600000000003,0.21352955367913143,0.009731901801971567,0.3585228573106735,9.05316769774633e-06
11,3.1000000000000014,0.155,86.00000000000003,0.006723053567555845,0.18651051832574272,0.4805000000000002,18.182100000000002,0.21141976744186042,0.009731901801971499,0.368254759112645,9.053167697746204e-06
0,0.8999999999999995,0.153,86.90000000000003,0.0019518542615484691,0.1884623725872912,0.1376999999999999,18.3198,0.21081472957422318,0.0027889341896596754,0.3710436933023047,7.007028060466627e-07
55,3.0999999999999943,0.153,90.00000000000003,0.006723053567555829,0.19518542615484705,0.4742999999999991,18.7941,0.20882333333333328,0.009606328875494426,0.38065002217779914,8.313276501368408e-06
118,3.6000000000000227,0.152,93.60000000000005,0.00780741704619393,0.20299284320104097,0.5472000000000035,19.341300000000004,0.20663782051282045,0.011082823446490813,0.39173284562428995,1.0728287087105786e-05
74,3.0,0.149,96.60000000000005,0.006506180871828234,0.2094990240728692,0.44699999999999995,19.788300000000003,0.20484782608695645,0.009053402925039039,0.400786248549329,6.4883401883634685e-06
145,3.0,0.149,99.60000000000005,0.006506180871828234,0.2160052049446974,0.44699999999999995,20.235300000000002,0.20316566265060232,0.009053402925039039,0.409839651474368,6.4883401883634685e-06
77,3.0,0.149,102.60000000000005,0.006506180871828234,0.22251138581652563,0.44699999999999995,20.6823,0.20158187134502914,0.009053402925039039,0.41889305439940705,6.4883401883634685e-06
8,3.0,0.147,105.60000000000005,0.006506180871828234,0.22901756668835385,0.44099999999999995,21.1233,0.2000312499999999,0.008931880738125762,0.42782493513753284,5.884019841355851e-06
13,3.1000000000000014,0.147,108.70000000000005,0.006723053567555845,0.2357406202559097,0.45570000000000016,21.579,0.1985188592456301,0.009229610096063292,0.4370545452335961,6.282825630603308e-06
3,2.3000000000000007,0.138,111.00000000000004,0.004988072001734981,0.24072869225764468,0.3174000000000001,21.8964,0.19726486486486478,0.006428523687712287,0.4434830689213084,2.074901059634863e-06
126,3.1000000000000227,0.137,114.10000000000007,0.006723053567555891,0.24745174582520058,0.42470000000000313,22.3211,0.19562751971954415,0.008601745463678095,0.4520848143849865,3.5294832405552424e-06
81,3.0,0.135,117.10000000000007,0.006506180871828234,0.2539579266970288,0.405,22.726100000000002,0.1940742954739538,0.008202747616646109,0.4602875620016326,2.878338719621924e-06
22,3.0,0.135,120.10000000000007,0.006506180871828234,0.2604641075688571,0.405,23.131100000000004,0.19259866777685256,0.008202747616646109,0.46849030961827876,2.878338719621924e-06
67,3.0999999999999943,0.135,123.20000000000006,0.006723053567555829,0.2671871611364129,0.41849999999999926,23.5496,0.19114935064935057,0.008476172537200965,0.4769664821554797,3.073426121729621e-06
46,3.0999999999999943,0.133,126.30000000000005,0.006723053567555829,0.2739102147039687,0.4122999999999993,23.9619,0.1897220902612826,0.008350599610723913,0.48531708176620364,2.6489061226320858e-06
82,3.0999999999999943,0.133,129.40000000000003,0.006723053567555829,0.2806332682715245,0.4122999999999993,24.3742,0.18836321483771246,0.008350599610723913,0.49366768137692757,2.6489061226320858e-06
2,3.0,0.131,132.40000000000003,0.006506180871828234,0.28713944914335277,0.393,24.7672,0.18706344410876127,0.007959703242819558,0.5016273846197471,2.112727282972241e-06
153,3.1000000000000227,0.13,135.50000000000006,0.006723053567555891,0.29386250271090864,0.40300000000000297,25.1702,0.18575793357933573,0.00816224022100841,0.5097896248407555,2.0712582234758637e-06
17,3.0999999999999943,0.13,138.60000000000005,0.006723053567555829,0.30058555627846445,0.40299999999999925,25.5732,0.18451082251082243,0.008162240221008336,0.5179518650617638,2.0712582234758256e-06
120,3.099999999999966,0.129,141.70000000000002,0.006723053567555768,0.3073086098460202,0.3998999999999956,25.973099999999995,0.1832964008468595,0.008099453757769735,0.5260513188195336,1.8944774836210484e-06
40,3.0,0.127,144.70000000000002,0.006506180871828234,0.31381479071784846,0.381,26.354099999999995,0.18212923289564611,0.007716658868993006,0.5337679776885266,1.4652569816200396e-06
76,3.0,0.124,147.70000000000002,0.006506180871828234,0.3203209715896767,0.372,26.726099999999995,0.18094854434664856,0.007534375588623093,0.5413023532771497,1.0571843756448604e-06
23,3.0999999999999943,0.122,150.8,0.006723053567555829,0.3270440251572325,0.3781999999999993,27.104299999999995,0.17973673740053045,0.007659948515100131,0.5489623017922498,8.777721427340383e-07
102,3.0,0.119,153.8,0.006506180871828234,0.33355020602906077,0.357,27.461299999999994,0.17855201560468134,0.007230570121339904,0.5561928719135897,5.247397848080797e-07
80,3.1000000000000227,0.119,156.90000000000003,0.006723053567555891,0.34027325959661664,0.36890000000000267,27.830199999999998,0.1773753983428935,0.007471589125384621,0.5636644610389743,5.60305481333969e-07
135,3.0,0.116,159.90000000000003,0.006506180871828234,0.3467794404684449,0.34800000000000003,28.178199999999997,0.17622388993120694,0.007048286840969991,0.5707127478799443,2.938788817791232e-07
83,3.0999999999999943,0.114,163.00000000000003,0.006723053567555829,0.3535024940360007,0.3533999999999994,28.531599999999997,0.17504049079754597,0.007157656809191925,0.5778704046891362,1.888799776406029e-07
70,3.1000000000000227,0.112,166.10000000000005,0.006723053567555891,0.3602255476035566,0.34720000000000256,28.8788,0.17386393738711614,0.007032083882714938,0.5849024885718511,9.549973568730021e-08
43,3.0,0.112,169.10000000000005,0.006506180871828234,0.3667317284753848,0.336,29.214799999999997,0.1727664104080425,0.006805242467143439,0.5917077310389945,8.943783779247546e-08
116,3.1000000000000227,0.111,172.20000000000007,0.006723053567555891,0.3734547820429407,0.3441000000000025,29.558899999999998,0.17165447154471536,0.006969297419476412,0.5986770284584709,6.063603460865557e-08
24,3.0,0.108,175.20000000000007,0.006506180871828234,0.37996096291476894,0.324,29.8829,0.17056449771689491,0.006562198093316887,0.6052392265517879,3.1379291033088534e-09
37,3.0999999999999943,0.106,178.30000000000007,0.006723053567555829,0.38668401648232475,0.3285999999999994,30.211499999999997,0.16944195176668528,0.00665536510328372,0.6118945916550715,4.581728195516669e-09
16,3.0,0.104,181.30000000000007,0.006506180871828234,0.393190197354153,0.312,30.5235,0.1683590733590733,0.006319153719490336,0.6182137453745619,3.497915571162338e-08
114,3.099999999999966,0.104,184.40000000000003,0.006723053567555768,0.39991325092170876,0.3223999999999964,30.845899999999993,0.16727711496746198,0.006529792176806608,0.6247435375513685,3.734996515429925e-08
138,3.1000000000000227,0.103,187.50000000000006,0.006723053567555891,0.40663630448926463,0.3193000000000023,31.165199999999995,0.16621439999999993,0.0064670057135682016,0.6312105432649366,6.5560503531701e-08
139,3.0,0.102,190.50000000000006,0.006506180871828234,0.4131424853610929,0.306,31.471199999999996,0.16520314960629914,0.00619763153257706,0.6374081747975137,9.520269475233608e-08
104,3.099999999999966,0.1,193.60000000000002,0.006723053567555768,0.41986553892864864,0.3099999999999966,31.78119999999999,0.16415909090909084,0.006278646323852509,0.6436868211213662,1.9749779825592788e-07
131,3.0,0.099,196.60000000000002,0.006506180871828234,0.4263717198004769,0.29700000000000004,32.07819999999999,0.16316480162767033,0.006015348252207148,0.6497021693735734,2.4091666048409857e-07
61,3.0999999999999943,0.098,199.70000000000002,0.006723053567555829,0.4330947733680327,0.30379999999999946,32.38199999999999,0.1621532298447671,0.006153073397375515,0.6558552427709489,3.2487739439878036e-07
133,3.0,0.097,202.70000000000002,0.006506180871828234,0.43960095423986095,0.29100000000000004,32.67299999999999,0.16118894918598908,0.0058938260652938715,0.6617490688362427,3.7497840908573677e-07
57,3.0999999999999943,0.097,205.8,0.006723053567555829,0.44632400780741677,0.30069999999999947,32.97369999999999,0.1602220602526724,0.006090286934136989,0.6678393557703797,4.0039361236821303e-07
89,3.0,0.097,208.8,0.006506180871828234,0.452830188679245,0.29100000000000004,33.26469999999998,0.15931369731800757,0.0058938260652938715,0.6737331818356735,3.7497840908573677e-07
94,3.1000000000000227,0.097,211.90000000000003,0.006723053567555891,0.4595532422468009,0.3007000000000022,33.56539999999998,0.1584020764511561,0.006090286934137044,0.6798234687698106,4.003936123682204e-07
63,3.0,0.096,214.90000000000003,0.006506180871828234,0.46605942311862913,0.28800000000000003,33.85339999999998,0.15753094462540704,0.005833064971837234,0.6856565337416478,4.5308501482069473e-07
6,3.0,0.094,217.90000000000003,0.006506180871828234,0.4725656039904574,0.28200000000000003,34.135399999999976,0.1566562643414409,0.005711542784923958,0.6913680765265717,6.314496891588884e-07
25,3.1000000000000085,0.094,221.00000000000006,0.0067230535675558605,0.47928865755801325,0.2914000000000008,34.42679999999998,0.15577737556561072,0.00590192754442144,0.6972700040709932,6.742479458685501e-07
125,3.0,0.091,224.00000000000006,0.006506180871828234,0.4857948384298415,0.273,34.69979999999998,0.15490982142857132,0.005529259504554044,0.7027992635755472,9.54375357836873e-07
10,3.0,0.091,227.00000000000006,0.006506180871828234,0.49230101930166975,0.273,34.972799999999985,0.15406519823788536,0.005529259504554044,0.7083285230801013,9.54375357836873e-07
86,3.1000000000000227,0.09,230.10000000000008,0.006723053567555891,0.4990240728692256,0.279000000000002,35.25179999999999,0.15320208604954358,0.0056507816914673605,0.7139793047715687,1.1497669762504162e-06
31,3.0999999999999943,0.09,233.20000000000007,0.006723053567555829,0.5057471264367814,0.27899999999999947,35.530799999999985,0.15236192109777005,0.005650781691467309,0.719630086463036,1.1497669762503948e-06
52,3.0,0.09,236.20000000000007,0.006506180871828234,0.5122533073086096,0.27,35.80079999999999,0.15156985605419127,0.005468498411097407,0.7250985848741334,1.0767848893083864e-06
65,3.0999999999999943,0.089,239.30000000000007,0.006723053567555829,0.5189763608761655,0.2758999999999995,36.07669999999999,0.15075929795236095,0.005587995228228783,0.7306865801023622,1.2883574336758714e-06
41,1.6999999999999886,0.089,241.00000000000006,0.003686835827369308,0.5226631967035348,0.151299999999999,36.22799999999999,0.15032365145228208,0.003064384479996415,0.7337509645823587,3.8744567984633016e-07
99,3.0,0.089,244.00000000000006,0.006506180871828234,0.529169377575363,0.267,36.49499999999999,0.14956967213114747,0.005407737317640769,0.7391587018999994,1.2065782417359922e-06
101,3.1000000000000227,0.089,247.10000000000008,0.006723053567555891,0.5358924311429188,0.27590000000000203,36.77089999999999,0.14880979360582752,0.005587995228228835,0.7447466971282283,1.2883574336758951e-06
62,3.0999999999999943,0.087,250.20000000000007,0.006723053567555829,0.5426154847104747,0.2696999999999995,37.04059999999999,0.14804396482813742,0.005462422301751732,0.75020911942998,1.589191188322841e-06
39,3.1000000000000085,0.086,253.30000000000007,0.0067230535675558605,0.5493385382780306,0.2666000000000007,37.307199999999995,0.1472846427161468,0.005399635838513231,0.7556087552684932,1.75143448554435e-06
140,3.099999999999966,0.082,256.40000000000003,0.006723053567555768,0.5560615918455863,0.2541999999999972,37.56139999999999,0.14649531981279246,0.005148489985559057,0.7607572452540523,2.4792504737503123e-06
144,3.099999999999966,0.08,259.5,0.006723053567555768,0.5627846454131421,0.24799999999999728,37.80939999999999,0.14570096339113675,0.005022917059082007,0.7657801623131343,2.8904641474453506e-06
35,3.1000000000000085,0.079,262.6,0.0067230535675558605,0.569507698980698,0.24490000000000067,38.05429999999999,0.14491355674028936,0.00496013059584355,0.7707402929089778,3.107897404190964e-06
54,3.0,0.078,265.6,0.006506180871828234,0.5760138798525262,0.23399999999999999,38.28829999999999,0.14415775602409633,0.004739365289617751,0.7754796581985955,3.121637301541765e-06
60,3.0,0.078,268.6,0.006506180871828234,0.5825200607243544,0.23399999999999999,38.522299999999994,0.14341883842144448,0.004739365289617751,0.7802190234882133,3.121637301541765e-06
42,1.4000000000000057,0.076,270.0,0.0030362177401865214,0.5855562784645408,0.10640000000000042,38.628699999999995,0.14306925925925923,0.0021549934479287644,0.7823740169361421,7.765562532651852e-07
96,3.1000000000000227,0.076,273.1,0.006723053567555891,0.5922793320320967,0.23560000000000172,38.8643,0.14230794580739656,0.004771771206127994,0.7871457881422701,3.807502854019632e-06
115,3.0,0.075,276.1,0.006506180871828234,0.5987855129039249,0.22499999999999998,39.0893,0.14157660268018832,0.004557082009247838,0.791702870151518,3.7989863761121926e-06
36,3.0,0.075,279.1,0.006506180871828234,0.6052916937757531,0.22499999999999998,39.3143,0.14086098172697958,0.004557082009247838,0.7962599521607658,3.7989863761121926e-06
146,3.1000000000000227,0.074,282.20000000000005,0.006723053567555891,0.612014747343309,0.22940000000000166,39.5437,0.14012650602409638,0.004646198279650941,0.8009061504404168,4.313327886898753e-06
95,3.0,0.074,285.20000000000005,0.006506180871828234,0.6185209282151372,0.22199999999999998,39.7657,0.13943092566619913,0.0044963209157912005,0.805402471356208,4.039537042881187e-06
26,3.0999999999999943,0.074,288.30000000000007,0.006723053567555829,0.625243981782693,0.22939999999999958,39.9951,0.13872736732570237,0.004646198279650899,0.8100486696358589,4.313327886898674e-06
32,3.0,0.072,291.30000000000007,0.006506180871828234,0.6317501626545212,0.21599999999999997,40.2111,0.13804016477857875,0.004374798728877924,0.8144234683647368,4.542789839287453e-06
44,3.0,0.071,294.30000000000007,0.006506180871828234,0.6382563435263494,0.21299999999999997,40.4241,0.13735677879714575,0.0043140376354212865,0.818737506000158,4.805491968924725e-06
151,3.0,0.071,297.30000000000007,0.006506180871828234,0.6447625243981776,0.21299999999999997,40.637100000000004,0.1366871846619576,0.0043140376354212865,0.8230515436355793,4.805491968924725e-06
75,3.0999999999999943,0.071,300.4000000000001,0.006723053567555829,0.6514855779657335,0.22009999999999957,40.857200000000006,0.13600932090545936,0.004457838889935321,0.8275093825255146,5.131197535707381e-06
49,3.299999999999983,0.071,303.70000000000005,0.007156798959011021,0.6586423769247445,0.23429999999999876,41.0915,0.13530293052354297,0.0047454413989633905,0.832254823924478,5.8146452823988576e-06
130,3.099999999999966,0.07,306.8,0.006723053567555768,0.6653654304923002,0.21699999999999764,41.3085,0.13464308996088659,0.004395052426696756,0.8366498763511748,5.419589311840859e-06
124,3.099999999999966,0.07,309.9,0.006723053567555768,0.672088484059856,0.21699999999999764,41.5255,0.13399645046789288,0.004395052426696756,0.8410449287778716,5.419589311840859e-06
28,3.0,0.069,312.9,0.006506180871828234,0.6785946649316842,0.20700000000000002,41.7325,0.13337328219878558,0.004192515448508012,0.8452374442263796,5.353047691067543e-06
47,3.0,0.069,315.9,0.006506180871828234,0.6851008458035124,0.20700000000000002,41.9395,0.13276194998417223,0.004192515448508012,0.8494299596748875,5.353047691067543e-06
53,3.0999999999999943,0.069,319.0,0.006723053567555829,0.6918238993710683,0.21389999999999962,42.153400000000005,0.1321423197492163,0.004332265963458271,0.8537622256383458,5.715865367906544e-06
29,3.1000000000000085,0.068,322.1,0.0067230535675558605,0.6985469529386241,0.2108000000000006,42.364200000000004,0.13152499223843528,0.0042694795002197646,0.8580317051385655,6.020025703904191e-06
121,3.0,0.068,325.1,0.006506180871828234,0.7050531338104523,0.20400000000000001,42.568200000000004,0.1309387880652107,0.004131754355051374,0.862163459493617,5.6379012835730935e-06
45,3.0999999999999943,0.067,328.20000000000005,0.006723053567555829,0.7117761873780082,0.20769999999999963,42.77590000000001,0.1303348567946374,0.004206693036981219,0.8663701525305981,6.332070319833732e-06
56,3.0,0.067,331.20000000000005,0.006506180871828234,0.7182823682498364,0.201,42.97690000000001,0.12976117149758454,0.004070993261594736,0.8704411457921929,5.930138697034735e-06
154,3.0,0.067,334.20000000000005,0.006506180871828234,0.7247885491216646,0.201,43.17790000000001,0.12919778575703172,0.004070993261594736,0.8745121390537877,5.930138697034735e-06
136,3.1000000000000227,0.066,337.30000000000007,0.006723053567555891,0.7315116026892204,0.2046000000000015,43.38250000000001,0.12861695819745034,0.004143906573742731,0.8786560456275304,6.651999215695459e-06
122,3.0,0.065,340.30000000000007,0.006506180871828234,0.7380177835610486,0.195,43.57750000000001,0.12805612694681162,0.00394947107468146,0.8826055167022119,6.536764986826299e-06
129,3.0,0.064,343.30000000000007,0.006506180871828234,0.7445239644328768,0.192,43.76950000000001,0.12749635886979319,0.003888709981224822,0.8864942266834367,6.851153863156219e-06
149,3.0,0.063,346.30000000000007,0.006506180871828234,0.751030145304705,0.189,43.95850000000001,0.1269376263355472,0.0038279488877681843,0.8903221755712049,7.17292656044223e-06
137,3.0,0.062,349.30000000000007,0.006506180871828234,0.7575363261765332,0.186,44.14450000000001,0.1263799026624678,0.0037671877943115466,0.8940893633655164,7.502083078684335e-06
34,3.0,0.062,352.30000000000007,0.006506180871828234,0.7640425070483614,0.186,44.33050000000001,0.1258316775475447,0.0037671877943115466,0.8978565511598279,7.502083078684335e-06
127,3.0,0.062,355.30000000000007,0.006506180871828234,0.7705486879201896,0.186,44.51650000000001,0.12529271038558965,0.0037671877943115466,0.9016237389541394,7.502083078684335e-06
128,3.1000000000000227,0.061,358.4000000000001,0.006723053567555891,0.7772717414877455,0.18910000000000138,44.70560000000001,0.12473660714285714,0.0038299742575501,0.9054537132116894,8.369907893983586e-06
92,3.099999999999966,0.061,361.50000000000006,0.006723053567555768,0.7839947950553012,0.1890999999999979,44.89470000000001,0.12419004149377594,0.00382997425755003,0.9092836874692395,8.369907893983277e-06
84,2.9000000000000057,0.06,364.4000000000001,0.006289308176100639,0.7902841032314019,0.17400000000000032,45.06870000000001,0.12367919868276618,0.0035241434204850014,0.9128078308897245,7.646136125698884e-06
105,3.1000000000000227,0.06,367.5000000000001,0.006723053567555891,0.7970071567989577,0.18600000000000136,45.25470000000001,0.12314204081632651,0.003767187794311574,0.9165750186840361,8.737142469437226e-06
142,3.1000000000000227,0.059,370.60000000000014,0.006723053567555891,0.8037302103665136,0.18290000000000134,45.43760000000001,0.12260550458715595,0.003704401331073048,0.9202794200151092,9.112261324822874e-06
48,3.1000000000000227,0.057,373.70000000000016,0.006723053567555891,0.8104532639340695,0.1767000000000013,45.614300000000014,0.12206127910088305,0.0035788284045959956,0.9238582484197052,9.886151875390184e-06
119,3.0,0.057,376.70000000000016,0.006506180871828234,0.8169594448058977,0.171,45.785300000000014,0.12154313777541809,0.0034633823270283576,0.9273216307467336,9.258622984236247e-06
152,3.0,0.057,379.70000000000016,0.006506180871828234,0.8234656256777259,0.171,45.95630000000001,0.12103318409270475,0.0034633823270283576,0.9307850130737619,9.258622984236247e-06
59,3.200000000000017,0.056,382.9000000000002,0.006939926263283487,0.8304055519410093,0.17920000000000097,46.135500000000015,0.12048968399059803,0.003629462649143187,0.9344144757229051,1.0959169340546857e-05
113,3.0,0.055,385.9000000000002,0.006506180871828234,0.8369117328128375,0.165,46.300500000000014,0.11998056491318992,0.0033418601401150817,0.9377563358630202,1.0012925693149662e-05
50,2.8000000000000114,0.052,388.7000000000002,0.006072435480373043,0.8429841682932105,0.1456000000000006,46.446100000000015,0.1194908669925392,0.0029489384024288354,0.940705274265449,9.756233995926005e-06
100,3.0,0.05,391.7000000000002,0.006506180871828234,0.8494903491650387,0.15000000000000002,46.596100000000014,0.1189586418177176,0.0030380546728318927,0.943743328938281,1.2027899332164812e-05
91,3.0,0.049,394.7000000000002,0.006506180871828234,0.8559965300368669,0.14700000000000002,46.74310000000001,0.11842690651127435,0.002977293579375255,0.9467206225176562,1.245304552283612e-05
58,2.9000000000000057,0.048,397.60000000000025,0.006289308176100639,0.8622858382129676,0.13920000000000027,46.882300000000015,0.1179132293762575,0.0028193147363880016,0.9495399372540442,1.2040854471648737e-05
108,3.1000000000000227,0.047,400.7000000000003,0.006723053567555891,0.8690088917805234,0.14570000000000108,47.02800000000001,0.11736461192912398,0.0029509637722107333,0.9524909010262549,1.4228661424147078e-05
111,4.0,0.047,404.7000000000003,0.008674907829104312,0.8776837996096277,0.188,47.216000000000015,0.11666913763281439,0.0038076951899493052,0.9562985962162042,2.368975887475025e-05
33,3.0999999999999943,0.046,407.8000000000003,0.006723053567555829,0.8844068531771836,0.14259999999999973,47.35860000000002,0.11613192741539967,0.00288817730897218,0.9591867735251763,1.470627591864853e-05
117,2.5,0.046,410.3000000000003,0.0054218173931901955,0.8898286705703737,0.11499999999999999,47.47360000000002,0.11570460638557149,0.002329175249171117,0.9615159487743474,9.564435430962918e-06
134,3.099999999999966,0.044,413.40000000000026,0.006723053567555768,0.8965517241379295,0.1363999999999985,47.61000000000002,0.11516690856313495,0.0027626043824951034,0.9642785531568425,1.5685157747447683e-05
93,3.0,0.044,416.40000000000026,0.006506180871828234,0.9030579050097577,0.132,47.74200000000002,0.11465417867435156,0.0026734881120920656,0.9669520412689346,1.4689533790534053e-05
88,3.099999999999966,0.044,419.5000000000002,0.006723053567555768,0.9097809585773134,0.1363999999999985,47.87840000000002,0.11413206197854588,0.0027626043824951034,0.9697146456514297,1.5685157747447683e-05
147,3.0,0.044,422.5000000000002,0.006506180871828234,0.9162871394491416,0.132,48.01040000000002,0.11363408284023667,0.0026734881120920656,0.9723881337635218,1.4689533790534053e-05
107,3.0,0.044,425.5000000000002,0.006506180871828234,0.9227933203209698,0.132,48.142400000000016,0.11314312573443006,0.0026734881120920656,0.975061621875614,1.4689533790534053e-05
148,3.1000000000000227,0.043,428.60000000000025,0.006723053567555891,0.9295163738885257,0.13330000000000097,48.275700000000015,0.11263579094727015,0.002699817919256628,0.9777614397948706,1.6186425081745994e-05
110,2.0,0.042,430.60000000000025,0.004337453914552156,0.9338538278030779,0.084,48.35970000000002,0.1123077101718532,0.0017013106167858597,0.9794627504116565,6.949251486358163e-06
109,3.099999999999966,0.041,433.7000000000002,0.006723053567555768,0.9405768813706337,0.1270999999999986,48.48680000000002,0.11179801706248557,0.0025742449927795286,0.9820369954044361,1.7212612590136848e-05
143,3.0,0.04,436.7000000000002,0.006506180871828234,0.9470830622424619,0.12,48.606800000000014,0.11130478589420653,0.002430443738265514,0.9844674391427016,1.6611633181902056e-05
141,3.0,0.04,439.7000000000002,0.006506180871828234,0.95358924311429,0.12,48.72680000000001,0.11081828519445074,0.002430443738265514,0.9868978828809671,1.6611633181902056e-05
112,3.1000000000000227,0.04,442.80000000000024,0.006723053567555891,0.9603122966818459,0.12400000000000092,48.850800000000014,0.11032249322493222,0.0025114585295410493,0.9894093414105082,1.7737532764231233e-05
98,3.099999999999966,0.04,445.9000000000002,0.006723053567555768,0.9670353502494017,0.12399999999999864,48.97480000000001,0.10983359497645209,0.0025114585295410033,0.9919207999400492,1.773753276423058e-05
97,3.0,0.038,448.9000000000002,0.006506180871828234,0.9735415311212299,0.11399999999999999,49.088800000000006,0.10935353085319667,0.002308921551352238,0.9942297214914014,1.7616985803322615e-05
132,3.1000000000000227,0.035,452.0000000000002,0.006723053567555891,0.9802645846887857,0.1085000000000008,49.197300000000006,0.10884358407079642,0.0021975262133484184,0.9964272477047499,2.048039783368009e-05
38,3.0,0.033,455.0000000000002,0.006506180871828234,0.9867707655606139,0.099,49.2963,0.10834351648351644,0.002005116084069049,0.9984323637888189,2.0259584223605637e-05
150,3.099999999999966,0.024,458.1000000000002,0.006723053567555768,0.9934938191281697,0.07439999999999919,49.3707,0.10777275703994756,0.0015068751177246022,0.9999392389065436,2.720851762048307e-05
87,3.0,0.001,461.1000000000002,0.006506180871828234,0.9999999999999979,0.003,49.3737,0.10707807417046189,6.0761093456637845e-05,1.0000000000000002,4.1543436119423756e-05
