,weight,grade,cml_weight,weight_pct,cml_weight_pct,yield,cml_yield,cml_grade,recovery,cml_recovery,distributional_heterogeneity
51,3.0999999999999943,3.657,3.0999999999999943,0.008744710860366696,0.008744710860366696,11.33669999999998,11.33669999999998,3.657,0.07712397580296215,0.07712397580296215,0.004675723874089663
99,0.5,1.856,3.5999999999999943,0.0014104372355430179,0.010155148095909713,0.928,12.26469999999998,3.406861111111111,0.006313217210047811,0.08343719301300996,2.4037251478405215e-05
8,0.8000000000000007,1.79,4.399999999999995,0.0022566995768688305,0.012411847672778545,1.4320000000000013,13.696699999999982,3.1128863636363633,0.009741947246539302,0.09317914025954926,5.602893267630722e-05
60,3.0999999999999943,1.134,7.499999999999989,0.008744710860366696,0.021156558533145242,3.5153999999999934,17.212099999999975,2.2949466666666667,0.023915392004528052,0.11709453226407732,0.00023014956637781278
27,3.0,0.939,10.49999999999999,0.008462623413258107,0.02961918194640335,2.8169999999999997,20.029099999999975,1.9075333333333329,0.01916415181110418,0.1362586840751815,0.00011452271004990592
110,1.400000000000034,0.811,11.900000000000023,0.003949224259520546,0.0335684062059239,1.1354000000000277,21.164500000000004,1.7785294117647028,0.007724166832207391,0.14398285090738888,1.425019142708357e-05
63,1.9000000000000057,0.797,13.80000000000003,0.005359661495063484,0.03892806770098738,1.5143000000000046,22.67880000000001,1.6433913043478232,0.010301837091783866,0.15428468799917275,2.4425099628818464e-05
68,3.0999999999999943,0.783,16.900000000000023,0.008744710860366696,0.04767277856135408,2.427299999999996,25.106100000000005,1.4855680473372763,0.016513008765031277,0.17079769676420403,6.0346452335616074e-05
41,3.0999999999999943,0.734,20.000000000000018,0.008744710860366696,0.05641748942172078,2.275399999999996,27.381500000000003,1.369074999999999,0.015479627629033148,0.1862773243932372,4.5359103880864553e-05
54,3.0,0.719,23.000000000000018,0.008462623413258107,0.06488011283497888,2.157,29.538500000000003,1.2842826086956514,0.014674148191889147,0.20095147258512633,3.8583040075547345e-05
50,3.0,0.717,26.000000000000018,0.008462623413258107,0.07334273624823699,2.151,31.689500000000002,1.2188269230769224,0.014633329977169008,0.21558480256229534,3.807761949789306e-05
53,3.0999999999999943,0.688,29.100000000000012,0.008744710860366696,0.08208744710860369,2.132799999999996,33.8223,1.1622783505154635,0.014509514725851234,0.23009431728814658,3.323296360750546e-05
55,3.0,0.68,32.10000000000001,0.008462623413258107,0.0905500705218618,2.04,35.8623,1.1172056074766352,0.01387819300484648,0.24397251029299305,2.932839400133665e-05
95,2.3000000000000114,0.679,34.40000000000002,0.0064880112834979145,0.09703808180535972,1.5617000000000079,37.42400000000001,1.0879069767441856,0.010624300988072969,0.25459681128106604,1.7108892520173585e-05
3,3.0,0.67,37.40000000000002,0.008462623413258107,0.10550070521861783,2.0100000000000002,39.434000000000005,1.0543850267379675,0.013674101931245798,0.26827091321231183,2.7159508343447156e-05
105,2.1000000000000227,0.667,39.50000000000004,0.00592383638928074,0.11142454160789857,1.4007000000000152,40.83470000000002,1.0337898734177209,0.009529012226416018,0.27779992543872783,1.299729281666405e-05
96,0.5999999999999659,0.648,40.10000000000001,0.0016925246826515253,0.11311706629055009,0.3887999999999779,41.223499999999994,1.0280174563591018,0.002645020313864708,0.28044494575259254,9.072479274801995e-07
48,3.0,0.643,43.10000000000001,0.008462623413258107,0.1215796897038082,1.929,43.152499999999996,1.0012180974477956,0.013123056032523952,0.2935680017851165,2.1719632198717083e-05
21,2.999999999999993,0.625,46.1,0.008462623413258086,0.1300423131170663,1.8749999999999956,45.02749999999999,0.9767353579175703,0.01275569210004269,0.3063236938851592,1.843043874945047e-05
47,3.0999999999999943,0.625,49.199999999999996,0.008744710860366696,0.13878702397743298,1.9374999999999964,46.96499999999999,0.9545731707317072,0.013180881836710788,0.31950457572186997,1.9679612931357686e-05
6,3.1000000000000014,0.624,52.3,0.008744710860366715,0.1475317348377997,1.9344000000000008,48.89939999999999,0.9349789674952198,0.013159792425772079,0.33266436814764205,1.9492945229182278e-05
25,3.0,0.62,55.3,0.008462623413258107,0.15599435825105779,1.8599999999999999,50.75939999999999,0.917891500904159,0.012653646563242377,0.3453180147108844,1.7564675043704077e-05
100,1.6999999999999886,0.61,56.999999999999986,0.0047954866008462285,0.160789844851904,1.036999999999993,51.796399999999984,0.9087087719298245,0.007054748110796913,0.35237276282168134,5.104262570344645e-06
2,3.0,0.601,59.999999999999986,0.008462623413258107,0.1692524682651621,1.803,53.59939999999998,0.8933233333333332,0.01226587352340108,0.3646386363450824,1.4464711400302523e-05
42,3.0,0.589,62.999999999999986,0.008462623413258107,0.1777150916784202,1.767,55.366399999999985,0.878831746031746,0.01202096423508026,0.3766596005801627,1.266178940424594e-05
65,3.6999999999999886,0.587,66.69999999999997,0.0104372355430183,0.1881523272214385,2.1718999999999933,57.53829999999998,0.8626431784107946,0.014775513425110774,0.3914351140052735,1.8820654982252736e-05
57,3.0,0.586,69.69999999999997,0.008462623413258107,0.19661495063469658,1.758,59.29629999999998,0.8507360114777619,0.011959736913000054,0.40339485091827354,1.222980283007736e-05
58,3.0999999999999943,0.567,72.79999999999997,0.008744710860366696,0.20535966149506327,1.7576999999999967,61.05399999999998,0.8386538461538462,0.011957696002264026,0.4153525469205376,1.0323273522052998e-05
35,3.0999999999999943,0.562,75.89999999999996,0.008744710860366696,0.21410437235542995,1.742199999999997,62.79619999999998,0.8273544137022399,0.011852248947570341,0.42720479586810794,9.656792963421288e-06
28,3.0,0.561,78.89999999999996,0.008462623413258107,0.22256699576868805,1.6830000000000003,64.47919999999998,0.8172268694550064,0.011449509228998348,0.4386543050971063,8.921486876270232e-06
104,0.39999999999997726,0.536,79.29999999999994,0.0011283497884343502,0.2236953455571224,0.21439999999998782,64.69359999999996,0.8158083228247164,0.0014585708726661355,0.44011287596977244,1.0904596447121578e-07
26,3.1000000000000085,0.535,82.39999999999995,0.008744710860366735,0.23244005641748913,1.6585000000000047,66.35209999999996,0.805243932038835,0.011282834852224487,0.4513957108219969,6.44207339804392e-06
13,3.0,0.535,85.39999999999995,0.008462623413258107,0.24090267983074723,1.605,67.95709999999997,0.7957505854800938,0.010918872437636569,0.4623145832596335,6.033159269760142e-06
71,3.0,0.528,88.39999999999995,0.008462623413258107,0.24936530324400533,1.584,69.54109999999997,0.7866640271493214,0.010776008686116091,0.4730905919457496,5.351751420676203e-06
56,3.1000000000000227,0.525,91.49999999999997,0.008744710860366775,0.2581100141043721,1.627500000000012,71.16859999999998,0.7777989071038252,0.011071940742837162,0.4841625326885868,5.415998925863132e-06
23,3.0,0.519,94.49999999999997,0.008462623413258107,0.2665726375176302,1.557,72.72559999999999,0.7695830687830688,0.010592326719875474,0.49475485940846226,4.535636174216948e-06
22,3.1000000000000085,0.515,97.59999999999998,0.008744710860366735,0.27531734837799693,1.5965000000000045,74.32209999999999,0.7614969262295083,0.010861046633449738,0.505615906041912,4.478877104430832e-06
94,3.0,0.508,100.59999999999998,0.008462623413258107,0.283779971791255,1.524,75.84609999999999,0.7539373757455269,0.010367826538914724,0.5159837325808267,3.6297989500117367e-06
1,3.1000000000000005,0.504,103.69999999999997,0.008744710860366713,0.29252468265162174,1.5624000000000002,77.40849999999999,0.7464657666345228,0.0106290631131236,0.5266127956939504,3.5507834124699546e-06
67,3.0,0.502,106.69999999999997,0.008462623413258107,0.30098730606487983,1.506,78.91449999999999,0.7395923149015934,0.010245371894754314,0.5368581675887046,3.1781921482770253e-06
106,3.099999999999966,0.492,109.79999999999994,0.008744710860366614,0.30973201692524643,1.5251999999999832,80.43969999999997,0.7326020036429874,0.010375990181858636,0.5472341577705633,2.6610722247274677e-06
24,3.0999999999999943,0.488,112.89999999999993,0.008744710860366696,0.31847672778561315,1.5127999999999973,81.95249999999997,0.72588573959256,0.010291632538103782,0.5575257903086671,2.3929666770529234e-06
62,3.0999999999999943,0.485,115.99999999999993,0.008744710860366696,0.32722143864597986,1.5034999999999972,83.45599999999997,0.7194482758620692,0.01022836430528757,0.5677541546139547,2.2012275446255793e-06
59,3.0,0.478,118.99999999999993,0.008462623413258107,0.33568406205923795,1.434,84.88999999999997,0.7133613445378153,0.009755553318112672,0.5775097079320674,1.6716677388672327e-06
0,1.2000000000000002,0.458,120.19999999999993,0.0033850493653032436,0.3390691114245412,0.5496000000000001,85.43959999999997,0.7108119800332781,0.0037389484683645227,0.5812486564004319,1.2524457514757797e-07
79,3.0,0.455,123.19999999999993,0.008462623413258107,0.3475317348377993,1.365,86.80459999999997,0.7045827922077923,0.009286143848831101,0.590534800249263,6.78185907806332e-07
10,3.1000000000000014,0.446,126.29999999999993,0.008744710860366715,0.356276445698166,1.3826000000000007,88.18719999999996,0.6982359461599368,0.00940587727867684,0.5999406775279398,4.371410327010377e-07
61,3.0,0.426,129.29999999999993,0.008462623413258107,0.3647390691114241,1.278,89.46519999999997,0.6919195668986854,0.008694279735389119,0.608634957263329,5.366465158326642e-08
29,3.0999999999999943,0.422,132.39999999999992,0.008744710860366696,0.37348377997179083,1.3081999999999976,90.77339999999997,0.6855996978851966,0.008899731416147123,0.617534688679476,2.4031372714472723e-08
45,3.1000000000000227,0.42,135.49999999999994,0.008744710860366775,0.3822284908321576,1.3020000000000096,92.07539999999997,0.6795232472324724,0.00885755259426973,0.6263922412737457,1.2733256910225142e-08
98,0.8000000000000114,0.404,136.29999999999995,0.002256699576868861,0.38448519040902646,0.3232000000000046,92.39859999999997,0.6779060895084373,0.0021987411662580617,0.6285909824400038,3.3591773605299624e-09
76,3.1000000000000227,0.393,139.39999999999998,0.008744710860366775,0.3932299012693932,1.218300000000009,93.61689999999999,0.6715703012912482,0.00828813849892382,0.6368791209389276,2.0845832123359745e-07
4,3.099999999999998,0.391,142.49999999999997,0.008744710860366704,0.40197461212975993,1.2120999999999993,94.82899999999998,0.6654666666666667,0.008245959677046279,0.645125080615974,2.4875274286352637e-07
111,3.0,0.388,145.49999999999997,0.008462623413258107,0.41043723554301803,1.1640000000000001,95.99299999999998,0.6597457044673539,0.007918733655706521,0.6530438142716805,2.958160683695236e-07
39,3.0999999999999943,0.385,148.59999999999997,0.008744710860366696,0.41918194640338474,1.1934999999999978,97.18649999999998,0.654014131897712,0.008119423211413845,0.6611632374830942,3.9098464393298284e-07
69,3.0,0.381,151.59999999999997,0.008462623413258107,0.42764456981664284,1.143,98.32949999999998,0.6486114775725594,0.007775869904186042,0.6689391073872802,4.716303822227951e-07
115,3.1000000000000227,0.381,154.7,0.008744710860366775,0.4363892806770096,1.1811000000000087,99.5106,0.6432488687782806,0.00803506556765897,0.6769741729549392,5.035964414623475e-07
97,3.3000000000000114,0.376,158.0,0.00930888575458395,0.44569816643159355,1.2408000000000043,100.7514,0.6376670886075949,0.0084412068041243,0.6854153797590635,7.528667610707609e-07
36,3.0,0.374,161.0,0.008462623413258107,0.45416078984485164,1.1219999999999999,101.8734,0.6327540372670808,0.007633006152665563,0.6930483859117291,6.882647990730765e-07
9,1.0,0.374,162.0,0.0028208744710860358,0.4569816643159377,0.374,102.2474,0.6311567901234568,0.0025443353842218544,0.695592721295951,7.647386656367518e-08
40,3.0,0.373,165.0,0.008462623413258107,0.46544428772919577,1.119,103.3664,0.6264630303030303,0.007612597045305496,0.7032053183412564,7.225448262147095e-07
77,3.0,0.37,168.0,0.008462623413258107,0.47390691114245387,1.1099999999999999,104.4764,0.6218833333333333,0.00755136972322529,0.7107566880644818,8.303832875984257e-07
118,1.400000000000034,0.369,169.40000000000003,0.003949224259520546,0.4778561354019744,0.5166000000000126,104.99300000000001,0.619793388429752,0.0035144482874038562,0.7142711363518857,1.8903014593001323e-07
7,1.1999999999999993,0.367,170.60000000000002,0.003385049365303241,0.4812411847672777,0.44039999999999974,105.4334,0.6180152403282532,0.0029960569604580325,0.7172671933123437,1.5131509102725875e-07
49,3.0999999999999943,0.366,173.70000000000002,0.008744710860366696,0.4899858956276444,1.1345999999999978,106.568,0.6135175590097869,0.007718724403577837,0.7249859177159215,1.052648209514156e-06
66,3.1000000000000227,0.356,176.80000000000004,0.008744710860366775,0.49873060648801115,1.1036000000000081,107.67160000000001,0.6090022624434388,0.007507830294190533,0.732493748010112,1.5298735349844624e-06
70,3.0999999999999943,0.354,179.90000000000003,0.008744710860366696,0.5074753173483778,1.097399999999998,108.769,0.6046081156197887,0.007465651472312989,0.7399593994824251,1.63599291816832e-06
18,3.1000000000000014,0.347,183.00000000000003,0.008744710860366715,0.5162200282087446,1.0757000000000003,109.8447,0.6002442622950819,0.0073180255957418444,0.7472774250781669,2.0354308442977347e-06
15,3.0,0.345,186.00000000000003,0.008462623413258107,0.5246826516220027,1.035,110.8797,0.5961274193548386,0.007041142039223581,0.7543185671173904,2.0206092967270846e-06
113,3.099999999999966,0.343,189.1,0.008744710860366614,0.5334273624823693,1.0632999999999884,111.94299999999998,0.5919777895293494,0.007233667951986814,0.7615522350693772,2.283250670964887e-06
107,3.1000000000000227,0.334,192.20000000000002,0.008744710860366775,0.5421720733427361,1.0354000000000076,112.9784,0.5878168574401664,0.007043863253538309,0.7685960983229155,2.892882581654119e-06
11,3.0,0.332,195.20000000000002,0.008462623413258107,0.5506346967559942,0.996,113.97439999999999,0.5838852459016393,0.006775823643542693,0.7753719219664582,2.8452934631119737e-06
87,1.099999999999966,0.327,196.29999999999998,0.003102961918194543,0.5537376586741888,0.35969999999998886,114.33409999999998,0.5824457463066735,0.0024470519724721198,0.7778189739389303,4.302178568975925e-07
80,3.0,0.326,199.29999999999998,0.008462623413258107,0.5622002820874469,0.978,115.31209999999997,0.5785855494229803,0.0066533689993822824,0.7844723429383126,3.2734015341291523e-06
31,3.0999999999999943,0.32,202.39999999999998,0.008744710860366696,0.5709449929478135,0.9919999999999982,116.30409999999998,0.5746249999999999,0.006748611500395923,0.7912209544387085,3.984412654875725e-06
16,3.1000000000000014,0.313,205.49999999999997,0.008744710860366715,0.5796897038081803,0.9703000000000005,117.27439999999997,0.5706783454987834,0.006600985623824778,0.7978219400625334,4.595557889786787e-06
108,3.0,0.311,208.49999999999997,0.008462623413258107,0.5881523272214384,0.933,118.20739999999998,0.5669419664268585,0.006347232388981258,0.8041691724515146,4.47487918559106e-06
102,3.0,0.31,211.49999999999997,0.008462623413258107,0.5966149506346965,0.9299999999999999,119.13739999999999,0.5632973995271867,0.006326823281621189,0.8104959957331358,4.561642202300277e-06
5,3.0,0.31,214.49999999999997,0.008462623413258107,0.6050775740479546,0.9299999999999999,120.06739999999999,0.5597547785547786,0.006326823281621189,0.816822819014757,4.561642202300277e-06
43,3.0999999999999943,0.309,217.59999999999997,0.008744710860366696,0.6138222849083212,0.9578999999999982,121.02529999999999,0.5561824448529412,0.006516627980069813,0.8233394469948268,4.964353321472049e-06
101,3.1000000000000227,0.309,220.7,0.008744710860366775,0.622566995768688,0.957900000000007,121.9832,0.5527104666968736,0.006516627980069872,0.8298560749748967,4.964353321472141e-06
52,3.0,0.308,223.7,0.008462623413258107,0.6310296191819461,0.9239999999999999,122.9072,0.5494286991506482,0.006286005066901052,0.8361420800417977,4.73766742569812e-06
37,3.1000000000000085,0.296,226.8,0.008744710860366735,0.6397743300423129,0.9176000000000025,123.82480000000001,0.5459647266313933,0.006242465637866257,0.8423845456796639,6.261231153526466e-06
12,3.1000000000000014,0.291,229.9,0.008744710860366715,0.6485190409026796,0.9021000000000003,124.72690000000001,0.5425267507612006,0.006137018583172556,0.8485215642628364,6.800059012538057e-06
82,3.0,0.285,232.9,0.008462623413258107,0.6569816643159377,0.855,125.58190000000002,0.5392095319879777,0.005816595597619481,0.8543381598604559,7.001463201133325e-06
78,3.0999999999999943,0.278,236.0,0.008744710860366696,0.6657263751763044,0.8617999999999985,126.44370000000002,0.5357783898305085,0.005862856240968958,0.8602010161014249,8.305086047344071e-06
126,2.6999999999999886,0.273,238.7,0.007616361071932264,0.6733427362482367,0.737099999999997,127.18080000000002,0.5328060326770006,0.005014517678368774,0.8652155337797937,6.769589044629984e-06
33,3.1000000000000085,0.272,241.8,0.008744710860366735,0.6820874471086035,0.8432000000000024,128.02400000000003,0.5294623655913979,0.005736319775336562,0.8709518535551302,9.050416920489026e-06
30,3.0,0.267,244.8,0.008462623413258107,0.6905500705218616,0.801,128.82500000000002,0.5262459150326798,0.005449231665138251,0.8764010852202684,9.080529827636846e-06
103,0.5,0.267,245.3,0.0014104372355430179,0.6919605077574046,0.1335,128.95850000000002,0.5257174887892377,0.0009082052775230418,0.8773092904977914,2.5223693965657907e-07
112,3.0,0.266,248.3,0.008462623413258107,0.7004231311706627,0.798,129.75650000000002,0.5225795408779702,0.005428822557778182,0.8827381130555696,9.203947630710726e-06
125,2.8999999999999773,0.264,251.2,0.00818053596614944,0.7086036671368121,0.7655999999999941,130.52210000000002,0.5195943471337581,0.005208404198289403,0.887946517253859,8.833567245522826e-06
38,3.0,0.263,254.2,0.008462623413258107,0.7170662905500702,0.789,131.3111,0.5165660896931551,0.005367595235697977,0.8933141124895569,9.579199419891181e-06
17,3.0,0.256,257.2,0.008462623413258107,0.7255289139633283,0.768,132.0791,0.5135268273716952,0.005224731484177498,0.8985388439737344,1.0483944144405347e-05
114,3.0,0.246,260.2,0.008462623413258107,0.7339915373765864,0.738,132.8171,0.5104423520368948,0.0050206404105768146,0.9035594843843112,1.1847246990746928e-05
44,3.0,0.246,263.2,0.008462623413258107,0.7424541607898445,0.738,133.5551,0.5074281914893618,0.0050206404105768146,0.908580124794888,1.1847246990746928e-05
119,3.099999999999966,0.236,266.29999999999995,0.008744710860366614,0.7511988716502112,0.7315999999999919,134.2867,0.5042684941794969,0.0049771009815419475,0.91355722577643,1.4194884199017221e-05
92,3.1000000000000227,0.231,269.4,0.008744710860366775,0.7599435825105779,0.7161000000000053,135.0028,0.5011239792130662,0.004871653926848352,0.9184288797032782,1.5000570010275131e-05
20,3.1000000000000014,0.229,272.5,0.008744710860366715,0.7686882933709447,0.7099000000000003,135.7127,0.498028256880734,0.004829475104970843,0.9232583548082491,1.5329071020330274e-05
19,3.0,0.218,275.5,0.008462623413258107,0.7771509167842028,0.654,136.3667,0.4949789473684211,0.004449185404494901,0.927707540212744,1.6107684650185168e-05
64,3.5,0.21,279.0,0.009873060648801125,0.7870239774330039,0.735,137.10170000000002,0.49140394265232984,0.005000231303216746,0.9327077715159607,2.374446583118829e-05
109,1.6999999999999886,0.203,280.7,0.0047954866008462285,0.7918194640338502,0.34509999999999774,137.44680000000002,0.4896572853580336,0.0023477276499865142,0.9350554991659472,5.9915238815138515e-06
14,3.0999999999999943,0.196,283.79999999999995,0.008744710860366696,0.8005641748942168,0.6075999999999989,138.05440000000002,0.4864496124031009,0.004133524543992503,0.9391890237099397,2.1263039244316587e-05
124,3.0,0.193,286.79999999999995,0.008462623413258107,0.8090267983074749,0.579,138.63340000000002,0.48338005578800575,0.003938957720493192,0.943127981430433,2.046355129989828e-05
34,3.0,0.192,289.79999999999995,0.008462623413258107,0.817489421720733,0.5760000000000001,139.20940000000002,0.48036369910282967,0.003918548613133124,0.9470465300435661,2.064861578913091e-05
120,3.0,0.19,292.79999999999995,0.008462623413258107,0.8259520451339911,0.5700000000000001,139.7794,0.4773886612021859,0.0038777303984129873,0.9509242604419791,2.1021243957575574e-05
117,0.8999999999999773,0.186,293.69999999999993,0.002538787023977368,0.8284908321579685,0.16739999999999577,139.9468,0.4764957439564182,0.0011388281906917854,0.9520630886326709,1.95988473489433e-06
72,3.0999999999999943,0.181,296.79999999999995,0.008744710860366696,0.8372355430183351,0.5610999999999989,140.5079,0.4734093665768195,0.0038171833799114435,0.9558802720125823,2.4280527070641673e-05
123,3.1000000000000227,0.178,299.9,0.008744710860366775,0.8459802538787019,0.5518000000000041,141.05970000000002,0.47035578526175403,0.0037539151470952666,0.9596341871596775,2.4908041851609268e-05
81,3.0999999999999943,0.171,303.0,0.008744710860366696,0.8547249647390686,0.530099999999999,141.58980000000003,0.46729306930693076,0.0036062892705240714,0.9632404764302016,2.6403376434960786e-05
93,3.0,0.159,306.0,0.008462623413258107,0.8631875881523267,0.477,142.06680000000003,0.4642705882352942,0.003245048070250868,0.9664855245004524,2.7223092459957113e-05
73,3.0,0.159,309.0,0.008462623413258107,0.8716502115655848,0.477,142.54380000000003,0.46130679611650494,0.003245048070250868,0.9697305725707033,2.7223092459957113e-05
32,3.0,0.154,312.0,0.008462623413258107,0.8801128349788429,0.46199999999999997,143.00580000000002,0.45835192307692313,0.003143002533450526,0.9728735751041538,2.8298366304884783e-05
89,3.0,0.151,315.0,0.008462623413258107,0.888575458392101,0.45299999999999996,143.45880000000002,0.455424761904762,0.003081775211370321,0.9759553503155242,2.895352737175902e-05
88,3.1000000000000227,0.149,318.1,0.008744710860366775,0.8973201692524677,0.46190000000000336,143.92070000000004,0.4524385413392016,0.00314232222987188,0.979097672545396,3.138675836709846e-05
116,0.6999999999999886,0.134,318.8,0.0019746121297601928,0.899294781382228,0.09379999999999848,144.01450000000003,0.4517393350062736,0.0006381247567914601,0.9797357973021875,1.7861984981048646e-06
127,3.3000000000000114,0.13,322.1,0.00930888575458395,0.908603667136812,0.4290000000000015,144.44350000000003,0.4484430301148712,0.0029185023524897847,0.9826542996546773,4.08370000257606e-05
90,3.099999999999966,0.122,325.2,0.008744710860366614,0.9173483779971786,0.3781999999999958,144.82170000000002,0.4453311808118082,0.0025729081345259217,0.9852272077892033,3.8091148886694604e-05
122,3.0,0.105,328.2,0.008462623413258107,0.9258110014104367,0.315,145.13670000000002,0.44222029250457046,0.002142956272807177,0.9873701640620104,3.993819276609524e-05
85,3.099999999999966,0.097,331.29999999999995,0.008744710860366614,0.9345557122708034,0.3006999999999967,145.43740000000003,0.43899003923936025,0.0020456728610574954,0.9894158369230679,4.487711011618751e-05
121,3.1000000000000227,0.096,334.4,0.008744710860366775,0.9433004231311701,0.2976000000000022,145.735,0.4358104066985647,0.0020245834501187955,0.9914404203731867,4.5160112409966204e-05
86,1.900000000000034,0.093,336.3,0.005359661495063564,0.9486600846262337,0.17670000000000316,145.91170000000002,0.4338736247398157,0.0012020964235080476,0.9926425167966947,1.7285347324218422e-05
84,3.0000000000000284,0.078,339.30000000000007,0.008462623413258187,0.957122708039492,0.2340000000000022,146.14570000000003,0.43072708517536107,0.0015919103740853464,0.99423442717078,4.720669766665968e-05
75,3.0,0.074,342.30000000000007,0.008462623413258107,0.96558533145275,0.22199999999999998,146.36770000000004,0.4276006427110722,0.0015102739446450578,0.9957447011154251,4.8335163133724144e-05
83,3.0999999999999943,0.073,345.4000000000001,0.008744710860366696,0.9743300423131167,0.22629999999999956,146.59400000000005,0.42441806601042276,0.0015395269985278197,0.9972842281139529,5.191467448290335e-05
74,3.0999999999999943,0.062,348.5000000000001,0.008744710860366696,0.9830747531734834,0.19219999999999965,146.78620000000004,0.42119426111908176,0.00130754347820171,0.9985917715921546,5.5311458670338756e-05
46,3.0,0.04,351.5000000000001,0.008462623413258107,0.9915373765867415,0.12,146.90620000000004,0.41794082503556185,0.000816364294402734,0.9994081358865573,5.846527851267894e-05
91,3.0,0.029,354.5000000000001,0.008462623413258107,0.9999999999999996,0.08700000000000001,146.99320000000003,0.414649365303244,0.0005918641134419823,0.9999999999999993,6.194885195564199e-05
