,weight,grade,cml_weight,weight_pct,cml_weight_pct,yield,cml_yield,cml_grade,recovery,cml_recovery,distributional_heterogeneity
8,3.1000000000000014,1.472,3.1000000000000014,0.008729935229512818,0.008729935229512818,4.563200000000002,4.563200000000002,1.472,0.03629722489134379,0.03629722489134379,0.000759955459299293
68,3.0,1.274,6.100000000000001,0.008448324415657562,0.01717825964517038,3.822,8.385200000000001,1.374622950819672,0.0304014712339402,0.066698696125284,0.00048194065522507313
7,3.0,0.986,9.100000000000001,0.008448324415657562,0.02562658406082794,2.958,11.343200000000001,1.2465054945054945,0.02352892514651887,0.09022762127180287,0.00022742451840365455
9,3.0,0.902,12.100000000000001,0.008448324415657562,0.034074908476485505,2.706,14.0492,1.161090909090909,0.021524432537687644,0.1117520538094905,0.0001709846036190211
12,3.1000000000000014,0.87,15.200000000000003,0.008729935229512818,0.042804843705998324,2.6970000000000014,16.7462,1.1017236842105262,0.021452843515943683,0.1332048973254342,0.0001618723952649311
71,3.0999999999999943,0.868,18.299999999999997,0.008729935229512799,0.05153477893551112,2.690799999999995,19.436999999999998,1.0621311475409836,0.021403526634297784,0.15460842395973198,0.00016061991909543987
6,3.1000000000000014,0.866,21.4,0.008729935229512818,0.06026471416502394,2.684600000000001,22.121599999999997,1.0337196261682242,0.021354209752651985,0.17596263371238396,0.00015937230723558064
4,3.1000000000000014,0.859,24.5,0.008729935229512818,0.06899464939453676,2.6629000000000014,24.784499999999998,1.0116122448979592,0.021181600666891523,0.19714423437927547,0.00015504397216441136
30,3.0,0.85,27.5,0.008448324415657562,0.07744297381019431,2.55,27.3345,0.9939818181818181,0.020283556160792124,0.2174277905400676,0.00014007271046104095
23,2.0999999999999943,0.845,29.599999999999994,0.0059138270909602775,0.08335680090115459,1.774499999999995,29.108999999999995,0.9834121621621622,0.014114968787186481,0.2315427593272541,6.725872512158003e-05
20,3.1000000000000085,0.837,32.7,0.008729935229512839,0.09208673613066742,2.594700000000007,31.7037,0.9695321100917431,0.020639114968787245,0.25218187429604133,0.00014182856206234403
69,3.0999999999999943,0.761,35.8,0.008729935229512799,0.10081667136018022,2.3590999999999958,34.062799999999996,0.9514748603351955,0.01876507346624495,0.2709469477622863,0.00010070399943032363
22,3.0,0.761,38.8,0.008448324415657562,0.10926499577583777,2.283,36.3458,0.9367474226804123,0.01815974851572095,0.2891066962780072,9.431175805129201e-05
21,3.0,0.754,41.8,0.008448324415657562,0.11771332019149533,2.262,38.6078,0.9236315789473685,0.017992707464985016,0.3070994037429922,9.109524779228923e-05
24,4.0,0.746,45.8,0.011264432554210082,0.12897775274570542,2.984,41.5918,0.908117903930131,0.023735737876001452,0.3308351416189937,0.00015553345642934174
18,1.4000000000000057,0.726,47.2,0.003942551393973545,0.13292030413967895,1.0164000000000042,42.608200000000004,0.9027161016949152,0.008084786855619294,0.338919928474613,1.7158114619715575e-05
29,3.0999999999999943,0.709,50.3,0.008729935229512799,0.14165023936919174,2.1978999999999957,44.8061,0.8907773359840955,0.017482834543452914,0.3564027630180659,7.661324639997335e-05
3,3.0,0.704,53.3,0.008448324415657562,0.15009856378484931,2.112,46.9181,0.8802645403377112,0.016799557102585478,0.37320232012065135,6.974308739121326e-05
5,3.0,0.702,56.3,0.008448324415657562,0.15854688820050689,2.106,49.024100000000004,0.8707655417406751,0.016751831088089496,0.38995415120874083,6.894822305912165e-05
10,3.0999999999999943,0.69,59.39999999999999,0.008729935229512799,0.16727682343001968,2.138999999999996,51.1631,0.86133164983165,0.01701432416781736,0.40696847537655817,6.863110008110303e-05
36,3.0,0.677,62.39999999999999,0.008448324415657562,0.17572514784567725,2.031,53.1941,0.8524695512820514,0.01615525590688973,0.4231237312834479,5.939679301054609e-05
27,1.1000000000000085,0.674,63.5,0.003097718952407797,0.17882286679808504,0.7414000000000058,53.935500000000005,0.8493779527559056,0.005897344524553491,0.42902107580800136,7.837903344212102e-06
31,3.0,0.662,66.5,0.008448324415657562,0.1872711912137426,1.9860000000000002,55.9215,0.8409248120300752,0.01579731079816987,0.44481838660617123,5.4007600850351325e-05
2,3.099999999999998,0.662,69.6,0.008729935229512807,0.19600112644325543,2.0521999999999987,57.9737,0.832955459770115,0.01632388782477552,0.46114227443094674,5.7668116019097274e-05
11,3.0,0.629,72.6,0.008448324415657562,0.204449450858913,1.887,59.8607,0.8245275482093665,0.015009831558986173,0.4761521059899329,4.30533759919524e-05
0,7.600000000000001,0.619,80.19999999999999,0.021402421852999162,0.22585187271191215,4.704400000000001,64.5651,0.8050511221945138,0.037420377099149214,0.5135724830890821,0.00025657489026766604
28,3.0,0.606,83.19999999999999,0.008448324415657562,0.23430019712756972,1.818,66.3831,0.7978737980769232,0.014460982392282386,0.5280334654813645,3.615205594387013e-05
19,0.3999999999999915,0.604,83.59999999999998,0.0011264432554209843,0.23542664038299072,0.24159999999999485,66.62469999999999,0.7969461722488039,0.0019217675170381462,0.5299552329984026,6.325406811168841e-07
66,3.0,0.596,86.59999999999998,0.008448324415657562,0.24387496479864829,1.7879999999999998,68.41269999999999,0.789984988452656,0.014222352319802477,0.5441775853182051,3.333939823784414e-05
72,3.0,0.592,89.59999999999998,0.008448324415657562,0.25232328921430586,1.7759999999999998,70.18869999999998,0.7833560267857143,0.014126900290810514,0.5583044856090157,3.2246223969869136e-05
25,0.7000000000000028,0.59,90.29999999999998,0.0019712756969867723,0.25429456491129265,0.41300000000000164,70.60169999999998,0.7818571428571428,0.0032851406644734044,0.5615896262734891,1.7262411527886492e-06
17,1.2000000000000028,0.555,91.49999999999999,0.003379329766263033,0.2576738946775557,0.6660000000000016,71.26769999999998,0.7788819672131146,0.005297587609053956,0.566887213882543,3.679713151428889e-06
15,3.0,0.551,94.49999999999999,0.008448324415657562,0.26612221909321326,1.653,72.92069999999998,0.771647619047619,0.013148516993642896,0.580035730876186,2.2091810270148434e-05
1,3.0,0.55,97.49999999999999,0.008448324415657562,0.27457054350887083,1.6500000000000001,74.57069999999999,0.7648276923076923,0.013124653986394907,0.5931603848625809,2.186805825415252e-05
67,3.1000000000000227,0.548,100.60000000000001,0.008729935229512879,0.2833004787383837,1.6988000000000125,76.2695,0.7581461232604373,0.01351282557096232,0.6066732104335433,2.2876040018330378e-05
13,3.0,0.53,103.60000000000001,0.008448324415657562,0.2917488031540413,1.59,77.8595,0.7515395752895752,0.012647393841435092,0.6193206042749784,1.763218404249963e-05
35,3.0999999999999943,0.524,106.7,0.008729935229512799,0.3004787383835541,1.6243999999999972,79.48389999999999,0.744928772258669,0.012921022991212028,0.6322416272661904,1.756521662626506e-05
65,3.0999999999999943,0.492,109.8,0.008729935229512799,0.3092086736130669,1.5251999999999972,81.00909999999999,0.7377877959927139,0.012131952884878469,0.6443735801510688,1.1573724127419735e-05
14,3.1000000000000014,0.481,112.9,0.008729935229512818,0.31793860884257974,1.4911000000000005,82.50019999999999,0.7307369353410096,0.011860710035826333,0.6562342901868952,9.801750887847436e-06
97,3.099999999999966,0.457,115.99999999999997,0.008729935229512717,0.32666854407209245,1.4166999999999845,83.91689999999997,0.7234215517241378,0.011268907456076036,0.6675031976429712,6.4463799672598905e-06
40,3.0,0.445,118.99999999999997,0.008448324415657562,0.33511686848775,1.335,85.25189999999996,0.7164025210084032,0.010619038225355877,0.6781222358683271,4.7119984436149784e-06
39,3.0999999999999943,0.437,122.09999999999997,0.008729935229512799,0.34384680371726284,1.3546999999999976,86.60659999999996,0.7093087633087631,0.010775738639617664,0.6888979745079448,4.1853115927967e-06
38,3.0,0.43,125.09999999999997,0.008448324415657562,0.3522951281329204,1.29,87.89659999999996,0.7026107114308552,0.010261093116636017,0.6991590676245808,3.2861303632471154e-06
32,3.0999999999999943,0.429,128.19999999999996,0.008729935229512799,0.36102506336243323,1.3298999999999976,89.22649999999996,0.6959945397815912,0.010578471113034275,0.709737538737615,3.4170849126665245e-06
16,3.0999999999999943,0.391,131.29999999999995,0.008729935229512799,0.36975499859194605,1.2120999999999977,90.43859999999995,0.6887936024371667,0.009641450361763173,0.7193789890993783,8.308598363214197e-07
46,3.0,0.381,134.29999999999995,0.008448324415657562,0.3782033230076036,1.143,91.58159999999995,0.6819180938198063,0.00909180576148447,0.7284707948608627,4.1406824242721036e-07
60,3.0,0.379,137.29999999999995,0.008448324415657562,0.3866516474232612,1.137,92.71859999999995,0.6752993445010924,0.009044079746988488,0.7375148746078513,3.5492441480922344e-07
56,2.3000000000000114,0.37,139.59999999999997,0.0064770487186708295,0.393128696141932,0.8510000000000042,93.56959999999995,0.6702693409742119,0.0067691397226800724,0.7442840143305314,8.531715462312767e-08
37,3.1000000000000085,0.346,142.7,0.008729935229512839,0.40185863137144484,1.0726000000000029,94.64219999999996,0.6632249474421862,0.008531820524731644,0.752815834855263,3.924943625053944e-08
33,3.1000000000000085,0.329,145.8,0.008729935229512839,0.41058856660095766,1.019900000000003,95.66209999999997,0.6561186556927295,0.008112627030741941,0.7609284618860049,3.8106941226977e-07
55,2.9000000000000057,0.328,148.70000000000002,0.008166713601802326,0.41875528020276,0.9512000000000019,96.61329999999997,0.6497195696032276,0.007566164164762945,0.7684946260507679,3.6065962632831724e-07
64,3.0,0.319,151.70000000000002,0.008448324415657562,0.42720360461841755,0.9570000000000001,97.57029999999996,0.6431793012524717,0.0076122993121090455,0.776106925362877,6.989379737633078e-07
26,1.2999999999999972,0.305,153.0,0.003660940580118269,0.43086454519853584,0.39649999999999913,97.96679999999996,0.640305882352941,0.0031538941246094356,0.7792608194874864,2.570961080440713e-07
53,3.0,0.299,156.0,0.008448324415657562,0.4393128696141934,0.897,98.86379999999997,0.6337423076923075,0.00713503916714923,0.7863958586546356,1.7247181439495903e-06
73,3.0999999999999943,0.296,159.1,0.008729935229512799,0.44804280484370623,0.9175999999999983,99.78139999999996,0.6271615336266497,0.00729889848358542,0.793694757138221,2.047866168194419e-06
34,3.0,0.284,162.1,0.008448324415657562,0.4564911292593638,0.8519999999999999,100.63339999999997,0.6208106107341146,0.006777094058429368,0.8004718511966504,2.7930109069210735e-06
58,3.0,0.282,165.1,0.008448324415657562,0.4649394536750214,0.8459999999999999,101.47939999999997,0.6146541490006056,0.006729368043933387,0.8072012192405839,2.9548110078911382e-06
59,3.0999999999999943,0.238,168.2,0.008729935229512799,0.4736693889045342,0.7377999999999986,102.21719999999996,0.6077122473246134,0.005868708915855844,0.8130699281564397,8.186616017962958e-06
81,3.0999999999999943,0.236,171.29999999999998,0.008729935229512799,0.482399324134047,0.7315999999999986,102.94879999999996,0.6009854057209573,0.0058193920342099964,0.8188893201906497,8.471261691723437e-06
47,3.0999999999999943,0.233,174.39999999999998,0.008729935229512799,0.49112925936355983,0.7222999999999987,103.67109999999997,0.5944443807339448,0.0057454167117412264,0.824634736902391,8.907350782921417e-06
54,3.0999999999999943,0.231,177.49999999999997,0.008729935229512799,0.49985919459307265,0.7160999999999987,104.38719999999996,0.5880969014084506,0.005696099830095379,0.8303308367324863,9.20415723075825e-06
120,3.1000000000000227,0.23,180.6,0.008729935229512879,0.5085891298225855,0.7130000000000053,105.10019999999997,0.5819501661129567,0.005671441389272508,0.8360022781217589,9.35438457078829e-06
52,3.0999999999999943,0.226,183.7,0.008729935229512799,0.5173190650520983,0.7005999999999988,105.80079999999997,0.5759433859553619,0.00557280762598076,0.8415750857477396,9.967454704983948e-06
70,3.0,0.223,186.7,0.008448324415657562,0.5257673894677559,0.669,106.46979999999996,0.5702720942688804,0.005321450616301935,0.8468965363640416,9.777339757096697e-06
79,2.0999999999999943,0.215,188.79999999999998,0.0059138270909602775,0.5316812165587161,0.4514999999999988,106.92129999999996,0.5663204449152541,0.0035913825908225963,0.8504879189548642,5.393748456219763e-06
74,3.0,0.212,191.79999999999998,0.008448324415657562,0.5401295409743737,0.636,107.55729999999996,0.5607784150156411,0.005058957536574036,0.8555468764914382,1.1487807841028398e-05
63,3.0999999999999943,0.203,194.89999999999998,0.008729935229512799,0.5488594762038865,0.6292999999999989,108.18659999999996,0.5550877373011799,0.005005663487053514,0.8605525399784918,1.3870200011680703e-05
43,3.0999999999999943,0.199,197.99999999999997,0.008729935229512799,0.5575894114333994,0.6168999999999989,108.80349999999996,0.5495126262626261,0.00490702972376182,0.8654595697022536,1.461460650590114e-05
62,3.0999999999999943,0.198,201.09999999999997,0.008729935229512799,0.5663193466629122,0.6137999999999989,109.41729999999995,0.5440939830929884,0.004882371282938896,0.8703419409851925,1.4803748322975336e-05
94,3.0,0.198,204.09999999999997,0.008448324415657562,0.5747676710785697,0.5940000000000001,110.01129999999995,0.5390068593826554,0.004724875435102167,0.8750668164202946,1.3864072310799016e-05
95,3.1000000000000227,0.193,207.2,0.008729935229512879,0.5834976063080827,0.5983000000000044,110.60959999999996,0.5338301158301156,0.004759079078824321,0.8798258954991189,1.576769856946114e-05
45,3.1000000000000227,0.178,210.3,0.008729935229512879,0.5922275415375956,0.5518000000000041,111.16139999999996,0.5285848787446503,0.004389202466480462,0.8842150979655994,1.8841960920063034e-05
85,3.1000000000000227,0.176,213.40000000000003,0.008729935229512879,0.6009574767671085,0.545600000000004,111.70699999999997,0.5234629803186501,0.004339885584834614,0.888554983550434,1.9272535882739758e-05
44,3.0,0.174,216.40000000000003,0.008448324415657562,0.6094058011827661,0.522,112.22899999999997,0.5186182994454711,0.004152163261150388,0.8927071468115845,1.8457000665496412e-05
84,3.0,0.172,219.40000000000003,0.008448324415657562,0.6178541255984237,0.516,112.74499999999998,0.5138787602552414,0.004104437246654407,0.8968115840582389,1.886935573703025e-05
61,3.0,0.165,222.40000000000003,0.008448324415657562,0.6263024500140812,0.495,113.23999999999998,0.5091726618705035,0.003937396195918472,0.9007489802541574,2.0348473403638473e-05
82,3.0,0.164,225.40000000000003,0.008448324415657562,0.6347507744297388,0.492,113.73199999999999,0.504578527062999,0.003913533188670481,0.9046625134428279,2.0564331472358992e-05
51,3.0,0.162,228.40000000000003,0.008448324415657562,0.6431990988453964,0.486,114.21799999999999,0.50007880910683,0.0038658071741744992,0.9085283206170024,2.099946426848953e-05
49,3.0,0.161,231.40000000000003,0.008448324415657562,0.651647423261054,0.483,114.701,0.4956828003457216,0.0038419441669265086,0.9123702647839289,2.1218738995899558e-05
80,1.6000000000000227,0.156,233.00000000000006,0.0045057730216840975,0.656153196282738,0.24960000000000354,114.9506,0.4933502145922745,0.0019854022030328573,0.9143556669869618,6.352269063508719e-06
77,3.0,0.155,236.00000000000006,0.008448324415657562,0.6646015206983956,0.46499999999999997,115.4156,0.48904915254237274,0.003698766123438564,0.9180544331104004,2.255830397118624e-05
83,3.0999999999999943,0.153,239.10000000000005,0.008729935229512799,0.6733314559279084,0.4742999999999991,115.8899,0.4846921790046005,0.0037727414459073285,0.9218271745563077,2.4573770208216704e-05
88,3.0,0.152,242.10000000000005,0.008448324415657562,0.681779780343566,0.45599999999999996,116.3459,0.48056959933911597,0.0036271771016945916,0.9254543516580023,2.3243461422932362e-05
89,3.1000000000000227,0.149,245.20000000000007,0.008729935229512879,0.6905097155730789,0.46190000000000336,116.8078,0.4763776508972266,0.0036741076826156674,0.9291284593406179,2.556139218396467e-05
99,3.1000000000000227,0.148,248.3000000000001,0.008729935229512879,0.6992396508025919,0.4588000000000033,117.2666,0.4722778896496172,0.003649449241792743,0.9327779085824107,2.581133787142063e-05
57,0.9000000000000057,0.141,249.2000000000001,0.002534497324697285,0.7017741481272891,0.1269000000000008,117.3935,0.4710814606741571,0.0010094052065900145,0.9337873137890007,2.3259059687129198e-06
96,3.0,0.138,252.2000000000001,0.008448324415657562,0.7102224725429467,0.41400000000000003,117.8075,0.46711934972244235,0.003293095000222722,0.9370804087892234,2.657639032576464e-05
42,3.0,0.135,255.2000000000001,0.008448324415657562,0.7186707969586043,0.405,118.2125,0.4632151253918494,0.00322150597847875,0.9403019147677021,2.731963097523236e-05
86,3.0,0.12,258.2000000000001,0.008448324415657562,0.7271191213742618,0.36,118.5725,0.4592273431448488,0.0028635608697588884,0.943165475637461,3.118958386359872e-05
48,3.0,0.115,261.2000000000001,0.008448324415657562,0.7355674457899194,0.34500000000000003,118.9175,0.4552737366003061,0.002744245833518935,0.94590972147098,3.2536512471212616e-05
50,3.0999999999999943,0.114,264.30000000000007,0.008729935229512799,0.7442973810194322,0.3533999999999994,119.2709,0.4512709042754444,0.0028110622538133037,0.9487207837247933,3.5033057302465786e-05
98,3.0,0.114,267.30000000000007,0.008448324415657562,0.7527457054350898,0.342,119.6129,0.4474855967078188,0.0027203828262709444,0.9514411665510643,3.28093148514249e-05
93,3.1000000000000227,0.108,270.4000000000001,0.008729935229512879,0.7614756406646027,0.33480000000000243,119.9477,0.44359356508875725,0.0026631116088757854,0.95410427815994,3.680634884392016e-05
90,3.0,0.104,273.4000000000001,0.008448324415657562,0.7699239650802603,0.312,120.2597,0.4398672275054863,0.002481752753791037,0.9565860309137311,3.5599977396188665e-05
78,2.4000000000000057,0.101,275.80000000000007,0.006758659532526066,0.7766826246127864,0.2424000000000006,120.5021,0.43691841914430735,0.0019281309856376562,0.9585141618993688,2.333400604230384e-05
115,3.1000000000000227,0.089,278.9000000000001,0.008729935229512879,0.7854125598422993,0.27590000000000203,120.778,0.43305127285765493,0.002194601233240231,0.960708763132609,4.2710590442836994e-05
75,3.0,0.086,281.9000000000001,0.008448324415657562,0.7938608842579569,0.258,121.036,0.42935792834338404,0.0020522186233272034,0.9627609817559362,4.0910169306681955e-05
91,3.099999999999966,0.083,285.00000000000006,0.008729935229512717,0.8025908194874696,0.2572999999999972,121.2933,0.4255905263157894,0.0020466505883026498,0.9648076323442388,4.466629359543438e-05
103,3.0,0.082,288.00000000000006,0.008448324415657562,0.8110391439031271,0.246,121.5393,0.42201145833333326,0.0019567665943352403,0.966764398938574,4.2140322947570995e-05
104,3.1000000000000227,0.081,291.1000000000001,0.008729935229512879,0.8197690791326401,0.2511000000000019,121.7904,0.4183799381655787,0.0019973337066568394,0.9687617326452309,4.532792326556344e-05
105,3.0,0.081,294.1000000000001,0.008448324415657562,0.8282174035482976,0.243,122.0334,0.41493845630737836,0.0019329035870872496,0.9706946362323181,4.245070857336785e-05
114,3.0,0.08,297.1000000000001,0.008448324415657562,0.8366657279639552,0.24,122.2734,0.4115563783237966,0.001909040579839259,0.9726036768121573,4.276223308539453e-05
119,3.0,0.077,300.1000000000001,0.008448324415657562,0.8451140523796128,0.23099999999999998,122.50439999999999,0.4082119293568809,0.0018374515580952865,0.9744411283702527,4.3703639938853595e-05
118,3.099999999999966,0.076,303.20000000000005,0.008729935229512717,0.8538439876091255,0.2355999999999974,122.73999999999998,0.40481530343007904,0.001874041502542185,0.9763151698727949,4.700327879551389e-05
100,3.0,0.075,306.20000000000005,0.008448324415657562,0.8622923120247831,0.22499999999999998,122.96499999999997,0.401583932070542,0.0017897255435993051,0.9781048954163942,4.433693893897548e-05
102,3.099999999999966,0.075,309.3,0.008729935229512717,0.8710222472542958,0.23249999999999743,123.19749999999998,0.3983107015842223,0.0018493830617192617,0.9799542784781134,4.734199813372721e-05
41,3.0999999999999943,0.074,312.4,0.008729935229512799,0.8797521824838086,0.22939999999999958,123.42689999999997,0.3950925096030729,0.001824724620896355,0.9817790030990098,4.768193354934906e-05
87,3.099999999999966,0.073,315.49999999999994,0.008729935229512717,0.8884821177133213,0.2262999999999975,123.65319999999997,0.3919277337559429,0.0018000661800734146,0.9835790692790832,4.8023085042376784e-05
107,3.0,0.068,318.49999999999994,0.008448324415657562,0.8969304421289789,0.20400000000000001,123.85719999999996,0.3888766091051805,0.0016226844928633702,0.9852017537719466,4.65893603556419e-05
108,3.099999999999966,0.066,321.5999999999999,0.008729935229512717,0.9056603773584916,0.20459999999999776,124.06179999999996,0.38576430348258706,0.0016274570943129504,0.9868292108662596,5.0445195660990755e-05
92,3.0,0.065,324.5999999999999,0.008448324415657562,0.9141087017741492,0.195,124.25679999999996,0.3827997535428219,0.001551095471119398,0.988380306337379,4.7571767113375035e-05
106,3.1000000000000227,0.055,327.69999999999993,0.008729935229512879,0.9228386370036621,0.17050000000000126,124.42729999999996,0.3796988098870918,0.001356214245260817,0.9897365205826398,5.4371761153599186e-05
113,3.0,0.054,330.69999999999993,0.008448324415657562,0.9312869614193197,0.162,124.58929999999997,0.37674417901421225,0.0012886023913914997,0.9910251229740313,5.1261619464760516e-05
117,3.0,0.052,333.69999999999993,0.008448324415657562,0.9397352858349772,0.156,124.74529999999997,0.37382469283787834,0.0012408763768955184,0.9922659993509269,5.1947307231454825e-05
101,3.0,0.049,336.69999999999993,0.008448324415657562,0.9481836102506348,0.14700000000000002,124.89229999999998,0.3709305019305019,0.0011692873551515462,0.9934352867060784,5.298438052822006e-05
110,3.1000000000000227,0.048,339.79999999999995,0.008729935229512879,0.9569135454801477,0.1488000000000011,125.04109999999997,0.3679844025897587,0.0011836051595003492,0.9946188918655787,5.69470975255753e-05
116,3.1000000000000227,0.047,342.9,0.008729935229512879,0.9656434807096607,0.14570000000000108,125.18679999999998,0.3650825313502478,0.0011589467186774254,0.9957778385842562,5.731986703120243e-05
76,3.0999999999999943,0.045,346.0,0.008729935229512799,0.9743734159391735,0.13949999999999974,125.32629999999997,0.362214739884393,0.001109629837031567,0.9968874684212877,5.8069054274678524e-05
111,3.0,0.044,349.0,0.008448324415657562,0.982821740354831,0.132,125.45829999999998,0.3594793696275071,0.0010499723189115924,0.9979374407401993,5.4735613747425485e-05
112,3.099999999999966,0.043,352.09999999999997,0.008729935229512717,0.9915516755843438,0.13329999999999853,125.59159999999999,0.3566929849474581,0.00106031295538571,0.998997753695585,5.882310582778513e-05
109,3.0,0.042,355.09999999999997,0.008448324415657562,1.0000000000000013,0.126,125.71759999999999,0.3540343565192903,0.001002246304415611,1.0000000000000007,5.54440792387165e-05
