,weight,grade,cml_weight,weight_pct,cml_weight_pct,yield,cml_yield,cml_grade,recovery,cml_recovery,distributional_heterogeneity
69,3.0,2.295,3.0,0.00846262341325811,0.00846262341325811,6.885,6.885,2.295,0.06400834479161725,0.06400834479161725,0.0030853271634423036
15,1.0,2.081,4.0,0.0028208744710860366,0.011283497884344146,2.081,8.966,2.2415,0.019346603560109733,0.08335494835172699,0.0002730997219238039
6,0.8000000000000007,2.048,4.800000000000001,0.0022566995768688314,0.013540197461212978,1.6384000000000014,10.6044,2.2092499999999995,0.015231847800520813,0.0985867961522478,0.00016835447142573922
40,3.0999999999999943,2.035,7.899999999999995,0.008744710860366697,0.022284908321579675,6.308499999999989,16.91289999999999,2.140873417721519,0.05864874990819415,0.15723554606044196,0.002490413113287087
25,3.0999999999999943,1.983,10.99999999999999,0.008744710860366697,0.031029619181946373,6.147299999999989,23.06019999999998,2.0963818181818183,0.05715010863289877,0.21438565469334073,0.002343082533517053
3,3.0999999999999996,1.668,14.099999999999989,0.008744710860366713,0.03977433004231309,5.170799999999999,28.23099999999998,2.002198581560284,0.048071800907551844,0.26245745560089256,0.0015466200115794079
39,3.0,1.444,17.099999999999987,0.00846262341325811,0.0482369534555712,4.332,32.56299999999998,1.9042690058479534,0.04027366007803717,0.30273111567892974,0.001011942053687918
48,3.0999999999999943,1.081,20.19999999999998,0.008744710860366697,0.056981664315937895,3.3510999999999935,35.914099999999976,1.7779257425742578,0.03115444651142893,0.3338855621903587,0.0005021962519504896
30,3.0,0.843,23.19999999999998,0.00846262341325811,0.065444287729196,2.529,38.44309999999997,1.6570301724137932,0.023511561943064637,0.35739712413342334,0.0002264705508738955
44,3.0999999999999943,0.825,26.299999999999976,0.008744710860366697,0.0741889985895627,2.557499999999995,41.00059999999997,1.5589581749049433,0.02377652023305168,0.381173644366475,0.00022595529301674012
42,3.1000000000000085,0.796,29.399999999999984,0.008744710860366737,0.08293370944992944,2.467600000000007,43.468199999999975,1.4785102040816325,0.022940739521829366,0.40411438388830434,0.00020152722975706836
27,3.1000000000000085,0.696,32.49999999999999,0.008744710860366737,0.09167842031029617,2.1576000000000057,45.625799999999984,1.403870769230769,0.020058737069338237,0.4241731209576426,0.00012800718905729396
43,3.0,0.654,35.49999999999999,0.00846262341325811,0.10014104372355428,1.9620000000000002,47.58779999999999,1.340501408450704,0.018240286489637336,0.4424134074472799,9.560269523518965e-05
36,3.0999999999999943,0.593,38.59999999999999,0.008744710860366697,0.10888575458392098,1.8382999999999965,49.426099999999984,1.2804689119170984,0.017090274543272298,0.4595036819905522,6.964843318543289e-05
74,3.0999999999999943,0.572,41.69999999999998,0.008744710860366697,0.11763046544428768,1.7731999999999966,51.19929999999998,1.227800959232614,0.016485054028249162,0.4759887360188014,5.991291235658476e-05
26,3.0,0.571,44.69999999999998,0.00846262341325811,0.12609308885754578,1.7129999999999999,52.91229999999998,1.1837203579418345,0.01592538774553963,0.491914123764341,5.569285147917323e-05
65,3.0,0.568,47.69999999999998,0.00846262341325811,0.13455571227080387,1.7039999999999997,54.61629999999998,1.1449958071278827,0.01584171670659634,0.5077558404709374,5.445101783178921e-05
72,3.1000000000000227,0.552,50.800000000000004,0.008744710860366777,0.14330042313117064,1.7112000000000127,56.32749999999999,1.10880905511811,0.015908653537751092,0.5236644940086884,5.1322074684848306e-05
70,3.0999999999999943,0.525,53.9,0.008744710860366697,0.15204513399153735,1.627499999999997,57.95499999999999,1.0752319109461965,0.015130512875578343,0.5387950068842667,4.0778467377481106e-05
66,3.0999999999999943,0.498,56.99999999999999,0.008744710860366697,0.16078984485190406,1.5437999999999972,59.49879999999999,1.043838596491228,0.014352372213405743,0.5531473790976725,3.144586585036768e-05
32,3.0,0.498,59.99999999999999,0.00846262341325811,0.16925246826516216,1.494,60.99279999999999,1.0165466666666665,0.013889392464586228,0.5670367715622587,2.944982233645267e-05
20,3.0,0.497,62.99999999999999,0.00846262341325811,0.17771509167842026,1.491,62.48379999999999,0.9918063492063491,0.013861502118271798,0.5808982736805305,2.9147891271450263e-05
54,2.5,0.479,65.5,0.007052186177715092,0.18476727785613534,1.1975,63.681299999999986,0.9722335877862593,0.011132896570510045,0.5920311702510406,1.665219730986474e-05
68,3.0999999999999943,0.461,68.6,0.008744710860366697,0.19351198871650205,1.4290999999999974,65.11039999999998,0.9491311953352768,0.01328603130598403,0.6053172015570246,2.062359138978201e-05
31,3.1000000000000085,0.456,71.7,0.008744710860366737,0.2022566995768688,1.413600000000004,66.52399999999999,0.9278103207810319,0.013141931183359537,0.6184591327403841,1.933554656894088e-05
47,3.0,0.434,74.7,0.00846262341325811,0.2107193229901269,1.302,67.826,0.9079785809906291,0.012104410300462698,0.6305635430408468,1.3262611731815268e-05
2,3.0,0.432,77.7,0.00846262341325811,0.219181946403385,1.296,69.122,0.8896010296010296,0.012048629607833837,0.6426121726486806,1.2859440427535474e-05
33,3.0999999999999943,0.429,80.8,0.008744710860366697,0.22792665726375172,1.3298999999999976,70.4519,0.8719294554455446,0.012363790521186874,0.6549759631698675,1.309773759136228e-05
67,3.0,0.424,83.8,0.00846262341325811,0.23638928067700982,1.272,71.7239,0.8558937947494034,0.011825506837318395,0.6668014700071859,1.130898492381942e-05
46,3.0999999999999943,0.399,86.89999999999999,0.008744710860366697,0.24513399153737653,1.236899999999998,72.96079999999999,0.8395949367088608,0.011499189785439541,0.6783006597926254,7.587154148670445e-06
14,3.1000000000000014,0.397,90.0,0.008744710860366718,0.25387870239774324,1.2307000000000006,74.19149999999999,0.8243499999999999,0.011441549736389745,0.6897422095290152,7.272939923229144e-06
19,3.0999999999999943,0.381,93.1,0.008744710860366697,0.26262341325810995,1.1810999999999978,75.37259999999999,0.8095875402792696,0.01098042934399114,0.7007226388730063,4.998437138019976e-06
71,3.0,0.379,96.1,0.00846262341325811,0.27108603667136805,1.137,76.50959999999999,0.7961456815816857,0.010570441253169038,0.7112930801261754,4.442896046246764e-06
17,3.1000000000000014,0.336,99.19999999999999,0.008744710860366718,0.27983074753173476,1.0416000000000005,77.5512,0.7817661290322581,0.009683528240370162,0.7209766083665455,8.813780729965311e-07
37,3.0,0.324,102.19999999999999,0.00846262341325811,0.28829337094499285,0.972,78.52319999999999,0.7683287671232877,0.009036472205875376,0.7300130805724209,3.293024367882951e-07
29,3.0999999999999943,0.318,105.29999999999998,0.008744710860366697,0.29703808180535957,0.9857999999999982,79.50899999999999,0.755071225071225,0.00916476779892174,0.7391778483713426,1.7644783162823363e-07
38,3.1000000000000085,0.311,108.39999999999999,0.008744710860366737,0.3057827926657263,0.9641000000000026,80.47309999999999,0.7423717712177121,0.008963027627247402,0.74814087599859,4.766221070122624e-08
45,3.0,0.289,111.39999999999999,0.00846262341325811,0.3142454160789844,0.867,81.34009999999999,0.7301624775583483,0.00806031008487032,0.7562011860834603,1.618560141984618e-07
28,3.0,0.285,114.39999999999999,0.00846262341325811,0.32270803949224247,0.855,82.1951,0.7184886363636364,0.0079487486996126,0.7641499347830729,2.6406722132425574e-07
73,3.0,0.271,117.39999999999999,0.00846262341325811,0.33117066290550057,0.8130000000000001,83.0081,0.7070536626916525,0.007558283851210578,0.7717082186342835,8.178300434843222e-07
64,3.0999999999999943,0.253,120.49999999999999,0.008744710860366697,0.3399153737658673,0.7842999999999986,83.7924,0.6953726141078839,0.007291466204802516,0.778999684839086,2.1119200289258585e-06
41,3.0,0.251,123.49999999999999,0.00846262341325811,0.3483779971791254,0.753,84.5454,0.684578137651822,0.007000476924921974,0.786000161764008,2.1378723533536946e-06
35,3.0,0.25,126.49999999999999,0.00846262341325811,0.3568406205923835,0.75,85.2954,0.6742719367588934,0.006972586578607544,0.7929727483426156,2.2202097686154793e-06
79,3.0,0.237,129.5,0.00846262341325811,0.36530324400564157,0.711,86.0064,0.6641420849420849,0.006610012076519951,0.7995827604191355,3.432168765010748e-06
7,1.6999999999999993,0.225,131.2,0.004795486600846261,0.37009873060648785,0.38249999999999984,86.38889999999999,0.6584519817073171,0.003556019155089846,0.8031387795742253,1.53627954908993e-06
57,3.0999999999999943,0.223,134.29999999999998,0.008744710860366697,0.37884344146685456,0.6912999999999987,87.08019999999999,0.6484005956813105,0.006426865469055181,0.8095656450432804,5.372407258024034e-06
10,3.099999999999998,0.222,137.39999999999998,0.008744710860366708,0.38758815232722127,0.6881999999999996,87.76839999999999,0.6387802037845706,0.006398045444530279,0.8159636904878107,5.5068385738827655e-06
18,3.0,0.213,140.39999999999998,0.00846262341325811,0.39605077574047937,0.639,88.40739999999998,0.6296823361823362,0.005940643764973628,0.8219043342527843,6.360381346361125e-06
75,3.0,0.213,143.39999999999998,0.00846262341325811,0.40451339915373746,0.639,89.04639999999998,0.6209651324965132,0.005940643764973628,0.8278449780177579,6.360381346361125e-06
61,3.0,0.206,146.39999999999998,0.00846262341325811,0.41297602256699556,0.618,89.66439999999997,0.6124617486338797,0.0057454113407726165,0.8335903893585306,7.3832414468609155e-06
62,3.1000000000000227,0.196,149.5,0.008744710860366777,0.4217207334273623,0.6076000000000045,90.27199999999998,0.6038260869565216,0.0056487248068826336,0.8392391141654132,9.58512964336833e-06
24,3.0999999999999943,0.189,152.6,0.008744710860366697,0.43046544428772904,0.585899999999999,90.85789999999997,0.5953990825688071,0.005446984635208204,0.8446860988006214,1.0874998256098092e-05
1,3.0999999999999996,0.182,155.7,0.008744710860366713,0.43921015514809575,0.5641999999999999,91.42209999999997,0.5871682723185612,0.005245244463533834,0.8499313432641552,1.224626506256249e-05
76,3.0999999999999943,0.179,158.79999999999998,0.008744710860366697,0.44795486600846246,0.554899999999999,91.97699999999998,0.5792002518891687,0.0051587843899590915,0.8550901276541143,1.285886865116995e-05
13,3.0,0.177,161.79999999999998,0.00846262341325811,0.45641748942172056,0.5309999999999999,92.50799999999998,0.5717428924598269,0.004936591297654141,0.8600267189517684,1.2432902480270603e-05
21,3.1000000000000014,0.175,164.89999999999998,0.008744710860366718,0.46516220028208727,0.5425000000000002,93.05049999999999,0.5642844147968465,0.005043504291859458,0.8650702232436279,1.369893006276128e-05
58,3.0,0.173,167.89999999999998,0.00846262341325811,0.47362482369534536,0.5189999999999999,93.56949999999999,0.5572930315664086,0.0048250299123964195,0.8698952531560243,1.3232086477511207e-05
23,3.0,0.161,170.89999999999998,0.00846262341325811,0.48208744710860346,0.483,94.0525,0.5503364540667057,0.004490345756623259,0.8743855989126476,1.577898978140047e-05
93,3.1000000000000227,0.161,174.0,0.008744710860366777,0.49083215796897023,0.49910000000000365,94.5516,0.5434,0.004640023948510734,0.8790256228611583,1.6848454644362307e-05
56,1.6999999999999886,0.16,175.7,0.00479548660084623,0.49562764456981645,0.2719999999999982,94.82359999999998,0.5396903813318156,0.002528724732508319,0.8815543475936666,5.138209367750779e-06
16,2.0,0.156,177.7,0.005641748942172073,0.5012693935119885,0.312,95.13559999999998,0.535371975239167,0.0029005960167007385,0.8844549436103674,7.513919360820059e-06
55,1.9000000000000057,0.154,179.6,0.005359661495063486,0.506629055007052,0.29260000000000086,95.42819999999999,0.531337416481069,0.0027202384438674313,0.8871751820542348,6.96655404318509e-06
52,3.0999999999999943,0.15,182.7,0.008744710860366697,0.5153737658674187,0.46499999999999914,95.8932,0.5248669950738917,0.004323003678736669,0.8914981857329715,1.955149440007857e-05
92,3.0,0.15,185.7,0.00846262341325811,0.5238363892806768,0.44999999999999996,96.3432,0.51881098546042,0.004183551947164526,0.895681737680136,1.8310452611936295e-05
22,3.000000000000007,0.143,188.7,0.00846262341325813,0.5322990126939349,0.429000000000001,96.7722,0.5128362480127187,0.003988319522963525,0.8996700572030996,2.0019395302705448e-05
11,3.0,0.14,191.7,0.00846262341325811,0.540761636107193,0.42000000000000004,97.1922,0.507001564945227,0.003904648484020225,0.9035747056871198,2.0775135455561105e-05
9,3.0,0.137,194.7,0.00846262341325811,0.5492242595204511,0.41100000000000003,97.6032,0.5013004622496148,0.0038209774450769346,0.9073956831321968,2.1544877293932564e-05
88,3.0,0.134,197.7,0.00846262341325811,0.5576868829337092,0.402,98.0052,0.4957268588770865,0.0037373064061336438,0.9111329895383304,2.2328620817819726e-05
34,3.0,0.127,200.7,0.00846262341325811,0.5661495063469673,0.381,98.3862,0.49021524663677135,0.0035420739819326326,0.9146750635202631,2.4211806706117484e-05
106,3.0,0.121,203.7,0.00846262341325811,0.5746121297602254,0.363,98.7492,0.4847776141384389,0.0033747319040460513,0.9180497954243091,2.5886640009512166e-05
8,3.1000000000000014,0.117,206.79999999999998,0.008744710860366718,0.5833568406205921,0.3627000000000002,99.1119,0.47926450676982596,0.00337194286941461,0.9214217382937236,2.886663588459955e-05
49,3.0,0.115,209.79999999999998,0.00846262341325811,0.5918194640338502,0.34500000000000003,99.4569,0.47405576739752153,0.0032073898261594704,0.9246291281198831,2.7617480054969643e-05
4,3.0,0.115,212.79999999999998,0.00846262341325811,0.6002820874471083,0.34500000000000003,99.8019,0.46899389097744365,0.0032073898261594704,0.9278365179460425,2.7617480054969643e-05
59,3.0999999999999943,0.108,215.89999999999998,0.008744710860366697,0.609026798307475,0.3347999999999994,100.1367,0.46381056044465035,0.003112562648690402,0.9309490805947329,3.17210934782885e-05
83,3.1000000000000227,0.105,219.0,0.008744710860366777,0.6177715091678417,0.3255000000000024,100.46220000000001,0.45873150684931513,0.0030261025751156965,0.9339751831698486,3.270248072014233e-05
77,3.0,0.103,222.0,0.00846262341325811,0.6262341325810998,0.309,100.77120000000001,0.45392432432432434,0.0028727056703863082,0.936847888840235,3.1247180372072985e-05
105,3.099999999999966,0.098,225.09999999999997,0.008744710860366618,0.6349788434414665,0.3037999999999967,101.075,0.449022656597068,0.002824362403441265,0.9396722512436763,3.5050525851418404e-05
80,3.0999999999999943,0.098,228.19999999999996,0.008744710860366697,0.6437235543018331,0.30379999999999946,101.3788,0.4442541630148993,0.0028243624034412908,0.9424966136471176,3.505052585141904e-05
81,3.0,0.096,231.19999999999996,0.00846262341325811,0.6521861777150912,0.28800000000000003,101.6668,0.4397352941176471,0.002677473246185297,0.9451740868933028,3.34679624555826e-05
82,3.0,0.094,234.19999999999996,0.00846262341325811,0.6606488011283493,0.28200000000000003,101.94879999999999,0.43530657557643043,0.002621692553556437,0.9477957794468593,3.4116473307815334e-05
63,3.0,0.093,237.19999999999996,0.00846262341325811,0.6691114245416074,0.279,102.22779999999999,0.4309772344013491,0.0025938022072420066,0.9503895816541014,3.4443062348184316e-05
50,3.1000000000000227,0.091,240.29999999999998,0.008744710860366777,0.6778561354019742,0.28210000000000207,102.50989999999999,0.42659134415314187,0.002622622231766937,0.9530122038858683,3.747996917643148e-05
5,0.5,0.09,240.79999999999998,0.0014104372355430183,0.6792665726375172,0.045,102.55489999999999,0.4258924418604651,0.0004183551947164526,0.9534305590805847,9.842267757306037e-07
0,0.9000000000000004,0.087,241.7,0.002538787023977434,0.6818053596614947,0.07830000000000002,102.63319999999999,0.42463053371948695,0.0007279380388066279,0.9541584971193914,3.279174047094139e-06
60,3.0,0.081,244.7,0.00846262341325811,0.6902679830747528,0.243,102.87619999999998,0.4204176542705353,0.002259118051468844,0.9564176151708602,3.848347877374816e-05
53,3.0,0.078,247.7,0.00846262341325811,0.6987306064880109,0.23399999999999999,103.11019999999998,0.41627048849414605,0.0021754470125255536,0.9585930621833858,3.952858709392838e-05
120,3.1000000000000227,0.075,250.8,0.008744710860366777,0.7074753173483777,0.2325000000000017,103.34269999999998,0.4120522328548643,0.0021615018393683545,0.9607545640227542,4.3338641014155016e-05
12,3.1000000000000014,0.075,253.9,0.008744710860366718,0.7162200282087444,0.2325000000000001,103.57519999999998,0.4079369830641984,0.0021615018393683397,0.9629160658621225,4.333864101415441e-05
51,3.0,0.073,256.9,0.00846262341325811,0.7246826516220025,0.21899999999999997,103.79419999999998,0.40402569093032303,0.0020359952809534025,0.964952061143076,4.130154915093029e-05
99,3.1000000000000227,0.068,260.0,0.008744710860366777,0.7334273624823693,0.21080000000000157,104.00499999999998,0.4000192307692307,0.001959761667693975,0.9669118228107699,4.6035535547151326e-05
78,3.0999999999999943,0.068,263.1,0.008744710860366697,0.7421720733427359,0.21079999999999963,104.21579999999999,0.3961071835803876,0.001959761667693957,0.9688715844784639,4.603553554715048e-05
118,3.1000000000000227,0.06,266.20000000000005,0.008744710860366777,0.7509167842031027,0.18600000000000136,104.4018,0.3921930879038316,0.0017292014714946837,0.9706007859499586,4.9217371985352514e-05
98,3.0,0.06,269.20000000000005,0.00846262341325811,0.7593794076163608,0.18,104.5818,0.3884910846953937,0.0016734207788658105,0.9722742067288244,4.609327241083934e-05
85,3.0999999999999943,0.058,272.30000000000007,0.008744710860366697,0.7681241184767275,0.17979999999999968,104.7616,0.3847286081527726,0.0016715614224448456,0.9739457681512692,5.002944297117421e-05
87,3.1000000000000227,0.057,275.4000000000001,0.008744710860366777,0.7768688293370942,0.1767000000000013,104.9383,0.38103957879448064,0.0016427413979199495,0.9755885095491892,5.04379702455273e-05
89,3.1000000000000227,0.056,278.5000000000001,0.008744710860366777,0.785613540197461,0.17360000000000128,105.1119,0.3774215439856372,0.0016139213733950381,0.9772024309225842,5.0848158707506696e-05
113,3.0,0.047,281.5000000000001,0.00846262341325811,0.7940761636107191,0.14100000000000001,105.25290000000001,0.3739001776198933,0.0013108462767782185,0.9785132771993624,5.1147916209876525e-05
115,3.0,0.046,284.5000000000001,0.00846262341325811,0.8025387870239772,0.138,105.39090000000002,0.3704425307557117,0.0012829559304637882,0.9797962331298262,5.154762516349416e-05
117,3.0,0.044,287.5000000000001,0.00846262341325811,0.8110014104372353,0.132,105.52290000000002,0.3670361739130434,0.0012271752378349278,0.9810234083676611,5.235171029923467e-05
109,3.0,0.044,290.5000000000001,0.00846262341325811,0.8194640338504934,0.132,105.65490000000003,0.36370017211703953,0.0012271752378349278,0.982250583605496,5.235171029923467e-05
90,3.0,0.042,293.5000000000001,0.00846262341325811,0.8279266572637515,0.126,105.78090000000003,0.3604119250425894,0.0011713945452060674,0.9834219781507021,5.316201840631547e-05
96,3.0,0.04,296.5000000000001,0.00846262341325811,0.8363892806770096,0.12,105.90090000000004,0.3571699831365936,0.001115613852577207,0.9845375920032793,5.397854948473661e-05
119,3.0,0.04,299.5000000000001,0.00846262341325811,0.8448519040902677,0.12,106.02090000000004,0.35399298831385645,0.001115613852577207,0.9856532058558565,5.397854948473661e-05
108,3.1000000000000227,0.036,302.60000000000014,0.008744710860366777,0.8535966149506344,0.11160000000000081,106.13250000000004,0.35073529411764703,0.00103752088289681,0.9866907267387532,5.940077734881354e-05
84,3.0,0.036,305.60000000000014,0.00846262341325811,0.8620592383638925,0.10799999999999998,106.24050000000004,0.34764561518324605,0.0010040524673194861,0.9876947792060727,5.563028055559978e-05
91,3.099999999999966,0.035,308.7000000000001,0.008744710860366618,0.8708039492242592,0.10849999999999882,106.34900000000003,0.34450599287333983,0.0010087008583718805,0.9887034800644446,5.9845850750962625e-05
94,3.0,0.034,311.7000000000001,0.00846262341325811,0.8792665726375173,0.10200000000000001,106.45100000000004,0.34151748476098814,0.0009482717746906261,0.9896517518391352,5.6465480548041845e-05
114,3.1000000000000227,0.032,314.8000000000001,0.008744710860366777,0.888011283497884,0.09920000000000073,106.55020000000003,0.3384695044472681,0.0009222407847971646,0.9905739926239324,6.119103808318209e-05
86,2.9999999999999716,0.032,317.80000000000007,0.00846262341325803,0.896473906911142,0.09599999999999909,106.64620000000004,0.3355764631843927,0.0008924910820617572,0.9914664837059942,5.7306903511823135e-05
95,3.099999999999966,0.032,320.90000000000003,0.008744710860366618,0.9052186177715087,0.09919999999999891,106.74540000000003,0.33264381427235906,0.0009222407847971477,0.9923887244907914,6.119103808317984e-05
102,3.0,0.032,323.90000000000003,0.00846262341325811,0.9136812411847668,0.096,106.84140000000004,0.329859215807348,0.0008924910820617656,0.9932812155728532,5.730690351182422e-05
97,3.1000000000000227,0.029,327.00000000000006,0.008744710860366777,0.9224259520451336,0.08990000000000066,106.93130000000004,0.3270070336391438,0.0008357807112224304,0.9941169962840757,6.255117610404442e-05
112,3.099999999999966,0.028,330.1,0.008744710860366618,0.9311706629055002,0.08679999999999904,107.01810000000003,0.32419903059678895,0.0008069606866975042,0.9949239569707732,6.300787781958403e-05
103,3.1000000000000227,0.027,333.20000000000005,0.008744710860366777,0.939915373765867,0.08370000000000061,107.10180000000004,0.3214339735894359,0.0007781406621726075,0.9957020976329458,6.34662407227555e-05
104,3.0,0.027,336.20000000000005,0.00846262341325811,0.9483779971791251,0.081,107.18280000000004,0.31880666270077346,0.0007530393504896148,0.9964551369834355,5.943768642089397e-05
101,3.099999999999966,0.027,339.3,0.008744710860366618,0.9571227080394917,0.08369999999999908,107.26650000000004,0.31614058355437674,0.0007781406621725933,0.9972332776456081,6.346624072275316e-05
100,3.0,0.023,342.3,0.00846262341325811,0.9655853314527498,0.069,107.33550000000004,0.31357142857142867,0.0006414779652318941,0.9978747556108399,6.117031611918119e-05
111,3.0,0.021,345.3,0.00846262341325811,0.9740479548660079,0.063,107.39850000000004,0.31102953953084284,0.0005856972726030337,0.998460452883443,6.204596542533528e-05
116,3.099999999999966,0.021,348.4,0.008744710860366618,0.9827926657263746,0.06509999999999928,107.46360000000004,0.3084489092996557,0.0006052205150231282,0.9990656733984661,6.625130308193988e-05
107,3.0,0.018,351.4,0.00846262341325811,0.9912552891396327,0.05399999999999999,107.51760000000004,0.30596926579396716,0.0005020262336597431,0.9995676996321258,6.337110745582947e-05
110,3.1000000000000227,0.015,354.5,0.008744710860366777,0.9999999999999994,0.04650000000000034,107.56410000000004,0.3034248236953457,0.0004323003678736709,0.9999999999999994,6.90961681957095e-05
