,weight,grade,cml_weight,weight_pct,cml_weight_pct,yield,cml_yield,cml_grade,recovery,cml_recovery,distributional_heterogeneity
82,3.0,2.171,3.0,0.010814708002883922,0.010814708002883922,6.513,6.513,2.171,0.05771843365304604,0.05771843365304604,0.0021999594798656754
83,3.099999999999966,1.843,6.099999999999966,0.011175198269646596,0.021989906272530516,5.713299999999937,12.226299999999938,2.0043114754098372,0.05063146430062096,0.10834989795366701,0.0015567969291070216
5,3.0,1.461,9.099999999999966,0.010814708002883922,0.03280461427541444,4.383,16.609299999999937,1.8251978021978021,0.03884229920179653,0.14719219715546353,0.0007855458684133638
26,3.0,0.962,12.099999999999966,0.010814708002883922,0.04361932227829836,2.886,19.495299999999936,1.6111818181818174,0.025575832876200043,0.17276803003166358,0.00021789080752563186
30,3.0,0.817,15.099999999999966,0.010814708002883922,0.05443403028118228,2.4509999999999996,21.946299999999937,1.4533973509933766,0.021720847671367394,0.19448887770303097,0.00011894388246846881
6,3.1000000000000014,0.77,18.199999999999967,0.011175198269646724,0.065609228550829,2.3870000000000013,24.333299999999937,1.3369945054945045,0.021153677434334557,0.21564255513736552,9.957004644010922e-05
89,3.099999999999966,0.704,21.299999999999933,0.011175198269646596,0.0767844268204756,2.182399999999976,26.515699999999914,1.2448685446009389,0.019340505082819943,0.23498306022018547,6.667223535325509e-05
86,3.0,0.67,24.299999999999933,0.010814708002883922,0.08759913482335951,2.0100000000000002,28.525699999999915,1.1738971193415635,0.01781269025681292,0.25279575047699837,4.897175562630521e-05
37,3.0999999999999943,0.667,27.399999999999928,0.011175198269646698,0.0987743330930062,2.0676999999999963,30.59339999999991,1.1165474452554742,0.018324029673637814,0.2711197801506362,5.1105790442689614e-05
39,3.0999999999999943,0.655,30.499999999999922,0.011175198269646698,0.1099495313626529,2.0304999999999964,32.62389999999991,1.0696360655737702,0.01799436197336247,0.28911414212399866,4.650099361807463e-05
20,3.0,0.647,33.49999999999992,0.010814708002883922,0.12076423936553682,1.941,34.56489999999991,1.0317880597014921,0.01720120984501188,0.30631535196901055,4.078740577950381e-05
21,3.0999999999999943,0.638,36.599999999999916,0.011175198269646698,0.1319394376351835,1.9777999999999964,36.542699999999904,0.9984344262295078,0.017527332731305734,0.3238426847003163,4.0349612218996354e-05
11,3.0,0.606,39.599999999999916,0.010814708002883922,0.14275414563806743,1.818,38.3606999999999,0.968704545454545,0.016111179545714373,0.3399538642460307,2.8052610804012774e-05
2,3.099999999999998,0.599,42.69999999999992,0.01117519826964671,0.15392934390771415,1.8568999999999987,40.2175999999999,0.9418641686182664,0.01645591270541089,0.3564097769514416,2.7885944952088188e-05
12,3.1000000000000014,0.596,45.79999999999992,0.011175198269646724,0.16510454217736087,1.8476000000000008,42.0651999999999,0.9184541484716151,0.01637349578034207,0.3727832727317837,2.7022297009701457e-05
38,3.0,0.581,48.79999999999992,0.010814708002883922,0.1759192501802448,1.7429999999999999,43.8081999999999,0.897709016393442,0.0154465269241915,0.3882297996559752,2.1453746519782917e-05
19,3.0,0.579,51.79999999999992,0.010814708002883922,0.1867339581831287,1.7369999999999999,45.5451999999999,0.8792509652509647,0.01539335471446967,0.4036231543704449,2.096400570951501e-05
35,3.0999999999999943,0.55,54.89999999999991,0.011175198269646698,0.1979091564527754,1.704999999999997,47.2501999999999,0.8606593806921671,0.015109769595953221,0.4187329239663981,1.5480851521793477e-05
1,3.0,0.548,57.89999999999991,0.010814708002883922,0.20872386445565932,1.6440000000000001,48.8941999999999,0.8444594127806558,0.014569185463781314,0.43330210943017944,1.4096101004386541e-05
27,3.0999999999999943,0.546,60.99999999999991,0.011175198269646698,0.21989906272530602,1.692599999999997,50.5867999999999,0.8292918032786881,0.014999880362528107,0.4483019897927075,1.4628193111607713e-05
66,3.0999999999999943,0.54,64.09999999999991,0.011175198269646698,0.2310742609949527,1.673999999999997,52.2607999999999,0.8153010920436813,0.014835046512390435,0.46313703630509795,1.3394489159914422e-05
48,3.0999999999999943,0.539,67.1999999999999,0.011175198269646698,0.2422494592645994,1.670899999999997,53.93169999999989,0.8025550595238091,0.014807574204034155,0.4779446105091321,1.3194154928717165e-05
28,3.0,0.538,70.1999999999999,0.010814708002883922,0.2530641672674833,1.614,55.54569999999989,0.7912492877492873,0.014303324415172165,0.4922479349243043,1.217044447208691e-05
18,3.1000000000000085,0.538,73.29999999999991,0.011175198269646748,0.26423936553713007,1.6678000000000046,57.2134999999999,0.7805388813096857,0.014780101895677945,0.5070280368199822,1.2995330152972872e-05
34,3.0,0.535,76.29999999999991,0.010814708002883922,0.275054073540014,1.605,58.818499999999894,0.7708846657929221,0.01422356610058942,0.5212516029205716,1.1620313530292366e-05
31,3.0999999999999943,0.52,79.3999999999999,0.011175198269646698,0.2862292718096607,1.611999999999997,60.43049999999989,0.7610894206549114,0.014285600345264863,0.5355372032658364,9.674601072009791e-06
3,3.0,0.519,82.3999999999999,0.010814708002883922,0.2970439798125446,1.557,61.98749999999989,0.7522754854368927,0.013798188422814783,0.5493353916886512,8.901155416110843e-06
13,3.0,0.504,85.3999999999999,0.010814708002883922,0.3078586878154285,1.512,63.49949999999989,0.7435538641686178,0.013399396849901062,0.5627347885385523,6.680616435894799e-06
4,3.1000000000000014,0.484,88.49999999999991,0.011175198269646724,0.31903388608507527,1.5004000000000006,64.9998999999999,0.7344621468926549,0.013296597244438864,0.5760313857829912,4.500333610249144e-06
15,3.0,0.464,91.49999999999991,0.010814708002883922,0.3298485940879592,1.3920000000000001,66.3918999999999,0.7255945355191252,0.01233595265546447,0.5883673384384557,2.314185293004917e-06
42,3.0,0.461,94.49999999999991,0.010814708002883922,0.3406633020908431,1.383,67.77489999999989,0.7171947089947085,0.012256194340881725,0.6006235327793374,2.077882862634322e-06
17,3.0,0.46,97.49999999999991,0.010814708002883922,0.35147801009372703,1.3800000000000001,69.15489999999988,0.709281025641025,0.012229608236020812,0.6128531410153583,2.0019426697308263e-06
16,3.0999999999999943,0.454,100.59999999999991,0.011175198269646698,0.3626532083633737,1.4073999999999975,70.56229999999988,0.7014145129224646,0.012472427993750477,0.6253255690091087,1.6828049570983665e-06
29,3.1000000000000085,0.443,103.69999999999992,0.011175198269646748,0.37382840663302047,1.3733000000000037,71.93559999999988,0.6936894889103177,0.012170232601831466,0.6374958016109402,9.900933222262895e-07
22,3.0,0.431,106.69999999999992,0.010814708002883922,0.3846431146359044,1.293,73.22859999999989,0.6863036551077782,0.01145861119505428,0.6489544128059945,4.146113208871798e-07
65,3.0,0.426,109.69999999999992,0.010814708002883922,0.3954578226387883,1.278,74.50659999999989,0.6791850501367361,0.011325680670749707,0.6602800934767442,2.610930673058789e-07
10,3.0999999999999943,0.423,112.79999999999991,0.011175198269646698,0.406633020908435,1.3112999999999975,75.8178999999999,0.6721445035460989,0.011620786434705838,0.6719008799114501,1.9854881284077326e-07
55,3.0,0.405,115.79999999999991,0.010814708002883922,0.4174477289113189,1.215,77.0328999999999,0.6652236614853192,0.010767372468670497,0.6826682523801206,2.240652799270223e-09
40,3.0,0.402,118.79999999999991,0.010814708002883922,0.42826243691420285,1.206,78.2388999999999,0.658576599326599,0.010687614154087751,0.6933558665342083,1.6152846401823308e-08
25,3.0999999999999943,0.402,121.8999999999999,0.011175198269646698,0.43943763518384954,1.2461999999999978,79.4850999999999,0.6520516817063163,0.01104386795922399,0.7043997344934323,1.72476504357246e-08
41,3.1000000000000227,0.393,124.99999999999993,0.0111751982696468,0.45061283345349634,1.218300000000009,80.70339999999992,0.6456271999999997,0.010796617184017582,0.7151963516774499,1.433236383961973e-07
32,3.0,0.383,127.99999999999993,0.010814708002883922,0.46142754145638026,1.149,81.85239999999992,0.6394718749999997,0.01018247816173037,0.7253788298391802,3.9971457204504324e-07
9,3.0,0.377,130.99999999999994,0.010814708002883922,0.4722422494592642,1.131,82.98339999999992,0.6334610687022897,0.010022961532564881,0.7354017913717451,6.26862473262657e-07
57,3.0,0.369,133.99999999999994,0.010814708002883922,0.4830569574621481,1.107,84.09039999999992,0.6275402985074623,0.009810272693677563,0.7452120640654226,1.0088902903804714e-06
7,3.0,0.353,136.99999999999994,0.010814708002883922,0.49387166546503203,1.059,85.14939999999991,0.6215284671532844,0.009384895015902926,0.7545969590813255,2.044365177739515e-06
58,3.0999999999999943,0.337,140.09999999999994,0.011175198269646698,0.5050468637346788,1.0446999999999982,86.1940999999999,0.615232690935046,0.009258167916065882,0.7638551269973914,3.6750053765501847e-06
67,3.0,0.335,143.09999999999994,0.010814708002883922,0.5158615717375628,1.0050000000000001,87.1990999999999,0.6093577917540177,0.00890634512840646,0.7727614721257979,3.6418488606838756e-06
49,3.0,0.335,146.09999999999994,0.010814708002883922,0.5266762797404467,1.0050000000000001,88.2040999999999,0.603724161533196,0.00890634512840646,0.7816678172542044,3.6418488606838756e-06
47,3.0,0.332,149.09999999999994,0.010814708002883922,0.5374909877433307,0.996,89.20009999999989,0.5982568745808178,0.008826586813823716,0.7904944040680282,3.952625862390163e-06
69,3.0999999999999943,0.331,152.19999999999993,0.011175198269646698,0.5486661860129775,1.0260999999999982,90.22619999999989,0.5928134034165568,0.00909333406592821,0.7995877381339563,4.334158562724408e-06
8,3.1000000000000014,0.325,155.29999999999993,0.011175198269646724,0.5598413842826242,1.0075000000000005,91.2336999999999,0.587467482292337,0.00892850021579056,0.808516238349747,5.0476521452010716e-06
46,3.0999999999999943,0.324,158.39999999999992,0.011175198269646698,0.571016582552271,1.0043999999999982,92.2380999999999,0.582311237373737,0.00890102790743426,0.8174172662571813,5.171850836365446e-06
14,3.1000000000000014,0.317,161.49999999999991,0.011175198269646724,0.5821917808219177,0.9827000000000005,93.2207999999999,0.5772185758513929,0.00870872174894033,0.8261259880061216,6.083506427195913e-06
68,3.0,0.315,164.49999999999991,0.010814708002883922,0.5930064888248017,0.9450000000000001,94.16579999999989,0.5724364741641333,0.008374623031188164,0.8345006110373098,5.954014669095484e-06
24,3.0,0.301,167.49999999999991,0.010814708002883922,0.6038211968276856,0.903,95.0687999999999,0.567574925373134,0.008002417563135356,0.8425030286004451,7.908977517501175e-06
23,3.1000000000000085,0.297,170.5999999999999,0.011175198269646748,0.6149963950973324,0.9207000000000025,95.9894999999999,0.5626582649472447,0.008159275581814776,0.8506623041822599,9.095789658979632e-06
33,3.1000000000000085,0.283,173.69999999999993,0.011175198269646748,0.6261715933669791,0.8773000000000023,96.8667999999999,0.5576672423719052,0.007774663264826873,0.8584369674470868,1.156363831900531e-05
85,3.1000000000000227,0.267,176.79999999999995,0.0111751982696468,0.6373467916366259,0.8277000000000061,97.6944999999999,0.5525707013574657,0.007335106331126448,0.8657720737782132,1.4746306096288989e-05
90,3.1000000000000227,0.254,179.89999999999998,0.0111751982696468,0.6485219899062726,0.7874000000000058,98.48189999999991,0.5474257921067255,0.006977966322494824,0.872750040100708,1.761675601819317e-05
71,3.1000000000000227,0.233,183.0,0.0111751982696468,0.6596971881759194,0.7223000000000054,99.20419999999991,0.5420994535519121,0.006401047847012968,0.879151087947721,2.2792512257934795e-05
43,3.0999999999999943,0.231,186.1,0.011175198269646698,0.6708723864455661,0.7160999999999987,99.92029999999991,0.5369172487909721,0.006346103230300353,0.8854971911780214,2.3320158899039472e-05
60,3.1000000000000227,0.223,189.20000000000002,0.0111751982696468,0.6820475847152129,0.6913000000000051,100.61159999999991,0.5317737843551792,0.0061263247634501805,0.8916235159414716,2.5491123681574155e-05
87,3.1000000000000227,0.222,192.30000000000004,0.0111751982696468,0.6932227829848596,0.688200000000005,101.29979999999992,0.5267800312012475,0.006098852455093901,0.8977223683965655,2.5769286828928735e-05
56,3.0999999999999943,0.216,195.40000000000003,0.011175198269646698,0.7043979812545064,0.6695999999999988,101.96939999999992,0.5218495394063455,0.005934018604956173,0.9036563870015216,2.746996427756547e-05
44,3.0,0.211,198.40000000000003,0.010814708002883922,0.7152126892573902,0.633,102.60239999999992,0.5171491935483866,0.0056096681256530235,0.9092660551271746,2.7092440123563833e-05
64,3.0999999999999943,0.209,201.50000000000003,0.011175198269646698,0.726387887527037,0.6478999999999988,103.25029999999991,0.5124084367245653,0.0057417124464622235,0.9150077675736369,2.9522768190746663e-05
50,3.0999999999999943,0.203,204.60000000000002,0.011175198269646698,0.7375630857966837,0.6292999999999989,103.87959999999991,0.5077204301075264,0.005576878596324552,0.9205846461699614,3.1341183164705764e-05
45,3.0,0.188,207.60000000000002,0.010814708002883922,0.7483777937995677,0.5640000000000001,104.44359999999992,0.5031001926782269,0.004998187713851984,0.9255828338838133,3.383190827272017e-05
88,3.0,0.183,210.60000000000002,0.010814708002883922,0.7591925018024517,0.5489999999999999,104.99259999999992,0.4985403608736938,0.004865257189547409,0.9304480910733608,3.539596498031048e-05
52,3.1999999999999886,0.183,213.8,0.011535688536409475,0.7707281903388612,0.5855999999999979,105.57819999999992,0.4938175865294664,0.005189607668850551,0.9356376987422114,4.0272742377597415e-05
84,3.0,0.17,216.8,0.010814708002883922,0.7815428983417452,0.51,106.08819999999993,0.4893367158671583,0.004519637826355517,0.9401573365685669,3.9627908527417346e-05
72,3.0,0.158,219.8,0.010814708002883922,0.7923576063446292,0.474,106.56219999999993,0.4848143767060961,0.004200604568024539,0.9443579411365914,4.374636424701867e-05
0,3.0,0.156,222.8,0.010814708002883922,0.8031723143475131,0.46799999999999997,107.03019999999994,0.48038689407540364,0.004147432358302709,0.9485053734948942,4.44525645208258e-05
51,3.0,0.155,225.8,0.010814708002883922,0.8139870223503971,0.46499999999999997,107.49519999999994,0.476063773250664,0.0041208462534417945,0.952626219748336,4.4807785120644394e-05
80,3.0,0.152,228.8,0.010814708002883922,0.8248017303532811,0.45599999999999996,107.95119999999994,0.47181468531468507,0.00404108793885905,0.956667307687195,4.588192877176028e-05
59,3.0,0.149,231.8,0.010814708002883922,0.8356164383561651,0.44699999999999995,108.39819999999995,0.46763675582398595,0.0039613296242763055,0.9606286373114713,4.696879520036634e-05
53,2.9000000000000057,0.128,234.70000000000002,0.010454217736121143,0.8460706560922862,0.37120000000000075,108.76939999999995,0.463440136344269,0.003289587374790532,0.9639182246862619,5.133192821450041e-05
62,3.0999999999999943,0.124,237.8,0.011175198269646698,0.8572458543619329,0.3843999999999993,109.15379999999995,0.4590151387720771,0.003406566236178544,0.9673247909224404,6.035164367142753e-05
54,3.0999999999999943,0.12,240.9,0.011175198269646698,0.8684210526315796,0.37199999999999933,109.52579999999995,0.4546525529265253,0.00329667700275343,0.9706214679251938,6.207109735288951e-05
70,3.0,0.12,243.9,0.010814708002883922,0.8792357606344636,0.36,109.88579999999995,0.4505362853628534,0.0031903325833097765,0.9738118005085036,5.8131100538606414e-05
36,3.0,0.12,246.9,0.010814708002883922,0.8900504686373476,0.36,110.24579999999995,0.4465200486026729,0.0031903325833097765,0.9770021330918134,5.8131100538606414e-05
74,3.0999999999999943,0.116,250.0,0.011175198269646698,0.9012256669069943,0.35959999999999936,110.60539999999995,0.4424215999999998,0.0031867877693283154,0.9801889208611417,6.381470232159698e-05
81,3.1000000000000227,0.116,253.10000000000002,0.0111751982696468,0.9124008651766411,0.35960000000000264,110.96499999999995,0.438423548004741,0.0031867877693283445,0.9833757086304701,6.381470232159817e-05
63,3.0,0.108,256.1,0.010814708002883922,0.9232155731795251,0.324,111.28899999999994,0.43455290901991384,0.002871299324978799,0.9862470079554488,6.30977414242184e-05
73,3.0999999999999943,0.104,259.20000000000005,0.011175198269646698,0.9343907714491718,0.3223999999999994,111.61139999999995,0.43059953703703674,0.0028571200690529724,0.9891041280245018,6.919042495119255e-05
61,3.0,0.104,262.20000000000005,0.010814708002883922,0.9452054794520557,0.312,111.92339999999994,0.42686270022883266,0.0027649549055351395,0.991869082930037,6.47985249282763e-05
78,3.0,0.07,265.20000000000005,0.010814708002883922,0.9560201874549397,0.21000000000000002,112.13339999999994,0.4228257918552033,0.0018610273402640365,0.993730110270301,8.016839740817326e-05
77,3.1000000000000227,0.065,268.30000000000007,0.0111751982696468,0.9671953857245864,0.20150000000000148,112.33489999999993,0.41869139023481144,0.0017857000431581243,0.9955158103134591,8.816267694523399e-05
76,3.0,0.062,271.30000000000007,0.010814708002883922,0.9780100937274703,0.186,112.52089999999994,0.4147471433837078,0.001648338501376718,0.9971641488148358,8.402232983816141e-05
75,3.0,0.055,274.30000000000007,0.010814708002883922,0.9888248017303543,0.165,112.68589999999995,0.4108126139263577,0.0014622357673503142,0.9986263845821861,8.746873691642698e-05
79,3.099999999999966,0.05,277.40000000000003,0.011175198269646596,1.0000000000000009,0.1549999999999983,112.84089999999995,0.4067804614275412,0.0013736154178139166,1.0,9.607102640134043e-05
