,weight,grade,cml_weight,weight_pct,cml_weight_pct,yield,cml_yield,cml_grade,recovery,cml_recovery,distributional_heterogeneity
27,0.7999999999999545,3.15,0.7999999999999545,0.018022077044378356,0.018022077044378356,2.5199999999998566,2.5199999999998566,3.15,0.20134710803230196,0.20134710803230196,0.03360806698672317
26,0.8000000000000114,1.68,1.599999999999966,0.018022077044379636,0.036044154088757996,1.344000000000019,3.8639999999998755,2.414999999999974,0.10738512428390201,0.30873223231620395,0.00798575421193311
14,0.7999999999999972,0.93,2.399999999999963,0.018022077044379317,0.05406623113313731,0.7439999999999974,4.607999999999873,1.9199999999999764,0.059445336657159,0.36817756897336296,0.001715886436947744
4,0.7999999999999972,0.93,3.19999999999996,0.018022077044379317,0.07208830817751663,0.7439999999999974,5.35199999999987,1.6724999999999801,0.059445336657159,0.42762290563052197,0.001715886436947744
16,0.7999999999999972,0.89,3.9999999999999574,0.018022077044379317,0.09011038522189595,0.7119999999999975,6.063999999999867,1.515999999999983,0.0568885479837328,0.48451145361425474,0.001510602563279609
24,1.0,0.83,4.999999999999957,0.022527596305474226,0.11263798152737017,0.83,6.893999999999867,1.3787999999999851,0.06631670621699212,0.5508281598312469,0.0019174861468429947
15,0.8000000000000114,0.69,5.799999999999969,0.018022077044379636,0.1306600585717498,0.5520000000000078,7.4459999999998745,1.2837931034482613,0.044104604616602615,0.5949327644478495,0.000680298244555772
46,1.0,0.58,6.799999999999969,0.022527596305474226,0.15318765487722402,0.58,8.025999999999874,1.1802941176470456,0.04634179470584991,0.6412745591536994,0.0005671160454524559
32,0.8000000000000114,0.55,7.59999999999998,0.018022077044379636,0.17120973192160366,0.4400000000000063,8.46599999999988,1.1139473684210397,0.03515584425961078,0.6764304034133102,0.00029356597898572975
5,0.9000000000000057,0.48,8.499999999999986,0.02027483667492693,0.1914845685965306,0.4320000000000027,8.897999999999882,1.0468235294117527,0.034516647091253946,0.7109470505045641,0.00020282916393460075
3,1.0999999999999943,0.41,9.59999999999998,0.02478035593602152,0.2162649245325521,0.4509999999999976,9.34899999999988,0.9738541666666561,0.03603474036610035,0.7469817908706644,0.00012666116890000078
22,1.009999999999991,0.32,10.609999999999971,0.022752872268528766,0.23901779680108087,0.3231999999999971,9.672199999999876,0.911611687087644,0.025823565601604412,0.7728053564722688,9.429157545795233e-06
39,0.8000000000000114,0.24,11.409999999999982,0.018022077044379636,0.2570398738454605,0.19200000000000272,9.864199999999878,0.864522348816818,0.015340732040557432,0.7881460885128262,7.189611029522304e-06
0,0.9900000000000091,0.23,12.399999999999991,0.02230232034241969,0.2793421941878802,0.2277000000000021,10.09189999999988,0.8138629032257974,0.018193149404348487,0.8063392379171747,1.6885285798288944e-05
38,0.8000000000000114,0.22,13.200000000000003,0.018022077044379636,0.29736427123225984,0.17600000000000252,10.267899999999882,0.777871212121203,0.014062337703844314,0.820401575621019,1.5679535644983128e-05
40,1.0,0.19,14.200000000000003,0.022527596305474226,0.3198918675377341,0.19,10.457899999999881,0.736471830985907,0.015180932748468077,0.8355825083694871,5.397346541984226e-05
41,1.0,0.16,15.200000000000003,0.022527596305474226,0.3424194638432083,0.16,10.617899999999882,0.698546052631571,0.012783943367131012,0.8483664517366181,9.493877258288436e-05
11,1.009999999999991,0.12,16.209999999999994,0.022752872268528766,0.3651723361117371,0.1211999999999989,10.73909999999988,0.6624984577421273,0.009683837100601654,0.8580502888372197,0.00017079968022051556
29,0.9000000000000341,0.12,17.110000000000028,0.020274836674927573,0.3854471727866647,0.10800000000000409,10.847099999999884,0.6339625949736918,0.00862916177281376,0.8666794506100335,0.00013562174392572354
21,0.9900000000000091,0.12,18.100000000000037,0.02230232034241969,0.4077494931290844,0.11880000000000109,10.965899999999884,0.6058508287292741,0.009492077950094864,0.8761715285601284,0.00016410231015011607
25,1.0,0.1,19.100000000000037,0.022527596305474226,0.4302770894345586,0.1,11.065899999999884,0.5793664921465896,0.007989964604456883,0.8841614931645853,0.00021134273547442442
33,0.8000000000000114,0.09,19.90000000000005,0.018022077044379636,0.44829916647893825,0.07200000000000102,11.137899999999885,0.5596934673366762,0.0057527745152090365,0.8899142676797943,0.00015053578455231212
45,0.8999999999999773,0.09,20.800000000000026,0.020274836674926293,0.46857400315386455,0.08099999999999795,11.218899999999882,0.539370192307686,0.006471871329609911,0.8963861390094042,0.00019052185232400497
44,0.910000000000025,0.09,21.71000000000005,0.02050011263798211,0.4890741157918467,0.08190000000000225,11.300799999999885,0.5205343159834113,0.006543781011050367,0.9029299200204546,0.00019477919248089525
1,1.0,0.09,22.71000000000005,0.022527596305474226,0.5116017120973209,0.09,11.390799999999885,0.5015763980625213,0.0071909681440111934,0.9101208881644658,0.000235212163362981
19,1.0,0.09,23.71000000000005,0.022527596305474226,0.534129308402795,0.09,11.480799999999885,0.48421762969210713,0.0071909681440111934,0.917311856308477,0.000235212163362981
18,1.0,0.08,24.71000000000005,0.022527596305474226,0.5566569047082692,0.08,11.560799999999885,0.46785916632941565,0.006391971683565506,0.9237038279920425,0.00026035838193914695
43,0.8999999999999773,0.08,25.610000000000028,0.020274836674926293,0.5769317413831955,0.07199999999999818,11.632799999999882,0.4542288168684057,0.005752774515208809,0.9294566025072514,0.00021089028937069836
42,1.0,0.07,26.610000000000028,0.022527596305474226,0.5994593376886697,0.07,11.702799999999883,0.4397895527996945,0.005592975223119818,0.9350495777303712,0.0002867813912029224
31,1.089999999999975,0.07,27.700000000000003,0.024555079972966343,0.624014417661636,0.07629999999999826,11.77909999999988,0.4252382671480101,0.006096342993200462,0.9411459207235717,0.0003407249708881765
37,0.7999999999999545,0.07,28.499999999999957,0.018022077044378356,0.6420364947060143,0.05599999999999682,11.835099999999878,0.415266666666663,0.0044743801784956,0.9456203009020673,0.00018354009036984948
2,1.0,0.07,29.499999999999957,0.022527596305474226,0.6645640910114885,0.07,11.905099999999878,0.40356271186440323,0.005592975223119818,0.9512132761251871,0.0002867813912029224
12,1.0,0.07,30.499999999999957,0.022527596305474226,0.6870916873169627,0.07,11.975099999999879,0.3926262295081933,0.005592975223119818,0.956806251348307,0.0002867813912029224
28,0.8000000000000114,0.07,31.29999999999997,0.018022077044379636,0.7051137643613423,0.0560000000000008,12.03109999999988,0.38438019169328724,0.004474380178495918,0.9612806315268029,0.00018354009036987556
34,1.0,0.06,32.29999999999997,0.022527596305474226,0.7276413606668165,0.06,12.09109999999988,0.37433746130030626,0.0047939787626741295,0.966074610289477,0.00031448119115430736
17,0.9999999999999858,0.06,33.299999999999955,0.022527596305473907,0.7501689569722905,0.059999999999999144,12.151099999999879,0.36489789789789473,0.004793978762674061,0.9708685890521511,0.0003144811911542984
23,1.0,0.06,34.299999999999955,0.022527596305474226,0.7726965532777647,0.06,12.21109999999988,0.3560087463556821,0.0047939787626741295,0.9756625678148253,0.00031448119115430736
9,1.0999999999999943,0.05,35.39999999999995,0.02478035593602152,0.7974769092137862,0.054999999999999716,12.266099999999879,0.3464999999999971,0.004394480532451263,0.9800570483472766,0.0004155839159698909
10,0.9900000000000091,0.04,36.38999999999996,0.02230232034241969,0.8197792295562059,0.039600000000000364,12.305699999999879,0.33816158285242903,0.0031640259833649546,0.9832210743306415,0.00036627431097382626
20,1.0,0.04,37.38999999999996,0.022527596305474226,0.84230682586168,0.04,12.345699999999878,0.33018721583310756,0.003195985841782753,0.9864170601724243,0.00037371116311990564
30,1.0,0.03,38.38999999999996,0.022527596305474226,0.8648344221671542,0.03,12.375699999999878,0.3223678041156523,0.0023969893813370648,0.9888140495537613,0.00040524133513411895
36,1.0,0.03,39.38999999999996,0.022527596305474226,0.8873620184726284,0.03,12.405699999999877,0.31494541761868217,0.0023969893813370648,0.9912110389350983,0.00040524133513411895
6,1.0,0.03,40.38999999999996,0.022527596305474226,0.9098896147781026,0.03,12.435699999999876,0.30789056697202005,0.0023969893813370648,0.9936080283164354,0.00040524133513411895
8,1.0,0.03,41.38999999999996,0.022527596305474226,0.9324172110835768,0.03,12.465699999999876,0.301176612708381,0.0023969893813370648,0.9960050176977724,0.00040524133513411895
7,1.0,0.02,42.38999999999996,0.022527596305474226,0.954944807389051,0.02,12.485699999999875,0.29454352441613324,0.0015979929208913765,0.9976030106186637,0.00043804829783594185
13,1.0,0.02,43.38999999999996,0.022527596305474226,0.9774724036945251,0.02,12.505699999999875,0.2882161788430488,0.0015979929208913765,0.9992010035395551,0.00043804829783594185
35,1.0,0.01,44.38999999999996,0.022527596305474226,0.9999999999999993,0.01,12.515699999999875,0.28194863708042095,0.0007989964604456883,1.0000000000000009,0.00047213205122537426
