,weight,grade,cml_weight,weight_pct,cml_weight_pct,yield,cml_yield,cml_grade,recovery,cml_recovery,distributional_heterogeneity
72,1.3800000000000239,56.4,1.3800000000000239,0.0027884984542019924,0.0027884984542019924,77.83200000000134,77.83200000000134,56.4,0.37881811396160736,0.37881811396160736,0.14139827173864714
69,1.039999999999992,10.85,2.420000000000016,0.0021014770959202895,0.004889975550122282,11.283999999999914,89.11600000000126,36.82479338843003,0.054920644438568596,0.43373875840017595,0.0027898644387706856
43,1.5999999999999943,4.54,4.02000000000001,0.0032330416860312282,0.00812301723615351,7.2639999999999745,96.38000000000125,23.9751243781097,0.03535479982291421,0.4690935582230902,0.001031807345804408
108,1.6499999999999773,3.74,5.6699999999999875,0.00333407423871967,0.01145709147487318,6.170999999999915,102.55100000000117,18.0865961199297,0.03003503162268741,0.49912858984577757,0.0007129411252204615
138,3.0,2.12,8.669999999999987,0.006061953161308574,0.017519044636181754,6.36,108.91100000000117,12.56182237600938,0.03095491834715517,0.5300835081929327,0.0006196597157437708
22,2.5,1.79,11.169999999999987,0.0050516276344238125,0.022570672270605566,4.475,113.38600000000116,10.150940017905219,0.02178038673011311,0.5518638949230458,0.0002798513808816075
44,1.0,1.74,12.169999999999987,0.002020651053769525,0.02459132332437509,1.74,115.12600000000116,9.459819227608978,0.008468798415731131,0.5603326933387769,4.157860440157244e-05
6,2.0,1.67,14.169999999999987,0.00404130210753905,0.02863262543191414,3.34,118.46600000000116,8.360338743825071,0.016256199257782745,0.5765888925965597,0.0001492037123910316
73,1.5,1.49,15.669999999999987,0.003030976580654287,0.03166360201256843,2.235,120.70100000000116,7.702680280791401,0.01087802555124085,0.5874669181478005,6.157617754678365e-05
68,1.6400000000000148,1.405,17.310000000000002,0.0033138677281820505,0.03497746974075048,2.3042000000000207,123.00520000000118,7.106019641825601,0.011214830637659682,0.5986817487854602,6.242521489694128e-05
20,1.75,1.4,19.060000000000002,0.0035361393440966685,0.03851360908484715,2.4499999999999997,125.45520000000118,6.582119622245601,0.011924457539391534,0.6106062063248517,7.036388214551495e-05
84,3.0,1.295,22.060000000000002,0.006061953161308574,0.04457556224615572,3.885,129.34020000000118,5.863109700816009,0.018908782669606577,0.6295149889944583,0.00016504102841527634
7,2.0000000000000036,1.275,24.060000000000006,0.004041302107539057,0.04861686435369478,2.5500000000000043,131.8902000000012,5.481720698254412,0.012411170092019782,0.6419261590864781,7.005469007763547e-05
70,2.289999999999992,1.06,26.349999999999998,0.004627290913132196,0.05324415526682697,2.4273999999999916,134.31760000000116,5.097442125237237,0.011814460502497516,0.6537406195889757,5.165540670629768e-05
173,1.5699999999999932,0.748,27.91999999999999,0.00317242215441814,0.05641657742124511,1.174359999999995,135.49196000000117,4.852863896848181,0.00571575753304481,0.6594563771220204,6.468554848174064e-06
31,2.5,0.651,30.41999999999999,0.0050516276344238125,0.061468205055668926,1.6275,137.11946000000117,4.5075430637738725,0.007921246794024377,0.6673776239160448,8.234714121146658e-06
46,2.0,0.631,32.41999999999999,0.00404130210753905,0.06550950716320797,1.262,138.38146000000117,4.26839790252934,0.0061423124141682115,0.673519936330213,4.414244308561966e-06
8,2.049999999999997,0.618,34.469999999999985,0.00414233466022752,0.06965184182343549,1.2668999999999981,139.64836000000116,4.051301421526,0.0061661613292469854,0.67968609765946,4.0958743862344275e-06
30,2.5,0.606,36.969999999999985,0.0050516276344238125,0.0747034694578593,1.515,141.16336000000115,3.8183218826075525,0.007373695172317622,0.6870597928317776,5.3919976505402265e-06
83,2.5999999999999943,0.597,39.56999999999998,0.005253692739800753,0.07995716219766005,1.5521999999999965,142.71556000000115,3.6066606014657876,0.007554752241895306,0.6946145450736729,5.294874832179635e-06
78,2.4799999999999898,0.581,42.04999999999997,0.005011214613348401,0.08496837681100845,1.440879999999994,144.15644000000114,3.42821498216412,0.007012943828309553,0.7016274889019825,4.00691985002899e-06
4,1.6999999999999993,0.571,43.74999999999997,0.003435106791408191,0.08840348360241665,0.9706999999999996,145.12714000000113,3.3171917714285994,0.004724518748362187,0.7063520076503447,1.6625831947359344e-06
21,2.5,0.544,46.24999999999997,0.0050516276344238125,0.09345511123684046,1.36,146.48714000000115,3.1672895135135404,0.006619290715743874,0.7129712983660885,2.4575675365339102e-06
101,2.330000000000041,0.542,48.58000000000001,0.004708116955283076,0.09816322819212353,1.2628600000000223,147.75000000000117,3.04137505146153,0.006146498142120923,0.7191177965082094,2.068940438649054e-06
95,3.0,0.539,51.58000000000001,0.006061953161308574,0.1042251813534321,1.617,149.36700000000116,2.895831717720068,0.007870141975998413,0.7269879384842078,3.2695467895694484e-06
15,1.0,0.483,52.58000000000001,0.002020651053769525,0.10624583240720163,0.483,149.85000000000116,2.849942944085225,0.002350821629194331,0.7293387601134022,1.0901260887634786e-07
85,3.0,0.476,55.58000000000001,0.006061953161308574,0.1123077855685102,1.428,151.27800000000116,2.72180640518174,0.006950255251531067,0.7362890153649332,7.890806034936484e-07
96,3.0,0.458,58.58000000000001,0.006061953161308574,0.11836973872981878,1.374,152.65200000000115,2.605872311369087,0.006687430473111825,0.742976445838045,3.9122186758062073e-07
167,3.0,0.431,61.58000000000001,0.006061953161308574,0.12443169189112735,1.293,153.94500000000116,2.4999188048067738,0.006293193305482961,0.749269639143528,5.3472004277791376e-08
102,2.269999999999982,0.379,63.849999999999994,0.004586877892056785,0.12901856978318413,0.8603299999999932,154.80533000000116,2.4245157400156803,0.004187334104026383,0.7534569732475543,1.5963523855368252e-07
40,3.0,0.362,66.85,0.006061953161308574,0.13508052294449271,1.0859999999999999,155.89133000000118,2.331957068062845,0.005285698321542533,0.7587426715690969,6.025715762602015e-07
28,2.5,0.355,69.35,0.0050516276344238125,0.14013215057891654,0.8875,156.77883000000116,2.2606896899783875,0.004319573904575505,0.7630622454736724,5.359026633848178e-07
79,3.0,0.318,72.35,0.006061953161308574,0.14619410374022512,0.954,157.73283000000117,2.1801358673116957,0.004643237752073276,0.7677054832257457,2.012753412401681e-06
159,2.0,0.317,74.35,0.00404130210753905,0.15023540584776418,0.634,158.36683000000116,2.130017888365853,0.0030857575836629523,0.7707912408094086,9.13065337109597e-07
38,3.0,0.316,77.35,0.006061953161308574,0.15629735900907277,0.948,159.31483000000117,2.059661667744036,0.004614034998915582,0.7754052758083242,2.0964670049874993e-06
26,3.0,0.314,80.35,0.006061953161308574,0.16235931217038135,0.942,160.25683000000117,1.9944845052893738,0.0045848322457578885,0.7799901080540821,2.181886199157297e-06
12,2.6000000000000014,0.313,82.94999999999999,0.005253692739800767,0.16761300491018213,0.8138000000000004,161.07063000000116,1.9417797468354572,0.003960866753288505,0.7839509748073706,1.6713990314014044e-06
0,2.74,0.308,85.68999999999998,0.005536583887328498,0.17314958879751063,0.84392,161.91455000000116,1.889538452561573,0.004107464574140124,0.7880584393815108,2.0423820113280086e-06
80,3.0,0.286,88.68999999999998,0.006061953161308574,0.17921154195881922,0.8579999999999999,162.77255000000116,1.8352976660277505,0.004175993701550178,0.792234433083061,3.5568430838521813e-06
124,2.569999999999993,0.286,91.25999999999998,0.005193073208187665,0.18440461516700687,0.735019999999998,163.50757000000115,1.7916674337059084,0.0035774346043279765,0.795811867687389,2.610288098281683e-06
5,3.0,0.286,94.25999999999998,0.006061953161308574,0.19046656832831546,0.8579999999999999,164.36557000000116,1.7437467642690558,0.004175993701550178,0.7999878613889392,3.5568430838521813e-06
140,3.0,0.277,97.25999999999998,0.006061953161308574,0.19652852148962405,0.8310000000000001,165.19657000000115,1.6985047295907998,0.004044581312340558,0.8040324427012797,4.0697891770086325e-06
100,2.25,0.275,99.50999999999998,0.004546464870981431,0.20107498636060547,0.61875,165.81532000000115,1.666318158979009,0.0030115339193871483,0.8070439766206668,2.3560130261621297e-06
97,3.0,0.274,102.50999999999998,0.006061953161308574,0.20713693952191406,0.8220000000000001,166.63732000000115,1.625571358891827,0.0040007771826040175,0.8110447538032709,4.248446415188688e-06
2,3.0,0.271,105.50999999999998,0.006061953161308574,0.21319889268322265,0.8130000000000001,167.45032000000114,1.5870563927589914,0.003956973052867477,0.8150017268561384,4.430941256932693e-06
55,3.0,0.267,108.50999999999998,0.006061953161308574,0.21926084584453123,0.801,168.25132000000113,1.550560501336293,0.00389856754655209,0.8189002944026904,4.680237318135291e-06
88,2.0,0.262,110.50999999999998,0.00404130210753905,0.2233021479520703,0.524,168.77532000000113,1.5272402497511643,0.002550373775771904,0.8214506681784624,2.2228672904659635e-06
71,2.219999999999999,0.257,112.72999999999998,0.004485845339368343,0.22778799329143865,0.5705399999999997,169.34586000000112,1.5022253171294346,0.002776889797765079,0.8242275579762274,2.920529043176504e-06
98,3.0,0.254,115.72999999999998,0.006061953161308574,0.23384994645274723,0.762,170.10786000000112,1.4698683141795659,0.003708749651027082,0.8279363076272545,5.537566760801139e-06
74,1.6499999999999773,0.248,117.37999999999995,0.00333407423871967,0.2371840206914669,0.40919999999999435,170.51706000000112,1.4526926222525234,0.001991627765354673,0.8299279353926091,1.8021625338501172e-06
104,3.0,0.244,120.37999999999995,0.006061953161308574,0.2432459738527755,0.732,171.24906000000112,1.422570692806124,0.003562735885238614,0.8334906712778477,6.2460869930065534e-06
42,2.0,0.232,122.37999999999995,0.00404130210753905,0.24728727596031455,0.464,171.71306000000112,1.403113744075839,0.0022583462441949686,0.8357490175220427,3.178931610633038e-06
103,3.0,0.231,125.37999999999995,0.006061953161308574,0.2533492291216231,0.6930000000000001,172.40606000000113,1.3750682724517562,0.0033729179897136062,0.8391219355117563,7.230910154074781e-06
67,1.9899999999999807,0.229,127.36999999999993,0.004021095597001315,0.2573703247186244,0.4557099999999956,172.86177000000112,1.3571623616236257,0.002217997773582067,0.8413399332853384,3.2511617608192304e-06
45,1.4000000000000057,0.224,128.76999999999992,0.002828911475277346,0.2601992361939018,0.31360000000000127,173.17537000000112,1.344842509901384,0.0015263305650421227,0.8428662638503805,1.696717027709223e-06
77,2.5700000000000216,0.223,131.33999999999995,0.005193073208187723,0.2653923094020895,0.5731100000000048,173.74848000000114,1.3228908177249978,0.002789398310367649,0.8456556621607482,5.777653014410339e-06
87,3.0,0.216,134.33999999999995,0.006061953161308574,0.2714542625633981,0.648,174.39648000000113,1.2981723983921483,0.003153897341030904,0.848809559501779,8.456788653850835e-06
57,2.2299999999999898,0.208,136.56999999999994,0.004506051849906019,0.27596031441330415,0.46383999999999787,174.86032000000114,1.2803713846379237,0.002257567504110753,0.8510671270058898,5.05568185328637e-06
49,2.5,0.207,139.06999999999994,0.0050516276344238125,0.28101194204772795,0.5175,175.37782000000115,1.2610758610771642,0.002518737459851069,0.8535858644657409,6.415532636447139e-06
1,3.0,0.207,142.06999999999994,0.006061953161308574,0.28707389520903653,0.621,175.99882000000116,1.238817625114389,0.003022484951821283,0.8566083494175623,9.23836699648388e-06
136,3.0,0.206,145.06999999999994,0.006061953161308574,0.2931358483703451,0.618,176.61682000000116,1.2174592955125196,0.0030078835752424364,0.8596162329928047,9.327341036534193e-06
125,2.9599999999999795,0.205,148.02999999999992,0.005981127119157752,0.2991169754895029,0.6067999999999958,177.22362000000115,1.197214213335143,0.0029533717693480547,0.8625696047621527,9.167302458301245e-06
54,3.0,0.205,151.02999999999992,0.006061953161308574,0.3051789286508115,0.615,177.83862000000116,1.1775052638548715,0.0029932821986635894,0.8655628869608163,9.4167414769805e-06
170,3.0,0.202,154.02999999999992,0.006061953161308574,0.31124088181212006,0.6060000000000001,178.44462000000115,1.15850561578914,0.0029494780689270496,0.8685123650297434,9.687501200695383e-06
63,3.0,0.202,157.02999999999992,0.006061953161308574,0.31730283497342865,0.6060000000000001,179.05062000000115,1.1402319302044275,0.0029494780689270496,0.8714618430986705,9.687501200695383e-06
47,2.0,0.199,159.02999999999992,0.00404130210753905,0.3213441370809677,0.398,179.44862000000114,1.1283947682827218,0.0019371159594603394,0.8733989590581308,4.427599345766319e-06
119,3.0,0.195,162.02999999999992,0.006061953161308574,0.3274060902422763,0.585,180.03362000000115,1.1111128803308106,0.0028472684328751216,0.8762462274910059,1.033419790322326e-05
135,3.0,0.194,165.02999999999992,0.006061953161308574,0.3334680434035849,0.5820000000000001,180.61562000000114,1.0944411319154168,0.0028326670562962755,0.8790788945473021,1.0428288748025508e-05
48,2.5,0.191,167.52999999999992,0.0050516276344238125,0.3385196710380087,0.47750000000000004,181.09312000000114,1.0809593505640853,0.002324052438799779,0.8814029469861019,7.439666447783482e-06
41,2.0,0.178,169.52999999999992,0.00404130210753905,0.34256097314554773,0.356,181.44912000000113,1.0703068483454328,0.0017326966873564844,0.8831356436734584,5.3296589860963196e-06
9,3.0,0.178,172.52999999999992,0.006061953161308574,0.3486229263068563,0.534,181.98312000000112,1.0547911667536152,0.002599045031034727,0.8857346887044931,1.199173271871672e-05
148,3.0,0.177,175.52999999999992,0.006061953161308574,0.3546848794681649,0.5309999999999999,182.51412000000113,1.0397887540591422,0.0025844436544558793,0.888319132358949,1.209307237025087e-05
59,3.0,0.175,178.52999999999992,0.006061953161308574,0.3607468326294735,0.5249999999999999,183.03912000000113,1.02525693160814,0.0025552409012981857,0.8908743732602472,1.2297030874507167e-05
75,2.1899999999999977,0.174,180.7199999999999,0.004425225807755255,0.3651720584372287,0.38105999999999957,183.42018000000112,1.0149412350597677,0.0018546668530451157,0.8927290401132923,6.607773339640482e-06
115,3.0,0.173,183.7199999999999,0.006061953161308574,0.3712340115985373,0.5189999999999999,183.93918000000113,1.0011930111038603,0.002526038148140492,0.8952550782614328,1.2502694980347439e-05
99,3.1499999999999773,0.172,186.8699999999999,0.006365050819373957,0.37759906241791125,0.5417999999999961,184.48098000000113,0.9872156044308944,0.002637008610139709,0.8978920868715725,1.3898298713832176e-05
23,2.5,0.169,189.3699999999999,0.0050516276344238125,0.38265069005233504,0.42250000000000004,184.90348000000114,0.9764137931034549,0.0020563605348542548,0.8999484474064268,8.971624997763827e-06
127,3.0,0.167,192.3699999999999,0.006061953161308574,0.3887126432136436,0.501,185.40448000000114,0.9637910277070294,0.002438429888667412,0.9023868772950941,1.3129920907372121e-05
93,3.0,0.166,195.3699999999999,0.006061953161308574,0.3947745963749522,0.498,185.90248000000113,0.9515405640579476,0.0024238285120885654,0.9048107058071827,1.3235950963262215e-05
19,2.75,0.164,198.1199999999999,0.005556790397866193,0.40033138677281843,0.451,186.35348000000113,0.9406091257823603,0.0021950736123532992,0.907005779419536,1.1301139745999148e-05
146,3.0,0.161,201.1199999999999,0.006061953161308574,0.406393339934127,0.483,186.83648000000113,0.9289801113762989,0.002350821629194331,0.9093566010487303,1.3772497248652613e-05
16,2.6000000000000014,0.161,203.71999999999989,0.005253692739800767,0.41164703267392777,0.41860000000000025,187.25508000000113,0.9191786766149678,0.002037378745301755,0.911393979794032,1.0344675711210195e-05
81,2.4000000000000057,0.144,206.1199999999999,0.004849562529046871,0.41649659520297466,0.3456000000000008,187.60068000000112,0.9101527265670543,0.0016820785818831528,0.9130760583759152,1.0032954555539851e-05
116,3.0,0.14,209.1199999999999,0.006061953161308574,0.42255854836428325,0.42000000000000004,188.0206800000011,0.8991042463657288,0.002044192721038549,0.9151202510969537,1.614239895539879e-05
51,3.0,0.139,212.1199999999999,0.006061953161308574,0.42862050152559183,0.41700000000000004,188.4376800000011,0.8883541391665152,0.0020295913444597024,0.9171498424414134,1.6259941821980737e-05
94,3.0,0.139,215.1199999999999,0.006061953161308574,0.4346824546869004,0.41700000000000004,188.8546800000011,0.8779038676087821,0.0020295913444597024,0.9191794337858731,1.6259941821980737e-05
107,3.0,0.134,218.1199999999999,0.006061953161308574,0.440744407848209,0.402,189.2566800000011,0.8676722904823088,0.0019565844615654685,0.9211360182474385,1.68540521608304e-05
178,3.0,0.133,221.1199999999999,0.006061953161308574,0.4468063610095176,0.399,189.6556800000011,0.857704775687415,0.0019419830849866217,0.9230780013324251,1.6974153429788318e-05
82,3.0,0.126,224.1199999999999,0.006061953161308574,0.4528683141708262,0.378,190.03368000000108,0.8479104051401087,0.0018397734489346942,0.9249177747813598,1.782680152358158e-05
117,3.0,0.125,227.1199999999999,0.006061953161308574,0.45893026733213477,0.375,190.40868000000108,0.8383615709757009,0.0018251720723558473,0.9267429468537157,1.795031399570746e-05
56,2.2700000000000102,0.123,229.3899999999999,0.004586877892056842,0.46351714522419163,0.27921000000000123,190.6878900000011,0.8312824883386424,0.0013589501181932757,0.928101896971909,1.04195177132798e-05
33,3.0,0.123,232.3899999999999,0.006061953161308574,0.4695790983855002,0.369,191.0568900000011,0.8221390335212408,0.0017959693191981537,0.9298978662911072,1.8198618141147187e-05
52,3.0,0.121,235.3899999999999,0.006061953161308574,0.4756410515468088,0.363,191.4198900000011,0.8132031522154771,0.00176676656604046,0.9316646328571476,1.8448627888170897e-05
3,3.0,0.12,238.3899999999999,0.006061953161308574,0.4817030047081174,0.36,191.7798900000011,0.8044795922647812,0.0017521651894616133,0.9334167980466093,1.8574272362276743e-05
158,2.0,0.119,240.3899999999999,0.00404130210753905,0.48574430681565645,0.238,192.0178900000011,0.7987765298057372,0.0011583758752551777,0.9345751739218644,8.311263660790482e-06
66,2.0200000000000102,0.117,242.4099999999999,0.004081715128614461,0.4898260219442709,0.23634000000000122,192.25423000000112,0.7930952930984744,0.001150296446881555,0.935725470368746,8.593215487612689e-06
32,3.0,0.113,245.4099999999999,0.006061953161308574,0.49588797510557947,0.339,192.5932300000011,0.7847815084959912,0.0016499555534096862,0.9373754259221556,1.9465722892105518e-05
106,2.0,0.112,247.4099999999999,0.00404130210753905,0.49992927721311853,0.224,192.8172300000011,0.7793429125742741,0.001090236117887226,0.9384656620400429,8.708790475279697e-06
76,1.2800000000000011,0.11,248.6899999999999,0.002586433348824994,0.5025157105619436,0.14080000000000012,192.95803000000112,0.7758978246009135,0.0006852912741005427,0.9391509533141434,3.614341188287592e-06
10,3.0,0.109,251.6899999999999,0.006061953161308574,0.5085776637232521,0.327,193.28503000000111,0.7679487862052572,0.001591550047094299,0.9407425033612378,1.9984504003576694e-05
50,3.0,0.109,254.6899999999999,0.006061953161308574,0.5146396168845606,0.327,193.6120300000011,0.7601870116612398,0.001591550047094299,0.9423340534083321,1.9984504003576694e-05
141,3.0,0.105,257.68999999999994,0.006061953161308574,0.5207015700458691,0.315,193.9270300000011,0.7525593930691962,0.0015331445407789118,0.943867197949111,2.051010752138379e-05
60,3.0,0.105,260.68999999999994,0.006061953161308574,0.5267635232071777,0.315,194.2420300000011,0.7451073305458635,0.0015331445407789118,0.9454003424898899,2.051010752138379e-05
24,3.0,0.103,263.68999999999994,0.006061953161308574,0.5328254763684862,0.309,194.5510300000011,0.7378020781978882,0.0015039417876212182,0.9469042842775112,2.0775467682663305e-05
120,3.0,0.102,266.68999999999994,0.006061953161308574,0.5388874295297947,0.306,194.85703000000112,0.7306499306310741,0.0014893404110423714,0.9483936246885535,2.0908787363897053e-05
86,3.0,0.099,269.68999999999994,0.006061953161308574,0.5449493826911033,0.29700000000000004,195.15403000000111,0.7236235307204611,0.0014455362813058314,0.9498391609698593,2.131130480997426e-05
121,3.0,0.097,272.68999999999994,0.006061953161308574,0.5510113358524118,0.29100000000000004,195.4450300000011,0.7167297297297339,0.0014163335281481377,0.9512554944980075,2.158178177600571e-05
18,3.0,0.097,275.68999999999994,0.006061953161308574,0.5570732890137203,0.29100000000000004,195.7360300000011,0.7099859624941098,0.0014163335281481377,0.9526718280261557,2.158178177600571e-05
126,2.4700000000000273,0.097,278.15999999999997,0.0049910081028107815,0.5620642971165312,0.23959000000000266,195.9756200000011,0.7045427811331648,0.0011661146048419794,0.9538379426309976,1.4629810270804015e-05
34,3.0,0.094,281.15999999999997,0.006061953161308574,0.5681262502778397,0.28200000000000003,196.2576200000011,0.6980282401479625,0.0013725293984115973,0.9552104720294092,2.199069522802284e-05
61,3.0,0.094,284.15999999999997,0.006061953161308574,0.5741882034391482,0.28200000000000003,196.53962000000112,0.6916512528153194,0.0013725293984115973,0.9565830014278208,2.199069522802284e-05
53,3.0,0.092,287.15999999999997,0.006061953161308574,0.5802501566004568,0.276,196.81562000000113,0.6853866137345074,0.0013433266452539036,0.9579263280730748,2.226543619801424e-05
109,2.3500000000000227,0.09,289.51,0.0047485299763584295,0.5849986865768152,0.21150000000000205,197.02712000000113,0.6805537632551591,0.0010293970488087078,0.9589557251218834,1.3831949732784558e-05
139,3.0,0.086,292.51,0.006061953161308574,0.5910606397381237,0.258,197.28512000000114,0.6744559844107934,0.001255718385780823,0.9602114435076643,2.3099892717492292e-05
25,3.0,0.084,295.51,0.006061953161308574,0.5971225928994323,0.252,197.53712000000115,0.668461710263616,0.0012265156326231293,0.9614379591402874,2.33814560938196e-05
58,2.5,0.082,298.01,0.0050516276344238125,0.602174220533856,0.20500000000000002,197.74212000000117,0.6635418945673003,0.0009977607328878633,0.9624357198731752,1.6433836855368673e-05
14,2.8999999999999986,0.079,300.90999999999997,0.005859888055931619,0.6080341085897877,0.2290999999999999,197.97122000000115,0.6579084111528403,0.001115058458071265,0.9635507783312465,2.2513407912731648e-05
89,3.0,0.077,303.90999999999997,0.006061953161308574,0.6140960617510962,0.23099999999999998,198.20222000000115,0.6521740646902082,0.0011243059965712018,0.9646750843278177,2.4380359523439015e-05
11,2.1499999999999986,0.076,306.05999999999995,0.004344399765604475,0.6184404615167007,0.16339999999999988,198.36562000000114,0.6481265764882741,0.0007952883109945206,0.9654703726388122,1.2596192117243588e-05
118,3.0,0.075,309.05999999999995,0.006061953161308574,0.6245024146780093,0.22499999999999998,198.59062000000114,0.64256332103799,0.0010951032434135084,0.9665654758822257,2.4669598106894226e-05
166,3.0,0.075,312.05999999999995,0.006061953161308574,0.6305643678393178,0.22499999999999998,198.81562000000113,0.6371070306992282,0.0010951032434135084,0.9676605791256393,2.4669598106894226e-05
105,3.0,0.073,315.05999999999995,0.006061953161308574,0.6366263210006263,0.21899999999999997,199.03462000000113,0.631735605916337,0.0010659004902558147,0.9687264796158951,2.4960542291933416e-05
131,3.0,0.072,318.05999999999995,0.006061953161308574,0.6426882741619349,0.21599999999999997,199.25062000000113,0.6264560774696635,0.001051299113676968,0.969777778729572,2.5106653985047e-05
17,3.0,0.072,321.05999999999995,0.006061953161308574,0.6487502273232434,0.21599999999999997,199.46662000000114,0.6212752133557627,0.001051299113676968,0.970829077843249,2.5106653985047e-05
27,3.0,0.071,324.05999999999995,0.006061953161308574,0.6548121804845519,0.21299999999999997,199.67962000000114,0.6161810158612638,0.001036697737098121,0.9718657755803471,2.5253192078556582e-05
122,1.3600000000000136,0.066,325.41999999999996,0.0027480854331265814,0.6575602659176785,0.08976000000000091,199.76938000000115,0.613881691352717,0.00043687318723910004,0.9723026487675862,5.341702045540255e-06
180,3.0,0.065,328.41999999999996,0.006061953161308574,0.663622219078987,0.195,199.96438000000114,0.6088678521405553,0.0009490894776250406,0.9732517382452113,2.6141375047929957e-05
147,3.0,0.064,331.41999999999996,0.006061953161308574,0.6696841722402955,0.192,200.15638000000115,0.6039357310964975,0.0009344881010461938,0.9741862263462575,2.6290897944211504e-05
13,3.0,0.062,334.41999999999996,0.006061953161308574,0.6757461254016041,0.186,200.34238000000116,0.5990741582441277,0.0009052853478885003,0.975091511694146,2.6591222937962572e-05
113,3.0,0.062,337.41999999999996,0.006061953161308574,0.6818080785629126,0.186,200.52838000000116,0.5942990338450631,0.0009052853478885003,0.9759967970420345,2.6591222937962572e-05
177,3.0,0.061,340.41999999999996,0.006061953161308574,0.6878700317242211,0.183,200.71138000000116,0.5895992597379742,0.0008906839713096534,0.9768874810133441,2.67420250354321e-05
29,2.5,0.059,342.91999999999996,0.0050516276344238125,0.6929216593586449,0.1475,200.85888000000116,0.5857310159804071,0.0007179010151266332,0.9776053820284707,1.8781186410804956e-05
123,2.6399999999999864,0.058,345.55999999999995,0.005334518781951518,0.6982561781405965,0.15311999999999923,201.01200000000117,0.5816992707489327,0.0007452542605843358,0.978350636289055,2.1061348847079553e-05
37,2.0,0.057,347.55999999999995,0.00404130210753905,0.7022974802481355,0.114,201.12600000000117,0.5786799401542214,0.0005548523099961776,0.9789054885990512,1.2155332190786736e-05
161,3.0,0.056,350.55999999999995,0.006061953161308574,0.7083594334094441,0.168,201.29400000000118,0.5742069831127373,0.0008176770884154197,0.9797231656874666,2.7502431528719654e-05
145,3.0,0.054,353.55999999999995,0.006061953161308574,0.7144213865707526,0.162,201.45600000000118,0.5697929630048683,0.000788474335257726,0.9805116400227244,2.7809578928806635e-05
172,1.5400000000000205,0.053,355.09999999999997,0.0031118026228051095,0.7175331891935577,0.08162000000000108,201.5376200000012,0.5675517319065086,0.0003972547854551633,0.9809088948081796,7.368769961261271e-06
137,3.0,0.053,358.09999999999997,0.006061953161308574,0.7235951423548662,0.159,201.6966200000012,0.5632410499860407,0.0007738729586788792,0.9816827677668585,2.7963792229444122e-05
35,3.0,0.052,361.09999999999997,0.006061953161308574,0.7296570955161747,0.156,201.8526200000012,0.5589936859595713,0.0007592715821000325,0.9824420393489585,2.81184319304776e-05
149,3.0,0.047,364.09999999999997,0.006061953161308574,0.7357190486774833,0.14100000000000001,201.9936200000012,0.5547751167261774,0.0006862646992057986,0.9831283040481643,2.8898026441584914e-05
92,3.0,0.047,367.09999999999997,0.006061953161308574,0.7417810018387918,0.14100000000000001,202.13462000000118,0.5506254971397472,0.0006862646992057986,0.9838145687473702,2.8898026441584914e-05
111,3.1999999999999886,0.044,370.29999999999995,0.0064660833720624564,0.7482470852108543,0.14079999999999948,202.2754200000012,0.5462474210099951,0.0006852912741005396,0.9844998600214707,3.341755727985894e-05
90,3.0,0.043,373.29999999999995,0.006061953161308574,0.7543090383721628,0.129,202.40442000000118,0.5422031074203086,0.0006278591928904115,0.9851277192143612,2.9529377257598666e-05
179,3.0,0.042,376.29999999999995,0.006061953161308574,0.7603709915334713,0.126,202.5304200000012,0.5382153069359585,0.0006132578163115646,0.9857409770306728,2.968828096259209e-05
62,3.0,0.041,379.29999999999995,0.006061953161308574,0.7664329446947798,0.123,202.65342000000118,0.534282678618511,0.0005986564397327179,0.9863396334704054,2.9847611067981508e-05
114,3.0,0.04,382.29999999999995,0.006061953161308574,0.7724948978560884,0.12,202.77342000000118,0.5304039236201967,0.0005840550631538711,0.9869236885335593,3.000736757376692e-05
36,3.0,0.039,385.29999999999995,0.006061953161308574,0.7785568510173969,0.11699999999999999,202.89042000000117,0.5265777835452925,0.0005694536865750243,0.9874931422201343,3.0167550479948328e-05
39,3.0,0.039,388.29999999999995,0.006061953161308574,0.7846188041787054,0.11699999999999999,203.00742000000116,0.5228107648725243,0.0005694536865750243,0.9880625959067093,3.0167550479948328e-05
110,2.5500000000000114,0.037,390.84999999999997,0.005152660187112312,0.7897714643658178,0.09435000000000042,203.10177000000115,0.5196412178585165,0.0004592132934047332,0.988521809200114,2.202844374405332e-05
143,3.0,0.036,393.84999999999997,0.006061953161308574,0.7958334175271263,0.10799999999999998,203.20977000000116,0.5159572679954327,0.000525649556838484,0.9890474587569525,3.065065760086853e-05
112,3.25,0.035,397.09999999999997,0.006567115924750956,0.8024005334518773,0.11375000000000002,203.32352000000117,0.5120209519012873,0.0005536355286146071,0.9896010942855672,3.6161946474716176e-05
91,3.0,0.034,400.09999999999997,0.006061953161308574,0.8084624866131859,0.10200000000000001,203.42552000000117,0.5084366908272961,0.0004964468036807905,0.990097541089248,3.097486101679529e-05
181,3.0,0.033,403.09999999999997,0.006061953161308574,0.8145244397744944,0.099,203.52452000000116,0.5048983378814219,0.0004818454271019437,0.9905793865163499,3.113760232535267e-05
150,3.0,0.033,406.09999999999997,0.006061953161308574,0.8205863929358029,0.099,203.62352000000115,0.5014122629894143,0.0004818454271019437,0.9910612319434519,3.113760232535267e-05
129,3.0,0.033,409.09999999999997,0.006061953161308574,0.8266483460971115,0.099,203.72252000000114,0.49797731605964596,0.0004818454271019437,0.9915430773705538,3.113760232535267e-05
133,3.0,0.032,412.09999999999997,0.006061953161308574,0.83271029925842,0.096,203.81852000000114,0.49458510070371553,0.0004672440505230969,0.9920103214210769,3.1300770034306035e-05
144,3.0,0.031,415.09999999999997,0.006061953161308574,0.8387722524197285,0.093,203.91152000000113,0.4912346904360423,0.00045264267394425013,0.9924629640950212,3.1464364143655403e-05
168,3.0,0.031,418.09999999999997,0.006061953161308574,0.8448342055810371,0.093,204.00452000000112,0.48793236067926604,0.00045264267394425013,0.9929156067689655,3.1464364143655403e-05
163,3.0,0.03,421.09999999999997,0.006061953161308574,0.8508961587423456,0.09,204.09452000000113,0.4846699596295444,0.0004380412973654033,0.9933536480663309,3.162838465340076e-05
132,3.0,0.029,424.09999999999997,0.006061953161308574,0.8569581119036541,0.08700000000000001,204.18152000000111,0.48144663994341225,0.0004234399207865566,0.9937770879871174,3.17928315635421e-05
154,3.0,0.027,427.09999999999997,0.006061953161308574,0.8630200650649626,0.081,204.2625200000011,0.47825455396862826,0.000394237167628863,0.9941713251547463,3.212300458501279e-05
169,3.0,0.027,430.09999999999997,0.006061953161308574,0.8690820182262712,0.081,204.3435200000011,0.4751069983724741,0.000394237167628863,0.9945655623223751,3.212300458501279e-05
151,3.0,0.026,433.09999999999997,0.006061953161308574,0.8751439713875797,0.078,204.4215200000011,0.471996120988227,0.00037963579105001626,0.9949451981134252,3.228873069634213e-05
134,3.0,0.025,436.09999999999997,0.006061953161308574,0.8812059245488882,0.07500000000000001,204.49652000000108,0.4689211648704451,0.0003650344144711695,0.9953102325278964,3.2454883208067464e-05
160,2.0,0.024,438.09999999999997,0.00404130210753905,0.8852472266564273,0.048,204.54452000000109,0.46689002510842526,0.00023362202526154845,0.995543854553158,1.4498427608972796e-05
64,3.0,0.024,441.09999999999997,0.006061953161308574,0.8913091798177358,0.07200000000000001,204.6165200000011,0.4638778508274793,0.0003504330378923227,0.9958942875910503,3.2621462120188793e-05
182,3.0,0.024,444.09999999999997,0.006061953161308574,0.8973711329790444,0.07200000000000001,204.6885200000011,0.46090637243864246,0.0003504330378923227,0.9962447206289425,3.2621462120188793e-05
142,3.0,0.023,447.09999999999997,0.006061953161308574,0.9034330861403529,0.069,204.75752000000108,0.4579680608365044,0.0003358316613134759,0.996580552290256,3.278846743270612e-05
130,3.0,0.023,450.09999999999997,0.006061953161308574,0.9094950393016614,0.069,204.82652000000107,0.4550689180182206,0.0003358316613134759,0.9969163839515695,3.278846743270612e-05
171,3.0,0.021,453.09999999999997,0.006061953161308574,0.91555699246297,0.063,204.88952000000106,0.4521949238578704,0.0003066289081557823,0.9972230128597253,3.312375725892874e-05
165,3.0,0.02,456.09999999999997,0.006061953161308574,0.9216189456242785,0.06,204.94952000000106,0.44935215961412206,0.00029202753157693556,0.9975150403913022,3.329204177263405e-05
128,3.0,0.02,459.09999999999997,0.006061953161308574,0.927680898785587,0.06,205.00952000000106,0.4465465475931193,0.00029202753157693556,0.9978070679228792,3.329204177263405e-05
65,2.75,0.02,461.84999999999997,0.005556790397866193,0.9332376891834532,0.055,205.06452000000107,0.4440067554400803,0.00026769190394552425,0.9980747598268247,2.797456287839389e-05
176,3.0,0.02,464.84999999999997,0.006061953161308574,0.9392996423447617,0.06,205.12452000000107,0.44127034527267095,0.00029202753157693556,0.9983667873584017,3.329204177263405e-05
157,3.0,0.019,467.84999999999997,0.006061953161308574,0.9453615955060702,0.056999999999999995,205.18152000000106,0.43856261622315074,0.00027742615499808874,0.9986442135133997,3.346075268673535e-05
174,2.8899999999999864,0.019,470.73999999999995,0.0058396815453938995,0.9512012770514642,0.05490999999999974,205.23643000000106,0.43598680800442086,0.00026725386264815756,0.9989114673760479,3.105195027943108e-05
155,3.0,0.018,473.73999999999995,0.006061953161308574,0.9572632302127727,0.05399999999999999,205.29043000000107,0.43333986997087237,0.000262824778419242,0.9991742921544671,3.3629890001232644e-05
152,3.0,0.014,476.73999999999995,0.006061953161308574,0.9633251833740812,0.042,205.33243000000107,0.4307010739606517,0.00020441927210385492,0.999378711426571,3.431070326318177e-05
183,3.1499999999999773,0.011,479.88999999999993,0.006365050819373957,0.9696902341934552,0.03464999999999975,205.36708000000107,0.4279461543270356,0.00016864589948567906,0.9995473573260567,3.839543393121566e-05
175,3.0,0.011,482.88999999999993,0.006061953161308574,0.9757521873547638,0.033,205.40008000000105,0.42535583673300564,0.00016061514236731457,0.999707972468424,3.4825790413801555e-05
153,3.0,0.009,485.88999999999993,0.006061953161308574,0.9818141405160723,0.026999999999999996,205.42708000000104,0.422785157134333,0.000131412389209621,0.9998393848576337,3.517131384952806e-05
164,3.0,0.005,488.88999999999993,0.006061953161308574,0.9878760936773808,0.015,205.44208000000103,0.42022148131481735,7.300688289423389e-05,0.9999123917405279,3.586747752573298e-05
156,3.0,0.003,491.88999999999993,0.006061953161308574,0.9939380468386894,0.009000000000000001,205.451080000001,0.41767687897700917,4.380412973654034e-05,0.9999561958702645,3.621811776621142e-05
162,3.0,0.003,494.88999999999993,0.006061953161308574,0.9999999999999979,0.009000000000000001,205.460080000001,0.4151631271595729,4.380412973654034e-05,1.000000000000001,3.621811776621142e-05
