,weight,grade,cml_weight,weight_pct,cml_weight_pct,yield,cml_yield,cml_grade,recovery,cml_recovery,distributional_heterogeneity
7,0.6000000000000014,2.75,0.6000000000000014,0.057416267942583865,0.057416267942583865,1.650000000000004,1.650000000000004,2.75,0.5246422893481724,0.5246422893481724,0.21830015507849543
0,1.3499999999999996,0.4,1.950000000000001,0.12918660287081335,0.18660287081339721,0.5399999999999999,2.190000000000004,1.1230769230769244,0.17170111287758325,0.6963434022257556,0.0018074835611157371
5,0.5,0.39,2.450000000000001,0.0478468899521531,0.23444976076555032,0.195,2.385000000000004,0.9734693877551032,0.0620031796502384,0.758346581875994,0.00020040053801611603
1,1.0,0.34,3.450000000000001,0.0956937799043062,0.3301435406698565,0.34,2.7250000000000036,0.789855072463769,0.10810810810810799,0.866454689984102,0.00015411554475170845
3,2.0,0.11,5.450000000000001,0.1913875598086124,0.521531100478469,0.22,2.945000000000004,0.5403669724770648,0.06995230524642282,0.9364069952305248,0.014746521050583794
6,2.0,0.05,7.450000000000001,0.1913875598086124,0.7129186602870814,0.1,3.045000000000004,0.4087248322147656,0.03179650238473764,0.9682034976152625,0.0254693056096705
8,1.0,0.05,8.450000000000001,0.0956937799043062,0.8086124401913876,0.05,3.0950000000000037,0.3662721893491128,0.01589825119236882,0.9841017488076313,0.006367326402417625
4,1.0,0.03,9.450000000000001,0.0956937799043062,0.9043062200956937,0.03,3.1250000000000036,0.33068783068783103,0.009538950715421293,0.9936406995230527,0.007422654592565939
2,1.0,0.02,10.450000000000001,0.0956937799043062,0.9999999999999999,0.02,3.1450000000000036,0.30095693779904337,0.006359300476947528,1.0000000000000002,0.007980649214557172
