,weight,grade,cml_weight,weight_pct,cml_weight_pct,yield,cml_yield,cml_grade,recovery,cml_recovery,distributional_heterogeneity
275,0.4000000000000057,98.74,0.4000000000000057,0.0013128528291978668,0.0013128528291978668,39.496000000000556,39.496000000000556,98.74,0.2594825853127213,0.2594825853127213,0.06665161077061404
57,0.3499999999999943,41.62,0.75,0.0011487462255480984,0.0024615990547459652,14.566999999999762,54.063000000000315,72.08400000000042,0.09570292739138889,0.35518551270411014,0.008940493175942645
167,0.519999999999996,8.3,1.269999999999996,0.0017067086779571894,0.004168307732703155,4.315999999999967,58.37900000000028,45.96771653543344,0.02835544962045981,0.38354096232456997,0.0007101553938206155
192,0.37000000000000455,7.1,1.6400000000000006,0.0012143888670080245,0.005382696599711179,2.627000000000032,61.00600000000031,37.19878048780505,0.01725898196314861,0.4007999442877186,0.00025742896762072213
48,0.2699999999999818,5.31,1.9099999999999824,0.0008861756597084878,0.006268872259419667,1.4336999999999034,62.439700000000215,32.690942408377374,0.009419186311596571,0.41021913059931514,7.281227078523548e-05
238,0.4000000000000057,4.53,2.309999999999988,0.0013128528291978668,0.007581725088617534,1.8120000000000258,64.25170000000024,27.814588744588992,0.011904558552426853,0.422123689151742,0.00011218423012748168
65,0.44999999999998863,3.5,2.7599999999999767,0.0014769594328475418,0.009058684521465077,1.5749999999999602,65.8267000000002,23.85025362318868,0.0103475053642779,0.4324711945160199,7.868658512161568e-05
55,0.5,3.19,3.2599999999999767,0.0016410660364973102,0.010699750557962387,1.595,67.4217000000002,20.681503067484872,0.010478902257792803,0.4429500967738127,7.810734907444263e-05
42,0.410000000000025,3.09,3.6700000000000017,0.0013456741499278764,0.012045424707890263,1.2669000000000772,68.68860000000028,18.716239782016416,0.008323336219685588,0.45127343299349826,4.868776795973548e-05
166,1.1700000000000017,3.02,4.840000000000003,0.0038400945254037115,0.015885519233293975,3.533400000000005,72.22200000000028,14.921900826446327,0.023213889177232067,0.4744873221707303,0.0003753439192112131
234,0.5699999999999932,3.02,5.409999999999997,0.0018708152816069112,0.017756334514900888,1.7213999999999794,73.94340000000025,13.667911275415952,0.011309330624805214,0.4857966527955355,8.908557188378981e-05
213,0.5,2.67,5.909999999999997,0.0016410660364973102,0.019397400551398197,1.335,75.27840000000025,12.73746192893406,0.00877074264210244,0.49456739543763795,5.083228850051311e-05
47,0.5,2.61,6.409999999999997,0.0016410660364973102,0.021038466587895505,1.305,76.58340000000025,11.947488299532028,0.008573647301830476,0.5031410427394685,4.8060683000448405e-05
81,0.25,2.54,6.659999999999997,0.0008205330182486551,0.02185899960614416,0.635,77.21840000000026,11.5943543543544,0.004171851369089925,0.5073128941085584,1.1231334688685452e-05
111,1.519999999999996,2.43,8.179999999999993,0.00498884075095181,0.02684784035709597,3.6935999999999907,80.91200000000025,9.891442542787326,0.024266378294284265,0.5315792724028426,0.0003716234537345923
163,0.18999999999999773,2.4,8.36999999999999,0.0006236050938689704,0.02747144545096494,0.4559999999999945,81.36800000000024,9.721385902031102,0.0029958491721338316,0.5345751215749764,5.6275419668627e-06
267,0.37000000000000455,2.33,8.739999999999995,0.0012143888670080245,0.028685834317972964,0.8621000000000106,82.23010000000025,9.408478260869598,0.005663863094948769,0.5402389846699253,1.979782090510889e-05
53,0.46999999999999886,2.06,9.209999999999994,0.0015426020743074679,0.03022843639228043,0.9681999999999977,83.19830000000024,9.033474484256276,0.0063609236150438675,0.5465999082849691,2.3216222469924392e-05
89,0.8599999999999994,1.92,10.069999999999993,0.0028226335827753715,0.0330510699750558,1.651199999999999,84.84950000000025,8.42596822244293,0.010848127528568945,0.557448035813538,6.440855307396928e-05
97,0.3100000000000023,1.71,10.379999999999995,0.0010174609426283397,0.034068530917684144,0.5301000000000039,85.37960000000025,8.225394990366116,0.0034826746626056464,0.5609307104761436,6.07727868516435e-06
22,0.4399999999999977,1.71,10.819999999999993,0.0014441381121176255,0.03551266902980177,0.7523999999999961,86.13200000000025,7.960443622920545,0.004943151134020855,0.5658738616101645,1.2243092127448375e-05
75,0.19999999999998863,1.68,11.019999999999982,0.0006564264145988868,0.036169095444400653,0.33599999999998087,86.46800000000023,7.846460980036332,0.0022074678110458818,0.5680813294212104,2.4057294134922455e-06
266,1.0,1.58,12.019999999999982,0.0032821320729946204,0.03945122751739527,1.58,88.04800000000023,7.325124792013341,0.010380354587656822,0.5784616840088672,5.038476286765739e-05
62,0.19999999999998863,1.51,12.21999999999997,0.0006564264145988868,0.040107653931994156,0.30199999999998284,88.35000000000021,7.229950900163701,0.001984093092071001,0.5804457771009383,1.7626988064698434e-06
24,0.39999999999997726,1.51,12.619999999999948,0.0013128528291977736,0.04142050676119193,0.6039999999999657,88.95400000000018,7.048652931854243,0.003968186184142002,0.5844139632850802,7.050795225879374e-06
258,0.5,1.51,13.119999999999948,0.0016410660364973102,0.04306157279768924,0.755,89.70900000000017,6.837576219512235,0.004960232730177785,0.589374196015258,1.1016867540437774e-05
1,1.5,1.44,14.619999999999948,0.0049231981094919304,0.04798477090718117,2.16,91.86900000000017,6.283789329685397,0.014190864499581478,0.6035650605148395,8.588964031799541e-05
58,0.30000000000001137,1.3,14.919999999999959,0.0009846396218984234,0.0489694105290796,0.3900000000000148,92.25900000000019,6.1835790884718795,0.0025622394235356415,0.6061272999383751,2.4888211341257908e-06
84,0.29000000000002046,1.17,15.20999999999998,0.000951818301168507,0.049921228830248104,0.3393000000000239,92.59830000000021,6.087988165680495,0.002229148298476081,0.6083564482368512,1.6315719220217668e-06
268,1.4699999999999989,1.17,16.67999999999998,0.004824734147302088,0.05474596297755019,1.7198999999999987,94.3182000000002,5.654568345323761,0.011299475857791742,0.619655924094643,4.192228021755449e-05
236,1.1999999999999886,1.17,17.879999999999967,0.003938558487593507,0.0586845214651437,1.4039999999999866,95.72220000000019,5.3535906040268655,0.009224061924727873,0.6288799860193709,2.793654658395919e-05
67,1.0,1.1,18.879999999999967,0.0032821320729946204,0.061966653538138315,1.1,96.82220000000018,5.128294491525442,0.007226829143305382,0.6361068151626763,1.556063497651831e-05
27,0.410000000000025,1.1,19.289999999999992,0.0013456741499278764,0.06331232768806619,0.45100000000002755,97.2732000000002,5.042674961119764,0.0029629999487553876,0.6390698151114317,2.6157427395530472e-06
41,0.6999999999999886,1.03,19.98999999999998,0.002297492451096197,0.06560982013916239,0.7209999999999883,97.99420000000019,4.902161080540284,0.004736858011202815,0.6438066731226345,5.950504335834272e-06
203,0.3900000000000148,0.96,20.379999999999995,0.0012800315084679505,0.06688985164763034,0.37440000000001417,98.3686000000002,4.826722276741915,0.002459749846594216,0.6462664229692288,1.3917353573113979e-06
49,0.2300000000000182,0.96,20.610000000000014,0.0007548903767888224,0.06764474202441915,0.22080000000001745,98.58940000000021,4.783571081999036,0.0014506217044017767,0.6477170446736306,4.840420802220842e-07
39,1.6000000000000227,0.89,22.210000000000036,0.005251411316791467,0.07289615334121062,1.4240000000000204,100.01340000000023,4.50307969383161,0.009355458818242738,0.6570725034918733,1.684320589416841e-05
69,0.30000000000001137,0.89,22.510000000000048,0.0009846396218984234,0.07388079296310904,0.2670000000000101,100.28040000000024,4.454926699244782,0.0017541485284205546,0.6588266520202939,5.921439572168862e-07
51,1.5500000000000114,0.89,24.06000000000006,0.005087304713141698,0.07896809767625074,1.3795000000000102,101.65990000000025,4.2252660016625105,0.009063100730172588,0.6678897527504665,1.580695396903869e-05
260,0.700000000000017,0.89,24.760000000000076,0.00229749245109629,0.08126559012734702,0.6230000000000152,102.28290000000027,4.130973344103391,0.004093013232981239,0.6719827659834477,3.2238948781807378e-06
170,0.27000000000001023,0.89,25.030000000000086,0.0008861756597085811,0.0821517657870556,0.24030000000000912,102.52320000000027,4.096012784658407,0.0015787336755784993,0.6735614996590262,4.796366053456778e-07
52,1.5,0.82,26.530000000000086,0.0049231981094919304,0.08707496389654754,1.23,103.75320000000028,3.9107877874104764,0.008080908951150564,0.6816424086101768,9.971137759528472e-06
106,0.18999999999999773,0.82,26.720000000000084,0.0006236050938689704,0.0876985689904165,0.15579999999999813,103.90900000000028,3.8888098802395192,0.001023581800479059,0.6826659904106558,1.5998136583065295e-07
5,1.4699999999999989,0.82,28.190000000000083,0.004824734147302088,0.09252330313771859,1.205399999999999,105.11440000000027,3.7287832564739256,0.007919290772127545,0.6905852811827833,9.57628070425113e-06
273,1.5,0.82,29.690000000000083,0.0049231981094919304,0.09744650124721052,1.23,106.34440000000028,3.581825530481643,0.008080908951150564,0.6986661901339338,9.971137759528472e-06
38,1.1499999999999773,0.82,30.84000000000006,0.003774451883943739,0.10122095313115426,0.9429999999999813,107.28740000000026,3.4788391699092105,0.006195363529215309,0.7048615536631492,5.8608131942115025e-06
277,1.5,0.82,32.34000000000006,0.0049231981094919304,0.10614415124064619,1.23,108.51740000000026,3.355516388373533,0.008080908951150564,0.7129424626142997,9.971137759528472e-06
104,0.1700000000000017,0.82,32.51000000000006,0.000557962452409091,0.10670211369305528,0.13940000000000138,108.65680000000026,3.3422577668409734,0.0009158363477970729,0.7138582989620968,1.280737250001683e-07
40,1.5,0.75,34.01000000000006,0.0049231981094919304,0.11162531180254721,1.125,109.78180000000026,3.2279270802705105,0.007391075260198686,0.7212493742222955,6.090417630980496e-06
25,0.6000000000000227,0.75,34.610000000000085,0.001969279243796847,0.11359459104634406,0.45000000000001705,110.23180000000028,3.1849696619474144,0.0029564301040795864,0.724205804326375,9.744668209569533e-07
64,1.0,0.75,35.610000000000085,0.0032821320729946204,0.11687672311933868,0.75,110.98180000000028,3.1165908452681834,0.004927383506799124,0.7291331878331742,2.706852280435776e-06
237,0.30000000000001137,0.75,35.910000000000096,0.0009846396218984234,0.1178613627412371,0.22500000000000853,111.20680000000029,3.0968198273461427,0.0014782150520397932,0.730611402885214,2.4361670523923833e-07
2,1.5,0.69,37.410000000000096,0.0049231981094919304,0.12278456085072903,1.035,112.24180000000028,3.000315423683507,0.00679978923938279,0.7374111921245967,3.5215942687850567e-06
4,1.5,0.69,38.910000000000096,0.0049231981094919304,0.12770775896022096,1.035,113.27680000000028,2.9112516062708815,0.00679978923938279,0.7442109813639795,3.5215942687850567e-06
73,0.19999999999998863,0.69,39.110000000000085,0.0006564264145988868,0.12836418537481986,0.13799999999999216,113.41480000000027,2.8998926105855287,0.0009066385652509873,0.7451176199292304,6.260612033394945e-08
259,1.0,0.69,40.110000000000085,0.0032821320729946204,0.1316463174478145,0.69,114.10480000000027,2.844796808775867,0.004533192826255194,0.7496508127554856,1.565153008348914e-06
229,0.21000000000000796,0.69,40.32000000000009,0.0006892477353288963,0.13233556518314338,0.14490000000000547,114.24970000000027,2.833573908730159,0.0009519704935136267,0.7506027832489992,6.902324766819233e-08
56,1.5,0.62,41.82000000000009,0.0049231981094919304,0.1372587632926353,0.9299999999999999,115.17970000000028,2.754177427068389,0.006109955548430913,0.7567127387974302,1.4083932188770155e-06
276,1.1999999999999886,0.62,43.02000000000008,0.003938558487593507,0.1411973217802288,0.743999999999993,115.92370000000028,2.6946466759646692,0.004887964438744685,0.7616007032361749,9.013716600812727e-07
45,1.5,0.62,44.52000000000008,0.0049231981094919304,0.14612051988972075,0.9299999999999999,116.85370000000029,2.6247461814914663,0.006109955548430913,0.7677106587846059,1.4083932188770155e-06
252,0.29999999999998295,0.62,44.820000000000064,0.0009846396218983302,0.14710515951161907,0.18599999999998942,117.03970000000028,2.6113275323516314,0.0012219911096861132,0.768932649894292,5.633572875507421e-08
262,0.5,0.62,45.320000000000064,0.0016410660364973102,0.14874622554811637,0.31,117.34970000000028,2.5893578993821738,0.0020366518494769714,0.770969301743769,1.564881354307795e-07
50,0.14999999999997726,0.62,45.47000000000004,0.0004923198109491184,0.1492385453590655,0.0929999999999859,117.44270000000027,2.5828612271827613,0.0006109955548429987,0.771580297298612,1.4083932188765885e-08
255,0.35000000000002274,0.62,45.820000000000064,0.0011487462255481916,0.1503872915846137,0.2170000000000141,117.65970000000029,2.5678677433435206,0.0014256562946339726,0.773005953593246,7.667918636109191e-08
94,0.23000000000000043,0.55,46.05000000000007,0.0007548903767887641,0.15114218196140247,0.12650000000000025,117.78620000000029,2.557789359391968,0.0008310853514801206,0.7738370389447261,5.805674168216457e-09
63,1.1999999999999886,0.55,47.25000000000006,0.003938558487593507,0.15508074044899597,0.6599999999999938,118.44620000000029,2.5067978835978866,0.004336097485983188,0.7781731364307093,1.5803725524067123e-07
274,0.4000000000000057,0.55,47.65000000000006,0.0013128528291978668,0.15639359327819385,0.22000000000000314,118.66620000000029,2.490371458551944,0.0014453658286610969,0.7796185022593703,1.7559695026742083e-08
61,1.1000000000000227,0.55,48.750000000000085,0.003610345280294157,0.16000393855848802,0.6050000000000125,119.2712000000003,2.44658871794872,0.003974756028818042,0.7835932582881884,1.327951936397387e-07
23,1.0,0.55,49.750000000000085,0.0032821320729946204,0.16328607063148265,0.55,119.8212000000003,2.4084663316582935,0.003613414571652691,0.787206672859841,1.097480939171349e-07
28,0.9899999999999523,0.48,50.74000000000004,0.0032493107522645172,0.16653538138374716,0.4751999999999771,120.29640000000028,2.3708395743003585,0.0031219901899077742,0.7903286630497488,1.6210525598837268e-08
37,0.25,0.48,50.99000000000004,0.0008205330182486551,0.16735591440199582,0.12,120.41640000000028,2.3615689350853146,0.0007883813610878598,0.7911170444108366,1.0337290581853149e-09
116,0.5300000000000011,0.48,51.52000000000004,0.0017395299986871526,0.16909544440068297,0.2544000000000005,120.67080000000028,2.3422127329192586,0.0016713684855062662,0.7927884128963429,4.645991879108098e-09
21,1.5600000000000023,0.48,53.08000000000004,0.005120126033871615,0.17421557043455457,0.748800000000001,121.41960000000029,2.287483044461194,0.004919499693188252,0.7977079125895312,4.0250928575996636e-08
239,1.5999999999999943,0.48,54.680000000000035,0.005251411316791374,0.17946698175134596,0.7679999999999972,122.18760000000029,2.2345940014630616,0.005045640710962285,0.8027535533004935,4.23415422232702e-08
46,1.3000000000000114,0.48,55.98000000000005,0.004266771694893044,0.183733753446239,0.6240000000000054,122.8116000000003,2.193847802786713,0.0040995830776569065,0.8068531363781504,2.79520337333314e-08
72,1.1000000000000227,0.48,57.08000000000007,0.003610345280294157,0.18734409872653315,0.5280000000000109,123.3396000000003,2.160819901892084,0.003468877988786655,0.8103220143669371,2.001299456646852e-08
208,0.25,0.48,57.33000000000007,0.0008205330182486551,0.18816463174478182,0.12,123.45960000000031,2.1534903192046078,0.0007883813610878598,0.8111103957280249,1.0337290581853149e-09
71,1.5,0.41,58.83000000000007,0.0049231981094919304,0.19308782985427375,0.615,124.0746000000003,2.1090362060173407,0.004040454475575282,0.8151508502036002,7.792363232203705e-07
30,1.0,0.41,59.83000000000007,0.0032821320729946204,0.19636996192726838,0.41,124.4846000000003,2.080638475681099,0.0026936363170501874,0.8178444865206504,3.4632725476460907e-07
189,0.28000000000000114,0.41,60.11000000000007,0.0009189969804384974,0.19728895890770687,0.11480000000000046,124.5994000000003,2.072856429878559,0.0007542181687740556,0.8185987046894245,2.7152056773545575e-08
26,0.5,0.41,60.61000000000007,0.0016410660364973102,0.19893002494420417,0.205,124.8044000000003,2.0591387559808636,0.0013468181585250937,0.8199455228479496,8.658181369115227e-08
256,0.75,0.41,61.36000000000007,0.0024615990547459652,0.20139162399895014,0.3075,125.1119000000003,2.038981421121254,0.002020227237787641,0.8219657500857372,1.9480908080509262e-07
206,0.4099999999999966,0.41,61.77000000000007,0.0013456741499277831,0.20273729814887792,0.16809999999999858,125.2800000000003,2.0281690140845097,0.0011043908899905676,0.8230701409757278,5.8217611525929815e-08
43,0.8899999999999864,0.41,62.66000000000005,0.0029210975449651673,0.2056583956938431,0.3648999999999944,125.64490000000029,2.005185126077245,0.00239733632217463,0.8254674772979025,2.743258184990385e-07
31,0.9000000000000341,0.41,63.56000000000009,0.00295391886569527,0.20861231455953835,0.369000000000014,126.0139000000003,1.982597545626182,0.002424272685345261,0.8278917499832478,2.805250763593546e-07
210,0.09000000000000341,0.41,63.65000000000009,0.00029539188656952704,0.20890770644610787,0.0369000000000014,126.05080000000031,1.9803739198743147,0.00024242726853452608,0.8281341772517823,2.805250763593546e-09
272,1.5,0.41,65.15000000000009,0.0049231981094919304,0.2138309045555998,0.615,126.6658000000003,1.9442179585571777,0.004040454475575282,0.8321746317273576,7.792363232203705e-07
235,1.6200000000000045,0.41,66.7700000000001,0.0053170539582513,0.2191479585138511,0.6642000000000018,127.33000000000031,1.9069941590534691,0.004363690833621316,0.8365383225609789,9.089012474042453e-07
32,0.37000000000000455,0.41,67.1400000000001,0.0012143888670080245,0.22036234738085914,0.15170000000000186,127.48170000000032,1.8987444146559447,0.0009966454373085817,0.8375349679982875,4.7412201177276143e-08
218,0.21999999999999886,0.41,67.3600000000001,0.0007220690560588127,0.22108441643691795,0.09019999999999953,127.57190000000031,1.8938821258907381,0.0005925999897510383,0.8381275679880386,1.6762239130606907e-08
79,1.5,0.41,68.8600000000001,0.0049231981094919304,0.22600761454640989,0.615,128.18690000000032,1.8615582340981722,0.004040454475575282,0.8421680224636139,7.792363232203705e-07
216,0.36000000000001364,0.41,69.22000000000011,0.0011815675462781082,0.22718918209268799,0.1476000000000056,128.33450000000033,1.8540089569488605,0.0009697090741381043,0.843137731537752,4.488401221749674e-08
171,0.37999999999999545,0.41,69.60000000000011,0.0012472101877379408,0.22843639228042592,0.15579999999999813,128.49030000000033,1.8461250000000018,0.001023581800479059,0.844161313338231,5.000965558800835e-08
66,1.5500000000000114,0.34,71.15000000000012,0.005087304713141698,0.23352369699356762,0.5270000000000039,129.01730000000035,1.8133141250878444,0.0034623081441108768,0.8476236214823418,2.6406138493619426e-06
212,1.420000000000016,0.34,72.57000000000014,0.004660627543652413,0.23818432453722002,0.48280000000000545,129.50010000000034,1.7844853245142636,0.0031719210094435252,0.8507955424917854,2.216247144996238e-06
257,0.39999999999997726,0.34,72.97000000000011,0.0013128528291977736,0.2394971773664178,0.13599999999999227,129.63610000000034,1.7765670823626167,0.0008934988758995236,0.8516890413676849,1.7585773814687058e-07
3,1.5,0.34,74.47000000000011,0.0049231981094919304,0.24442037547590972,0.51,130.14610000000033,1.7476312609104356,0.0033506207846234043,0.8550396621523083,2.472999442690649e-06
7,1.5200000000000102,0.34,75.99000000000012,0.004988840750951857,0.24940921622686157,0.5168000000000035,130.66290000000032,1.7194749309119635,0.003395295728418406,0.8584349578807268,2.539385738841134e-06
190,0.37999999999999545,0.34,76.37000000000012,0.0012472101877379408,0.2506564264145995,0.12919999999999845,130.79210000000032,1.7126109728951173,0.0008488239321045856,0.8592837818128314,1.5871160867756493e-07
74,1.6999999999999886,0.34,78.0700000000001,0.005579624524090817,0.25623605093869034,0.5779999999999962,131.37010000000032,1.682721916229027,0.0037973702225731665,0.8630811520354046,3.176430395278168e-06
35,0.8500000000000227,0.34,78.92000000000013,0.002789812262045502,0.25902586320073584,0.28900000000000775,131.65910000000034,1.668260263558035,0.0018986851112866468,0.8649798371466912,7.941075988195952e-07
132,0.1700000000000017,0.31,79.09000000000013,0.000557962452409091,0.2595838256531449,0.05270000000000053,131.71180000000032,1.6653407510431169,0.0003462308144110886,0.8653260679611023,4.483028652931716e-08
130,0.14999999999999858,0.31,79.24000000000012,0.0004923198109491884,0.26007614546409413,0.04649999999999956,131.75830000000033,1.662775113579002,0.00030549777742154284,0.8656315657385238,3.490247221140473e-08
33,0.7799999999999727,0.27,80.0200000000001,0.002560063016935714,0.26263620848102986,0.21059999999999265,131.96890000000033,1.6491989502624367,0.0013836092887091458,0.867015175027233,1.3840433746581927e-06
91,0.6000000000000014,0.27,80.62000000000009,0.001969279243796777,0.2646054877248266,0.1620000000000004,132.13090000000034,1.638934507566363,0.0010643148374686134,0.8680794898647016,8.189605767208852e-07
19,1.5,0.27,82.12000000000009,0.0049231981094919304,0.26952868583431855,0.405,132.53590000000034,1.6139296151972746,0.002660787093671527,0.8707402769583732,5.1185036045055086e-06
168,0.8199999999999932,0.27,82.94000000000008,0.0026913482998555662,0.2722200341341741,0.22139999999999818,132.75730000000033,1.6006426332288424,0.0014545636112070894,0.8721948405695803,1.5296363660753096e-06
70,1.5,0.27,84.44000000000008,0.0049231981094919304,0.27714323224366605,0.405,133.16230000000033,1.5770049739459995,0.002660787093671527,0.8748556276632519,5.1185036045055086e-06
176,0.3499999999999943,0.27,84.79000000000008,0.0011487462255480984,0.27829197846921416,0.09449999999999847,133.25680000000034,1.5716098596532635,0.0006208503218566796,0.8754764779851085,2.7867408513417975e-07
60,1.1999999999999886,0.27,85.99000000000007,0.003938558487593507,0.28223053695680766,0.32399999999999696,133.58080000000032,1.553445749505759,0.0021286296749372016,0.8776051076600457,3.275842306883463e-06
121,0.36999999999999744,0.27,86.36000000000007,0.001214388867008001,0.28344492582381564,0.09989999999999932,133.68070000000031,1.5479469661880525,0.0006563274831056389,0.8782614351431514,3.1143250820301974e-07
270,1.5,0.27,87.86000000000007,0.0049231981094919304,0.2883681239333076,0.405,134.08570000000032,1.526129068973369,0.002660787093671527,0.8809222222368229,5.1185036045055086e-06
6,1.5300000000000011,0.27,89.39000000000007,0.005021662071681773,0.29338978600498933,0.41310000000000036,134.49880000000033,1.5046291531491243,0.0027140028355449597,0.8836362250723679,5.325291150127539e-06
36,1.0,0.27,90.39000000000007,0.0032821320729946204,0.29667191807798393,0.27,134.76880000000034,1.490970240070807,0.0017738580624476847,0.8854100831348156,2.274890490891337e-06
254,0.20000000000001705,0.27,90.59000000000009,0.00065642641459898,0.2973283444925829,0.05400000000000461,134.82280000000034,1.488274644000444,0.0003547716124895672,0.8857648547473052,9.0995619635669e-08
265,1.0,0.27,91.59000000000009,0.0032821320729946204,0.3006104765655775,0.27,135.09280000000035,1.4749732503548447,0.0017738580624476847,0.8875387128097528,2.274890490891337e-06
108,1.529999999999994,0.27,93.12000000000009,0.00502166207168175,0.30563213863725924,0.4130999999999984,135.50590000000034,1.4551750429553287,0.002714002835544947,0.8902527156452977,5.325291150127489e-06
261,1.4000000000000057,0.27,94.5200000000001,0.004594984902192487,0.31022712353945175,0.37800000000000156,135.88390000000035,1.4376206093948394,0.0024834012874267687,0.8927361169327245,4.458785362147057e-06
263,1.1999999999999886,0.27,95.72000000000008,0.003938558487593507,0.31416568202704526,0.32399999999999696,136.20790000000034,1.4229826577517783,0.0021286296749372016,0.8948647466076617,3.275842306883463e-06
76,1.3000000000000114,0.27,97.0200000000001,0.004266771694893044,0.3184324537219383,0.3510000000000031,136.55890000000034,1.407533498247786,0.0023060154811820103,0.8971707620888437,3.844564929606427e-06
14,1.5,0.27,98.5200000000001,0.0049231981094919304,0.3233556518314302,0.405,136.96390000000034,1.3902141697117356,0.002660787093671527,0.8998315491825153,5.1185036045055086e-06
77,1.5,0.27,100.0200000000001,0.0049231981094919304,0.32827884994092216,0.405,137.36890000000034,1.3734143171365747,0.002660787093671527,0.9024923362761869,5.1185036045055086e-06
29,1.0,0.27,101.0200000000001,0.0032821320729946204,0.33156098201391676,0.27,137.63890000000035,1.3624915858245914,0.0017738580624476847,0.9042661943386345,2.274890490891337e-06
264,1.0,0.27,102.0200000000001,0.0032821320729946204,0.33484311408691136,0.27,137.90890000000036,1.351782983728683,0.0017738580624476847,0.9060400524010822,2.274890490891337e-06
44,1.5,0.27,103.5200000000001,0.0049231981094919304,0.3397663121964033,0.405,138.31390000000036,1.336107998454407,0.002660787093671527,0.9087008394947538,5.1185036045055086e-06
131,0.5700000000000003,0.24,104.09000000000009,0.0018708152816069345,0.3416371274780102,0.13680000000000006,138.45070000000035,1.3301056777788476,0.0008987547516401606,0.9095995942463939,9.449016739192852e-07
10,1.5,0.21,105.59000000000009,0.0049231981094919304,0.34656032558750216,0.315,138.76570000000035,1.3141935789374015,0.002069501072855632,0.9116690953192496,8.14358677690679e-06
233,2.3400000000000034,0.21,107.93000000000009,0.007680189050807423,0.3542405146383096,0.4914000000000007,139.25710000000035,1.2902538682479405,0.003228421673654791,0.9148975169929043,1.981823278028042e-05
100,0.379999999999999,0.21,108.31000000000009,0.0012472101877379525,0.3554877248260475,0.07979999999999979,139.33690000000036,1.2864638537531183,0.0005242736051234254,0.9154217905980278,5.226373024823707e-07
82,1.1999999999999886,0.21,109.51000000000008,0.003938558487593507,0.359426283313641,0.2519999999999976,139.58890000000036,1.274668066843213,0.00165560085828449,0.9170773914563123,5.211895537220246e-06
54,1.789999999999992,0.21,111.30000000000007,0.0058750164106603445,0.36530129972430136,0.3758999999999983,139.96480000000037,1.25754537286613,0.0024696046136077096,0.91954699606992,1.159682950750525e-05
214,1.0600000000000023,0.21,112.36000000000007,0.003479059997374305,0.36878035972167567,0.22260000000000046,140.18740000000037,1.247662869348525,0.001462447424817983,0.9210094434947379,4.066726267792226e-06
78,1.5,0.21,113.86000000000007,0.0049231981094919304,0.3737035578311676,0.315,140.50240000000036,1.2339926225188853,0.002069501072855632,0.9230789445675935,8.14358677690679e-06
240,1.5,0.21,115.36000000000007,0.0049231981094919304,0.37862675594065953,0.315,140.81740000000036,1.2206778779472978,0.002069501072855632,0.9251484456404492,8.14358677690679e-06
20,1.5,0.21,116.86000000000007,0.0049231981094919304,0.38354995405015146,0.315,141.13240000000036,1.20770494608934,0.002069501072855632,0.9272179467133048,8.14358677690679e-06
85,0.38999999999998636,0.21,117.25000000000006,0.001280031508467857,0.3848299855586193,0.08189999999999713,141.21430000000035,1.2043863539445654,0.0005380702789424455,0.9277560169922473,5.505064661188604e-07
134,0.3399999999999892,0.21,117.59000000000005,0.0011159249048181355,0.38594591046343746,0.07139999999999773,141.28570000000036,1.2015111829237206,0.0004690869098472617,0.9282251039020946,4.1839939173794e-07
209,0.25,0.21,117.84000000000005,0.0008205330182486551,0.3867664434816861,0.0525,141.33820000000037,1.1994076714188757,0.0003449168454759387,0.9285700207475704,2.2621074380296636e-07
107,1.3300000000000054,0.21,119.17000000000004,0.004365235657082862,0.39113167913876895,0.2793000000000011,141.61750000000038,1.1883653604095017,0.001834957617932001,0.9304049783655024,6.4023069554091275e-06
241,1.5,0.21,120.67000000000004,0.0049231981094919304,0.3960548772482609,0.315,141.93250000000037,1.1762036960304991,0.002069501072855632,0.932474479438358,8.14358677690679e-06
269,1.5,0.21,122.17000000000004,0.0049231981094919304,0.4009780753577528,0.315,142.24750000000037,1.1643406728329404,0.002069501072855632,0.9345439805112137,8.14358677690679e-06
205,1.1800000000000068,0.21,123.35000000000005,0.003872915846133674,0.4048509912038865,0.24780000000000144,142.49530000000038,1.1552111876773434,0.00162800751064644,0.9361719880218601,5.039613434740064e-06
217,0.28000000000000114,0.21,123.63000000000005,0.0009189969804384974,0.405769988184325,0.058800000000000234,142.55410000000037,1.1530704521556283,0.00038630686693305285,0.9365582948887932,2.837587570264433e-07
242,1.5,0.21,125.13000000000005,0.0049231981094919304,0.41069318629381696,0.315,142.86910000000037,1.1417653640214203,0.002069501072855632,0.9386277959616488,8.14358677690679e-06
59,1.4499999999999886,0.14,126.58000000000004,0.0047590915058421624,0.4154522777996591,0.20299999999999843,143.07210000000038,1.1302899352188365,0.0013336784691736193,0.9399614744308225,1.1733454471778806e-05
169,1.1899999999999977,0.14,127.77000000000004,0.0039057371668635905,0.4193580149665227,0.1665999999999997,143.23870000000036,1.1210667605854294,0.0010945361229769768,0.9410560105537994,7.902851309149187e-06
219,1.0699999999999932,0.14,128.84000000000003,0.0035118813181042215,0.4228698962846269,0.14979999999999907,143.38850000000036,1.1129191244955008,0.0009841627324246724,0.942040173286224,6.38936124838982e-06
201,0.09999999999999432,0.14,128.94000000000003,0.0003282132072994434,0.4231981094919263,0.013999999999999206,143.40250000000037,1.1121645726694613,9.19778254602451e-05,0.9421321511116842,5.5807155632711805e-08
211,1.9599999999999795,0.14,130.9,0.006432978863069388,0.4296310883549957,0.27439999999999715,143.67690000000036,1.097608097784571,0.0018027653790208874,0.9439349164907052,2.1438876907864556e-05
193,2.240000000000009,0.14,133.14000000000001,0.007351975843507979,0.4369830641985037,0.3136000000000013,143.99050000000037,1.081496920534778,0.0020603032903096156,0.9459952197810148,2.8001798410272884e-05
11,1.5,0.14,134.64000000000001,0.0049231981094919304,0.4419062623079956,0.21000000000000002,144.20050000000037,1.0710078728461108,0.001379667381903755,0.9473748871629185,1.2556610017361584e-05
68,1.1999999999999886,0.14,135.84,0.003938558487593507,0.4458448207955891,0.16799999999999843,144.36850000000038,1.0627834216725587,0.0011037339055229934,0.9484786210684415,8.036230411111261e-06
191,1.789999999999992,0.14,137.63,0.0058750164106603445,0.4517198372062495,0.25059999999999893,144.61910000000037,1.0507818062922356,0.0016464030757384737,0.95012502414418,1.7881170736279065e-05
187,0.19999999999998863,0.14,137.82999999999998,0.0006564264145988868,0.4523762636208484,0.02799999999999841,144.64710000000036,1.0494602045998722,0.0001839556509204902,0.9503089797951004,2.2322862253084722e-07
9,1.5,0.14,139.32999999999998,0.0049231981094919304,0.4572994617303403,0.21000000000000002,144.85710000000037,1.0396691308404535,0.001379667381903755,0.9516886471770042,1.2556610017361584e-05
232,1.3400000000000034,0.14,140.67,0.004398056977812802,0.4616975187081531,0.1876000000000005,145.04470000000038,1.031099026089432,0.0012325028611673574,0.9529211500381716,1.0020732865410923e-05
247,1.1999999999999886,0.14,141.86999999999998,0.003938558487593507,0.4656360771957466,0.16799999999999843,145.21270000000038,1.0235617114259563,0.0011037339055229934,0.9540248839436946,8.036230411111261e-06
120,0.6300000000000026,0.14,142.49999999999997,0.002067743205986619,0.46770382040173325,0.08820000000000036,145.30090000000038,1.0196554385964942,0.0005794603003995794,0.9546043442440941,2.2149860070626014e-06
123,0.259999999999998,0.14,142.75999999999996,0.0008533543389785947,0.46855717474071185,0.036399999999999724,145.33730000000037,1.018053376295884,0.000239142346196649,0.9548434865902907,3.7725637207716894e-07
109,1.5200000000000031,0.14,144.27999999999997,0.004988840750951833,0.4735460154916637,0.21280000000000046,145.55010000000036,1.0088030219018602,0.0013980629469958078,0.9562415495372866,1.2893685237383252e-05
124,2.1200000000000045,0.14,146.39999999999998,0.00695811999474861,0.4805041354864123,0.2968000000000007,145.84690000000035,0.9962219945355216,0.0019499298997573112,0.9581914794370439,2.508196802756895e-05
248,1.3000000000000114,0.14,147.7,0.004266771694893044,0.48477090718130533,0.1820000000000016,146.02890000000033,0.9886858496953307,0.0011957117309832647,0.9593871911680272,9.431409301929531e-06
243,1.5,0.14,149.2,0.0049231981094919304,0.48969410529079727,0.21000000000000002,146.23890000000034,0.980153485254694,0.001379667381903755,0.9607668585499309,1.2556610017361584e-05
83,0.7599999999999909,0.14,149.95999999999998,0.0024944203754758815,0.49218852566627314,0.10639999999999873,146.34530000000035,0.9758955721525765,0.000699031473497894,0.9614658900234289,3.223421309345723e-06
16,1.5,0.14,151.45999999999998,0.0049231981094919304,0.49711172377576507,0.21000000000000002,146.55530000000036,0.9676171926581301,0.001379667381903755,0.9628455574053326,1.2556610017361584e-05
15,1.5,0.14,152.95999999999998,0.0049231981094919304,0.502034921885257,0.21000000000000002,146.76530000000037,0.9595011767782452,0.001379667381903755,0.9642252247872364,1.2556610017361584e-05
253,0.5999999999999943,0.14,153.55999999999997,0.0019692792437967536,0.5040042011290538,0.08399999999999921,146.84930000000037,0.9562991664495988,0.0005518669527614967,0.9647770917399979,2.0090576027778152e-06
146,0.25,0.14,153.80999999999997,0.0008205330182486551,0.5048247341473024,0.035,146.88430000000037,0.9549723685066016,0.0002299445636506258,0.9650070363036486,3.4879472270448844e-07
230,0.5099999999999909,0.14,154.31999999999996,0.0016738873572272265,0.5064986215045296,0.07139999999999873,146.95570000000038,0.9522790305857984,0.00046908690984726823,0.9654761232134959,1.4515441180069475e-06
228,0.8000000000000114,0.14,155.11999999999998,0.0026257056583957336,0.5091243271629253,0.1120000000000016,147.06770000000037,0.9480898659102656,0.000735822603682013,0.9662119458171778,3.571657960494063e-06
96,0.75,0.14,155.86999999999998,0.0024615990547459652,0.5115859262176713,0.10500000000000001,147.17270000000036,0.944201578238278,0.0006898336909518775,0.9669017795081297,3.139152504340396e-06
105,2.3299999999999983,0.14,158.2,0.00764736773007746,0.5192332939477488,0.32619999999999977,147.49890000000036,0.9323571428571452,0.002143083333223831,0.9690448628413536,3.029714672144631e-05
224,1.1800000000000068,0.14,159.38,0.003872915846133674,0.5231062097938824,0.16520000000000096,147.66410000000036,0.9264907767599471,0.00108533834043096,0.9701302011817846,7.770588350299764e-06
34,0.19999999999998863,0.14,159.57999999999998,0.0006564264145988868,0.5237626362084813,0.02799999999999841,147.69210000000035,0.9255050758240404,0.0001839556509204902,0.970314156832705,2.2322862253084722e-07
102,0.14000000000000057,0.14,159.71999999999997,0.0004594984902192487,0.5242221346987005,0.019600000000000083,147.71170000000035,0.9248165539694488,0.00012876895564435098,0.9704429257883495,1.0938202504012845e-07
194,0.19999999999998863,0.07,159.91999999999996,0.0006564264145988868,0.5248785611132993,0.013999999999999206,147.72570000000036,0.9237474987493771,9.19778254602451e-05,0.9705349036138097,3.186022097806031e-07
198,2.1699999999999875,0.07,162.08999999999995,0.007122226598398285,0.5320007877116977,0.15189999999999915,147.87760000000037,0.9123178481090778,0.0009979594062437104,0.9715328630200534,3.7506648640900875e-05
197,0.18000000000000682,0.07,162.26999999999995,0.0005907837731390541,0.5325915714848367,0.012600000000000479,147.89020000000036,0.9113834966414026,8.278004291422844e-05,0.9716156430629675,2.5806778992233736e-07
220,1.5,0.07,163.76999999999995,0.0049231981094919304,0.5375147695943286,0.10500000000000001,147.99520000000035,0.9036771081394663,0.0006898336909518775,0.9723054767539194,1.792137430016096e-05
249,1.3499999999999943,0.07,165.11999999999995,0.004430878298542718,0.5419456478928714,0.09449999999999961,148.08970000000036,0.8968610707364366,0.0006208503218566871,0.9729263270757761,1.4516313183130255e-05
207,1.2700000000000102,0.07,166.38999999999996,0.0041683077327032015,0.5461139556255745,0.08890000000000073,148.17860000000036,0.8905499128553422,0.0005840591916725943,0.9735103862674487,1.2846837603880036e-05
221,1.3900000000000148,0.07,167.77999999999997,0.004562163581462571,0.5506761192070371,0.09730000000000104,148.27590000000035,0.8837519370604385,0.0006392458869487465,0.9741496321543974,1.5389283237929656e-05
231,0.18999999999999773,0.07,167.96999999999997,0.0006236050938689704,0.551299724300906,0.013299999999999841,148.28920000000033,0.8828314579984543,8.737893418723675e-05,0.9742370110885846,2.875384943270201e-07
227,1.549999999999983,0.07,169.51999999999995,0.005087304713141606,0.5563870290140476,0.10849999999999882,148.39770000000033,0.8753993629070338,0.0007128281473169322,0.9749498392359015,1.9136045224949224e-05
226,1.5,0.07,171.01999999999995,0.0049231981094919304,0.5613102271235395,0.10500000000000001,148.50270000000032,0.8683352824231105,0.0006898336909518775,0.9756396729268534,1.792137430016096e-05
225,1.8700000000000045,0.07,172.88999999999996,0.006137586976499955,0.5674478141000394,0.13090000000000032,148.6336000000003,0.8597003875296452,0.0008599926680533425,0.9764996655949068,2.7853001684548076e-05
223,1.5199999999999818,0.07,174.40999999999994,0.004988840750951763,0.5724366548509912,0.10639999999999873,148.74000000000032,0.8528180723582385,0.000699031473497894,0.9771986970684047,1.8402463636929285e-05
271,1.5,0.07,175.90999999999994,0.0049231981094919304,0.5773598529604831,0.10500000000000001,148.8450000000003,0.8461429139901107,0.0006898336909518775,0.9778885307593566,1.792137430016096e-05
246,1.5,0.07,177.40999999999994,0.0049231981094919304,0.582283051069975,0.10500000000000001,148.9500000000003,0.8395806324333485,0.0006898336909518775,0.9785783644503084,1.792137430016096e-05
139,1.5200000000000102,0.07,178.92999999999995,0.004988840750951857,0.5872718918209269,0.10640000000000073,149.0564000000003,0.8330430894763334,0.0006990314734979071,0.9792773959238064,1.8402463636929973e-05
188,0.5800000000000125,0.07,179.50999999999996,0.0019036366023369208,0.5891755284232638,0.04060000000000088,149.09700000000032,0.8305776836945037,0.0002667356938347317,0.9795441316176411,2.679444584255292e-06
122,1.4200000000000017,0.07,180.92999999999995,0.004660627543652367,0.5938361559669162,0.09940000000000013,149.19640000000032,0.8246084120930767,0.0006530425607677781,0.9801971741784089,1.6060737395042063e-05
113,1.5200000000000031,0.07,182.44999999999996,0.004988840750951833,0.598824996717868,0.10640000000000023,149.30280000000033,0.8183217319813667,0.0006990314734979039,0.9808962056519068,1.84024636369298e-05
114,1.5300000000000011,0.07,183.97999999999996,0.005021662071681773,0.6038466587895498,0.10710000000000008,149.40990000000033,0.8120985976736622,0.0007036303647709154,0.9815998360166778,1.864539782188749e-05
138,1.5300000000000011,0.07,185.50999999999996,0.005021662071681773,0.6088683208612315,0.10710000000000008,149.51700000000034,0.8059781143873666,0.0007036303647709154,0.9823034663814487,1.864539782188749e-05
118,1.4699999999999989,0.07,186.97999999999996,0.004824734147302088,0.6136930550085337,0.10289999999999994,149.61990000000034,0.8001919991442955,0.0006760370171328394,0.9829795033985815,1.721168787787456e-05
160,2.539999999999992,0.07,189.51999999999995,0.00833661546540631,0.62202967047394,0.17779999999999946,149.79770000000033,0.7904057619248648,0.0011681183833451754,0.9841476217819267,5.1387350415518984e-05
119,1.5799999999999983,0.07,191.09999999999997,0.005185768675331494,0.6272154391492715,0.11059999999999989,149.90830000000034,0.7844495028780762,0.0007266248211359767,0.9848742466030627,1.9883963912409657e-05
152,1.5100000000000051,0.07,192.60999999999996,0.004956019430221894,0.6321714585794934,0.10570000000000036,150.01400000000035,0.7788484502362306,0.0006944325822248922,0.9855686791852876,1.8161122463021014e-05
103,0.7199999999999989,0.07,193.32999999999996,0.002363135092556123,0.6345345936720496,0.050399999999999924,150.06440000000035,0.7762085553199213,0.0003311201716569006,0.9858997993569445,4.1290846387570725e-06
151,1.519999999999996,0.07,194.84999999999997,0.00498884075095181,0.6395234344230014,0.10639999999999973,150.17080000000036,0.7706995124454729,0.0006990314734979006,0.9865988308304424,1.840246363692963e-05
129,1.5500000000000043,0.07,196.39999999999998,0.005087304713141675,0.6446107391361431,0.1085000000000003,150.27930000000035,0.7651695519348287,0.0007128281473169419,0.9873116589777594,1.9136045224949753e-05
147,1.2800000000000011,0.07,197.67999999999998,0.004201129053433118,0.6488118681895763,0.08960000000000008,150.36890000000034,0.7606682517199532,0.0005886580829456026,0.987900317060705,1.304994651261501e-05
145,1.3400000000000034,0.07,199.01999999999998,0.004398056977812802,0.6532099251673891,0.09380000000000024,150.46270000000032,0.756017988141897,0.0006162514305836787,0.9885165684912887,1.430205319705297e-05
133,0.9900000000000091,0.07,200.01,0.003249310752264704,0.6564592359196538,0.06930000000000064,150.53200000000032,0.7526223688815575,0.00045529023602824324,0.9889718587273169,7.806550645150256e-06
143,1.5,0.07,201.51,0.0049231981094919304,0.6613824340291458,0.10500000000000001,150.6370000000003,0.747541064959557,0.0006898336909518775,0.9896616924182687,1.792137430016096e-05
110,1.5300000000000011,0.07,203.04,0.005021662071681773,0.6664040961008275,0.10710000000000008,150.74410000000032,0.742435480693461,0.0007036303647709154,0.9903653227830397,1.864539782188749e-05
115,1.0599999999999952,0.07,204.1,0.0034790599973742817,0.6698831560982018,0.07419999999999967,150.8183000000003,0.7389431651151411,0.0004874824749393245,0.990852805257979,8.949536072738077e-06
101,0.8500000000000014,0.07,204.95,0.002789812262045432,0.6726729683602473,0.05950000000000011,150.87780000000032,0.736168821663822,0.00039090575820606454,0.9912437110161851,5.754752414162816e-06
12,1.5,0.07,206.45,0.0049231981094919304,0.6775961664697392,0.10500000000000001,150.9828000000003,0.7313286510050875,0.0006898336909518775,0.991933544707137,1.792137430016096e-05
86,2.129999999999999,0.07,208.57999999999998,0.006990941315478538,0.6845871077852177,0.14909999999999995,151.13190000000031,0.7245752229360453,0.0009795638411516656,0.9929131085482887,3.6136659138844526e-05
18,1.5,0.07,210.07999999999998,0.0049231981094919304,0.6895103058947096,0.10500000000000001,151.2369000000003,0.7199014661081508,0.0006898336909518775,0.9936029422392406,1.792137430016096e-05
99,1.5,0.07,211.57999999999998,0.0049231981094919304,0.6944335040042016,0.10500000000000001,151.3419000000003,0.7152939786369237,0.0006898336909518775,0.9942927759301925,1.792137430016096e-05
17,1.5,0.07,213.07999999999998,0.0049231981094919304,0.6993567021136935,0.10500000000000001,151.44690000000028,0.7107513609911784,0.0006898336909518775,0.9949826096211444,1.792137430016096e-05
87,0.5,0.07,213.57999999999998,0.0016410660364973102,0.7009977681501908,0.035,151.48190000000028,0.7092513343946076,0.0002299445636506258,0.995212554184795,1.9912638111289955e-06
13,1.5,0.07,215.07999999999998,0.0049231981094919304,0.7059209662596827,0.10500000000000001,151.58690000000027,0.7047931002417718,0.0006898336909518775,0.9959023878757469,1.792137430016096e-05
88,0.9299999999999997,0.07,216.01,0.003052382827884996,0.7089733490875677,0.06509999999999999,151.65200000000027,0.7020600898106582,0.00042769688839016393,0.9963300847641371,6.8889762809818695e-06
90,1.0,0.07,217.01,0.0032821320729946204,0.7122554811605624,0.07,151.72200000000026,0.6991475047232859,0.0004598891273012516,0.9967899738914383,7.965055244515982e-06
8,1.4799999999999898,0.07,218.48999999999998,0.004857555468032004,0.7171130366285944,0.10359999999999929,151.82560000000026,0.6948858071307624,0.0006806359084058477,0.9974706097998441,1.7446657007587568e-05
93,1.0999999999999979,0.07,219.58999999999997,0.0036103452802940753,0.7207233819088884,0.07699999999999986,151.90260000000026,0.6917555444237,0.0005058780400313759,0.9979764878398755,9.6377168458643e-06
95,1.6600000000000001,0.07,221.24999999999997,0.00544833924117107,0.7261717211500595,0.11620000000000003,152.01880000000025,0.6870906214689277,0.0007634159513200778,0.9987399037911956,2.1948506231788247e-05
98,1.9899999999999984,0.07,223.23999999999998,0.006531442825259289,0.7327031639753188,0.1392999999999999,152.15810000000025,0.6815897688586287,0.00091517936332949,0.9996550831545251,3.1542415273807695e-05
80,0.75,0.07,223.98999999999998,0.0024615990547459652,0.7351647630300647,0.052500000000000005,152.21060000000026,0.6795419438367796,0.00034491684547593873,1.000000000000001,4.48034357504024e-06
244,1.5,0.0,225.48999999999998,0.0049231981094919304,0.7400879611395567,0.0,152.21060000000026,0.6750215087143566,0.0,1.000000000000001,2.423787962530492e-05
135,1.3400000000000034,0.0,226.82999999999998,0.004398056977812802,0.7444860181173695,0.0,152.21060000000026,0.6710338138694188,0.0,1.000000000000001,1.9342905180087883e-05
128,1.490000000000002,0.0,228.32,0.004890376788761991,0.7493763949061315,0.0,152.21060000000026,0.6666546951646822,0.0,1.000000000000001,2.391578513606204e-05
136,1.5400000000000063,0.0,229.86,0.005054483392411736,0.7544308782985433,0.0,152.21060000000026,0.6621882885234501,0.0,1.000000000000001,2.5547802364166052e-05
126,1.5200000000000031,0.0,231.38000000000002,0.004988840750951833,0.7594197190494951,0.0,152.21060000000026,0.657838188261735,0.0,1.000000000000001,2.4888532038357645e-05
245,1.5,0.0,232.88000000000002,0.0049231981094919304,0.7643429171589871,0.0,152.21060000000026,0.6536009962212308,0.0,1.000000000000001,2.423787962530492e-05
127,1.529999999999994,0.0,234.41000000000003,0.00502166207168175,0.7693645792306688,0.0,152.21060000000026,0.6493349259843874,0.0,1.000000000000001,2.5217089962167042e-05
125,1.2999999999999972,0.0,235.71000000000004,0.004266771694892997,0.7736313509255618,0.0,152.21060000000026,0.6457536803699471,0.0,1.000000000000001,1.820534069634006e-05
250,1.6500000000000057,0.0,237.36000000000004,0.0054155179204411425,0.7790468688460029,0.0,152.21060000000026,0.6412647455342106,0.0,1.000000000000001,2.9327834346619154e-05
251,1.8000000000000114,0.0,239.16000000000005,0.005907837731390354,0.7849547065773933,0.0,152.21060000000026,0.6364383676200043,0.0,1.000000000000001,3.490254666043952e-05
92,1.6600000000000001,0.0,240.82000000000005,0.00544833924117107,0.7904030458185644,0.0,152.21060000000026,0.6320513246408115,0.0,1.000000000000001,2.968440048688455e-05
117,1.4500000000000028,0.0,242.27000000000004,0.004759091505842208,0.7951621373244065,0.0,152.21060000000026,0.6282684608081902,0.0,1.000000000000001,2.264895196097946e-05
112,1.5300000000000011,0.0,243.80000000000004,0.005021662071681773,0.8001837993960883,0.0,152.21060000000026,0.6243256767842503,0.0,1.000000000000001,2.5217089962167276e-05
137,1.509999999999991,0.0,245.31000000000003,0.004956019430221847,0.8051398188263101,0.0,152.21060000000026,0.6204826546003026,0.0,1.000000000000001,2.456212859273648e-05
142,1.5499999999999972,0.0,246.86,0.0050873047131416525,0.8102271235394518,0.0,152.21060000000026,0.6165867293202635,0.0,1.000000000000001,2.5880669244353264e-05
140,1.529999999999987,0.0,248.39,0.005021662071681726,0.8152487856111336,0.0,152.21060000000026,0.6127887596119017,0.0,1.000000000000001,2.5217089962166808e-05
141,1.5100000000000051,0.0,249.89999999999998,0.004956019430221894,0.8202048050413555,0.0,152.21060000000026,0.6090860344137666,0.0,1.000000000000001,2.4562128592736943e-05
174,0.20000000000000284,0.0,250.09999999999997,0.0006564264145989334,0.8208612314559545,0.0,152.21060000000026,0.6085989604158347,0.0,1.000000000000001,4.308956377832108e-07
175,1.9500000000000028,0.0,252.04999999999995,0.006400157542339519,0.8272613889982939,0.0,152.21060000000026,0.603890497917081,0.0,1.000000000000001,4.096201656676543e-05
177,1.3800000000000097,0.0,253.42999999999995,0.004529342260732608,0.8317907312590266,0.0,152.21060000000026,0.6006021386576186,0.0,1.000000000000001,2.051494131485837e-05
178,2.219999999999999,0.0,255.64999999999995,0.0072863332020480535,0.8390770644610747,0.0,152.21060000000026,0.5953866614512039,0.0,1.000000000000001,5.309065153126783e-05
204,1.8599999999999852,0.0,257.50999999999993,0.006104765655769945,0.8451818301168446,0.0,152.21060000000026,0.5910861714108201,0.0,1.000000000000001,3.726816371186825e-05
179,1.3699999999999903,0.0,258.87999999999994,0.004496520940002598,0.8496783510568472,0.0,152.21060000000026,0.5879581273176773,0.0,1.000000000000001,2.021870056388185e-05
202,0.7599999999999909,0.0,259.63999999999993,0.0024944203754758815,0.8521727714323231,0.0,152.21060000000026,0.5862370975196437,0.0,1.000000000000001,6.2221330095892375e-06
180,1.6700000000000017,0.0,261.30999999999995,0.005481160561901022,0.8576539319942241,0.0,152.21060000000026,0.5824905284910653,0.0,1.000000000000001,3.004312110533912e-05
200,1.5600000000000023,0.0,262.86999999999995,0.005120126033871615,0.8627740580280957,0.0,152.21060000000026,0.5790337429147498,0.0,1.000000000000001,2.6215690602729875e-05
199,1.7900000000000205,0.0,264.65999999999997,0.005875016410660437,0.8686490744387562,0.0,152.21060000000026,0.5751175092571612,0.0,1.000000000000001,3.451581782552945e-05
181,1.519999999999996,0.0,266.17999999999995,0.00498884075095181,0.873637915189708,0.0,152.21060000000026,0.5718333458561886,0.0,1.000000000000001,2.4888532038357418e-05
182,1.5300000000000011,0.0,267.7099999999999,0.005021662071681773,0.8786595772613898,0.0,152.21060000000026,0.5685652385043528,0.0,1.000000000000001,2.5217089962167276e-05
196,2.3499999999999943,0.0,270.05999999999995,0.007713010371537339,0.8863725876329271,0.0,152.21060000000026,0.5636177145819458,0.0,1.000000000000001,5.949052899144256e-05
195,1.6299999999999955,0.0,271.68999999999994,0.005349875278981216,0.8917224629119084,0.0,152.21060000000026,0.5602362987228101,0.0,1.000000000000001,2.8621165500654345e-05
183,1.5200000000000102,0.0,273.2099999999999,0.004988840750951857,0.8967113036628602,0.0,152.21060000000026,0.5571194319388028,0.0,1.000000000000001,2.4888532038357882e-05
184,1.5300000000000011,0.0,274.7399999999999,0.005021662071681773,0.901732965734542,0.0,152.21060000000026,0.5540168886947671,0.0,1.000000000000001,2.5217089962167276e-05
185,1.4799999999999898,0.0,276.2199999999999,0.004857555468032004,0.906590521202574,0.0,152.21060000000026,0.5510484396495559,0.0,1.000000000000001,2.3595845125007628e-05
173,1.539999999999992,0.0,277.7599999999999,0.005054483392411689,0.9116450045949857,0.0,152.21060000000026,0.5479932315668214,0.0,1.000000000000001,2.5547802364165578e-05
172,1.9000000000000057,0.0,279.65999999999985,0.006236050938689797,0.9178810555336755,0.0,152.21060000000026,0.5442701852249172,0.0,1.000000000000001,3.8888331309933905e-05
165,1.3500000000000085,0.0,281.0099999999999,0.004430878298542765,0.9223119338322182,0.0,152.21060000000026,0.5416554571011719,0.0,1.000000000000001,1.9632682496497232e-05
222,1.5300000000000011,0.0,282.53999999999985,0.005021662071681773,0.9273335959039,0.0,152.21060000000026,0.5387223048064003,0.0,1.000000000000001,2.5217089962167276e-05
186,0.9399999999999977,0.0,283.47999999999985,0.0030852041486149357,0.9304188000525149,0.0,152.21060000000026,0.5369359390433199,0.0,1.000000000000001,9.518484638630809e-06
144,0.18000000000000682,0.0,283.65999999999985,0.0005907837731390541,0.9310095838256539,0.0,152.21060000000026,0.5365952196291346,0.0,1.000000000000001,3.4902546660441726e-07
148,1.519999999999996,0.0,285.17999999999984,0.00498884075095181,0.9359984245766058,0.0,152.21060000000026,0.5337351847955689,0.0,1.000000000000001,2.4888532038357418e-05
149,1.5300000000000011,0.0,286.7099999999998,0.005021662071681773,0.9410200866482875,0.0,152.21060000000026,0.5308869589480673,0.0,1.000000000000001,2.5217089962167276e-05
150,1.5300000000000011,0.0,288.2399999999998,0.005021662071681773,0.9460417487199693,0.0,152.21060000000026,0.528068970302527,0.0,1.000000000000001,2.5217089962167276e-05
153,1.529999999999987,0.0,289.76999999999975,0.005021662071681726,0.951063410791651,0.0,152.21060000000026,0.5252807398971612,0.0,1.000000000000001,2.5217089962166808e-05
154,1.5100000000000051,0.0,291.27999999999975,0.004956019430221894,0.956019430221873,0.0,152.21060000000026,0.5225576764625116,0.0,1.000000000000001,2.4562128592736943e-05
155,1.5499999999999972,0.0,292.82999999999976,0.0050873047131416525,0.9611067349350146,0.0,152.21060000000026,0.5197916880101096,0.0,1.000000000000001,2.5880669244353264e-05
164,1.539999999999992,0.0,294.3699999999998,0.005054483392411689,0.9661612183274263,0.0,152.21060000000026,0.5170723918877616,0.0,1.000000000000001,2.5547802364165578e-05
156,1.5200000000000102,0.0,295.88999999999976,0.004988840750951857,0.9711500590783781,0.0,152.21060000000026,0.5144161681706052,0.0,1.000000000000001,2.4888532038357882e-05
157,1.3199999999999932,0.0,297.20999999999975,0.004332414336352877,0.975482473414731,0.0,152.21060000000026,0.5121314895191965,0.0,1.000000000000001,1.8769813981835933e-05
158,0.20000000000000284,0.0,297.40999999999974,0.0006564264145989334,0.97613889982933,0.0,152.21060000000026,0.5117870952557089,0.0,1.000000000000001,4.308956377832108e-07
159,1.3299999999999983,0.0,298.7399999999997,0.00436523565708284,0.9805041354864128,0.0,152.21060000000026,0.5095086027984214,0.0,1.000000000000001,1.905528234186745e-05
215,2.4499999999999886,0.0,301.1899999999997,0.008041223578836782,0.9885453590652495,0.0,152.21060000000026,0.5053640559115522,0.0,1.000000000000001,6.466127664484063e-05
161,1.7199999999999989,0.0,302.90999999999974,0.005645267165550743,0.9941906262308002,0.0,152.21060000000026,0.5024944703047123,0.0,1.000000000000001,3.186904137044533e-05
162,1.3200000000000074,0.0,304.22999999999973,0.004332414336352923,0.9985230405671531,0.0,152.21060000000026,0.5003142359399152,0.0,1.000000000000001,1.8769813981836337e-05
0,0.45000000000001705,0.0,304.6799999999997,0.001476959432847635,1.0000000000000007,0.0,152.21060000000026,0.49957529210975576,0.0,1.000000000000001,2.181409166277608e-06
