,weight,grade,cml_weight,weight_pct,cml_weight_pct,yield,cml_yield,cml_grade,recovery,cml_recovery,distributional_heterogeneity
25,0.30000000000001137,25.85,0.30000000000001137,0.0009851893205478036,0.0009851893205478036,7.755000000000294,7.755000000000294,25.85,0.0886950673876682,0.0886950673876682,0.007693022710549129
20,0.3499999999999659,23.31,0.6499999999999773,0.0011493875406389485,0.002134576861186752,8.158499999999204,15.913499999999498,24.482307692307778,0.09330995580685919,0.18200502319452738,0.008493570343152644
50,0.3000000000000007,14.02,0.949999999999978,0.0009851893205477685,0.0031197661817345206,4.20600000000001,20.11949999999951,21.178421052631553,0.048104636161511186,0.23010965935603855,0.0022202422705983773
59,0.7199999999999989,5.21,1.6699999999999768,0.002364454369314635,0.005484220551049156,3.751199999999994,23.870699999999502,14.293832335329242,0.04290302215146458,0.27301268150750313,0.0016433754778279659
22,1.5,3.02,3.169999999999977,0.004925946602738831,0.010410167153787987,4.53,28.400699999999503,8.959211356466787,0.05181027147209823,0.32482295297960134,0.0021981399184556327
19,1.0500000000000114,1.99,4.219999999999988,0.003448162621917219,0.013858329775705206,2.089500000000023,30.490199999999525,7.225165876777159,0.02389791660948133,0.34872086958908266,0.0004181924381518941
23,1.5,1.92,5.719999999999988,0.004925946602738831,0.018784276378444036,2.88,33.37019999999953,5.833951048950978,0.032938980538552515,0.38165985012763515,0.0007847300702890492
41,1.0,1.89,6.719999999999988,0.0032839644018258876,0.022068240780269924,1.89,35.26019999999953,5.247053571428511,0.021616205978425087,0.4032760561060602,0.0003360710812227923
251,0.6500000000000057,1.65,7.369999999999994,0.0021345768611868454,0.02420281764145677,1.0725000000000093,36.33269999999954,4.9298100407055045,0.01226633910680482,0.415542395212865,0.00010265260620172977
255,1.5,1.54,8.869999999999994,0.004925946602738831,0.029128764244195603,2.31,38.64269999999954,4.356561443066468,0.026419807306963996,0.441962202519829,0.0004619860479726349
142,0.4099999999999966,1.44,9.27999999999999,0.0013464254047486025,0.030475189648944204,0.590399999999995,39.23309999999954,4.227704741379265,0.006752491010403209,0.4487146935302322,2.9225545332641714e-05
21,1.6000000000000227,1.44,10.880000000000013,0.005254343042921494,0.0357295326918657,2.3040000000000327,41.53709999999957,3.8177481617646616,0.026351184430842386,0.4750658779610746,0.0004450767165470921
202,0.30000000000001137,1.23,11.180000000000025,0.0009851893205478036,0.0367147220124135,0.369000000000014,41.90609999999958,3.7483094812164124,0.004220306881502201,0.4792861848425768,1.046598563319553e-05
196,1.1500000000000057,1.23,12.33000000000003,0.003776559062099789,0.04049128107451329,1.414500000000007,43.32059999999959,3.5134306569342644,0.016177843045757905,0.4954640278883347,0.0001537918444433353
24,1.5,1.17,13.83000000000003,0.004925946602738831,0.04541722767725212,1.755,45.07559999999959,3.2592624728849957,0.02007219126568044,0.5155362191540152,0.00022940872738968712
224,0.45000000000001705,1.17,14.280000000000047,0.0014777839808217054,0.046895011658073825,0.52650000000002,45.60209999999961,3.193424369747861,0.00602165737970436,0.5215578765337195,2.0646785465073403e-05
54,1.0,1.1,15.280000000000047,0.0032839644018258876,0.05017897605989971,1.1,46.70209999999961,3.056420157068028,0.012580860622363809,0.5341387371560834,8.643227933545229e-05
99,1.539999999999992,1.06,16.82000000000004,0.00505730517881184,0.05523628123871155,1.6323999999999916,48.3344999999996,2.873632580261563,0.018669997163587797,0.5528087343196711,0.00018530538307238352
43,0.2999999999999998,0.96,17.12000000000004,0.0009851893205477657,0.056221470559259315,0.2879999999999998,48.6224999999996,2.8400992990653906,0.0032938980538552492,0.5561026323735264,5.330136015250247e-06
145,0.7200000000000273,0.96,17.840000000000067,0.0023644543693147283,0.05858592492857404,0.6912000000000261,49.31369999999962,2.7642208520179055,0.007905355329252902,0.5640079877027793,3.0701583447843786e-05
208,0.19999999999998863,0.89,18.040000000000056,0.0006567928803651402,0.05924271780893918,0.1779999999999899,49.49169999999961,2.7434423503325642,0.002035811991618755,0.566043799694398,1.9016937092027101e-06
240,0.4000000000000057,0.89,18.44000000000006,0.0013135857607303736,0.06055630356966955,0.3560000000000051,49.84769999999961,2.7032375271149376,0.004071623983237799,0.5701154236776358,7.60677483681192e-06
250,0.5,0.89,18.94000000000006,0.0016419822009129438,0.0621982857705825,0.445,50.29269999999961,2.655369588173149,0.005089529979047177,0.575204953656683,1.1885585682518289e-05
189,0.12999999999999545,0.86,19.070000000000057,0.0004269153722373504,0.06262520114281984,0.11179999999999608,50.40449999999961,2.643130571578367,0.0012786729250729312,0.5764836265817559,7.254909288124575e-07
9,0.5,0.82,19.570000000000057,0.0016419822009129438,0.06426718334373278,0.41,50.814499999999605,2.5965508431272077,0.004689229868335601,0.5811728564500915,9.285718346612825e-06
213,0.29999999999998295,0.82,19.87000000000004,0.0009851893205477102,0.0652523726642805,0.245999999999986,51.06049999999959,2.5697282335178406,0.0028135379210012007,0.5839863943710928,3.3428586047802368e-06
1,1.5,0.82,21.37000000000004,0.004925946602738831,0.07017831926701933,1.23,52.29049999999959,2.446911558259218,0.014067689605006803,0.5980540839760996,8.357146511951543e-05
97,0.36999999999999034,0.82,21.74000000000003,0.0012150668286755467,0.07139338609569487,0.30339999999999206,52.59389999999958,2.4192226310947333,0.003470030102568254,0.6015241140786679,5.084859366604918e-06
144,0.8999999999999773,0.75,22.640000000000008,0.002955567961643224,0.0743489540573381,0.674999999999983,53.26889999999956,2.3528666077738314,0.007720073563723051,0.609244187642391,2.2700513632250057e-05
75,0.3200000000000003,0.75,22.960000000000008,0.001050868608584285,0.07539982266592239,0.2400000000000002,53.508899999999564,2.330527003484301,0.0027449150448793785,0.6119891026872704,2.869793328324108e-06
206,0.19999999999998863,0.75,23.159999999999997,0.0006567928803651402,0.07605661554628754,0.14999999999999147,53.658899999999555,2.31687823834195,0.0017155719030495127,0.6137046745903199,1.1210130188764753e-06
236,0.35000000000002274,0.69,23.51000000000002,0.0011493875406391352,0.07720600308692667,0.24150000000001567,53.90039999999957,2.292658443215633,0.0027620707639100517,0.6164667453542299,2.6007471786194726e-06
112,0.20000000000000284,0.69,23.710000000000022,0.0006567928803651868,0.07786279596729186,0.13800000000000195,54.03839999999958,2.279139603542789,0.0015783261508056637,0.6180450715050355,8.492235685287213e-07
243,0.5600000000000023,0.62,24.270000000000024,0.0018390200650225043,0.07970181603231435,0.3472000000000014,54.38559999999958,2.2408570251338906,0.003970977098258847,0.6220160486032944,4.545240791565909e-06
0,1.5,0.62,25.770000000000024,0.004925946602738831,0.08462776263505319,0.9299999999999999,55.31559999999958,2.1465114474194618,0.010636545798907581,0.632652594402202,3.26109431792832e-05
232,0.19999999999998863,0.55,25.970000000000013,0.0006567928803651402,0.08528455551541833,0.10999999999999376,55.42559999999957,2.1342164035425313,0.0012580860622363093,0.6339106804644383,3.6155349056475505e-07
254,1.5,0.48,27.470000000000013,0.004925946602738831,0.09021050211815716,0.72,56.14559999999957,2.0438878776847305,0.008234745134638129,0.6421454255990765,1.0948147724698948e-05
68,0.6200000000000045,0.48,28.090000000000018,0.002036057929132065,0.09224656004728923,0.2976000000000022,56.44319999999957,2.0093698825204536,0.0034036946556504515,0.645549120254727,1.8704302157219276e-06
238,0.5699999999999932,0.48,28.66000000000001,0.0018718597090407335,0.09411841975632997,0.27359999999999673,56.716799999999566,1.978953244940668,0.0031292031511624516,0.6486783234058895,1.5809125314464903e-06
27,1.5,0.48,30.16000000000001,0.004925946602738831,0.0990443663590688,0.72,57.436799999999565,1.9044031830238575,0.008234745134638129,0.6569130685405277,1.0948147724698948e-05
138,0.21999999999999886,0.45,30.38000000000001,0.0007224721684016915,0.0997668385274705,0.09899999999999949,57.53579999999956,1.8938709677419205,0.0011322774560127368,0.6580453459965404,1.6794037375397164e-07
195,0.5,0.41,30.88000000000001,0.0016419822009129438,0.10140882072838343,0.205,57.74079999999956,1.8698445595854774,0.0023446149341678005,0.6603899609307082,4.936927578411908e-07
249,0.6999999999999886,0.41,31.58,0.002298775081278084,0.10370759580966152,0.2869999999999953,58.02779999999955,1.83748575047497,0.0032824609078348672,0.6636724218385431,9.676378053687023e-07
3,1.75,0.41,33.33,0.005746937703195303,0.10945453351285682,0.7174999999999999,58.74529999999955,1.7625352535253391,0.008206152269587302,0.6718785741081305,6.0477362835545865e-06
199,0.29999999999998295,0.41,33.62999999999998,0.0009851893205477102,0.11043972283340453,0.122999999999993,58.86829999999954,1.75046981861432,0.0014067689605006004,0.6732853430686311,1.7772939282280845e-07
117,0.21000000000000796,0.38,33.83999999999999,0.0006896325243834625,0.11112935535778799,0.07980000000000302,58.94809999999955,1.7419651300236279,0.0009126842524224271,0.6741980273210535,4.9752073381168295e-08
57,1.1700000000000017,0.34,35.00999999999999,0.0038422383501362936,0.11497159370792429,0.3978000000000006,59.34589999999955,1.695112824907157,0.004549696686887573,0.678747724007941,5.004972982388866e-07
230,0.6200000000000045,0.34,35.629999999999995,0.002036057929132065,0.11700765163705636,0.21080000000000157,59.55669999999955,1.6715324165029346,0.0024109503810857366,0.6811586743890268,1.4054435053183596e-07
8,0.5,0.34,36.129999999999995,0.0016419822009129438,0.1186496338379693,0.17,59.72669999999955,1.6531054525325093,0.001944314823456225,0.683102989212483,9.140501465389824e-08
216,1.5,0.34,37.629999999999995,0.004925946602738831,0.12357558044070813,0.51,60.23669999999955,1.6007626893435971,0.005832944470368675,0.6889359336828517,8.226451318850841e-07
197,0.44999999999998863,0.34,38.079999999999984,0.001477783980821612,0.12505336442152973,0.15299999999999614,60.38969999999955,1.585863970588224,0.0017498833411105582,0.6906858170239623,7.403806186965384e-08
98,1.0500000000000114,0.34,39.129999999999995,0.003448162621917219,0.12850152704344694,0.35700000000000387,60.74669999999956,1.5524329159212769,0.004083061129258116,0.6947688781532204,4.0309611462369994e-07
167,0.700000000000017,0.34,39.83000000000001,0.002298775081278177,0.13080030212472513,0.23800000000000582,60.98469999999956,1.531124780316333,0.002722040752838781,0.6974909189060592,1.7915382872164926e-07
246,0.20000000000001705,0.34,40.03000000000003,0.0006567928803652335,0.13145709500509037,0.0680000000000058,61.05269999999957,1.5251736197851493,0.0007777259293825563,0.6982686448354417,1.4624802344626212e-08
237,0.3299999999999841,0.34,40.360000000000014,0.0010837082526024906,0.13254080325769285,0.1121999999999946,61.16489999999956,1.5154831516352711,0.0012832477834810467,0.6995518926189228,3.981602438323423e-08
28,1.5,0.34,41.860000000000014,0.004925946602738831,0.13746674986043167,0.51,61.67489999999956,1.473361204013367,0.005832944470368675,0.7053848370892914,8.226451318850841e-07
235,1.1999999999999886,0.34,43.06,0.003940757282191027,0.1414075071426227,0.40799999999999614,62.082899999999555,1.4417765908035196,0.004666355576294895,0.7100511926655864,5.264928844064439e-07
18,1.5,0.34,44.56,0.004925946602738831,0.14633345374536152,0.51,62.59289999999955,1.4046880610412826,0.005832944470368675,0.715884137135955,8.226451318850841e-07
51,1.1999999999999993,0.27,45.760000000000005,0.003940757282191063,0.1502742110275526,0.32399999999999984,62.91689999999955,1.3749322552447452,0.0037056353105871563,0.7195897724465422,5.528234153090818e-08
90,0.9499999999999993,0.27,46.71000000000001,0.003119766181734591,0.15339397720928719,0.25649999999999984,63.17339999999955,1.3524598587026235,0.0029336279542148316,0.722523400400757,3.464743974419765e-08
247,1.6200000000000045,0.27,48.33000000000001,0.005320022330957953,0.15871399954024515,0.43740000000000123,63.61079999999956,1.316176288019854,0.005002607669292677,0.7275260080700497,1.0075206744008083e-07
223,0.799999999999983,0.27,49.129999999999995,0.002627171521460654,0.1613411710617058,0.21599999999999542,63.82679999999955,1.2991410543456046,0.0024704235403913864,0.7299964316104411,2.4569929569291504e-08
210,0.19999999999998863,0.27,49.329999999999984,0.0006567928803651402,0.16199796394207094,0.05399999999999693,63.880799999999546,1.294968578958029,0.0006176058850978246,0.730614037495539,1.53562059808061e-09
178,1.0999999999999943,0.27,50.42999999999998,0.0036123608420084575,0.1656103247840794,0.2969999999999985,64.17779999999955,1.2726115407495455,0.003396832368038211,0.7340108698635772,4.645252309194325e-08
212,1.8000000000000114,0.27,52.22999999999999,0.005911135923286634,0.171521460707366,0.4860000000000031,64.66379999999955,1.2380585870189464,0.005558452965880772,0.739569322829458,1.2438526844454513e-07
4,1.5,0.27,53.72999999999999,0.004925946602738831,0.17644740731010483,0.405,65.06879999999956,1.2110329424902209,0.004632044138233948,0.7442013669676919,8.637865864204413e-08
56,1.5,0.27,55.22999999999999,0.004925946602738831,0.18137335391284365,0.405,65.47379999999956,1.1854752851710948,0.004632044138233948,0.7488334111059258,8.637865864204413e-08
55,1.5,0.27,56.72999999999999,0.004925946602738831,0.18629930051558247,0.405,65.87879999999956,1.1612691697514466,0.004632044138233948,0.7534654552441598,8.637865864204413e-08
26,1.1999999999999886,0.27,57.92999999999998,0.003940757282191027,0.1902400577977735,0.32399999999999696,66.20279999999956,1.142806835836347,0.003705635310587123,0.7571710905547469,5.528234153090719e-08
17,1.5,0.27,59.42999999999998,0.004925946602738831,0.19516600440051232,0.405,66.60779999999956,1.1207773851590035,0.004632044138233948,0.7618031346929808,8.637865864204413e-08
253,1.5,0.24,60.92999999999998,0.004925946602738831,0.20009195100325114,0.36,66.96779999999956,1.0990940423436661,0.004117372567319064,0.7659205072602998,6.537919707550061e-07
165,1.5199999999999818,0.21,62.44999999999996,0.004991625890775289,0.20508357689402643,0.31919999999999615,67.28699999999955,1.07745396317053,0.0036507370096895263,0.7695712442699894,1.7979829914194276e-06
191,0.19999999999998863,0.21,62.64999999999995,0.0006567928803651402,0.20574036977439156,0.04199999999999761,67.32899999999955,1.0746847565841917,0.0004803601328538635,0.7700516044028433,3.112851439437788e-08
183,1.2900000000000205,0.21,63.93999999999997,0.004236314078355462,0.209976683852747,0.2709000000000043,67.59989999999955,1.0572395996246415,0.0030983228569076452,0.773149927259751,1.295024020092294e-06
174,0.6899999999999977,0.21,64.62999999999997,0.002265935437259855,0.21224261929000687,0.14489999999999953,67.74479999999954,1.048194336995197,0.001657242458345918,0.7748071697180968,3.705071425791224e-07
148,0.3199999999999932,0.21,64.94999999999996,0.0010508686085842615,0.21329348789859112,0.06719999999999857,67.81199999999954,1.0440646651270145,0.000768576212566209,0.775575745930663,7.968899684961303e-08
143,2.219999999999999,0.21,67.16999999999996,0.007290400972053466,0.2205838888706446,0.4661999999999997,68.27819999999954,1.0164984368021377,0.005331997474678185,0.7809077434053412,3.835344258531731e-06
100,1.480000000000004,0.21,68.64999999999996,0.004860267314702326,0.2254441561853469,0.3108000000000008,68.58899999999954,0.9991114348142692,0.0035546649831188016,0.78446240838846,1.7045974482363358e-06
171,1.0,0.21,69.64999999999996,0.0032839644018258876,0.2287281205871728,0.21,68.79899999999954,0.9877817659727146,0.002401800664269454,0.7868642090527295,7.782128598595354e-07
228,1.0800000000000125,0.21,70.72999999999998,0.0035466815539719992,0.2322748021411448,0.2268000000000026,69.02579999999953,0.9759055563410088,0.0025939447174110402,0.7894581537701405,9.077074797401832e-07
122,0.8100000000000023,0.21,71.53999999999998,0.0026600111654789763,0.23493481330662377,0.17010000000000047,69.19589999999954,0.9672337154039636,0.0019454585380582633,0.7914036123081988,5.105854573538441e-07
16,1.5,0.21,73.03999999999998,0.004925946602738831,0.2398607599093626,0.315,69.51089999999954,0.9516826396495011,0.0036027009964041813,0.7950063133046029,1.7509789346839548e-06
233,1.0,0.21,74.03999999999998,0.0032839644018258876,0.24314472431118847,0.21,69.72089999999953,0.9416653160453748,0.002401800664269454,0.7974081139688723,7.782128598595354e-07
49,1.5,0.21,75.53999999999998,0.004925946602738831,0.2480706709139273,0.315,70.03589999999953,0.9271366163621862,0.0036027009964041813,0.8010108149652765,1.7509789346839548e-06
53,1.5,0.21,77.03999999999998,0.004925946602738831,0.25299661751666613,0.315,70.35089999999953,0.9131736760124551,0.0036027009964041813,0.8046135159616806,1.7509789346839548e-06
29,1.5,0.21,78.53999999999998,0.004925946602738831,0.25792256411940495,0.315,70.66589999999952,0.899744079449956,0.0036027009964041813,0.8082162169580848,1.7509789346839548e-06
58,1.379999999999999,0.21,79.91999999999997,0.004531870874519722,0.2624544349939247,0.2897999999999998,70.95569999999952,0.8878340840840784,0.0033144849166918443,0.8115307018747766,1.482028570316497e-06
11,1.5,0.21,81.41999999999997,0.004925946602738831,0.2673803815966635,0.315,71.27069999999952,0.8753463522475994,0.0036027009964041813,0.8151334028711807,1.7509789346839548e-06
229,0.5,0.21,81.91999999999997,0.0016419822009129438,0.26902236379757644,0.105,71.37569999999953,0.8712854003906195,0.001200900332134727,0.8163343032033155,1.9455321496488386e-07
10,1.5,0.21,83.41999999999997,0.004925946602738831,0.27394831040031525,0.315,71.69069999999952,0.8593946295852259,0.0036027009964041813,0.8199370041997196,1.7509789346839548e-06
227,0.44999999999998863,0.21,83.86999999999996,0.001477783980821612,0.27542609438113685,0.09449999999999761,71.78519999999952,0.855910337426965,0.0010808102989212272,0.8210178144986409,1.5758810412154799e-07
63,1.5599999999999952,0.21,85.42999999999995,0.005122984466848369,0.28054907884798524,0.32759999999999895,72.11279999999952,0.8441156502399575,0.0037468090362603366,0.8247646235349012,1.8938588157541539e-06
6,1.5,0.21,86.92999999999995,0.004925946602738831,0.28547502545072406,0.315,72.42779999999952,0.8331738180144894,0.0036027009964041813,0.8283673245313053,1.7509789346839548e-06
220,1.5,0.21,88.42999999999995,0.004925946602738831,0.2904009720534629,0.315,72.74279999999952,0.8226031889630167,0.0036027009964041813,0.8319700255277095,1.7509789346839548e-06
70,0.14999999999999858,0.21,88.57999999999996,0.0004925946602738784,0.2908935667137368,0.0314999999999997,72.77429999999951,0.8215658162113293,0.0003602700996404147,0.83233029562735,1.7509789346839215e-08
217,1.5,0.21,90.07999999999996,0.004925946602738831,0.2958195133164756,0.315,73.08929999999951,0.8113821047957321,0.0036027009964041813,0.8359329966237541,1.7509789346839548e-06
5,1.5,0.21,91.57999999999996,0.004925946602738831,0.3007454599192144,0.315,73.40429999999951,0.8015319938851228,0.0036027009964041813,0.8395356976201582,1.7509789346839548e-06
234,1.3000000000000114,0.21,92.87999999999997,0.004269153722373691,0.3050146136415881,0.27300000000000235,73.6772999999995,0.7932525839793231,0.0031223408635503175,0.8426580384837086,1.315179733162638e-06
248,1.7800000000000011,0.14,94.65999999999997,0.005845456635250083,0.3108600702768382,0.24920000000000017,73.9264999999995,0.7809687301922621,0.002850136788266421,0.845508175271975,8.971940985734229e-06
146,1.2299999999999898,0.14,95.88999999999996,0.004039276214245808,0.31489934649108403,0.17219999999999858,74.09869999999951,0.7727468974866988,0.0019694765447009362,0.8474776518166759,4.2840706720480595e-06
147,1.4099999999999966,0.14,97.29999999999995,0.00463038980657449,0.3195297362976585,0.19739999999999955,74.29609999999951,0.763577595066799,0.002257692624413282,0.8497353444410892,5.629691918235737e-06
141,2.160000000000025,0.14,99.45999999999998,0.0070933631079439985,0.3266230994056025,0.30240000000000355,74.59849999999952,0.7500351900261365,0.0034585929565480547,0.8531939373976373,1.3211554053478894e-05
252,1.3499999999999943,0.14,100.80999999999997,0.004433351942464929,0.33105645134806744,0.18899999999999922,74.78749999999951,0.7418658863207969,0.0021616205978425,0.8553555579954798,5.160763302140031e-06
150,0.6499999999999773,0.14,101.45999999999995,0.002134576861186752,0.33319102820925417,0.09099999999999682,74.8784999999995,0.7380100532229404,0.0010407802878500605,0.8563963382833298,1.1963909438430885e-06
136,0.14999999999997726,0.14,101.60999999999993,0.0004925946602738085,0.33368362286952796,0.02099999999999682,74.8994999999995,0.7371272512547934,0.00024018006642690905,0.8566365183497567,6.371312718689518e-08
131,2.049999999999997,0.14,103.65999999999993,0.00673212702374306,0.340415749893271,0.28699999999999964,75.18649999999951,0.7253183484468413,0.0032824609078349167,0.8599189792575916,1.1900196311244775e-05
245,1.2299999999999898,0.14,104.88999999999992,0.004039276214245808,0.3444550261075168,0.17219999999999858,75.35869999999952,0.7184545714558068,0.0019694765447009362,0.8618884558022926,4.2840706720480595e-06
204,1.4199999999999875,0.14,106.3099999999999,0.004663229450592719,0.34911825555810955,0.19879999999999826,75.55749999999951,0.7107280594487779,0.00227370462884173,0.8641621604311343,5.709828873764095e-06
157,1.509999999999991,0.14,107.8199999999999,0.00495878624675706,0.3540770418048666,0.21139999999999876,75.7688999999995,0.7027351140790167,0.002417812668697903,0.8665799730998321,6.456546724394755e-06
159,1.490000000000009,0.14,109.3099999999999,0.004893106958720602,0.3589701487635872,0.20860000000000128,75.97749999999951,0.6950644954715907,0.002385788659841006,0.8689657617596731,6.28664505189647e-06
164,1.5300000000000011,0.14,110.8399999999999,0.005024465534793612,0.3639946142983808,0.21420000000000017,76.19169999999951,0.6874025622518908,0.002449836677554845,0.8714155984372279,6.628713752526594e-06
244,1.4699999999999989,0.14,112.3099999999999,0.00482742767068405,0.3688220419690649,0.20579999999999987,76.39749999999951,0.6802377348410611,0.0023537646509840635,0.873769363088212,6.119008735031258e-06
241,0.5,0.14,112.8099999999999,0.0016419822009129438,0.3704640241699778,0.07,76.4674999999995,0.6778432763052883,0.0008006002214231515,0.8745699633096351,7.079236354101611e-07
211,1.5,0.14,114.3099999999999,0.004925946602738831,0.37538997077271663,0.21000000000000002,76.6774999999995,0.6707855830635951,0.0024018006642694545,0.8769717639739045,6.37131271869145e-06
173,0.3900000000000148,0.14,114.69999999999992,0.0012807461167121446,0.37667071688942877,0.05460000000000208,76.7320999999995,0.6689808195292027,0.0006244681727100819,0.8775962321466146,4.307007397835746e-07
176,0.28000000000000114,0.14,114.97999999999992,0.0009195100325112522,0.37759022692194,0.039200000000000165,76.7712999999995,0.6676926421986393,0.0004483361239969667,0.8780445682706116,2.2200485206462832e-07
177,1.6599999999999966,0.14,116.63999999999992,0.005451380907030962,0.38304160782897095,0.23239999999999955,77.0036999999995,0.6601826131687204,0.0026579927351248573,0.8807025610057365,7.803017478944927e-06
126,0.6299999999999955,0.14,117.26999999999991,0.0020688975731502942,0.3851105054021213,0.08819999999999938,77.0918999999995,0.6573880787925263,0.0010087562789931636,0.8817113172847297,1.1238995635771555e-06
225,0.9499999999999886,0.14,118.2199999999999,0.0031197661817345557,0.3882302715838558,0.13299999999999843,77.2248999999995,0.6532304178649937,0.0015211404207039697,0.8832324577054337,2.5556043238306203e-06
193,0.549999999999983,0.14,118.76999999999988,0.0018061804210041821,0.39003645200486,0.07699999999999763,77.30189999999949,0.6508537509472052,0.0008806602435654394,0.8841131179489992,8.565875988462417e-07
221,1.0,0.14,119.76999999999988,0.0032839644018258876,0.39332041640668586,0.14,77.44189999999949,0.6465884612173296,0.001601200442846303,0.8857143183918454,2.8316945416406444e-06
201,0.799999999999983,0.14,120.56999999999987,0.002627171521460654,0.3959475879281465,0.11199999999999763,77.55389999999949,0.6432271709380407,0.001280960354277015,0.8869952787461225,1.812284506649935e-06
239,0.5,0.14,121.06999999999987,0.0016419822009129438,0.39758957012905943,0.07,77.62389999999948,0.6411489221111718,0.0008006002214231515,0.8877958789675456,7.079236354101611e-07
256,1.539999999999992,0.14,122.60999999999986,0.00505730517881184,0.4026468753078713,0.2155999999999989,77.83949999999948,0.6348544164423747,0.0024658486819832937,0.8902617276495289,6.7156467749548824e-06
102,1.4599999999999937,0.14,124.06999999999985,0.004794588026665775,0.40744146333453707,0.20439999999999914,78.04389999999947,0.6290311920689898,0.0023377526465555923,0.8925994802960845,6.036040084961146e-06
35,1.5,0.14,125.56999999999985,0.004925946602738831,0.4123674099372759,0.21000000000000002,78.25389999999946,0.6231894560802704,0.0024018006642694545,0.8950012809603539,6.37131271869145e-06
71,1.1600000000000037,0.14,126.72999999999985,0.0038093987061180415,0.4161768086433939,0.16240000000000054,78.41629999999947,0.618766669296927,0.0018573925137017175,0.8968586734740557,3.8103281752316754e-06
74,1.4099999999999966,0.14,128.13999999999984,0.00463038980657449,0.4208071984499684,0.19739999999999955,78.61369999999947,0.613498517246758,0.002257692624413282,0.899116366098469,5.629691918235737e-06
61,1.6099999999999994,0.14,129.74999999999983,0.005287182686939677,0.42609438113690806,0.22539999999999993,78.83909999999946,0.6076231213872799,0.002577932712982547,0.9016942988114516,7.340035421386708e-06
76,1.3200000000000003,0.14,131.06999999999982,0.0043348330104101725,0.4304292141473182,0.18480000000000005,79.02389999999946,0.6029137102311709,0.00211358458455712,0.9038078833960087,4.933944569354661e-06
52,1.5,0.14,132.56999999999982,0.004925946602738831,0.43535516075005704,0.21000000000000002,79.23389999999945,0.5976759447838844,0.0024018006642694545,0.9062096840602781,6.37131271869145e-06
48,1.5,0.14,134.06999999999982,0.004925946602738831,0.44028110735279585,0.21000000000000002,79.44389999999945,0.5925553815171146,0.0024018006642694545,0.9086114847245476,6.37131271869145e-06
45,1.5,0.14,135.56999999999982,0.004925946602738831,0.44520705395553467,0.21000000000000002,79.65389999999944,0.5875481301172792,0.0024018006642694545,0.911013285388817,6.37131271869145e-06
42,1.0,0.14,136.56999999999982,0.0032839644018258876,0.44849101835736055,0.14,79.79389999999944,0.5842710697810614,0.001601200442846303,0.9126144858316633,2.8316945416406444e-06
67,1.1999999999999957,0.14,137.7699999999998,0.0039407572821910505,0.4524317756395516,0.16799999999999943,79.96189999999945,0.5804013936270563,0.001921440531415557,0.9145359263630788,4.0776401399624985e-06
106,1.5700000000000074,0.14,139.3399999999998,0.005155824110866667,0.4575875997504183,0.21980000000000105,80.18169999999945,0.5754392134347608,0.0025138846952687073,0.9170498110583475,6.979843875690089e-06
15,1.5,0.14,140.8399999999998,0.004925946602738831,0.4625135463531571,0.21000000000000002,80.39169999999945,0.5708016188582757,0.0024018006642694545,0.9194516117226169,6.37131271869145e-06
2,0.75,0.14,141.5899999999998,0.0024629733013694153,0.4649765196545265,0.10500000000000001,80.49669999999945,0.5685196694681797,0.0012009003321347272,0.9206525120547516,1.5928281796728625e-06
101,1.4699999999999989,0.14,143.0599999999998,0.00482742767068405,0.4698039473252106,0.20579999999999987,80.70249999999945,0.5641164546344161,0.0023537646509840635,0.9230062767057357,6.119008735031258e-06
7,1.5,0.14,144.5599999999998,0.004925946602738831,0.4747298939279494,0.21000000000000002,80.91249999999944,0.5597156889872686,0.0024018006642694545,0.9254080773700051,6.37131271869145e-06
121,0.21999999999999886,0.14,144.7799999999998,0.0007224721684016915,0.4754523660963511,0.030799999999999845,80.94329999999944,0.5590779113137142,0.0003522640974261848,0.9257603414674312,1.3705401581540578e-07
30,1.5,0.14,146.2799999999998,0.004925946602738831,0.4803783126990899,0.21000000000000002,81.15329999999943,0.5547805578342873,0.0024018006642694545,0.9281621421317007,6.37131271869145e-06
12,1.5,0.14,147.7799999999998,0.004925946602738831,0.48530425930182874,0.21000000000000002,81.36329999999943,0.550570442549733,0.0024018006642694545,0.9305639427959701,6.37131271869145e-06
91,1.5400000000000063,0.14,149.31999999999982,0.005057305178811887,0.4903615644806406,0.2156000000000009,81.57889999999942,0.5463360567907817,0.0024658486819833167,0.9330297914779534,6.715646774955007e-06
209,2.200000000000017,0.07,151.51999999999984,0.007224721684017008,0.4975862861646576,0.15400000000000122,81.73289999999942,0.5394198785638827,0.001761320487130947,0.9347911119650844,2.984875263813605e-05
214,0.9000000000000057,0.07,152.41999999999985,0.002955567961643317,0.5005418541263009,0.0630000000000004,81.79589999999942,0.5366480776800913,0.0007205401992808408,0.9355116521643652,4.995349098531019e-06
181,1.5300000000000011,0.07,153.94999999999985,0.005024465534793612,0.5055663196610946,0.10710000000000008,81.90299999999942,0.5320103929847321,0.0012249183387774225,0.9367365705031426,1.4436558894754482e-05
185,1.3600000000000136,0.07,155.30999999999986,0.004466191586483251,0.5100325112475778,0.09520000000000096,81.99819999999943,0.5279647157298275,0.001088816301135497,0.9378253868042781,1.1406663818077826e-05
125,1.490000000000009,0.07,156.79999999999987,0.004893106958720602,0.5149256182062983,0.10430000000000064,82.10249999999942,0.5236128826530579,0.001192894329920503,0.9390182811341986,1.3691573498331738e-05
78,1.5500000000000043,0.07,158.34999999999988,0.0050901448228301395,0.5200157630291284,0.1085000000000003,82.21099999999943,0.5191727186611903,0.001240930343205888,0.9402592114774045,1.4816452110148994e-05
203,1.5800000000000125,0.07,159.9299999999999,0.005188663754884943,0.5252044267840134,0.11060000000000089,82.32159999999944,0.5147351966485305,0.0012649483498485894,0.9415241598272531,1.53955425797196e-05
198,0.7700000000000102,0.07,160.6999999999999,0.002528652589405967,0.5277330793734193,0.05390000000000072,82.37549999999943,0.5126042314872401,0.0006164621704958348,0.942140621997749,3.656472198171706e-06
194,0.9000000000000057,0.07,161.5999999999999,0.002955567961643317,0.5306886473350626,0.0630000000000004,82.43849999999944,0.5101392326732641,0.0007205401992808408,0.9428611621970298,4.995349098531019e-06
184,0.39999999999997726,0.07,161.9999999999999,0.0013135857607302803,0.5320022330957929,0.02799999999999841,82.46649999999943,0.5090524691357993,0.0003202400885692424,0.943181402285599,9.867356244010642e-07
124,1.6099999999999994,0.07,163.6099999999999,0.005287182686939677,0.5372894157827326,0.11269999999999997,82.57919999999943,0.5047319845975153,0.0012889663564912735,0.9444703686420902,1.5985733825064296e-05
60,1.2800000000000011,0.07,164.8899999999999,0.00420347443433714,0.5414928902170697,0.08960000000000008,82.66879999999944,0.5013572684820152,0.0010247682834216348,0.9454951369255119,1.0104172793868064e-05
222,0.9000000000000057,0.07,165.7899999999999,0.002955567961643317,0.544448458178713,0.0630000000000004,82.73179999999944,0.4990156221726249,0.0007205401992808408,0.9462156771247927,4.995349098531019e-06
242,2.0900000000000034,0.07,167.8799999999999,0.006863485599816116,0.5513119437785291,0.14630000000000026,82.87809999999943,0.4936746485584911,0.0016732544627743894,0.9478889315875672,2.6938499255917453e-05
13,1.5,0.07,169.3799999999999,0.004925946602738831,0.5562378903812679,0.10500000000000001,82.98309999999944,0.4899226591096911,0.0012009003321347272,0.9490898319197019,1.3875969718141542e-05
14,1.5,0.07,170.8799999999999,0.004925946602738831,0.5611638369840067,0.10500000000000001,83.08809999999944,0.4862365402621693,0.0012009003321347272,0.9502907322518366,1.3875969718141542e-05
31,1.5,0.07,172.3799999999999,0.004925946602738831,0.5660897835867456,0.10500000000000001,83.19309999999945,0.48261457245619843,0.0012009003321347272,0.9514916325839713,1.3875969718141542e-05
32,1.5,0.07,173.8799999999999,0.004925946602738831,0.5710157301894844,0.10500000000000001,83.29809999999945,0.479055095468136,0.0012009003321347272,0.952692532916106,1.3875969718141542e-05
33,1.5,0.07,175.3799999999999,0.004925946602738831,0.5759416767922232,0.10500000000000001,83.40309999999945,0.4755565058729587,0.0012009003321347272,0.9538934332482407,1.3875969718141542e-05
34,1.5,0.07,176.8799999999999,0.004925946602738831,0.580867623394962,0.10500000000000001,83.50809999999946,0.47211725463590853,0.0012009003321347272,0.9550943335803754,1.3875969718141542e-05
36,1.5,0.07,178.3799999999999,0.004925946602738831,0.5857935699977008,0.10500000000000001,83.61309999999946,0.46873584482565034,0.0012009003321347272,0.9562952339125101,1.3875969718141542e-05
37,1.5,0.07,179.8799999999999,0.004925946602738831,0.5907195166004396,0.10500000000000001,83.71809999999947,0.4654108294418474,0.0012009003321347272,0.9574961342446449,1.3875969718141542e-05
65,1.4100000000000037,0.07,181.2899999999999,0.004630389806574513,0.5953499064070141,0.09870000000000027,83.81679999999946,0.46233548458271007,0.0011288463122066466,0.9586249805568515,1.2260806842949931e-05
38,1.5,0.07,182.7899999999999,0.004925946602738831,0.600275853009753,0.10500000000000001,83.92179999999946,0.4591159253788474,0.0012009003321347272,0.9598258808889862,1.3875969718141542e-05
44,1.4000000000000004,0.07,184.1899999999999,0.004597550162556243,0.6048734031723092,0.09800000000000003,84.01979999999946,0.4561583147836446,0.0011208403099924123,0.9609467211989786,1.2087511398914418e-05
231,0.5999999999999943,0.07,184.7899999999999,0.0019703786410955135,0.6068437818134047,0.04199999999999961,84.06179999999947,0.45490448617349155,0.00048036013285388635,0.9614270813318325,2.2201551549026048e-06
179,1.4000000000000057,0.07,186.1899999999999,0.004597550162556261,0.611441331975961,0.0980000000000004,84.15979999999946,0.45201031204683123,0.0011208403099924166,0.9625479216418249,1.2087511398914508e-05
62,1.490000000000002,0.07,187.67999999999992,0.004893106958720579,0.6163344389346815,0.10430000000000014,84.26409999999946,0.4489775149190084,0.0011928943299204973,0.9637408159717454,1.3691573498331608e-05
226,0.6500000000000057,0.07,188.32999999999993,0.0021345768611868454,0.6184690157958684,0.0455000000000004,84.30959999999946,0.44766951627462165,0.000520390143925053,0.9642612061156705,2.6055987581844016e-06
64,1.6400000000000006,0.07,189.9699999999999,0.005385701618994457,0.6238547174148629,0.11480000000000005,84.42439999999947,0.44440911722903353,0.001312984363133969,0.9655741904788044,1.6587025846183784e-05
180,1.4699999999999989,0.07,191.4399999999999,0.00482742767068405,0.6286821450855469,0.10289999999999994,84.52729999999947,0.4415341621395712,0.0011768823254920317,0.9667510728042965,1.3326481317303116e-05
128,1.7600000000000051,0.07,193.19999999999993,0.005779777347213579,0.6344619224327605,0.12320000000000036,84.65049999999947,0.43814958592132247,0.0014090563897047506,0.9681601291940013,1.9103201688406885e-05
116,1.3900000000000006,0.07,194.58999999999992,0.004564710518537986,0.6390266329512985,0.09730000000000005,84.74779999999947,0.43551981088442115,0.001112834307778181,0.9692729635017795,1.1915449374409464e-05
118,1.0300000000000011,0.07,195.61999999999992,0.003382483333880668,0.6424091162851792,0.07210000000000008,84.81989999999948,0.43359523566097286,0.0008246182280658469,0.9700975817298454,6.542673899545064e-06
140,1.5,0.07,197.11999999999992,0.004925946602738831,0.647335062887918,0.10500000000000001,84.92489999999948,0.43082842938311444,0.0012009003321347272,0.9712984820619801,1.3875969718141542e-05
103,1.3700000000000045,0.07,198.48999999999992,0.0044990312305014804,0.6518340941184194,0.09590000000000033,85.02079999999948,0.4283379515340799,0.0010968223033497213,0.9723953043653298,1.1575025583991126e-05
104,1.8199999999999932,0.07,200.30999999999992,0.005976815211323093,0.6578109093297425,0.12739999999999954,85.14819999999948,0.4250821227097974,0.0014570924029901303,0.9738523967683199,2.04278942641652e-05
114,1.5499999999999972,0.07,201.8599999999999,0.005090144822830116,0.6629010541525726,0.1084999999999998,85.25669999999948,0.42235559298523495,0.0012409303432058824,0.9750933271115259,1.4816452110148857e-05
113,1.7999999999999972,0.07,203.6599999999999,0.005911135923286588,0.6688121900758592,0.1259999999999998,85.38269999999949,0.41924138269664896,0.0014410803985616704,0.9765344075100876,1.9981396394123757e-05
111,1.1400000000000006,0.07,204.7999999999999,0.0037437194180815134,0.6725559094939407,0.07980000000000005,85.4624999999995,0.4172973632812477,0.0009126842524223932,0.97744709176251,8.014760109198561e-06
162,1.5300000000000011,0.07,206.3299999999999,0.005024465534793612,0.6775803750287344,0.10710000000000008,85.5695999999995,0.41472204720593003,0.0012249183387774225,0.9786720101012875,1.4436558894754482e-05
110,1.4099999999999966,0.07,207.7399999999999,0.00463038980657449,0.6822107648353088,0.09869999999999977,85.66829999999949,0.4123823048040798,0.001128846312206641,0.9798008564134941,1.2260806842949807e-05
161,1.5199999999999818,0.07,209.25999999999988,0.004991625890775289,0.6872023907260841,0.10639999999999873,85.77469999999948,0.40989534550319956,0.0012169123365631757,0.9810177687500573,1.4248462416352644e-05
160,1.5600000000000023,0.07,210.81999999999988,0.005122984466848392,0.6923253751929326,0.10920000000000017,85.88389999999949,0.4073802295797341,0.0012489363454201183,0.9822667050954774,1.5008248847141938e-05
149,0.950000000000017,0.07,211.7699999999999,0.003119766181734649,0.6954451413746672,0.0665000000000012,85.95039999999949,0.40586674222033114,0.0007605702103520075,0.9830272753058295,5.565805631388085e-06
107,0.37999999999999545,0.07,212.1499999999999,0.0012479064726938223,0.696693047847361,0.026599999999999683,85.97699999999949,0.40526514258778945,0.0003042280841407939,0.9833315033899702,8.905289010220402e-07
151,1.0800000000000125,0.07,213.2299999999999,0.0035466815539719992,0.7002397294013329,0.07560000000000089,86.05259999999949,0.4035670402851359,0.0008646482391370137,0.9841961516291072,7.193302701884742e-06
152,0.3499999999999943,0.07,213.5799999999999,0.001149387540639042,0.701389116941972,0.024499999999999605,86.07709999999949,0.40302041389643006,0.00028021007749809846,0.9844763617066054,7.55469462432126e-07
156,1.420000000000016,0.07,214.99999999999991,0.004663229450592813,0.7060523463925649,0.09940000000000113,86.17649999999949,0.40082093023255594,0.0011368523144208878,0.9856132140210262,1.2435335706516104e-05
139,1.25,0.07,216.24999999999991,0.004104955502282359,0.7101573018948473,0.08750000000000001,86.2639999999995,0.39890867052022905,0.0010007502767789393,0.9866139642978051,9.636090082042737e-06
155,0.19999999999998863,0.07,216.4499999999999,0.0006567928803651402,0.7108140947752124,0.013999999999999206,86.2779999999995,0.39860475860475647,0.0001601200442846212,0.9867740843420898,2.4668390610026606e-07
166,1.5300000000000011,0.07,217.9799999999999,0.005024465534793612,0.715838560310006,0.10710000000000008,86.3850999999995,0.396298284246259,0.0012249183387774225,0.9879990026808673,1.4436558894754482e-05
132,0.4100000000000108,0.07,218.38999999999993,0.0013464254047486494,0.7171849857147546,0.02870000000000076,86.4137999999995,0.39568569989468166,0.00032824609078350075,0.9883272487716508,1.0366891153865405e-06
123,1.2199999999999989,0.07,219.60999999999993,0.004006436570227579,0.7211914222849822,0.08539999999999993,86.4991999999995,0.39387641728518524,0.000976732270136244,0.9893039810417871,9.179108145991926e-06
127,1.6099999999999994,0.07,221.2199999999999,0.005287182686939677,0.726478604971922,0.11269999999999997,86.61189999999951,0.3915193020522536,0.0012889663564912735,0.9905929473982783,1.5985733825064296e-05
96,0.5500000000000114,0.07,221.76999999999992,0.0018061804210042754,0.7282847853929262,0.0385000000000008,86.65039999999951,0.39072191910537735,0.00044033012178274237,0.9910332775200611,1.865547039883551e-06
130,1.5499999999999972,0.07,223.31999999999994,0.005090144822830116,0.7333749302157563,0.1084999999999998,86.75889999999951,0.3884958803510637,0.0012409303432058824,0.992274207863267,1.4816452110148857e-05
172,1.6699999999999875,0.07,224.98999999999992,0.005484220551049191,0.7388591507668055,0.11689999999999913,86.87579999999951,0.386131828081246,0.001337002369776653,0.9936112102330437,1.7199418643077496e-05
170,1.509999999999991,0.07,226.49999999999991,0.00495878624675706,0.7438179370135626,0.10569999999999938,86.98149999999951,0.3840242825607044,0.0012089063343489516,0.9948201165673927,1.4061599357481844e-05
169,1.0500000000000114,0.07,227.54999999999993,0.003448162621917219,0.7472660996354799,0.0735000000000008,87.05499999999951,0.38257525818501226,0.0008406302324943182,0.995660746799887,6.7992251618895025e-06
137,0.5,0.07,228.04999999999993,0.0016419822009129438,0.7489080818363928,0.035,87.0899999999995,0.3818899364174503,0.00040030011071157573,0.9960610469105986,1.541774413126838e-06
120,0.7399999999999949,0.07,228.7899999999999,0.00243013365735114,0.7513382154937439,0.051799999999999645,87.1417999999995,0.3808811573932407,0.000592444163853128,0.9966534910744518,3.3771026745129792e-06
119,0.4099999999999966,0.07,229.1999999999999,0.0013464254047486025,0.7526846408984925,0.028699999999999764,87.1704999999995,0.38032504363001546,0.00032824609078348937,0.9969817371652353,1.0366891153864685e-06
134,1.5500000000000114,0.07,230.74999999999991,0.005090144822830163,0.7577747857213227,0.1085000000000008,87.27899999999951,0.37824052004333497,0.001240930343205894,0.9982226675084412,1.4816452110149132e-05
168,1.289999999999992,0.07,232.0399999999999,0.004236314078355369,0.7620110997996781,0.09029999999999945,87.36929999999951,0.37652689191518507,0.0010327742856358591,0.9992554417940771,1.0262667203537357e-05
135,0.9300000000000068,0.07,232.9699999999999,0.003054086893698098,0.7650651866933762,0.06510000000000048,87.43439999999951,0.37530325793020364,0.0007445582059235362,1.0000000000000007,5.333922759653687e-06
133,2.089999999999989,0.0,235.0599999999999,0.006863485599816069,0.7719286722931923,0.0,87.43439999999951,0.37196630647494067,0.0,1.0000000000000007,4.7107434578882545e-05
66,1.3900000000000006,0.0,236.44999999999987,0.004564710518537986,0.7764933828117303,0.0,87.43439999999951,0.36977965743285923,0.0,1.0000000000000007,2.083658211805132e-05
154,0.9000000000000057,0.0,237.34999999999988,0.002955567961643317,0.7794489507733736,0.0,87.43439999999951,0.36837750157994337,0.0,1.0000000000000007,8.735381975892433e-06
153,1.8700000000000045,0.0,239.21999999999989,0.006141013431414424,0.785589964204788,0.0,87.43439999999951,0.36549786807122964,0.0,1.0000000000000007,3.771204596481236e-05
129,2.0999999999999943,0.0,241.31999999999988,0.006896325243834345,0.7924862894486223,0.0,87.43439999999951,0.36231725509696483,0.0,1.0000000000000007,4.755930186874683e-05
108,0.269999999999996,0.0,241.58999999999986,0.0008866703884929765,0.7933729598371153,0.0,87.43439999999951,0.3619123308083926,0.0,1.0000000000000007,7.861843778302859e-07
115,1.5,0.0,243.08999999999986,0.004925946602738831,0.7982989064398541,0.0,87.43439999999951,0.3596791311859787,0.0,1.0000000000000007,2.4264949933034228e-05
46,1.5,0.0,244.58999999999986,0.004925946602738831,0.803224853042593,0.0,87.43439999999951,0.3574733227032976,0.0,1.0000000000000007,2.4264949933034228e-05
109,1.4000000000000057,0.0,245.98999999999987,0.004597550162556261,0.8078224032051492,0.0,87.43439999999951,0.3554388389771924,0.0,1.0000000000000007,2.1137467497221098e-05
39,1.5,0.0,247.48999999999987,0.004925946602738831,0.812748349807888,0.0,87.43439999999951,0.35328457715463074,0.0,1.0000000000000007,2.4264949933034228e-05
40,1.4399999999999977,0.0,248.92999999999986,0.00472890873862927,0.8174772585465173,0.0,87.43439999999951,0.3512409110995041,0.0,1.0000000000000007,2.236257785828428e-05
47,1.5,0.0,250.42999999999986,0.004925946602738831,0.8224032051492561,0.0,87.43439999999951,0.34913708421514816,0.0,1.0000000000000007,2.4264949933034228e-05
94,1.5499999999999972,0.0,251.97999999999985,0.005090144822830116,0.8274933499720862,0.0,87.43439999999951,0.34698944360663375,0.0,1.0000000000000007,2.590957431738423e-05
72,1.509999999999998,0.0,253.48999999999984,0.004958786246757083,0.8324521362188433,0.0,87.43439999999951,0.3449224821491955,0.0,1.0000000000000007,2.45895610410272e-05
69,1.5799999999999983,0.0,255.06999999999982,0.005188663754884896,0.8376407999737282,0.0,87.43439999999951,0.34278590190927816,0.0,1.0000000000000007,2.6922231561256234e-05
83,1.5200000000000031,0.0,256.5899999999998,0.004991625890775359,0.8426324258645036,0.0,87.43439999999951,0.3407552905413289,0.0,1.0000000000000007,2.4916329033458892e-05
92,1.5100000000000051,0.0,258.0999999999998,0.004958786246757107,0.8475912121112607,0.0,87.43439999999951,0.33876172026346213,0.0,1.0000000000000007,2.4589561041027436e-05
175,1.0300000000000011,0.0,259.12999999999977,0.003382483333880668,0.8509736954451413,0.0,87.43439999999951,0.33741519700536254,0.0,1.0000000000000007,1.1441193503980476e-05
95,1.5,0.0,260.62999999999977,0.004925946602738831,0.8558996420478802,0.0,87.43439999999951,0.33547327629206,0.0,1.0000000000000007,2.4264949933034228e-05
182,1.509999999999991,0.0,262.13999999999976,0.00495878624675706,0.8608584282946372,0.0,87.43439999999951,0.3335408560311269,0.0,1.0000000000000007,2.458956104102697e-05
186,1.539999999999992,0.0,263.6799999999997,0.00505730517881184,0.8659157334734491,0.0,87.43439999999951,0.33159283980582377,0.0,1.0000000000000007,2.557633567163706e-05
187,1.5100000000000193,0.0,265.1899999999997,0.0049587862467571535,0.8708745197202062,0.0,87.43439999999951,0.329704739997736,0.0,1.0000000000000007,2.4589561041027893e-05
188,2.6399999999999864,0.0,267.8299999999997,0.008669666020820298,0.8795441857410266,0.0,87.43439999999951,0.3264548407571953,0.0,1.0000000000000007,7.516310891256606e-05
89,1.5100000000000051,0.0,269.3399999999997,0.004958786246757107,0.8845029719877836,0.0,87.43439999999951,0.32462463800400837,0.0,1.0000000000000007,2.4589561041027436e-05
88,1.509999999999991,0.0,270.8499999999997,0.00495878624675706,0.8894617582345407,0.0,87.43439999999951,0.32281484216355777,0.0,1.0000000000000007,2.458956104102697e-05
192,1.8000000000000114,0.0,272.6499999999997,0.005911135923286634,0.8953728941578273,0.0,87.43439999999951,0.3206836603704369,0.0,1.0000000000000007,3.494152790356973e-05
87,1.5400000000000063,0.0,274.1899999999997,0.005057305178811887,0.9004301993366391,0.0,87.43439999999951,0.3188825267150502,0.0,1.0000000000000007,2.5576335671637537e-05
86,1.519999999999996,0.0,275.7099999999997,0.004991625890775336,0.9054218252274144,0.0,87.43439999999951,0.31712451488883103,0.0,1.0000000000000007,2.4916329033458662e-05
85,1.5300000000000011,0.0,277.23999999999967,0.005024465534793612,0.9104462907622081,0.0,87.43439999999951,0.31537440484778395,0.0,1.0000000000000007,2.524525391032885e-05
84,1.5200000000000031,0.0,278.75999999999965,0.004991625890775359,0.9154379166529835,0.0,87.43439999999951,0.31365475678002447,0.0,1.0000000000000007,2.4916329033458892e-05
200,1.4800000000000182,0.0,280.23999999999967,0.004860267314702373,0.9202981839676858,0.0,87.43439999999951,0.3119982871824137,0.0,1.0000000000000007,2.362219837036421e-05
219,1.0,0.0,281.23999999999967,0.0032839644018258876,0.9235821483695117,0.0,87.43439999999951,0.3108889204949496,0.0,1.0000000000000007,1.0784422192459658e-05
82,1.529999999999994,0.0,282.76999999999964,0.005024465534793588,0.9286066139043053,0.0,87.43439999999951,0.309206775824874,0.0,1.0000000000000007,2.5245253910328614e-05
81,1.5200000000000031,0.0,284.2899999999996,0.004991625890775359,0.9335982397950807,0.0,87.43439999999951,0.3075535544690268,0.0,1.0000000000000007,2.4916329033458892e-05
80,1.5499999999999972,0.0,285.83999999999963,0.005090144822830116,0.9386883846179108,0.0,87.43439999999951,0.30588581024349154,0.0,1.0000000000000007,2.590957431738423e-05
205,1.7700000000000102,0.0,287.6099999999997,0.005812616991231854,0.9445010016091426,0.0,87.43439999999951,0.3040033378533417,0.0,1.0000000000000007,3.3786516286757254e-05
79,1.5,0.0,289.1099999999997,0.004925946602738831,0.9494269482118814,0.0,87.43439999999951,0.3024260662031739,0.0,1.0000000000000007,2.4264949933034228e-05
207,2.430000000000007,0.0,291.5399999999997,0.007980033496436929,0.9574069817083184,0.0,87.43439999999951,0.29990533031487826,0.0,1.0000000000000007,6.36809346042554e-05
163,1.5200000000000102,0.0,293.0599999999997,0.004991625890775383,0.9623986075990938,0.0,87.43439999999951,0.29834982597420184,0.0,1.0000000000000007,2.491632903345913e-05
77,1.5,0.0,294.5599999999997,0.004925946602738831,0.9673245542018326,0.0,87.43439999999951,0.29683052688755973,0.0,1.0000000000000007,2.4264949933034228e-05
73,1.5300000000000011,0.0,296.0899999999997,0.005024465534793612,0.9723490197366262,0.0,87.43439999999951,0.29529670032760175,0.0,1.0000000000000007,2.524525391032885e-05
105,1.480000000000004,0.0,297.5699999999997,0.004860267314702326,0.9772092870513286,0.0,87.43439999999951,0.29382800685552846,0.0,1.0000000000000007,2.362219837036376e-05
215,1.5,0.0,299.0699999999997,0.004925946602738831,0.9821352336540674,0.0,87.43439999999951,0.2923542983248056,0.0,1.0000000000000007,2.4264949933034228e-05
93,1.4899999999999949,0.0,300.5599999999997,0.0048931069587205556,0.987028340612788,0.0,87.43439999999951,0.29090497737556426,0.0,1.0000000000000007,2.3942495709479523e-05
158,1.5300000000000011,0.0,302.0899999999997,0.005024465534793612,0.9920528061475816,0.0,87.43439999999951,0.2894316263365209,0.0,1.0000000000000007,2.524525391032885e-05
218,1.5,0.0,303.5899999999997,0.004925946602738831,0.9969787527503204,0.0,87.43439999999951,0.2880015810797444,0.0,1.0000000000000007,2.4264949933034228e-05
190,0.9200000000000159,0.0,304.5099999999997,0.0030212472496798687,1.0000000000000002,0.0,87.43439999999951,0.28713145709500376,0.0,1.0000000000000007,9.127934943698169e-06
