,weight,grade,cml_weight,weight_pct,cml_weight_pct,yield,cml_yield,cml_grade,recovery,cml_recovery,distributional_heterogeneity
17,0.6099999999999994,14.61,0.6099999999999994,0.029945999018163933,0.029945999018163933,8.912099999999992,8.912099999999992,14.61,0.3784266933894966,0.3784266933894966,0.12143879434952612
12,0.5,3.5,1.1099999999999994,0.024545900834560624,0.054491899852724554,1.75,10.662099999999992,9.605495495495493,0.07430871662477077,0.45273541001426737,0.002476337835370388
1,0.6199999999999992,2.88,1.7299999999999986,0.030436917034855134,0.0849288168875797,1.7855999999999976,12.447699999999989,7.195202312138727,0.07582036823153744,0.5285557782458048,0.0020596576425216443
16,0.34999999999999787,2.61,2.0799999999999965,0.01718213058419233,0.10211094747177202,0.9134999999999944,13.361199999999982,6.423653846153848,0.03878915007813011,0.5673449283239349,0.00046686329141140703
14,0.629999999999999,2.19,2.7099999999999955,0.030927835051546337,0.13303878252331836,1.3796999999999977,14.74089999999998,5.4394464944649465,0.05858499218696918,0.6259299205109041,0.0007649183408134708
19,1.0300000000000011,1.65,3.7399999999999967,0.05056455571919494,0.1836033382425133,1.6995000000000018,16.440399999999983,4.395828877005347,0.07216437937359889,0.698094299884503,0.00046655238190134856
7,0.1999999999999993,1.51,3.939999999999996,0.009818360333824215,0.1934216985763375,0.30199999999999894,16.742399999999982,4.249340101522843,0.012823561383246111,0.7109178612677491,9.031233347446469e-06
10,0.5,1.44,4.439999999999996,0.024545900834560624,0.21796759941089813,0.72,17.46239999999998,3.9329729729729723,0.030572729125619973,0.7414905903933691,3.632265924991338e-05
15,2.0100000000000016,0.96,6.4499999999999975,0.09867452135493378,0.3166421207658319,1.9296000000000015,19.39199999999998,3.006511627906975,0.0819349140566616,0.8234255044500307,0.0002802144525003673
13,1.8500000000000014,0.89,8.299999999999999,0.09081983308787438,0.4074619538537063,1.6465000000000012,21.03849999999998,2.5347590361445764,0.06991388681296296,0.8933393912629937,0.00043705858964948244
3,0.5300000000000011,0.55,8.83,0.026018654884634316,0.43348060873834066,0.29150000000000065,21.32999999999998,2.4156285390713457,0.012377709083497558,0.9057171003464912,0.0001860754023495505
18,1.1700000000000017,0.41,10.000000000000002,0.057437407952871944,0.4909180166912126,0.4797000000000007,21.80969999999998,2.1809699999999976,0.020369080779944336,0.9260861811264356,0.001374060879399203
9,1.0199999999999996,0.34,11.020000000000001,0.05007363770250365,0.5409916543937162,0.3467999999999999,22.15649999999998,2.0105716878402884,0.014725864528840282,0.9408120456552759,0.0012494650683367553
11,0.6099999999999994,0.27,11.63,0.029945999018163933,0.5709376534118802,0.16469999999999985,22.32119999999998,1.9192777300085966,0.006993511787485563,0.9478055574427614,0.0005268166700744534
5,1.5700000000000003,0.21,13.200000000000001,0.07707412862052036,0.6480117820324005,0.32970000000000005,22.65089999999998,1.715977272727271,0.013999762212106815,0.9618053196548683,0.003978375697822808
0,1.0,0.21,14.200000000000001,0.04909180166912125,0.6971035837015218,0.21,22.86089999999998,1.609922535211266,0.008917045994972492,0.9707223656498407,0.0016140109934775473
6,1.7800000000000011,0.14,15.980000000000002,0.08738340697103587,0.7844869906725577,0.24920000000000017,23.11009999999998,1.4461889862327897,0.010581561247367366,0.9813039268972081,0.005898523506562177
4,1.8999999999999986,0.14,17.880000000000003,0.09327442317133029,0.877761413843888,0.26599999999999985,23.37609999999998,1.3073881431767325,0.011294924926965152,0.9925988518241733,0.006720638132397866
8,1.4900000000000002,0.07,19.370000000000005,0.07314678448699066,0.9509081983308786,0.10430000000000003,23.480399999999978,1.2122044398554452,0.004428799510836339,0.9970276513350096,0.004722161459182971
2,1.0,0.07,20.370000000000005,0.04909180166912125,0.9999999999999998,0.07,23.55039999999998,1.156131566028472,0.002972348664990831,1.0000000000000004,0.002127003945400193
