,weight,grade,cml_weight,weight_pct,cml_weight_pct,yield,cml_yield,cml_grade,recovery,cml_recovery,distributional_heterogeneity
15,0.25,11.11,0.25,0.00904159132007233,0.00904159132007233,2.7775,2.7775,11.11,0.52759046443157,0.52759046443157,0.2688929338052041
16,0.5,1.54,0.75,0.01808318264014466,0.027124773960216987,0.77,3.5475,4.7299999999999995,0.1462627030107323,0.6738531674423023,0.01642998944243389
0,1.5999999999999996,0.5,2.3499999999999996,0.0578661844484629,0.08499095840867989,0.7999999999999998,4.3475,1.8500000000000003,0.15196124988128026,0.8258144173235825,0.008853881338806182
17,0.10000000000000853,0.1,2.450000000000008,0.0036166365280292405,0.08860759493670912,0.010000000000000854,4.357500000000001,1.778571428571423,0.0018995156235161658,0.8277139329470987,2.948504200715799e-06
5,2.0,0.07,4.450000000000008,0.07233273056057864,0.16094032549728776,0.14,4.4975000000000005,1.010674157303369,0.026593218729224054,0.8543071516763228,0.002092102942570626
9,2.0,0.07,6.450000000000008,0.07233273056057864,0.2332730560578664,0.14,4.6375,0.7189922480620147,0.026593218729224054,0.8809003704055468,0.002092102942570626
8,2.0,0.06,8.450000000000008,0.07233273056057864,0.30560578661844506,0.12,4.7575,0.5630177514792895,0.022794187482192044,0.9036945578877389,0.002454067250329164
6,2.0,0.05,10.450000000000008,0.07233273056057864,0.3779385171790237,0.1,4.8575,0.4648325358851671,0.01899515623516004,0.9226897141228989,0.0028448968349195536
11,1.0,0.05,11.450000000000008,0.03616636528028932,0.41410488245931304,0.05,4.9075,0.4286026200873359,0.00949757811758002,0.9321872922404789,0.0007112242087298884
3,2.0,0.04,13.450000000000008,0.07233273056057864,0.4864376130198917,0.08,4.9875,0.3708178438661708,0.015196124988128031,0.947383417228607,0.0032645916963417935
2,2.0,0.04,15.450000000000008,0.07233273056057864,0.5587703435804703,0.08,5.0675,0.3279935275080904,0.015196124988128031,0.962579542216735,0.0032645916963417935
7,2.0,0.03,17.45000000000001,0.07233273056057864,0.6311030741410489,0.06,5.1274999999999995,0.29383954154727776,0.011397093741096022,0.973976635957831,0.003713151834595885
10,2.0,0.02,19.45000000000001,0.07233273056057864,0.7034358047016276,0.04,5.1674999999999995,0.2656812339331618,0.0075980624940640154,0.981574698451895,0.004190577249681828
13,1.5,0.02,20.95000000000001,0.05424954792043398,0.7576853526220616,0.03,5.1975,0.2480906921241049,0.005698546870548011,0.9872732453224431,0.002357199702946028
4,2.1999999999999993,0.01,23.15000000000001,0.07956600361663647,0.8372513562386981,0.021999999999999992,5.2195,0.22546436285097182,0.0041789343717352065,0.9914521796941783,0.005683210209335539
1,2.0,0.01,25.15000000000001,0.07233273056057864,0.9095840867992767,0.02,5.2395,0.20833001988071562,0.0037990312470320077,0.9952512109412103,0.004696867941599621
12,2.0,0.01,27.15000000000001,0.07233273056057864,0.9819168173598554,0.02,5.259499999999999,0.19372007366482494,0.0037990312470320077,0.9990502421882422,0.004696867941599621
14,0.5,0.01,27.65000000000001,0.01808318264014466,1.0,0.005,5.264499999999999,0.19039783001808308,0.0009497578117580019,1.0000000000000002,0.0002935542463499763
