,weight,grade,cml_weight,weight_pct,cml_weight_pct,yield,cml_yield,cml_grade,recovery,cml_recovery,distributional_heterogeneity
6,0.29999999999999716,1.85,0.29999999999999716,0.04347826086956477,0.04347826086956477,0.5549999999999947,0.5549999999999947,1.8499999999999999,0.5153203342618377,0.5153203342618377,0.2226349422231191
9,0.3999999999999915,0.51,0.6999999999999886,0.05797101449275234,0.10144927536231711,0.20399999999999566,0.7589999999999903,1.084285714285718,0.1894150417827273,0.7047353760445649,0.01727753231020768
7,0.20000000000000284,0.22,0.8999999999999915,0.0289855072463772,0.13043478260869432,0.04400000000000063,0.8029999999999909,0.8922222222222206,0.040854224698236755,0.7455896007428017,0.00014086645395207552
8,0.5,0.22,1.3999999999999915,0.07246376811594198,0.2028985507246363,0.11,0.9129999999999909,0.6521428571428546,0.10213556174559042,0.8477251624883921,0.000880415337200447
0,0.3000000000000007,0.2,1.6999999999999922,0.043478260869565286,0.2463768115942016,0.060000000000000143,0.9729999999999911,0.572352941176468,0.05571030640668582,0.903435468895078,0.00014962293802219052
2,1.0,0.03,2.699999999999992,0.14492753623188395,0.3913043478260856,0.03,1.002999999999991,0.37148148148147925,0.027855153203342843,0.9312906220984208,0.013705942867981439
10,0.4000000000000057,0.03,3.099999999999998,0.0579710144927544,0.44927536231883997,0.01200000000000017,1.0149999999999912,0.3274193548387071,0.011142061281337295,0.9424326833797582,0.0021929508588770926
1,0.8000000000000007,0.02,3.8999999999999986,0.11594202898550725,0.5652173913043472,0.016000000000000014,1.0309999999999913,0.2643589743589722,0.01485608170844953,0.9572887650882077,0.010218368736900095
3,0.5,0.02,4.399999999999999,0.07246376811594198,0.6376811594202892,0.01,1.0409999999999913,0.2365909090909072,0.009285051067780948,0.9665738161559887,0.003991550287851592
4,1.1000000000000014,0.02,5.5,0.15942028985507253,0.7971014492753618,0.02200000000000003,1.0629999999999913,0.19327272727272568,0.020427112349118114,0.9870009285051068,0.019319103393201757
5,1.4000000000000057,0.01,6.900000000000006,0.20289855072463833,1.0,0.014000000000000058,1.0769999999999913,0.15608695652173774,0.01299907149489338,1.0000000000000002,0.036061812211728335
