,weight,grade,cml_weight,weight_pct,cml_weight_pct,yield,cml_yield,cml_grade,recovery,cml_recovery,distributional_heterogeneity
91,0.6499999999999773,14.37,0.6499999999999773,0.002811175503849049,0.002811175503849049,9.340499999999674,9.340499999999674,14.370000000000001,0.0700295547888182,0.0700295547888182,0.004518310513697968
4,0.3999999999999986,13.54,1.0499999999999758,0.0017299541562148535,0.0045411296600639025,5.415999999999981,14.756499999999654,14.053809523809518,0.04060597063714483,0.11063552542596303,0.0015113446574255385
128,0.5999999999999943,9.26,1.6499999999999702,0.002594931234322265,0.007136060894386167,5.555999999999948,20.312499999999602,12.310606060606043,0.04165560798744005,0.15229113341340308,0.0015257364684115558
35,1.230000000000004,9.05,2.879999999999974,0.005319609030360711,0.012455669924746879,11.131500000000036,31.44399999999964,10.91805555555553,0.08345741546295803,0.2357485488763611,0.006105516794098048
90,0.75,6.51,3.629999999999974,0.003243664042902862,0.01569933396764974,4.8825,36.32649999999964,10.007300275482066,0.03660610259155471,0.2723546514679158,0.0011130523059125707
36,0.28000000000000114,6.17,3.9099999999999753,0.0012109679093504067,0.01691030187700015,1.727600000000007,38.05409999999965,9.732506393861865,0.01295252490264622,0.285307176370562,0.00013786416062681382
66,1.4499999999999886,4.9,5.359999999999964,0.006271083816278817,0.023181385693278968,7.1049999999999445,45.1590999999996,8.425205223880578,0.05326909552749497,0.338576271898057,0.002208813104807611
38,0.20999999999999375,4.08,5.569999999999958,0.0009082259320127743,0.024089611625291742,0.8567999999999745,46.01589999999957,8.261382405745048,0.0064237805838081195,0.3450000524818651,3.0421343116941268e-05
64,1.4500000000000028,4.05,7.0199999999999605,0.006271083816278879,0.03036069544157062,5.872500000000011,51.88839999999958,7.391509971509953,0.0440285381400728,0.3890285906219379,0.0014256253570133842
116,1.1800000000000068,3.91,8.199999999999967,0.0051033647608338655,0.03546406020240449,4.613800000000027,56.502199999999604,6.89051219512193,0.034591548619952096,0.42362013924189,0.0008695529873091609
95,0.15000000000000568,3.7,8.349999999999973,0.000648732808580597,0.036112793010985085,0.555000000000021,57.057199999999625,6.833197604790397,0.004161062352957222,0.4277812015948472,1.233645882830091e-05
92,0.75,3.63,9.099999999999973,0.003243664042902862,0.03935645705388795,2.7225,59.77969999999962,6.56919780219778,0.020411697758424517,0.4481928993532717,0.00029474138165728824
18,0.14999999999999858,3.43,9.249999999999972,0.0006487328085805663,0.04000518986246852,0.5144999999999952,60.29419999999962,6.518291891891871,0.003857417262335837,0.4520503166156076,1.0295655923770755e-05
5,1.1300000000000026,3.33,10.379999999999974,0.00488712049130699,0.04489231035377551,3.7629000000000086,64.05709999999962,6.171204238920981,0.028212002753048956,0.48026231936865654,0.0005440501325241252
117,1.339999999999975,2.3,11.71999999999995,0.005795346423319672,0.05068765677709518,3.081999999999942,67.13909999999956,5.728592150170636,0.023107016525789965,0.5033693358944465,0.0002996939217367638
24,1.1000000000000014,1.99,12.81999999999995,0.00475737392959087,0.05544503070668605,2.1890000000000027,69.32809999999957,5.40780811232448,0.016411829712834277,0.5197811656072808,0.0001358263396035757
158,0.19999999999998863,1.85,13.01999999999994,0.0008649770781073807,0.05631000778479343,0.369999999999979,69.69809999999954,5.35315668202764,0.002774041568637885,0.5225552071759187,3.6445272290044948e-06
61,1.5100000000000051,1.71,14.529999999999944,0.006530576939711118,0.06284058472450454,2.5821000000000085,72.28019999999955,4.9745492085340555,0.019359061444271117,0.5419142686201899,0.00016457001468373608
65,1.4500000000000028,1.58,15.979999999999947,0.006271083816278879,0.06911166854078342,2.291000000000005,74.57119999999956,4.666533166458061,0.017176565496620996,0.5590908341168108,0.0001189295306802775
163,1.4399999999999977,1.41,17.419999999999945,0.006227834962373485,0.07533950350315691,2.0303999999999967,76.60159999999956,4.397336394948324,0.015222740543142358,0.5743135746599531,8.090832640694701e-05
157,0.75,1.3,18.169999999999945,0.003243664042902862,0.07858316754605976,0.9750000000000001,77.57659999999956,4.269488167308739,0.007309974403843491,0.5816235490637967,1.653487995149311e-05
27,1.6099999999999994,1.3,19.779999999999944,0.006963065478764807,0.08554623302482457,2.0929999999999995,79.66959999999956,4.027785642062679,0.015692078386917357,0.597315627450714,7.619566635069378e-05
165,1.5,1.17,21.279999999999944,0.006487328085805724,0.0920335611106303,1.755,81.42459999999956,3.8263439849623953,0.013157953926918282,0.6104735813776323,4.449724911211862e-05
150,1.4800000000000182,1.03,22.759999999999962,0.0064008303779950594,0.09843439148862536,1.5244000000000189,82.94899999999957,3.6445079086115864,0.011429051262788877,0.6219026326404212,2.5283005266276708e-05
93,1.4000000000000057,1.03,24.159999999999968,0.006054839546752034,0.1044892310353774,1.442000000000006,84.39099999999958,3.4930049668874044,0.010811264708043443,0.6327138973484646,2.2623580314966003e-05
162,0.45999999999997954,1.03,24.619999999999948,0.001989447279647,0.1064786783150244,0.47379999999997896,84.86479999999956,3.4469861900893477,0.0035522726897855303,0.6362661700382501,2.442423262574664e-06
6,0.4499999999999993,0.99,25.069999999999947,0.0019461984257417141,0.10842487674076612,0.4454999999999993,85.31029999999956,3.4028839250099616,0.0033400959968330974,0.6396062660350832,1.9429504386944576e-06
164,0.9200000000000159,0.93,25.989999999999963,0.0039788945592942465,0.11240377130006036,0.8556000000000148,86.16589999999957,3.315348210850315,0.00641478369223446,0.6460210497273177,5.933555867976229e-06
68,1.4300000000000068,0.89,27.41999999999997,0.006184586108468153,0.11858835740852852,1.2727000000000062,87.43859999999957,3.188862144420119,0.009541953255150415,0.6555630029824681,1.1271914157621396e-05
63,1.7000000000000028,0.82,29.119999999999973,0.007352305163913166,0.1259406625724417,1.3940000000000023,88.83259999999957,3.050570054945043,0.010451389045084967,0.666014392027553,9.604320902538869e-06
156,2.3000000000000114,0.75,31.419999999999984,0.009947236398235493,0.13588789897067718,1.7250000000000085,90.55759999999958,2.8821642266072445,0.012933031637569316,0.6789474236651223,8.914973211228526e-06
118,2.0500000000000114,0.75,33.47,0.008866015050601205,0.14475391402127838,1.5375000000000085,92.09509999999959,2.7515715566178547,0.011527267329137876,0.6904746909942602,7.0822636900166215e-06
129,0.960000000000008,0.75,34.43000000000001,0.004151889974915697,0.14890580399619407,0.720000000000006,92.8150999999996,2.695762416497229,0.005398134944376776,0.695872825938637,1.5531265239070444e-06
30,1.019999999999996,0.75,35.45,0.004411383098347875,0.15331718709454195,0.764999999999997,93.5800999999996,2.639777150916773,0.005735518378400255,0.7016083443170372,1.7533342398793939e-06
114,0.6500000000000057,0.69,36.10000000000001,0.0028111755038491715,0.15612836259839113,0.4485000000000039,94.02859999999961,2.604670360110792,0.003362588225768035,0.7049709325428053,3.040559898939695e-07
166,2.1999999999999886,0.69,38.3,0.00951474785918168,0.16564311045757282,1.517999999999992,95.5465999999996,2.494689295039154,0.011381067841060882,0.7163520003838661,3.48315027476159e-06
154,1.4399999999999977,0.69,39.739999999999995,0.006227834962373485,0.1718709454199463,0.9935999999999984,96.5401999999996,2.429295420231495,0.007449426223239877,0.723801426607106,1.4922852086251417e-06
21,1.3100000000000023,0.69,41.05,0.005665599861603675,0.17753654528154997,0.9039000000000015,97.44409999999961,2.373790499390977,0.006776908578086299,0.7305783351851923,1.2350070633302576e-06
67,1.4699999999999989,0.69,42.519999999999996,0.006357581524089604,0.18389412680563957,1.014299999999999,98.45839999999961,2.3155785512699816,0.007604622602890714,0.7381829577880831,1.555111452217435e-06
58,1.4699999999999989,0.62,43.989999999999995,0.006357581524089604,0.19025170832972918,0.9113999999999993,99.36979999999961,2.258917935894513,0.006833139150423541,0.7450160969385066,2.2615505596436762e-07
159,1.740000000000009,0.62,45.730000000000004,0.007525300579534679,0.19777700890926386,1.0788000000000055,100.44859999999962,2.196558058167496,0.008088205524991178,0.7531043024634978,3.1686197761938434e-07
147,0.30000000000001137,0.62,46.030000000000015,0.001297465617161194,0.19907447452642504,0.18600000000000705,100.63459999999962,2.186282859004988,0.0013945181939640418,0.7544988206574619,9.419202664072682e-09
149,0.44999999999998863,0.62,46.480000000000004,0.001946198425741668,0.20102067295216672,0.278999999999993,100.91359999999962,2.1711187607573064,0.002091777290945931,0.7565905979484078,2.119320599416086e-08
151,0.7699999999999818,0.55,47.249999999999986,0.0033301617507135264,0.20435083470288024,0.42349999999999005,101.33709999999961,2.1447005291005214,0.003175152984643739,0.7597657509330515,2.402771755847808e-08
161,2.0800000000000125,0.55,49.33,0.008995761612317325,0.21334659631519756,1.144000000000007,102.48109999999961,2.0774599635110405,0.008577036633843082,0.7683427875668947,1.7533060759825553e-07
20,1.5399999999999991,0.48,50.87,0.006660323501427206,0.22000691981662476,0.7391999999999995,103.22029999999961,2.0290996658148144,0.0055420852095601075,0.7738848727764548,1.250456877397846e-06
89,1.0500000000000114,0.48,51.92000000000001,0.004541129660064056,0.22454804947668883,0.5040000000000054,103.72429999999962,1.9977715716486826,0.0037786944610637527,0.7776635672375185,5.813074326746318e-07
144,1.3000000000000114,0.48,53.22000000000002,0.005622351007698343,0.23017040048438717,0.6240000000000054,104.34829999999963,1.9606971063509882,0.004678383618459875,0.7823419508559784,8.910744319456903e-07
173,0.17999999999994998,0.48,53.39999999999997,0.0007784793702964706,0.23094887985468363,0.08639999999997598,104.4346999999996,1.9557059925093567,0.0006477761933250277,0.7829897270493034,1.7083320470428293e-08
59,1.5799999999999983,0.41,54.97999999999997,0.006833318917048688,0.23778219877173232,0.6477999999999993,105.0824999999996,1.9112859221535041,0.004856821968010059,0.7878465490173134,3.906540189559009e-06
152,1.200000000000017,0.41,56.179999999999986,0.0051898624686446525,0.24297206124037696,0.492000000000007,105.5744999999996,1.879218583125661,0.003688725545324152,0.7915352745626376,2.253412062556139e-06
170,1.950000000000017,0.41,58.13,0.008433526511547515,0.25140558775192445,0.799500000000007,106.37399999999961,1.8299329089970688,0.005994179011151715,0.7975294535737893,5.950416227687239e-06
1,1.4100000000000001,0.41,59.540000000000006,0.006098088400657381,0.25750367615258185,0.5781000000000001,106.95209999999962,1.7963066845817872,0.004334252515755818,0.8018637060895452,3.1111170288664813e-06
49,1.4699999999999989,0.41,61.010000000000005,0.006357581524089604,0.26386125767667146,0.6026999999999995,107.55479999999962,1.7629044418947648,0.004518688793022019,0.8063823948825671,3.3815264763732045e-06
127,1.4800000000000182,0.41,62.49000000000002,0.0064008303779950594,0.2702620880546665,0.6068000000000074,108.16159999999962,1.7308625380060743,0.004549428172566446,0.8109318230551336,3.4276901262659355e-06
130,1.3899999999999864,0.41,63.88000000000001,0.0060115906928465785,0.2762736787475131,0.5698999999999944,108.73149999999961,1.7021211646837757,0.00427277375666704,0.8152045968118006,3.0234843375447965e-06
46,1.5499999999999972,0.41,65.43,0.006703572355332569,0.28297725110284566,0.6354999999999988,109.3669999999996,1.6715115390493596,0.0047646038293769535,0.8199692006411775,3.7595989446464928e-06
37,0.6700000000000017,0.41,66.10000000000001,0.0028976732116598974,0.28587492431450556,0.27470000000000067,109.6416999999996,1.6587246596066503,0.0020595384294726272,0.8220287390706501,7.024699131121022e-07
19,1.0399999999999991,0.41,67.14000000000001,0.004497880806158631,0.2903728051206642,0.4263999999999996,110.0680999999996,1.6393818885909976,0.003196895472614217,0.8252256345432644,1.692562838097671e-06
121,1.25,0.34,68.39000000000001,0.005406106738171436,0.29577891185883565,0.42500000000000004,110.4930999999996,1.6156324023980053,0.0031863990991112656,0.8284120336423756,4.927102002902079e-06
74,0.6600000000000108,0.34,69.05000000000003,0.002854424357754565,0.2986333362165902,0.22440000000000368,110.7174999999996,1.6034395365676983,0.0016824187243307757,0.8300944523667063,1.3735972047770982e-06
77,1.3799999999999955,0.34,70.43000000000002,0.005968341838941247,0.30460167805553146,0.4691999999999985,111.1866999999996,1.5786837995172451,0.0035177846054188257,0.8336122369721252,6.005230754769061e-06
119,0.37999999999999545,0.34,70.81000000000002,0.001643456448404097,0.30624513450393553,0.12919999999999845,111.3158999999996,1.5720364355316985,0.000968665326129813,0.834580902298255,4.5534305870018764e-07
145,0.5,0.34,71.31000000000002,0.0021624426952685746,0.3084075771992041,0.17,111.4858999999996,1.5633978404150832,0.0012745596396445062,0.8358554619378995,7.883363204643326e-07
148,1.5999999999999943,0.34,72.91000000000001,0.006919816624859414,0.3153273938240635,0.5439999999999982,112.0298999999996,1.5365505417638128,0.004078590846862406,0.8399340527847619,8.07256392155471e-06
131,1.6599999999999966,0.34,74.57000000000001,0.007179309748291653,0.32250670357235517,0.5643999999999989,112.59429999999959,1.5099141746010403,0.004231538003619752,0.8441655907883816,8.689358258686024e-06
0,1.6400000000000006,0.34,76.21000000000001,0.007092812040480927,0.32959951561283607,0.5576000000000002,113.15189999999959,1.484738223330266,0.0041805556180339815,0.8483461464064156,8.481237470083483e-06
16,1.8299999999999983,0.34,78.04,0.007914540264682976,0.33751405587751904,0.6221999999999994,113.77409999999958,1.457894669400302,0.004664888281098888,0.8530110346875145,1.0560238014411996e-05
47,1.5,0.34,79.54,0.006487328085805724,0.34400138396332475,0.51,114.28409999999958,1.436812924314805,0.0038236789189335183,0.856834713606448,7.095026884178994e-06
28,1.3900000000000006,0.34,80.93,0.00601159069284664,0.35001297465617137,0.47260000000000024,114.75669999999958,1.4179747930310092,0.0035432757982117287,0.8603779894046597,6.092578419076553e-06
29,1.0600000000000023,0.34,81.99000000000001,0.004584378513969388,0.35459735317014074,0.3604000000000008,115.11709999999958,1.4040382973533305,0.0027020664360463587,0.863080055840706,3.543098758694912e-06
155,0.7599999999999909,0.27,82.75,0.003286912896808194,0.35788426606694895,0.20519999999999755,115.32229999999957,1.3936229607250703,0.0015384684591473502,0.8646185242998534,3.0570579515871446e-06
26,1.4399999999999977,0.27,84.19,0.006227834962373485,0.36411210102932245,0.3887999999999994,115.71109999999958,1.3744043235538612,0.0029149928699634307,0.8675335171698169,1.097492272924383e-05
7,1.1699999999999982,0.27,85.36,0.005060115906928456,0.3691722169362509,0.3158999999999995,116.02699999999957,1.3592666354264242,0.0023684317068452874,0.8699019488766622,7.245163832977372e-06
167,2.0200000000000102,0.27,87.38000000000001,0.008736268488885085,0.377908485425136,0.5454000000000028,116.57239999999958,1.3340856031128354,0.004089087220365395,0.8739910360970276,2.1596293742480282e-05
168,1.4799999999999898,0.27,88.86,0.006400830377994936,0.38430931580313094,0.3995999999999973,116.97199999999957,1.3163628179158178,0.0029959648941290658,0.8769870009911566,1.1593108963221171e-05
51,0.9300000000000068,0.27,89.79,0.0040221434131995784,0.3883314592163305,0.2511000000000019,117.22309999999958,1.3055251141552464,0.0018825995618513992,0.878869600553008,4.577647891841799e-06
115,0.8000000000000114,0.27,90.59000000000002,0.0034599083124297685,0.39179136752876026,0.21600000000000308,117.43909999999958,1.2963803951871018,0.0016194404833130426,0.8804890410363211,3.3873218300136338e-06
120,0.9000000000000057,0.27,91.49000000000002,0.003892396851483459,0.3956837643802437,0.24300000000000155,117.68209999999958,1.2862837468575752,0.0018218705437271585,0.8823109115800483,4.287079191110938e-06
75,1.339999999999975,0.27,92.83,0.005795346423319672,0.4014791108035634,0.3617999999999933,118.04389999999957,1.2716137024668703,0.0027125628095492575,0.8850234743895975,9.503554809331378e-06
45,1.5,0.21,94.33,0.006487328085805724,0.4079664388893691,0.315,118.35889999999957,1.2547323226969105,0.00236168403816482,0.8873851584277623,1.7020938807834826e-05
146,1.0,0.21,95.33,0.004324885390537149,0.4122913242799063,0.21,118.56889999999956,1.2437732088534519,0.0015744560254432132,0.8889596144532056,7.564861692371033e-06
48,1.5499999999999972,0.21,96.88,0.006703572355332569,0.41899489663523887,0.3254999999999994,118.89439999999956,1.2272336911643225,0.002440406839436976,0.8914000212926426,1.817458021592134e-05
112,1.4199999999999875,0.21,98.29999999999998,0.0061413372545626975,0.42513623388980154,0.29819999999999736,119.19259999999956,1.2125391658189173,0.002235727556129343,0.893635748848772,1.5253787116496682e-05
32,3.549999999999997,0.21,101.84999999999998,0.015353343136406867,0.4404895770262084,0.7454999999999994,119.93809999999955,1.1775954835542424,0.005589318890323403,0.8992250677390954,9.533616947810578e-05
60,1.9200000000000017,0.21,103.76999999999998,0.008303779949831334,0.4487933569760397,0.40320000000000034,120.34129999999955,1.1596925893803562,0.0030229555688509723,0.9022480233079464,2.7887106142756625e-05
140,1.5500000000000114,0.21,105.32,0.00670357235533263,0.45549692933137237,0.3255000000000024,120.66679999999955,1.1457159134067563,0.0024404068394369986,0.9046884301473834,1.8174580215921674e-05
39,1.8400000000000034,0.21,107.16,0.00795778911858837,0.4634547184499607,0.3864000000000007,121.05319999999955,1.1296491228070134,0.002896999086815518,0.9075854292341989,2.5611595745691462e-05
34,1.3699999999999903,0.21,108.52999999999999,0.005925092985035852,0.4693798114349966,0.28769999999999796,121.34089999999955,1.1180401732239893,0.002157004754857187,0.9097424339890561,1.4198488910410992e-05
17,1.220000000000006,0.21,109.75,0.005276360176455348,0.4746561716114519,0.25620000000000126,121.59709999999956,1.1079462414578547,0.0019208363510407297,0.9116632703400968,1.1259540142925155e-05
33,0.9500000000000028,0.21,110.7,0.004108641121010304,0.4787648127324622,0.1995000000000006,121.79659999999956,1.1002402890695533,0.0014957332241710571,0.9131590035642678,6.827287677364898e-06
137,0.6999999999999886,0.21,111.39999999999999,0.0030274197733759552,0.48179223250583814,0.1469999999999976,121.94359999999955,1.0946463195691163,0.0011021192178102314,0.914261122782078,3.7067822292616854e-06
15,1.1000000000000014,0.21,112.5,0.00475737392959087,0.486549606435429,0.2310000000000003,122.17459999999954,1.0859964444444403,0.0017319016279875369,0.9159930244100656,9.153482647768972e-06
62,1.2399999999999949,0.21,113.74,0.005362857884266043,0.49191246431969504,0.2603999999999989,122.43499999999955,1.0764462809917317,0.0019523254715495763,0.9179453498816151,1.1631731338189604e-05
55,1.5499999999999972,0.21,115.28999999999999,0.006703572355332569,0.49861603667502763,0.3254999999999994,122.76049999999955,1.06479746725648,0.002440406839436976,0.9203857567210522,1.817458021592134e-05
73,1.7999999999999972,0.21,117.08999999999999,0.0077847937029668565,0.5064008303779944,0.3779999999999994,123.13849999999955,1.0516568451618376,0.0028340208457977795,0.9232197775668499,2.4510151883282065e-05
84,1.4699999999999989,0.21,118.55999999999999,0.006357581524089604,0.512758411902084,0.30869999999999975,123.44719999999955,1.0412213225371083,0.0023144503574015216,0.9255342279242514,1.634690963104454e-05
88,1.5,0.21,120.05999999999999,0.006487328085805724,0.5192457399878898,0.315,123.76219999999955,1.0308362485423919,0.00236168403816482,0.9278959119624163,1.7020938807834826e-05
76,1.670000000000016,0.21,121.73,0.007222558602197108,0.5264682985900869,0.35070000000000334,124.11289999999956,1.0195752895752859,0.0026293415624901915,0.9305252535249064,2.1097642773853977e-05
57,1.5799999999999983,0.21,123.31,0.006833318917048688,0.5333016175071356,0.33179999999999965,124.44469999999956,1.009202011191303,0.0024876405202002745,0.9330128940451067,1.8884920728835006e-05
3,1.5199999999999996,0.21,124.83,0.006573825793616465,0.539875443300752,0.3191999999999999,124.76389999999955,0.999470479852596,0.0023931731586736833,0.9354060672037804,1.7477856454054024e-05
82,0.549999999999983,0.21,125.37999999999998,0.0023786869647953583,0.5422541302655474,0.11549999999999641,124.87939999999955,0.9960073376934085,0.0008659508139937405,0.9362720180177742,2.288370661942095e-06
141,1.5,0.14,126.87999999999998,0.006487328085805724,0.5487414583513531,0.21000000000000002,125.08939999999954,0.9858874527112197,0.0015744560254432134,0.9378464740432174,2.4136311881490578e-05
72,1.6500000000000057,0.14,128.52999999999997,0.007136060894386321,0.5558775192457395,0.23100000000000082,125.32039999999954,0.9750283980393648,0.0017319016279875408,0.939578375671205,2.92049373766038e-05
143,1.1999999999999886,0.14,129.72999999999996,0.00518986246864453,0.561067381714384,0.16799999999999843,125.48839999999953,0.9673044014491603,0.001259564820354559,0.9408379404915596,1.5447239604153677e-05
122,0.3499999999999943,0.14,130.07999999999996,0.0015137098866879776,0.562581091601072,0.04899999999999921,125.53739999999952,0.9650784132841295,0.00036737307260341053,0.9412053135641629,1.3140880913255554e-06
70,1.539999999999992,0.14,131.61999999999995,0.006660323501427175,0.5692414151024991,0.2155999999999989,125.75299999999952,0.9554247074912594,0.001616441519455024,0.942821755083618,2.5440745448063317e-05
132,3.0500000000000114,0.14,134.66999999999996,0.013190900441138353,0.5824323155436375,0.42700000000000166,126.17999999999952,0.9369570060146993,0.003201393918401213,0.9460231490020192,9.979024056780791e-05
133,1.549999999999983,0.14,136.21999999999994,0.006703572355332508,0.58913588789897,0.21699999999999764,126.39699999999952,0.9278887094406076,0.0016269378929579695,0.9476500868949772,2.5772217464568817e-05
78,1.6100000000000136,0.14,137.82999999999996,0.006963065478764869,0.5960989533777349,0.22540000000000193,126.62239999999953,0.9186853370093563,0.00168991613397573,0.9493400030289529,2.780610401245013e-05
11,1.240000000000002,0.14,139.06999999999996,0.005362857884266074,0.6014618112620009,0.17360000000000028,126.79599999999952,0.9117422880563713,0.001301550314366392,0.9506415533433193,1.6494219177324458e-05
134,1.5,0.14,140.56999999999996,0.006487328085805724,0.6079491393478067,0.21000000000000002,127.00599999999952,0.9035071494628978,0.0015744560254432134,0.9522160093687626,2.4136311881490578e-05
94,1.1500000000000057,0.14,141.71999999999997,0.0049736181991177466,0.6129227575469245,0.1610000000000008,127.16699999999952,0.8973116003386928,0.0012070829528398029,0.9534230923216024,1.4186787761454048e-05
2,1.129999999999999,0.14,142.84999999999997,0.004887120491306974,0.6178098780382315,0.15819999999999987,127.32519999999951,0.8913209660482992,0.0011860902058338865,0.9546091825274363,1.3697625173989006e-05
113,0.6999999999999886,0.14,143.54999999999995,0.0030274197733759552,0.6208372978116075,0.09799999999999842,127.42319999999951,0.8876572622779488,0.0007347461452068211,0.9553439286726432,5.2563523653022214e-06
96,1.4899999999999807,0.14,145.03999999999994,0.006444079231900269,0.6272813770435077,0.20859999999999732,127.63179999999952,0.879976558190841,0.0015639596519402385,0.9569078883245834,2.381556711470926e-05
87,1.1999999999999886,0.14,146.23999999999992,0.00518986246864453,0.6324712395121522,0.16799999999999843,127.79979999999951,0.8739045404813975,0.001259564820354559,0.958167453144938,1.5447239604153677e-05
160,1.9099999999999966,0.14,148.14999999999992,0.00826053109592594,0.6407317706080782,0.2673999999999995,128.0671999999995,0.8644427944650663,0.0020048073390643547,0.9601722604840024,3.9134079722162426e-05
25,0.6799999999999997,0.14,148.82999999999993,0.00294092206556526,0.6436726926736435,0.09519999999999997,128.1623999999995,0.8611328361217467,0.0007137533982009231,0.9608860138822033,4.9602802728894365e-06
14,1.1000000000000014,0.14,149.92999999999992,0.00475737392959087,0.6484300666032343,0.15400000000000022,128.3163999999995,0.8558420596278234,0.0011546010853250247,0.9620406149675284,1.297997216737941e-05
153,1.0999999999999943,0.14,151.02999999999992,0.00475737392959084,0.6531874405328252,0.15399999999999922,128.4703999999995,0.8506283519830469,0.0011546010853250173,0.9631952160528534,1.2979972167379244e-05
8,1.5300000000000011,0.14,152.55999999999992,0.006617074647521843,0.659804515180347,0.21420000000000017,128.6845999999995,0.8435015731515442,0.0016059451459520789,0.9648011611988054,2.5111418881502835e-05
110,0.4000000000000057,0.14,152.95999999999992,0.0017299541562148843,0.6615344693365619,0.0560000000000008,128.74059999999952,0.8416618723849345,0.00041985494011819623,0.9652210161389236,1.7163599560171566e-06
9,1.620000000000001,0.14,154.57999999999993,0.007006314332670186,0.6685407836692321,0.22680000000000017,128.96739999999951,0.8343084486996997,0.0017004125074786716,0.9669214286464023,2.8152594178570645e-05
10,0.6799999999999997,0.14,155.25999999999993,0.00294092206556526,0.6714817057347974,0.09519999999999997,129.06259999999952,0.8312675512044285,0.0007137533982009231,0.9676351820446032,4.9602802728894365e-06
177,0.26000000000004775,0.07,155.51999999999998,0.0011244702015398653,0.6726061759363372,0.018200000000003345,129.08079999999953,0.8299948559670752,0.0001364528555384369,0.9677716349001416,9.761782759997065e-07
13,0.259999999999998,0.07,155.77999999999997,0.0011244702015396502,0.6737306461378768,0.018199999999999862,129.09899999999953,0.8287264090383847,0.0001364528555384108,0.96790808775568,9.76178275999333e-07
178,1.349999999999966,0.07,157.12999999999994,0.005838595277225004,0.6795692414151018,0.09449999999999763,129.19349999999955,0.8222077260866772,0.0007085052114494282,0.9686165929671294,2.6317824082969252e-05
142,1.3499999999999943,0.07,158.47999999999993,0.005838595277225127,0.6854078366923269,0.09449999999999961,129.28799999999956,0.8158001009591092,0.0007085052114494431,0.9693250981785789,2.631782408297036e-05
139,1.200000000000017,0.07,159.67999999999995,0.0051898624686446525,0.6905976991609715,0.0840000000000012,129.37199999999956,0.8101953907815607,0.0006297824101772943,0.9699548805887562,2.079433013963167e-05
22,0.19999999999999574,0.07,159.87999999999994,0.0008649770781074114,0.6914626762390789,0.013999999999999704,129.38599999999957,0.8092694520890644,0.00010496373502954533,0.9700598443237858,5.776202816563943e-07
23,1.2700000000000031,0.07,161.14999999999995,0.005492604445982193,0.6969552806850611,0.08890000000000023,129.47489999999956,0.8034433757368886,0.0006665197174376287,0.9707263640412234,2.3291093807091063e-05
31,2.6200000000000045,0.07,163.76999999999995,0.01133119972320735,0.7082864804082685,0.18340000000000034,129.65829999999957,0.7917097148439861,0.0013750249288870756,0.9721013889701104,9.912541653505838e-05
176,2.1399999999999864,0.07,165.90999999999994,0.00925525473574944,0.7175417351440179,0.14979999999999907,129.80809999999957,0.7824006991742488,0.0011231119648161519,0.9732245009349266,6.613174604684256e-05
174,1.4700000000000273,0.07,167.37999999999997,0.0063575815240897275,0.7238993166681076,0.10290000000000192,129.91099999999958,0.7761441032381383,0.0007714834524671889,0.9739959843873938,3.1204491665785045e-05
138,1.0999999999999943,0.07,168.47999999999996,0.00475737392959084,0.7286566905976984,0.07699999999999961,129.98799999999957,0.7715337132003776,0.0005773005426625087,0.9745732849300562,1.747301352010649e-05
124,0.4000000000000057,0.07,168.87999999999997,0.0017299541562148843,0.7303866447539133,0.0280000000000004,130.01599999999956,0.7698720985314992,0.00020992747005909812,0.9747832124001153,2.310481126625741e-06
105,1.6200000000000045,0.07,170.49999999999997,0.007006314332670202,0.7373929590865835,0.11340000000000033,130.12939999999958,0.763222287390027,0.0008502062537393378,0.9756334186538547,3.789766667947785e-05
56,1.4699999999999989,0.07,171.96999999999997,0.006357581524089604,0.7437505406106731,0.10289999999999994,130.23229999999958,0.7572966215037483,0.0007714834524671741,0.9764049021063218,3.120449166578384e-05
54,1.5,0.07,173.46999999999997,0.006487328085805724,0.7502378686964789,0.10500000000000001,130.33729999999957,0.7513535481639453,0.0007872280127216067,0.9771921301190434,3.249114084317356e-05
53,1.5300000000000011,0.07,174.99999999999997,0.006617074647521843,0.7568549433440007,0.10710000000000008,130.44439999999958,0.7453965714285691,0.0008029725729760394,0.9779951026920194,3.380378293323782e-05
52,1.7199999999999989,0.07,176.71999999999997,0.007438802871723891,0.7642937462157247,0.12039999999999994,130.56479999999956,0.7388229968311429,0.0009026881212541085,0.9788977908132735,4.2720796031308684e-05
50,0.4399999999999977,0.07,177.15999999999997,0.0019029495718363358,0.766196695787561,0.030799999999999845,130.59559999999956,0.7371618875592661,0.00023092021706500347,0.9791287110303386,2.795682163217038e-06
83,1.5500000000000114,0.07,178.70999999999998,0.00670357235533263,0.7729002681428936,0.1085000000000008,130.70409999999956,0.7313754126797581,0.0008134689464789996,0.9799421799768177,3.469331816698917e-05
97,1.5100000000000193,0.07,180.22,0.006530576939711179,0.7794308450826047,0.10570000000000136,130.80979999999957,0.7258339806902651,0.0007924761994730943,0.9807346561762907,3.292580010512086e-05
135,3.0500000000000114,0.07,183.27,0.013190900441138353,0.7926217455237431,0.21350000000000083,131.02329999999958,0.71491951765155,0.0016006969592006065,0.9823353531354914,0.0001343328167527219
81,0.950000000000017,0.07,184.22000000000003,0.0041086411210103655,0.7967303866447535,0.0665000000000012,131.08979999999957,0.7115937466073149,0.0004985777413903599,0.9828339308768818,1.3032557604873418e-05
80,1.3499999999999943,0.07,185.57000000000002,0.005838595277225127,0.8025689819219786,0.09449999999999961,131.18429999999958,0.7069262272996689,0.0007085052114494431,0.9835424360883313,2.631782408297036e-05
79,1.3899999999999864,0.07,186.96,0.0060115906928465785,0.8085805726148252,0.09729999999999905,131.28159999999957,0.7021908429610588,0.0007294979584553485,0.9842719340467866,2.7900503654708624e-05
85,1.4000000000000057,0.07,188.36,0.006054839546752034,0.8146354121615772,0.0980000000000004,131.37959999999958,0.6974920365257994,0.0007347461452068359,0.9850066801919934,2.8303393801164753e-05
86,1.7800000000000011,0.07,190.14000000000001,0.00769829599515613,0.8223337081567333,0.12460000000000009,131.50419999999957,0.6916177553381696,0.0009341772417629739,0.9859408574337564,4.5753302510004995e-05
71,1.4500000000000028,0.07,191.59000000000003,0.006271083816278879,0.8286047919730122,0.10150000000000022,131.60569999999956,0.6869132000626313,0.0007609870789642214,0.9867018445127206,3.036116605456563e-05
69,1.5100000000000051,0.07,193.10000000000002,0.006530576939711118,0.8351353689127233,0.10570000000000036,131.71139999999957,0.6820890730191588,0.0007924761994730868,0.9874943207121937,3.292580010512024e-05
111,2.469999999999999,0.07,195.57000000000002,0.010682466914626754,0.84581783582735,0.17289999999999994,131.88429999999957,0.6743585416986223,0.001296302127614912,0.9887906228398086,8.810008940894105e-05
43,1.6800000000000068,0.07,197.25000000000003,0.0072658074561024405,0.8530836432834524,0.11760000000000048,132.00189999999958,0.6692111533586796,0.0008816953742482031,0.9896723182140568,4.075688707367725e-05
42,3.039999999999992,0.07,200.29000000000002,0.0131476515872329,0.8662312948706853,0.21279999999999946,132.21469999999957,0.6601163313195844,0.0015954487724491187,0.9912677669865059,0.00013345338987389834
123,1.3000000000000114,0.07,201.59000000000003,0.005622351007698343,0.8718536458783837,0.0910000000000008,132.30569999999958,0.656310828910162,0.0006822642776920651,0.9919500312641979,2.440445689998412e-05
125,1.1499999999999773,0.07,202.74,0.004973618199117623,0.8768272640775012,0.08049999999999842,132.38619999999958,0.6529851040741815,0.0006035414764198866,0.9925535727406177,1.909757056226459e-05
126,1.3700000000000045,0.07,204.11,0.005925092985035914,0.8827523570625372,0.09590000000000033,132.48209999999958,0.6490720689824093,0.0007190015849524033,0.9932725743255701,2.7103387666023494e-05
41,1.3500000000000085,0.07,205.46000000000004,0.005838595277225188,0.8885909523397624,0.09450000000000061,132.5765999999996,0.6452672052954325,0.0007085052114494506,0.9939810795370196,2.6317824082970915e-05
40,0.75,0.07,206.21000000000004,0.003243664042902862,0.8918346163826653,0.052500000000000005,132.6290999999996,0.6431749187721234,0.00039361400636080335,0.9943746935433805,8.12278521079339e-06
175,1.3199999999999932,0.03,207.53000000000003,0.005708848715509008,0.8975434650981743,0.039599999999999795,132.6686999999996,0.6392748036428448,0.0002968974219407187,0.9946715909653212,2.928921680395547e-05
172,0.8100000000000023,0.03,208.34000000000003,0.003503157166335101,0.9010466222645094,0.024300000000000068,132.6929999999996,0.6369060190073899,0.0001821870543727152,0.9948537780196939,1.1028842484547457e-05
171,0.36000000000001364,0.03,208.70000000000005,0.0015569587405934327,0.9026035810051029,0.010800000000000408,132.7037999999996,0.6358591279348327,8.097202416565404e-05,0.9949347500438596,2.1785367870712555e-06
179,1.5500000000000114,0.03,210.25000000000006,0.00670357235533263,0.9093071533604354,0.04650000000000034,132.7502999999996,0.6313926278240171,0.0003486295484909998,0.9952833795923506,4.038529807822818e-05
169,1.6299999999999955,0.03,211.88000000000005,0.007049563186575534,0.916356716547011,0.04889999999999986,132.79919999999962,0.6267660940154784,0.00036662333163891864,0.9956500029239895,4.4661685104700217e-05
136,1.240000000000009,0.03,213.12000000000006,0.005362857884266104,0.9217195744312772,0.037200000000000275,132.83639999999963,0.623293918918917,0.00027890363879279985,0.9959289065627823,2.584659077006603e-05
98,1.539999999999992,0.03,214.66000000000005,0.006660323501427175,0.9283798979327044,0.04619999999999976,132.88259999999963,0.6190375477499283,0.00034638032559750515,0.9962752868883799,3.986587842760605e-05
12,1.259999999999998,0.03,215.92000000000004,0.005449355592076799,0.9338292535247812,0.03779999999999994,132.92039999999963,0.6156002223045554,0.00028340208457977795,0.9965586889729596,2.668707564162077e-05
99,1.509999999999991,0.03,217.43000000000004,0.006530576939711056,0.9403598304644922,0.04529999999999972,132.96569999999963,0.6115333670606614,0.00033963265691703393,0.9968983216298767,3.832779111265998e-05
100,1.5400000000000205,0.03,218.97000000000006,0.006660323501427298,0.9470201539659195,0.046200000000000616,133.01189999999963,0.6074434854089583,0.00034638032559751155,0.9972447019554742,3.986587842760753e-05
101,0.8100000000000023,0.03,219.78000000000006,0.003503157166335101,0.9505233111322546,0.024300000000000068,133.03619999999964,0.6053153153153135,0.0001821870543727152,0.9974268890098469,1.1028842484547457e-05
102,0.6999999999999886,0.03,220.48000000000005,0.0030274197733759552,0.9535507309056306,0.020999999999999658,133.05719999999963,0.6034887518142217,0.00015744560254431878,0.9975843346123912,8.236751741240738e-06
103,1.539999999999992,0.03,222.02000000000004,0.006660323501427175,0.9602110544070578,0.04619999999999976,133.10339999999962,0.5995108548779371,0.00034638032559750515,0.9979307149379887,3.986587842760605e-05
104,1.460000000000008,0.03,223.48000000000005,0.006314332670184272,0.966525387077242,0.043800000000000235,133.14719999999963,0.5957902273134044,0.00032838654244958624,0.9982591014804383,3.583155104414187e-05
106,1.4399999999999977,0.03,224.92000000000004,0.006227834962373485,0.9727532220396155,0.04319999999999993,133.19039999999964,0.5921678819135675,0.00032388809666260336,0.9985829895771009,3.485658859313734e-05
107,1.490000000000009,0.03,226.41000000000005,0.006444079231900391,0.9791973012715158,0.044700000000000274,133.23509999999965,0.5884682655359729,0.00033513421113005745,0.998918123788231,3.731920926679465e-05
108,1.539999999999992,0.03,227.95000000000005,0.006660323501427175,0.985857624772943,0.04619999999999976,133.28129999999965,0.5846953279227884,0.00034638032559750515,0.9992645041138285,3.986587842760605e-05
109,0.30000000000001137,0.03,228.25000000000006,0.001297465617161194,0.9871550903901042,0.009000000000000341,133.29029999999966,0.5839662650602393,6.74766868047117e-05,0.9993319808006332,1.5128727687994831e-06
44,2.1700000000000017,0.03,230.42000000000007,0.00938500129746562,0.9965400916875699,0.06510000000000005,133.35539999999966,0.5787492405173146,0.0004880813678873965,0.9998200621685206,7.915518423332618e-05
180,0.8000000000000114,0.03,231.22000000000008,0.0034599083124297685,0.9999999999999997,0.02400000000000034,133.37939999999966,0.5768506184586092,0.00017993783147922694,0.9999999999999998,1.0758206355906925e-05
