,weight,grade,cml_weight,weight_pct,cml_weight_pct,yield,cml_yield,cml_grade,recovery,cml_recovery,distributional_heterogeneity
99,1.0,16.8,1.0,0.002302767927048312,0.002302767927048312,16.8,16.8,16.8,0.08258721763221374,0.08258721763221374,0.006445592864461238
1,1.83,9.28,2.83,0.004214065306498411,0.006516833233546723,16.9824,33.782399999999996,11.937243816254416,0.08348387885222062,0.16607109648443436,0.0062837033395735644
8,1.0,7.32,3.83,0.002302767927048312,0.008819601160595035,7.32,41.102399999999996,10.731697127937336,0.03598443053975027,0.2020555270241846,0.001134454396355885
71,3.0,4.54,6.83,0.006908303781144936,0.01572790494173997,13.620000000000001,54.72239999999999,8.012064421669105,0.06695463715183042,0.26901016417601503,0.0036055621512634966
41,0.6299999999999955,3.37,7.4599999999999955,0.001450743794040426,0.017178648735780396,2.123099999999985,56.84549999999998,7.620040214477213,0.010436959628270936,0.279447123804286,8.075207501937513e-05
52,2.0999999999999943,3.34,9.55999999999999,0.004835812646801442,0.02201446138258184,7.013999999999981,63.85949999999996,6.6798640167364045,0.034480163361449136,0.31392728716573515,0.0008787875292930335
39,2.4099999999999966,2.98,11.969999999999986,0.005549670704186424,0.027564132086768264,7.18179999999999,71.04129999999995,5.934945697577279,0.03530505235660904,0.34923233952234417,0.000885382737281328
43,1.0300000000000011,2.59,12.999999999999988,0.002371850964859764,0.029935983051628028,2.6677000000000026,73.70899999999995,5.669923076923078,0.013114161933181953,0.3623465014555261,0.0001153972449401352
70,3.0,2.55,15.999999999999988,0.006908303781144936,0.036844286832772966,7.6499999999999995,81.35899999999995,5.0849375000000006,0.037606679457525896,0.399953180913052,0.0009423902691682179
92,0.8599999999999852,2.19,16.85999999999997,0.0019803804172615143,0.03882466725003448,1.8833999999999675,83.24239999999992,4.937271648873076,0.009258617005268373,0.40921179791832035,5.2972727831001726e-05
13,3.0,2.19,19.85999999999997,0.006908303781144936,0.04573297103117942,6.57,89.81239999999991,4.522275931520647,0.0322975011811693,0.44150929909948966,0.000644611344617404
100,2.0,2.11,21.85999999999997,0.004605535854096624,0.05033850688527604,4.22,94.03239999999991,4.301573650503204,0.020745122524282258,0.4622544216237719,0.00026048625788443385
69,3.0,2.09,24.85999999999997,0.006908303781144936,0.057246810666420976,6.27,100.3023999999999,4.034690265486726,0.03082272943773691,0.4930771510615088,0.0005718997544846645
75,2.1599999999999966,1.68,27.019999999999968,0.0049739787224243465,0.06222078938884532,3.6287999999999943,103.9311999999999,3.8464544781643237,0.01783883900855814,0.5109159900700669,0.00016550463018174245
72,2.0,1.61,29.019999999999968,0.004605535854096624,0.06682632524294195,3.22,107.1511999999999,3.6923225361819445,0.015829216712840967,0.5267452067829079,0.00012597101201894417
98,0.9000000000000057,1.42,29.919999999999973,0.002072491134343494,0.06889881637728544,1.278000000000008,108.42919999999991,3.623970588235294,0.006282527627022013,0.5330277344099299,1.7724407269684843e-05
97,1.9499999999999886,1.4,31.869999999999962,0.004490397457744182,0.07338921383502962,2.729999999999984,111.1591999999999,3.487894571697522,0.013420422865234653,0.5464481572751646,7.974535377842535e-05
40,0.8400000000000034,1.1,32.709999999999965,0.00193432505872059,0.07532353889375021,0.9240000000000038,112.0831999999999,3.4265729134821163,0.0045422969697717745,0.5509904542449364,6.801517488831967e-06
67,3.0,1.04,35.709999999999965,0.006908303781144936,0.08223184267489514,3.12,115.20319999999991,3.2260767292075054,0.015337626131696838,0.5663280803766333,7.105347528951383e-05
7,1.6700000000000017,0.942,37.37999999999997,0.003845622438170685,0.08607746511306583,1.5731400000000015,116.7763399999999,3.124032637774211,0.007733408068210764,0.5740614884448441,1.5114877105146135e-05
134,3.0,0.939,40.37999999999997,0.006908303781144936,0.09298576889421076,2.8169999999999997,119.5933399999999,2.961697374938088,0.013848106670830123,0.5879095951156742,4.8160864147682874e-05
91,1.8000000000000114,0.909,42.17999999999998,0.004144982268686988,0.09713075116289774,1.6362000000000103,121.22953999999991,2.8741000474158365,0.008043405088680296,0.5959530002043545,1.5197700483444575e-05
3,1.0,0.895,43.17999999999998,0.002302767927048312,0.09943351908994605,0.895,122.12453999999991,2.8282663270032415,0.004399735701239958,0.6003527359055945,4.397273845998266e-06
9,1.879999999999999,0.803,45.059999999999974,0.004329203702850825,0.10376272279279687,1.5096399999999992,123.63417999999992,2.7437678650687967,0.0074212480491842306,0.6077739839547787,9.560738239692384e-06
0,1.7599999999999998,0.764,46.81999999999997,0.004052871551605029,0.1078155943444019,1.3446399999999998,124.97881999999991,2.669346860316104,0.00661012359029642,0.6143841075450751,6.539537989391279e-06
66,3.0,0.743,49.81999999999997,0.006908303781144936,0.11472389812554683,2.229,127.20781999999991,2.553348454435969,0.010957554053702644,0.6253416615987778,1.6396427769808664e-05
129,3.0,0.739,52.81999999999997,0.006908303781144936,0.12163220190669176,2.217,129.42481999999993,2.450299507762211,0.010898563183965348,0.6362402247827431,1.5922170101796707e-05
175,3.0,0.718,55.81999999999997,0.006908303781144936,0.1285405056878367,2.154,131.57881999999992,2.357198495163024,0.010588861117844546,0.6468290859005876,1.3546502308733325e-05
96,1.0500000000000114,0.697,56.86999999999998,0.0024179063234007537,0.13095841201123745,0.7318500000000079,132.31066999999993,2.326545982064357,0.0035977056681033496,0.650426791568691,1.3919264937606737e-06
44,1.0,0.691,57.86999999999998,0.002302767927048312,0.13326117993828576,0.691,133.00166999999993,2.298283566614826,0.003396890915705934,0.6538236824843969,1.1971051143090858e-06
12,3.0,0.649,60.86999999999998,0.006908303781144936,0.1401694837194307,1.947,134.94866999999994,2.2169980285855098,0.0095712686148762,0.6633949510992732,7.091381705689373e-06
57,3.0,0.645,63.86999999999998,0.006908303781144936,0.14707778750057562,1.935,136.88366999999994,2.143160638797557,0.009512277745138903,0.672907228844412,6.7806804051584546e-06
122,2.6399999999999864,0.644,66.50999999999996,0.0060793073274075125,0.15315709482798315,1.7001599999999912,138.58382999999992,2.0836540369869194,0.008357826424379987,0.681265055268792,5.19164927526826e-06
173,1.5900000000000318,0.638,68.1,0.0036614010040068898,0.15681849583199003,1.0144200000000203,139.59824999999995,2.049900881057268,0.004986793173242377,0.6862518484420344,1.7566644022707508e-06
126,2.8999999999999773,0.637,70.99999999999997,0.006678026988440053,0.1634965228204301,1.8472999999999855,141.44554999999994,1.9921908450704224,0.009081152805475431,0.6953330012475097,5.775013692501953e-06
125,1.1000000000000227,0.632,72.1,0.0025330447197531958,0.16602956754018328,0.6952000000000144,142.14074999999997,1.9714389736477111,0.003417537720114058,0.6987505389676238,7.823278676873604e-07
103,1.8499999999999943,0.619,73.94999999999999,0.004260120665039364,0.17028968820522264,1.1451499999999966,143.28589999999997,1.9376051386071669,0.00562944953997198,0.7043799885075959,1.8750615677242234e-06
121,2.6000000000000227,0.569,76.55000000000001,0.0059871966103256635,0.1762768848155483,1.4794000000000127,144.7653,1.8911208360548657,0.007272591057446313,0.7116525795650421,1.6522388846885987e-06
123,0.8600000000000136,0.569,77.41000000000003,0.00198038041726158,0.17825726523280988,0.4893400000000077,145.25464,1.8764325022606891,0.0024055493497707205,0.7140581289148129,1.807686211709623e-07
101,2.0999999999999943,0.56,79.51000000000002,0.004835812646801442,0.18309307787961132,1.1759999999999968,146.43063999999998,1.8416631870204998,0.005781105234254946,0.7198392341490678,8.935780758945404e-07
104,2.4000000000000057,0.521,81.91000000000003,0.005526643024915962,0.18861972090452728,1.250400000000003,147.68104,1.802967159077035,0.006146848626626208,0.725986082775694,3.846549883927686e-07
53,2.9000000000000057,0.508,84.81000000000003,0.006678026988440118,0.1952977478929674,1.473200000000003,149.15424,1.7586869472939504,0.007242112441415328,0.7332281952171094,3.1819239825824773e-07
172,1.1299999999999955,0.495,85.94000000000003,0.0026021277575645823,0.19789987565053196,0.5593499999999978,149.71358999999998,1.7420710961135668,0.002749711915629677,0.735977907132739,2.1781083711782738e-08
114,3.0,0.493,88.94000000000003,0.006908303781144936,0.2048081794316769,1.479,151.19259,1.699939172475826,0.007270624695121674,0.7432485318278607,1.3127644470493797e-07
90,2.0,0.492,90.94000000000003,0.004605535854096624,0.20941371528577352,0.984,152.17659,1.673373542995381,0.004837251318458233,0.7480857831463189,5.3692056424315934e-08
5,2.9999999999999982,0.48,93.94000000000003,0.006908303781144932,0.21632201906691845,1.439999999999999,153.61659,1.6352628273365974,0.007078904368475458,0.7551646875147944,2.9104560397520483e-08
87,2.0,0.464,95.94000000000003,0.004605535854096624,0.22092755492101507,0.928,154.54459,1.610846258077965,0.004561960593017521,0.7597266481078119,1.8988033781120317e-09
2,2.5700000000000003,0.422,98.51000000000002,0.005918113572514163,0.22684566849352922,1.08454,155.62913,1.579830778601157,0.005331496488740541,0.7650581445965524,3.441196029750684e-07
128,3.0,0.408,101.51000000000002,0.006908303781144936,0.23375397227467415,1.224,156.85313,1.5451987981479653,0.006017068713204144,0.7710752133097566,7.942999463274305e-07
64,3.0,0.408,104.51000000000002,0.006908303781144936,0.24066227605581908,1.224,158.07712999999998,1.512555066500813,0.006017068713204144,0.7770922820229608,7.942999463274305e-07
154,2.3100000000000023,0.401,106.82000000000002,0.005319393911481606,0.2459816699673007,0.926310000000001,159.00343999999998,1.4885175060850024,0.004553652712196189,0.781645934735157,5.863595842830684e-07
49,2.0,0.399,108.82000000000002,0.004605535854096624,0.2505872058213973,0.798,159.80143999999999,1.468493291674324,0.003922892837530153,0.7855688275726871,4.660014880669721e-07
141,2.3000000000000114,0.398,111.12000000000003,0.005296366232211144,0.25588357205360845,0.9154000000000045,160.71684,1.446335853131749,0.004500020179793383,0.7900688477524804,6.34167035201352e-07
153,2.7900000000000205,0.397,113.91000000000005,0.006424722516464838,0.2623082945700733,1.107630000000008,161.82447,1.4206344482486166,0.00544500475392676,0.7955138525064072,9.59846894232617e-07
149,3.0,0.394,116.91000000000005,0.006908303781144936,0.26921659835121825,1.182,163.00646999999998,1.394290223248652,0.005810600669123609,0.8013244531755308,1.2049521221413061e-06
89,2.0,0.386,118.91000000000005,0.004605535854096624,0.27382213420531487,0.772,163.77846999999997,1.3773313430325447,0.003795079286432679,0.8051195324619634,6.568398480696234e-07
107,3.0,0.381,121.91000000000005,0.006908303781144936,0.2807304379864598,1.143,164.92146999999997,1.3528133048970543,0.005618880342477399,0.8107384128044408,1.6626128041852173e-06
106,3.0,0.38,124.91000000000005,0.006908303781144936,0.28763874176760473,1.1400000000000001,166.06146999999996,1.3294489632535416,0.005604132625043076,0.8163425454294839,1.7008624044080658e-06
110,1.1199999999999477,0.378,126.03,0.0025791000782939893,0.2902178418458987,0.42335999999998025,166.48482999999993,1.320993652305006,0.002081197884331689,0.8184237433138156,2.479065947524721e-07
147,3.0,0.378,129.03,0.006908303781144936,0.29712614562704365,1.134,167.61882999999992,1.299068666201658,0.005574637190174427,0.8239983805039901,1.7786665758709e-06
113,3.0,0.364,132.03,0.006908303781144936,0.3040344494081886,1.092,168.71082999999993,1.277821934408846,0.005368169146093893,0.8293665496500839,2.372014694083812e-06
124,2.5,0.36,134.53,0.00575691981762078,0.30979136922580935,0.8999999999999999,169.61082999999994,1.26076585148294,0.004424315230297164,0.8337908648803811,1.7758349861559454e-06
76,2.5900000000000034,0.343,137.12,0.005964168931055136,0.31575553815686447,0.8883700000000012,170.49919999999995,1.2434305717619598,0.004367143245710108,0.8381580081260912,2.550491039651757e-06
95,2.0,0.314,139.12,0.004605535854096624,0.3203610740109611,0.628,171.12719999999993,1.2300690051753875,0.0030871888495851325,0.8412451969756763,2.3053776261090203e-06
94,2.0,0.286,141.12,0.004605535854096624,0.3249666098650577,0.572,171.69919999999993,1.2166893424036276,0.0028118981241444197,0.8440570950998207,3.217136306308097e-06
78,1.1599999999999966,0.276,142.28,0.0026712107953760344,0.32763782066043373,0.3201599999999991,172.01935999999992,1.209019960640989,0.0015738764045910402,0.8456309715044118,1.2041427651994742e-06
63,3.0,0.272,145.28,0.006908303781144936,0.33454612444157866,0.8160000000000001,172.83535999999992,1.1896707048458144,0.004011379142136096,0.8496423506465479,8.392172364096502e-06
77,2.0,0.248,147.28,0.004605535854096624,0.3391516602956753,0.496,173.33135999999993,1.1768832156436715,0.0024382892824748818,0.8520806399290228,4.696957702206198e-06
4,3.0,0.241,150.28,0.006908303781144936,0.3460599640768202,0.723,174.05435999999995,1.1582004258717058,0.0035541999016720552,0.8556348398306949,1.1250012834295032e-05
68,3.0,0.237,153.28,0.006908303781144936,0.35296826785796515,0.711,174.76535999999996,1.140170668058455,0.0034952090319347595,0.8591300488626297,1.164921576708608e-05
93,1.3400000000000034,0.231,154.62,0.0030857090222447463,0.3560539768802099,0.3095400000000008,175.07489999999996,1.1322914241365927,0.0015216694848735422,0.8606517183475032,2.44621967446033e-06
65,2.0,0.221,156.62,0.004605535854096624,0.3606595127343065,0.442,175.51689999999996,1.12065445026178,0.0021728303686570517,0.8628245487161602,5.9180559788877866e-06
119,1.0400000000000205,0.221,157.66000000000003,0.0023948786441302917,0.3630543913784368,0.2298400000000045,175.74673999999996,1.1147199035900033,0.0011298717917016892,0.8639544205078619,1.6002423366913203e-06
42,0.7199999999999989,0.215,158.38000000000002,0.001657992907474782,0.3647123842859116,0.15479999999999974,175.90153999999995,1.1106297512312155,0.000760982219611111,0.8647154027274729,8.046281741416562e-07
105,3.0,0.214,161.38000000000002,0.006908303781144936,0.3716206880670565,0.642,176.54353999999995,1.0939617052918573,0.0031560115309453105,0.8678714142584183,1.407969713090817e-05
88,3.0,0.213,164.38000000000002,0.006908303781144936,0.37852899184820143,0.639,177.18253999999996,1.0778838058157922,0.003141263813510987,0.8710126780719293,1.4190590117751586e-05
62,3.0,0.208,167.38000000000002,0.006908303781144936,0.38543729562934637,0.624,177.80653999999996,1.0622926275540683,0.003067525226339367,0.8740802032982686,1.4751579907054355e-05
131,3.0,0.2,170.38000000000002,0.006908303781144936,0.3923455994104913,0.6000000000000001,178.40653999999995,1.0471096372813706,0.0029495434868647766,0.8770297467851335,1.5671783067569138e-05
169,3.0,0.196,173.38000000000002,0.006908303781144936,0.39925390319163623,0.5880000000000001,178.99453999999994,1.0323828584611832,0.0028905526171274813,0.8799202994022609,1.614232441596362e-05
138,3.069999999999993,0.186,176.45000000000002,0.007069497536038302,0.40632340072767453,0.5710199999999988,179.56555999999995,1.0176568999716629,0.0028070805364492015,0.8827273799387101,1.816819867838616e-05
27,2.0,0.184,178.45000000000002,0.004605535854096624,0.41092893658177115,0.368,179.93355999999994,1.0083135892406832,0.0018090533386103962,0.8845364332773205,7.820314459420183e-06
82,3.0,0.178,181.45000000000002,0.006908303781144936,0.4178372403629161,0.534,180.46755999999993,0.9945856158721407,0.002625093703309651,0.8871615269806301,1.8345888570869754e-05
152,3.0,0.175,184.45000000000002,0.006908303781144936,0.424745544144061,0.5249999999999999,180.99255999999994,0.9812554079696391,0.0025808505510066786,0.8897423775316368,1.8726851459034037e-05
137,1.6299999999999955,0.174,186.08,0.0037535117210887384,0.42849905586514975,0.2836199999999992,181.27617999999995,0.974184114359415,0.0013942492062409759,0.8911366267378777,5.566119613965789e-06
6,1.9800000000000004,0.173,188.06,0.004559480495555659,0.4330585363607054,0.34254000000000007,181.61871999999997,0.9657488035733275,0.0016838943766511012,0.8928205211145288,8.26899552723658e-06
127,3.0,0.173,191.06,0.006908303781144936,0.43996684014185033,0.5189999999999999,182.13771999999997,0.9533011619386579,0.002551355116138031,0.8953718762306668,1.8983001669505454e-05
163,3.0,0.17,194.06,0.006908303781144936,0.44687514392299527,0.51,182.64771999999996,0.9411920024734616,0.0025071119638350597,0.8978789881945018,1.9370489412755415e-05
58,3.0,0.163,197.06,0.006908303781144936,0.4537834477041402,0.489,183.13671999999997,0.9293449710747994,0.0024038779417947928,0.9002828661362966,2.0289852142205254e-05
162,3.0,0.162,200.06,0.006908303781144936,0.46069175148528513,0.486,183.62271999999996,0.9178382485254422,0.0023891302243604687,0.9026719963606571,2.042292963633998e-05
130,3.0,0.161,203.06,0.006908303781144936,0.46760005526643006,0.483,184.10571999999996,0.9066567516990051,0.0023743825069261447,0.9050463788675832,2.0556442120813753e-05
55,3.0,0.157,206.06,0.006908303781144936,0.474508359047575,0.471,184.57671999999997,0.8957425992429388,0.0023153916371888494,0.9073617705047721,2.1094841962099306e-05
102,1.75,0.153,207.81,0.004029843872334547,0.47853820291990956,0.26775,184.84446999999997,0.8894878494778883,0.0013162337810134063,0.9086780042857855,7.3636797277199265e-06
38,2.3700000000000045,0.151,210.18,0.00545755998710451,0.48399576290701407,0.3578700000000007,185.20233999999996,0.8811606242268529,0.0017592552127404992,0.9104372594985259,1.367745820408364e-05
21,3.0,0.145,213.18,0.006908303781144936,0.490904066688159,0.43499999999999994,185.63733999999997,0.8708009194108264,0.0021384190279769627,0.9125756785265029,2.2751800558504307e-05
143,3.0,0.143,216.18,0.006908303781144936,0.49781237046930393,0.42899999999999994,186.06633999999997,0.8607009899158107,0.0021089235931083146,0.9146846021196112,2.303405018931844e-05
109,1.660000000000025,0.143,217.84000000000003,0.003822594758900256,0.5016349652282042,0.23738000000000356,186.30371999999997,0.8552319133308848,0.0011669377215199517,0.9158515398411312,7.052514300187534e-06
120,0.9599999999999795,0.142,218.8,0.0022106572099663325,0.5038456224381705,0.13631999999999708,186.44003999999995,0.8521025594149906,0.0006701362802156628,0.9165216761213468,2.373204734999868e-06
161,4.0,0.141,222.8,0.009211071708193248,0.5130566941463638,0.564,187.00403999999995,0.8393359066427286,0.0027725708776528894,0.9192942469989998,4.1454292944868904e-05
167,3.0,0.138,225.8,0.006908303781144936,0.5199649979275087,0.41400000000000003,187.41803999999993,0.8300178919397694,0.0020351850059366957,0.9213294320049364,2.3747286597287062e-05
16,3.0,0.135,228.8,0.006908303781144936,0.5268733017086537,0.405,187.82303999999993,0.8209048951048947,0.001990941853633724,0.9233203738585701,2.4180448326136786e-05
157,3.0,0.134,231.8,0.006908303781144936,0.5337816054897986,0.402,188.22503999999992,0.8120148403796372,0.0019761941361994,0.9252965679947696,2.4325705549764786e-05
146,2.0,0.132,233.8,0.004605535854096624,0.5383871413438952,0.264,188.48903999999993,0.8061977758768175,0.0012977991342205016,0.92659436712899,1.0941122208016851e-05
108,3.0,0.132,236.8,0.006908303781144936,0.5452954451250401,0.396,188.88503999999992,0.7976564189189186,0.0019466987013307523,0.9285410658303208,2.4617524968037918e-05
132,3.0,0.131,239.8,0.006908303781144936,0.5522037489061851,0.393,189.27803999999992,0.7893162635529605,0.0019319509838964285,0.9304730168142172,2.476408716268305e-05
85,2.5,0.128,242.3,0.00575691981762078,0.5579606687238059,0.32,189.5980399999999,0.7824929426330991,0.001573089859661214,0.9320461066738784,1.750443311711995e-05
46,3.0,0.128,245.3,0.006908303781144936,0.5648689725049508,0.384,189.9820399999999,0.7744885446392168,0.0018877078315934568,0.9339338145054719,2.5206383688652724e-05
73,2.0,0.126,247.3,0.004605535854096624,0.5694745083590474,0.252,190.2340399999999,0.7692439951475936,0.001238808264483206,0.935172622769955,1.1334854662664176e-05
171,2.0,0.125,249.3,0.004605535854096624,0.5740800442131441,0.25,190.4840399999999,0.7640755716004809,0.0012289764528603234,0.9364015992228154,1.1401153390077246e-05
86,3.0,0.123,252.3,0.006908303781144936,0.580988347994289,0.369,190.8530399999999,0.7564527942925086,0.0018139692444218373,0.9382155684672372,2.5952244372049755e-05
51,1.0,0.116,253.3,0.002302767927048312,0.5832911159213373,0.116,190.96903999999992,0.7539243584682191,0.0005702450741271901,0.9387858135413644,3.001635435893944e-06
142,3.0,0.115,256.3,0.006908303781144936,0.5901994197024822,0.34500000000000003,191.31403999999992,0.7464457276628947,0.0016959875049472465,0.9404818010463116,2.7168240963115355e-05
174,2.2799999999999727,0.114,258.58,0.005250310873670089,0.5954497305761524,0.2599199999999969,191.57395999999991,0.7408692087555105,0.0012777422385098058,0.9417595432848215,1.578130156105924e-05
15,3.0,0.113,261.58,0.006908303781144936,0.6023580343572973,0.339,191.9129599999999,0.7336683232663045,0.0016664920700785986,0.9434260353549001,2.747659001427221e-05
56,3.0,0.109,264.58,0.006908303781144936,0.6092663381384422,0.327,192.2399599999999,0.7265853806032199,0.0016075012003413031,0.9450335365552414,2.809850800065446e-05
118,1.8999999999999773,0.108,266.47999999999996,0.004375259061391741,0.6136415971998339,0.20519999999999755,192.4451599999999,0.7221748724106872,0.0010087438725077415,0.9460422804277491,1.133342451698667e-05
165,6.0,0.106,272.47999999999996,0.013816607562289872,0.6274582047621238,0.636,193.0811599999999,0.7086067234292422,0.003126516096076663,0.9491687965238257,0.00011427805555600452
60,2.0,0.104,274.47999999999996,0.004605535854096624,0.6320637406162204,0.208,193.2891599999999,0.7042012532789271,0.001022508408779789,0.9501913049326055,1.283808567389369e-05
79,3.0500000000000114,0.104,277.53,0.007023442177497378,0.6390871827937178,0.31720000000000115,193.6063599999999,0.6976051598025436,0.001559325323389184,0.9517506302559947,2.9856572995349234e-05
170,3.0,0.102,280.53,0.006908303781144936,0.6459954865748627,0.306,193.91235999999992,0.6912357323637398,0.001504267178301036,0.9532548974342957,2.920361160487665e-05
45,3.0,0.101,283.53,0.006908303781144936,0.6529037903560077,0.30300000000000005,194.21535999999992,0.6849905124678163,0.0014895194608667123,0.9547444168951624,2.9363223509693135e-05
148,3.0,0.099,286.53,0.006908303781144936,0.6598120941371526,0.29700000000000004,194.51235999999992,0.6788551286078244,0.0014600240259980645,0.9562044409211605,2.9683752290343257e-05
61,2.0,0.098,288.53,0.004605535854096624,0.6644176299912492,0.196,194.7083599999999,0.674828821959588,0.0009635175390424936,0.957167958460203,1.3264297407189727e-05
48,2.0,0.098,290.53,0.004605535854096624,0.6690231658453458,0.196,194.9043599999999,0.6708579492651359,0.0009635175390424936,0.9581314759992454,1.3264297407189727e-05
115,3.0,0.095,293.53,0.006908303781144936,0.6759314696264908,0.28500000000000003,195.1893599999999,0.6649724389329879,0.001401033156260769,0.9595325091555061,3.0330029735712044e-05
166,3.0,0.094,296.53,0.006908303781144936,0.6828397734076357,0.28200000000000003,195.47135999999992,0.6591958992344786,0.001386285438826445,0.9609187945943326,3.0492686572901863e-05
10,1.6000000000000014,0.094,298.13,0.003684428683277303,0.686524202090913,0.15040000000000014,195.6217599999999,0.6561626136249284,0.0007393522340407713,0.9616581468283734,8.673475291847656e-06
83,2.5,0.093,300.63,0.00575691981762078,0.6922811219085339,0.23249999999999998,195.8542599999999,0.651479426537604,0.0011429481011601007,0.9628010949295335,2.1288735000299105e-05
159,3.0,0.09,303.63,0.006908303781144936,0.6991894256896788,0.27,196.1242599999999,0.645931759048842,0.0013272945690891494,0.9641283894986227,3.114766382505155e-05
22,3.0,0.089,306.63,0.006908303781144936,0.7060977294708237,0.267,196.3912599999999,0.6404828620813355,0.0013125468516548256,0.9654409363502775,3.131249561393659e-05
54,3.0,0.089,309.63,0.006908303781144936,0.7130060332519687,0.267,196.6582599999999,0.6351395536608206,0.0013125468516548256,0.9667534832019323,3.131249561393659e-05
50,3.0,0.086,312.63,0.006908303781144936,0.7199143370331136,0.258,196.9162599999999,0.6298700060774715,0.001268303699351854,0.9680217869012842,3.180960092262598e-05
81,3.0,0.086,315.63,0.006908303781144936,0.7268226408142585,0.258,197.17425999999992,0.6247006304850614,0.001268303699351854,0.969290090600636,3.180960092262598e-05
59,3.0,0.085,318.63,0.006908303781144936,0.7337309445954034,0.255,197.4292599999999,0.6196191821234658,0.0012535559819175299,0.9705436465825535,3.1976172672867195e-05
84,2.0,0.084,320.63,0.004605535854096624,0.7383364804495001,0.168,197.59725999999992,0.6162781399120479,0.0008258721763221374,0.9713695187588757,1.4285857517087758e-05
135,3.0,0.075,323.63,0.006908303781144936,0.745244784230645,0.22499999999999998,197.82225999999991,0.6112605753483914,0.001106078807574291,0.97247559756645,3.366581464392688e-05
33,2.8599999999999994,0.074,326.49,0.006585916271358171,0.7518307005020032,0.21163999999999994,198.0338999999999,0.6065542589359548,0.001040402305933435,0.9735159998723834,3.075272514072078e-05
164,3.0,0.073,329.49,0.006908303781144936,0.7587390042831481,0.21899999999999997,198.2528999999999,0.6016962578530453,0.0010765833727056431,0.974592583245089,3.4008962922207354e-05
111,1.9700000000000273,0.072,331.46000000000004,0.004536452816285238,0.7632754570994333,0.14184000000000196,198.3947399999999,0.598548060097749,0.0006972720802948428,0.9752898553253838,1.4739308723599752e-05
168,4.0,0.071,335.46000000000004,0.009211071708193248,0.7724865288076266,0.284,198.6787399999999,0.5922576164073209,0.0013961172504493272,0.9766859725758331,6.107351317661159e-05
20,3.0,0.071,338.46000000000004,0.006908303781144936,0.7793948325887715,0.21299999999999997,198.89173999999988,0.5876373574425334,0.0010470879378369955,0.9777330605136701,3.435385116184402e-05
74,1.25,0.07,339.71000000000004,0.00287845990881039,0.7822732924975819,0.08750000000000001,198.9792399999999,0.5857326543228044,0.00043014175850111325,0.9781632022721712,5.994261765133839e-06
150,3.0,0.068,342.71000000000004,0.006908303781144936,0.7891815962787269,0.20400000000000001,199.1832399999999,0.5812005485687604,0.001002844785534024,0.9791660470577053,3.4874445948841844e-05
47,2.0,0.068,344.71000000000004,0.004605535854096624,0.7937871321328235,0.136,199.3192399999999,0.5782229700327808,0.0006685631903560159,0.9798346102480613,1.549975375504082e-05
112,2.25,0.067,346.96000000000004,0.005181227835858703,0.7989683599686822,0.15075,199.46998999999988,0.5749077415264003,0.000741072801074775,0.9805756830491361,1.9714976732917055e-05
144,3.0,0.066,349.96000000000004,0.006908303781144936,0.8058766637498271,0.198,199.6679899999999,0.5705451765916101,0.0009733493506653762,0.9815490323998015,3.522368409186896e-05
34,3.0,0.066,352.96000000000004,0.006908303781144936,0.8127849675309721,0.198,199.8659899999999,0.56625677130553,0.0009733493506653762,0.9825223817504669,3.522368409186896e-05
19,3.0,0.063,355.96000000000004,0.006908303781144936,0.819693271312117,0.189,200.0549899999999,0.5620153668951564,0.0009291061983624045,0.9834514879488293,3.5750803733952475e-05
117,1.5,0.063,357.46000000000004,0.003454151890572468,0.8231474232026895,0.0945,200.1494899999999,0.559921361830694,0.00046455309918120224,0.9839160410480106,8.937700933488119e-06
145,3.0,0.062,360.46000000000004,0.006908303781144936,0.8300557269838345,0.186,200.3354899999999,0.5557773123231423,0.0009143584809280807,0.9848303995289387,3.592738026199173e-05
140,2.159999999999968,0.061,362.62,0.0049739787224242805,0.8350297057062588,0.13175999999999805,200.4672499999999,0.5528300976228556,0.0006477197497154952,0.9854781192786541,1.871651669894328e-05
139,1.8400000000000318,0.059,364.46000000000004,0.004237092985768968,0.8392667986920278,0.10856000000000188,200.5758099999999,0.5503369642759147,0.0005336707348900761,0.9860117900135442,1.3715336368304876e-05
158,3.0,0.057,367.46000000000004,0.006908303781144936,0.8461751024731727,0.171,200.7468099999999,0.546309285364393,0.0008406198937564613,0.9868524099073007,3.681678775727372e-05
30,3.0,0.057,370.46000000000004,0.006908303781144936,0.8530834062543177,0.171,200.9178099999999,0.542346839064946,0.0008406198937564613,0.9876930298010572,3.681678775727372e-05
136,3.0,0.053,373.46000000000004,0.006908303781144936,0.8599917100354626,0.159,201.07680999999988,0.5384159213838159,0.0007816290240191657,0.9884746588250763,3.753614357960213e-05
116,3.0,0.052,376.46000000000004,0.006908303781144936,0.8669000138166075,0.156,201.2328099999999,0.534539685491154,0.0007668813065848418,0.9892415401316612,3.771707001103184e-05
28,1.6700000000000017,0.05,378.13000000000005,0.003845622438170685,0.8707456362547782,0.08350000000000009,201.31630999999987,0.5323997302515004,0.00041047813525534846,0.9896520182669165,1.1800216381851695e-05
37,3.0,0.049,381.13000000000005,0.006908303781144936,0.8776539400359231,0.14700000000000002,201.46330999999986,0.528594731456458,0.0007226381542818703,0.9903746564211984,3.826245924735525e-05
156,3.0,0.048,384.13000000000005,0.006908303781144936,0.884562243817068,0.14400000000000002,201.60730999999987,0.5248413557910079,0.0007078904368475464,0.9910825468580459,3.844512564014115e-05
151,3.0,0.048,387.13000000000005,0.006908303781144936,0.891470547598213,0.14400000000000002,201.75130999999988,0.5211461524552472,0.0007078904368475464,0.9917904372948934,3.844512564014115e-05
26,3.0,0.047,390.13000000000005,0.006908303781144936,0.8983788513793579,0.14100000000000001,201.89230999999987,0.5175000897136848,0.0006931427194132225,0.9924835800143066,3.862822702326609e-05
31,3.0,0.044,393.13000000000005,0.006908303781144936,0.9052871551605028,0.132,202.02430999999987,0.5138867804543022,0.0006488995671102508,0.9931324795814168,3.918014111467518e-05
29,2.3299999999999983,0.044,395.46000000000004,0.005365449270022563,0.9106526044305254,0.10251999999999992,202.12682999999987,0.5111182673342433,0.0005039786637889611,0.9936364582452057,2.3633896455273307e-05
133,3.0,0.044,398.46000000000004,0.006908303781144936,0.9175609082116704,0.132,202.25882999999988,0.5076013401596141,0.0006488995671102508,0.994285357812316,3.918014111467518e-05
160,3.0,0.043,401.46000000000004,0.006908303781144936,0.9244692119928153,0.129,202.38782999999987,0.5041295023165442,0.000634151849675927,0.9949195096619919,3.9364982459156304e-05
32,2.1400000000000006,0.043,403.6,0.004927923363883389,0.9293971353566987,0.09202000000000002,202.47984999999986,0.5016844648166497,0.00045236165276882795,0.9953718713147608,2.0030652629994703e-05
35,3.0,0.043,406.6,0.006908303781144936,0.9363054391378436,0.129,202.60884999999985,0.49830017215937,0.000634151849675927,0.9960060231644368,3.9364982459156304e-05
155,2.8999999999999773,0.041,409.5,0.006678026988440053,0.9429834661262836,0.11889999999999908,202.72774999999984,0.4950616605616602,0.0005845012009803652,0.9965905243654172,3.713105652243621e-05
14,3.0,0.039,412.5,0.006908303781144936,0.9498917699074285,0.11699999999999999,202.84474999999983,0.49174484848484806,0.0005751609799386313,0.9971656853453558,4.010869774047125e-05
11,0.9699999999999989,0.038,413.47,0.00223368488923686,0.9521254547966653,0.036859999999999955,202.88160999999982,0.4906803637506949,0.00018120028820972587,0.9973468856335654,4.212693037453515e-06
36,3.0,0.037,416.47,0.006908303781144936,0.9590337585778103,0.11099999999999999,202.99260999999981,0.48741232261627443,0.0005456655450699836,0.9978925511786354,4.0483165323162995e-05
25,3.0,0.031,419.47,0.006908303781144936,0.9659420623589552,0.093,203.0856099999998,0.4841481154790564,0.00045717924046404033,0.9983497304190995,4.1617007839375306e-05
80,2.789999999999992,0.03,422.26,0.006424722516464773,0.9723667848754199,0.08369999999999976,203.1693099999998,0.481147421020224,0.0004114613164176351,0.9987611917355171,3.615931025999234e-05
17,3.0,0.026,425.26,0.006908303781144936,0.9792750886565649,0.078,203.2473099999998,0.4779365799746033,0.0003834406532924209,0.9991446323888096,4.25738388372093e-05
18,3.0,0.024,428.26,0.006908303781144936,0.9861833924377098,0.07200000000000001,203.3193099999998,0.47475671321159996,0.0003539452184237732,0.9994985776072334,4.295961616871623e-05
24,3.0,0.02,431.26,0.006908303781144936,0.9930916962188547,0.06,203.3793099999998,0.47159326160552756,0.00029495434868647764,0.9997935319559198,4.373639071579862e-05
23,3.0,0.014,434.26,0.006908303781144936,0.9999999999999997,0.042,203.4213099999998,0.46843206834615164,0.00020646804408053435,1.0000000000000004,4.4914602246593555e-05
