,weight,grade,cml_weight,weight_pct,cml_weight_pct,yield,cml_yield,cml_grade,recovery,cml_recovery,distributional_heterogeneity
27,1.3299999999999983,20.2,1.3299999999999983,0.004671255970778302,0.004671255970778302,26.865999999999964,26.865999999999964,20.2,0.10186523796998863,0.10186523796998863,0.009446670136862824
21,1.8499999999999943,17.35,3.1799999999999926,0.006497611688676574,0.011168867659454875,32.097499999999904,58.96349999999987,18.541981132075474,0.12170101525131038,0.22356625322129903,0.01327182419241507
29,3.0,12.3,6.179999999999993,0.010536667603259341,0.021705535262714216,36.900000000000006,95.86349999999987,15.511893203883494,0.13991019433829324,0.3634764475595923,0.016737509419860526
85,1.5500000000000114,10.6,7.730000000000004,0.005443944928350699,0.027149480191064918,16.43000000000012,112.2935,14.526972833117714,0.06229605672027573,0.425772504279868,0.0032321626152015405
49,1.0,6.96,8.730000000000004,0.0035122225344197803,0.0306617027254847,6.96,119.25349999999999,13.66019473081328,0.02638956511096262,0.45216206939083065,0.0005233728033645
40,2.0,4.39,10.730000000000004,0.007024445068839561,0.03768614779432426,8.78,128.03349999999998,11.932292637465045,0.033290284723312046,0.48545235411414267,0.0006898943327544592
18,1.5,4.11,12.230000000000004,0.005268333801629671,0.042954481595953935,6.165000000000001,134.19849999999997,10.972894521668023,0.023375239785788017,0.5088275938999307,0.0003278600443191493
5,2.3000000000000007,3.64,14.530000000000005,0.008078111829165497,0.051032593425119434,8.372000000000003,142.57049999999998,9.812147281486576,0.031743310216807354,0.540570904116738,0.0005600416147264464
26,2.480000000000004,3.55,17.01000000000001,0.00871031188536107,0.0597429053104805,8.804000000000014,151.37449999999998,8.899147560258665,0.03338128322369473,0.5739521873404327,0.000608656826776881
88,0.950000000000017,3.54,17.960000000000026,0.0033366114076988514,0.06307951671817935,3.3630000000000604,154.73750000000004,8.615673719376382,0.012751164866116221,0.586703352206549,8.863381682139846e-05
86,2.6999999999999886,3.48,20.660000000000014,0.009483000842933367,0.07256251756111272,9.39599999999996,164.1335,7.944506292352366,0.03562591289979939,0.6223292651063485,0.0006834518508130308
20,2.700000000000003,2.8,23.360000000000017,0.009483000842933418,0.08204551840404614,7.560000000000008,171.6935,7.34989297945205,0.028664527620528395,0.6509937927268769,0.00036793096951959317
55,2.4399999999999977,2.8,25.800000000000015,0.008569822983984256,0.0906153413880304,6.831999999999994,178.5255,6.91959302325581,0.025904239775588575,0.6768980325024654,0.0003004820055050537
28,2.5600000000000023,2.53,28.360000000000017,0.008991289688114646,0.09960663107614505,6.476800000000005,185.0023,6.523353314527499,0.024557461969925698,0.7014554944723911,0.0002423057195070227
14,2.0,1.9,30.360000000000017,0.007024445068839561,0.10663107614498461,3.8,188.8023,6.2187845849802335,0.014408095893916374,0.7158635903663074,5.451829950665751e-05
0,3.080000000000001,1.75,33.44000000000002,0.010817645406012927,0.11744872155099755,5.3900000000000015,194.19230000000002,5.807186004784686,0.0204367465442656,0.7363003369105731,9.252710670793389e-05
95,3.0,1.26,36.44000000000002,0.010536667603259341,0.1279853891542569,3.7800000000000002,197.97230000000002,5.432829308452248,0.014332263810264183,0.7506326007208373,1.4406550566629548e-05
62,3.0,1.25,39.44000000000002,0.010536667603259341,0.13852205675751622,3.75,201.72230000000002,5.1146627789046635,0.014218515684785896,0.7648511164056232,1.3556005295440774e-05
93,3.0,1.05,42.44000000000002,0.010536667603259341,0.14905872436077555,3.1500000000000004,204.87230000000002,4.827339773798302,0.011943553175220153,0.7767946695808433,1.979327012591502e-06
54,2.6299999999999955,0.99,45.070000000000014,0.009237145265524006,0.15829586962629955,2.6036999999999955,207.47600000000003,4.603416907033503,0.009872199810260527,0.7866668693911039,4.032942747905086e-07
30,1.3400000000000034,0.967,46.41000000000002,0.004706378196122518,0.16300224782242206,1.2957800000000033,208.77178000000004,4.498422322775263,0.0049130848677418435,0.7915799542588458,4.272764809194001e-08
82,3.0,0.866,49.41000000000002,0.010536667603259341,0.1735389154256814,2.598,211.36978000000005,4.277874519328071,0.009850587666419669,0.8014305419252654,4.707056797339287e-07
57,3.0,0.795,52.41000000000002,0.010536667603259341,0.18407558302894073,2.3850000000000002,213.75478000000004,4.078511352795267,0.00904297597552383,0.8104735179007893,2.2311146787671592e-06
80,1.700000000000017,0.79,54.110000000000035,0.005970778308513686,0.19004636133745442,1.3430000000000135,215.09778000000006,3.9751946035852876,0.005092124417244707,0.815565642318034,7.720326606421196e-07
94,3.0,0.765,57.110000000000035,0.010536667603259341,0.20058302894071375,2.295,217.39278000000004,3.8065624233934496,0.008701731599088968,0.8242673739171229,3.366990139400733e-06
84,1.75,0.752,58.860000000000035,0.006146389435234616,0.20672941837594838,1.316,218.70878000000005,3.7157454977913678,0.004989751104314198,0.8292571250214371,1.3378122285543714e-06
37,3.0,0.712,61.860000000000035,0.010536667603259341,0.2172660859792077,2.136,220.84478000000004,3.5700740381506613,0.008098866534054047,0.8373559915554911,5.942874053018479e-06
72,3.0,0.702,64.86000000000004,0.010536667603259341,0.22780275358246704,2.106,222.95078000000004,3.43741566450817,0.00798511840857576,0.8453411099640669,6.5104032928904375e-06
34,2.769999999999996,0.66,67.63000000000004,0.009728856420342777,0.2375316100028098,1.8281999999999974,224.77898000000005,3.3236578441520024,0.00693181076664681,0.8522729207307137,7.8234643888595e-06
43,1.8499999999999943,0.656,69.48000000000003,0.006497611688676574,0.2440292216914864,1.2135999999999962,225.99258000000003,3.2526278065630385,0.004601490836014963,0.8568744115667286,3.5952742878981934e-06
16,2.0,0.637,71.48000000000003,0.007024445068839561,0.2510536667603259,1.274,227.26658000000003,3.1794429210968094,0.004830503728644595,0.8617049152953732,4.8133786042164815e-06
87,1.4499999999999886,0.622,72.93000000000002,0.005092722674908642,0.25614638943523454,0.9018999999999929,228.16848000000002,3.1285956396544625,0.0034196478122955464,0.8651245631076687,2.799179495907827e-06
79,2.6999999999999886,0.621,75.63000000000001,0.009483000842933367,0.2656293902781679,1.676699999999993,229.84518,3.0390741769139225,0.006357382732981443,0.8714819458406502,9.769488569259437e-06
3,3.0,0.619,78.63000000000001,0.010536667603259341,0.27616605788142723,1.857,231.70218,2.946740175505532,0.007041008967105976,0.8785229548077562,1.2219629300513607e-05
9,1.0,0.558,79.63000000000001,0.0035122225344197803,0.279678280415847,0.558,232.26018,2.9167421825944992,0.0021157151338961414,0.8806386699416524,1.950232919717291e-06
2,2.1999999999999993,0.452,81.83000000000001,0.007726889575723515,0.28740516999157056,0.9943999999999997,233.25458,2.850477575461322,0.0037703711991869575,0.8844090411408394,1.565403766387147e-05
106,2.0,0.45,83.83000000000001,0.007024445068839561,0.2944296150604101,0.9,234.15458,2.7932074436359295,0.003412443764348615,0.887821484905188,1.304655342364429e-05
13,1.7299999999999969,0.441,85.56,0.00607614498454621,0.3005057600449563,0.7629299999999987,234.91751000000002,2.7456464469378217,0.002892728579038316,0.8907142134842263,1.0134140010856795e-05
19,1.5,0.44,87.06,0.005268333801629671,0.305774093846586,0.66,235.57751000000002,2.7059213186308293,0.002502458760522318,0.8932166722447487,7.6500647430206e-06
56,2.930000000000007,0.372,89.99000000000001,0.01029081202584998,0.31606490587243596,1.0899600000000025,236.66747,2.629930770085565,0.0041326968948771385,0.8973493691396258,3.7922381966316656e-05
17,2.0,0.366,91.99000000000001,0.007024445068839561,0.3230893509412755,0.732,237.39947,2.5807095336449613,0.002775454261670207,0.9001248234012961,1.8053922879409677e-05
15,3.0,0.331,94.99000000000001,0.010536667603259341,0.33362601854453483,0.9930000000000001,238.39247,2.509658595641646,0.003765062953331306,0.9038898863546274,4.5854629534927e-05
89,2.5999999999999943,0.304,97.59,0.009131778589491409,0.34275779713402627,0.7903999999999982,239.18287,2.450895276155344,0.002996883945934599,0.906886770300562,3.763693228754203e-05
98,2.5999999999999943,0.302,100.19,0.009131778589491409,0.3518895757235177,0.7851999999999982,239.96807,2.395129953089131,0.0029771676041850294,0.909863937904747,3.7879236380453955e-05
105,3.0,0.295,103.19,0.010536667603259341,0.36242624332677703,0.885,240.85307,2.334073747456149,0.0033555697016094716,0.9132195076063564,5.156816707308017e-05
50,2.0,0.283,105.19,0.007024445068839561,0.36945068839561657,0.566,241.41907,2.2950762429888774,0.0021460479673570177,0.9153655555737135,2.379875827975328e-05
48,2.200000000000003,0.273,107.39,0.007726889575723527,0.3771775779713401,0.6006000000000008,242.01967000000002,2.2536518297793093,0.002277237472075312,0.9176427930457888,2.969870805079741e-05
113,2.7799999999999727,0.273,110.16999999999997,0.009763978645686894,0.386941556617027,0.7589399999999926,242.77861000000001,2.203672596895707,0.0028776000783496806,0.9205203931241385,4.742220977268132e-05
6,3.0,0.273,113.16999999999997,0.010536667603259341,0.39747822422028634,0.8190000000000001,243.59761,2.152492798444818,0.00310532382555724,0.9236257169496958,5.5224870342391736e-05
61,2.4499999999999886,0.271,115.61999999999996,0.008604945209328422,0.40608316942961475,0.6639499999999969,244.26156,2.1126237675142714,0.002517435597043614,0.9261431525467394,3.705777327965993e-05
4,2.6999999999999993,0.27,118.31999999999996,0.009483000842933405,0.41556617027254816,0.7289999999999999,244.99056000000002,2.070576064908723,0.0027640794491223778,0.9289072319958618,4.514390469621151e-05
63,3.0,0.252,121.31999999999996,0.010536667603259341,0.4261028378758075,0.756,245.74656000000002,2.025606330365975,0.002866452762052837,0.9317736847579147,5.883219571026452e-05
25,1.6299999999999955,0.244,122.94999999999996,0.005724922731104226,0.43182776060691175,0.3977199999999989,246.14428,2.0019868239121603,0.0015079968155074749,0.9332816815734222,1.7782464177631496e-05
1,2.66,0.238,125.60999999999996,0.009342511941556617,0.44117027254846836,0.63308,246.77736000000002,1.9646314783854797,0.002400388775926468,0.9356820703493487,4.819307404677874e-05
60,2.5500000000000114,0.234,128.15999999999997,0.008956167462770481,0.45012644001123886,0.5967000000000027,247.37406000000001,1.9301970973782778,0.0022624502157631418,0.9379445205651118,4.48058505828835e-05
112,3.0,0.232,131.15999999999997,0.010536667603259341,0.4606631076144982,0.6960000000000001,248.07006,1.8913545288197626,0.0026389565110962626,0.940583477076208,6.237384049527573e-05
83,3.0,0.23,134.15999999999997,0.010536667603259341,0.4711997752177575,0.6900000000000001,248.76006,1.8542043828264763,0.002616206886000605,0.9431996839622087,6.273369797363878e-05
104,3.0,0.218,137.15999999999997,0.010536667603259341,0.48173644282101685,0.654,249.41406,1.8184168853893268,0.0024797091354266604,0.9456793930976353,6.491457975238074e-05
100,3.0,0.216,140.15999999999997,0.010536667603259341,0.4922731104242762,0.648,250.06206,1.7841185787671237,0.002456959510331003,0.9481363526079662,6.528168286693169e-05
23,3.0,0.214,143.15999999999997,0.010536667603259341,0.5028097780275356,0.642,250.70406,1.7512158424140825,0.0024342098852353456,0.9505705624932016,6.564982107236663e-05
96,3.0,0.208,146.15999999999997,0.010536667603259341,0.5133464456307949,0.624,251.32806,1.719540640394089,0.002365961009948373,0.95293652350315,6.676044623397533e-05
36,2.1599999999999966,0.177,148.31999999999996,0.007586400674346714,0.5209328463051416,0.3823199999999994,251.71038,1.69707645631068,0.0014496061110952894,0.9543861296142452,3.766024751155223e-05
8,2.6999999999999993,0.172,151.01999999999995,0.009483000842933405,0.530415847148075,0.4643999999999998,252.17478,1.6698104886769969,0.0017608209824038846,0.9561469505966491,5.963206179836772e-05
59,3.0,0.167,154.01999999999995,0.010536667603259341,0.5409525147513343,0.501,252.67578,1.6405387611998448,0.0018995936954873957,0.9580465442921365,7.459904568831493e-05
109,2.8700000000000045,0.164,156.88999999999996,0.010080078673784786,0.5510325934251191,0.47068000000000076,253.14646,1.6135283319523237,0.0017846322566706764,0.9598311765488072,6.881443125921131e-05
102,3.0,0.161,159.88999999999996,0.010536667603259341,0.5615692610283785,0.483,253.62946,1.5862746888485837,0.0018313448202004234,0.9616625213690077,7.578264475724467e-05
103,3.0,0.161,162.88999999999996,0.010536667603259341,0.5721059286316378,0.483,254.11246,1.5600249247958748,0.0018313448202004234,0.9634938661892081,7.578264475724467e-05
71,3.0,0.16,165.88999999999996,0.010536667603259341,0.5826425962348971,0.48,254.59246,1.5347064922539035,0.0018199700076525947,0.9653138361968606,7.598081697325643e-05
90,3.0,0.151,168.88999999999996,0.010536667603259341,0.5931792638381564,0.45299999999999996,255.04546,1.510127657054888,0.001717596694722136,0.9670314328915828,7.777601168980723e-05
22,2.450000000000003,0.148,171.33999999999997,0.008604945209328472,0.6017842090474849,0.3626000000000004,255.40805999999998,1.4906505194350415,0.0013748356766142326,0.968406268568197,5.2274483855045306e-05
65,3.0,0.129,174.33999999999997,0.010536667603259341,0.6123208766507442,0.387,255.79505999999998,1.4672195709533098,0.0014673508186699045,0.9698736193868669,8.225250693923568e-05
110,1.6899999999999977,0.126,176.02999999999997,0.005935656083169421,0.6182565327339136,0.2129399999999997,256.008,1.4543430097142533,0.0008073841946448812,0.9706810035815118,2.6299172562631048e-05
92,3.0,0.125,179.02999999999997,0.010536667603259341,0.6287932003371729,0.375,256.383,1.4320672512986652,0.0014218515684785895,0.9721028551499904,8.30798713478963e-05
31,2.6599999999999966,0.123,181.68999999999997,0.009342511941556605,0.6381357122787295,0.3271799999999996,256.71018,1.4129020859706094,0.0012405370564661984,0.9733433922064566,6.564199703863568e-05
24,3.0,0.118,184.68999999999997,0.010536667603259341,0.6486723798819888,0.354,257.06417999999996,1.3918684281769451,0.0013422278806437885,0.9746856200871004,8.453772181281076e-05
64,3.0,0.118,187.68999999999997,0.010536667603259341,0.6592090474852481,0.354,257.41817999999995,1.371507166071714,0.0013422278806437885,0.9760278479677441,8.453772181281076e-05
73,3.0,0.114,190.68999999999997,0.010536667603259341,0.6697457150885074,0.342,257.76017999999993,1.351723635219466,0.001296728630452474,0.9773245765981966,8.537647222119523e-05
11,2.0,0.114,192.68999999999997,0.007024445068839561,0.676770160157347,0.228,257.98817999999994,1.3388768488245368,0.0008644857536349826,0.9781890623518316,3.794509876497565e-05
58,3.0,0.103,195.68999999999997,0.010536667603259341,0.6873068277606064,0.309,258.29717999999997,1.319930400122643,0.0011716056924263578,0.9793606680442579,8.770438459373473e-05
7,3.0,0.101,198.68999999999997,0.010536667603259341,0.6978434953638657,0.30300000000000005,258.60017999999997,1.3015258946096935,0.0011488560673307007,0.9805095241115886,8.813100543411486e-05
53,1.1700000000000017,0.098,199.85999999999996,0.004109300365271149,0.7019527957291368,0.11466000000000018,258.71484,1.294480336235365,0.0004347453355780142,0.9809442694471666,1.3502354666243116e-05
76,3.0,0.098,202.85999999999996,0.010536667603259341,0.7124894633323962,0.29400000000000004,259.00883999999996,1.2767861579414375,0.0011147316296872144,0.9820590010768538,8.877287749009253e-05
45,3.0,0.097,205.85999999999996,0.010536667603259341,0.7230261309356555,0.29100000000000004,259.29983999999996,1.25959312153891,0.0011033568171393857,0.9831623578939932,8.89873523875271e-05
78,3.0,0.096,208.85999999999996,0.010536667603259341,0.7335627985389148,0.28800000000000003,259.58783999999997,1.242879632289572,0.001091982004591557,0.9842543398985848,8.920208605768263e-05
42,1.5200000000000102,0.096,210.37999999999997,0.005338578252318102,0.7389013767912329,0.145920000000001,259.73375999999996,1.2345934024146783,0.0005532708823263925,0.9848076107809112,2.289916662529697e-05
99,3.0,0.092,213.37999999999997,0.010536667603259341,0.7494380443944922,0.276,260.00975999999997,1.2185291967382135,0.001046482754400242,0.9858540935353114,9.006360846551481e-05
51,2.0,0.09,215.37999999999997,0.007024445068839561,0.7564624894633318,0.18,260.18976,1.208049772495125,0.000682488752869723,0.9865365822881811,4.022040991366972e-05
10,2.3000000000000007,0.083,217.67999999999998,0.008078111829165497,0.7645406012924973,0.19090000000000007,260.38066,1.196162532157295,0.0007238172384601676,0.9872603995266412,5.408564892687768e-05
67,3.0,0.081,220.67999999999998,0.010536667603259341,0.7750772688957567,0.243,260.62366,1.1810026282399855,0.000921359816374126,0.9881817593430153,9.245414383653546e-05
46,2.0,0.077,222.67999999999998,0.007024445068839561,0.7821017139645963,0.154,260.77765999999997,1.1710870307167236,0.0005839070441218742,0.9887656663871373,4.14805300478344e-05
32,3.0,0.075,225.67999999999998,0.010536667603259341,0.7926383815678556,0.22499999999999998,261.00266,1.1565165721375399,0.0008531109410871536,0.9896187773282245,9.377126962949936e-05
97,2.4000000000000057,0.068,228.07999999999998,0.008429334082607494,0.8010677156504631,0.1632000000000004,261.16586,1.1450625219221326,0.0006187898026018837,0.9902375671308263,6.1004601949928326e-05
12,1.2700000000000031,0.068,229.35,0.0044605226187131326,0.8055282382691762,0.08636000000000021,261.25222,1.1390984085458906,0.0003274429372101635,0.9905650100680365,1.708234765365268e-05
52,1.8299999999999983,0.063,231.18,0.006427367237988192,0.8119556055071644,0.11528999999999989,261.36751000000004,1.130580110736223,0.0004371340462130572,0.9910021441142496,3.588289369184452e-05
41,1.6299999999999955,0.062,232.81,0.005724922731104226,0.8176805282382686,0.10105999999999972,261.46857000000006,1.1230985352862852,0.0003831795186945223,0.9913853236329441,2.8534220547325138e-05
77,3.0,0.062,235.81,0.010536667603259341,0.828217195841528,0.186,261.65457000000004,1.1095991264153344,0.0007052383779653804,0.9920905620109095,9.66570006119642e-05
111,3.0,0.062,238.81,0.010536667603259341,0.8387538634447873,0.186,261.84057,1.0964388844688246,0.0007052383779653804,0.9927958003888749,9.66570006119642e-05
35,2.6400000000000006,0.062,241.45,0.009272267490868222,0.8480261309356555,0.16368000000000005,262.00425,1.0851283909712157,0.000620609772609535,0.9934164101614845,7.485118127390511e-05
70,3.0,0.056,244.45,0.010536667603259341,0.8585627985389148,0.168,262.17225,1.072498465943956,0.0006369895026784081,0.994053399664163,9.80036264951217e-05
91,3.0,0.056,247.45,0.010536667603259341,0.8690994661421741,0.168,262.34025,1.060174782784401,0.0006369895026784081,0.9946903891668414,9.80036264951217e-05
66,3.0,0.054,250.45,0.010536667603259341,0.8796361337454335,0.162,262.50225,1.0481223797165102,0.0006142398775827508,0.9953046290444242,9.84545719712755e-05
75,3.0,0.051,253.45,0.010536667603259341,0.8901728013486928,0.153,262.65525,1.036319786940225,0.0005801154399392646,0.9958847444843635,9.913293098091367e-05
38,3.0,0.051,256.45,0.010536667603259341,0.9007094689519521,0.153,262.80825000000004,1.024793332033535,0.0005801154399392646,0.9964648599243028,9.913293098091367e-05
47,1.7999999999999972,0.046,258.25,0.006322000561955595,0.9070314695139078,0.08279999999999987,262.89105000000006,1.0179711519845114,0.00031394482632007213,0.9967788047506229,3.6096733722502895e-05
81,2.5999999999999943,0.046,260.85,0.009131778589491409,0.9161632481033992,0.11959999999999973,263.01065000000006,1.0082831129001344,0.0004534758602401038,0.997232280610863,7.531293826053063e-05
39,2.0,0.045,262.85,0.007024445068839561,0.9231876931722388,0.09,263.10065000000003,1.0009535856952634,0.0003412443764348615,0.9975735249872979,4.466517149495865e-05
108,1.4399999999999977,0.042,264.29,0.005057600449564476,0.9282452936218033,0.06047999999999991,263.16113,0.9957286692648227,0.0002293162209642266,0.9978028412082621,2.3312328592149902e-05
68,3.0,0.042,267.29,0.010536667603259341,0.9387819612250626,0.126,263.28713,0.9850242433312132,0.0004777421270088061,0.9982805833352709,0.00010118198173676204
101,3.0,0.039,270.29,0.010536667603259341,0.949318628828322,0.11699999999999999,263.40413,0.9745241407377261,0.0004436176893653199,0.9987242010246362,0.00010186965656435609
33,2.430000000000007,0.036,272.72,0.008534700758640091,0.957853329586962,0.08748000000000024,263.49161000000004,0.9661616676444705,0.0003316895338946863,0.999055890558531,6.728939315329909e-05
69,3.0,0.036,275.72,0.010536667603259341,0.9683899971902213,0.10799999999999998,263.59961000000004,0.956040947337879,0.00040949325172183373,0.9994653838102527,0.00010255966034643912
44,3.0,0.023,278.72,0.010536667603259341,0.9789266647934807,0.069,263.66861000000006,0.9459981702066591,0.0002616206886000605,0.9997270044988528,0.00010557658909844919
74,3.0,0.014,281.72,0.010536667603259341,0.98946333239674,0.042,263.71061000000003,0.9360734417151783,0.00015924737566960204,0.9998862518745224,0.00010769085057998867
107,3.0,0.01,284.72,0.010536667603259341,0.9999999999999993,0.03,263.74061,0.9263157136836189,0.00011374812547828717,1.0000000000000007,0.00010863725044030766
