,weight,grade,cml_weight,weight_pct,cml_weight_pct,yield,cml_yield,cml_grade,recovery,cml_recovery,distributional_heterogeneity
86,0.5500000000000114,7.91,0.5500000000000114,0.002894736842105323,0.002894736842105323,4.35050000000009,4.35050000000009,7.91,0.0734696221140115,0.0734696221140115,0.0049808144311427206
63,1.2999999999999972,3.58,1.8500000000000085,0.006842105263157879,0.009736842105263203,4.65399999999999,9.00450000000008,4.867297297297318,0.07859501696784318,0.1520646390818547,0.005148480338100365
111,2.0,3.26,3.8500000000000085,0.010526315789473684,0.020263157894736886,6.52,15.52450000000008,4.0323376623376745,0.11010732931464086,0.26217196839649554,0.00991637825469953
64,0.5499999999999972,2.35,4.400000000000006,0.002894736842105248,0.023157894736842134,1.2924999999999933,16.81700000000007,3.822045454545466,0.021827258150179846,0.28399922654667537,0.00035844036308069877
61,1.0,2.0,5.400000000000006,0.005263157894736842,0.028421052631578975,2.0,18.81700000000007,3.484629629629639,0.03377525439099413,0.31777448093766947,0.0008129396466118873
92,0.5999999999999943,1.94,6.0,0.0031578947368420753,0.031578947368421054,1.163999999999989,19.98100000000006,3.3301666666666763,0.0196571980555584,0.33743167899322785,0.00027222701000300347
0,1.0,1.94,7.0,0.005263157894736842,0.0368421052631579,1.94,21.92100000000006,3.131571428571437,0.032761996759264306,0.3701936757524922,0.0007561861388972463
124,2.0,1.81,9.0,0.010526315789473684,0.04736842105263158,3.62,25.54100000000006,2.837888888888896,0.061133210447699385,0.43132688620019155,0.002561057786948753
29,0.8500000000000014,1.38,9.850000000000001,0.004473684210526323,0.051842105263157905,1.1730000000000018,26.714000000000063,2.712081218274118,0.01980918670031809,0.45113607290050967,0.00023517763661440953
21,1.3999999999999986,1.29,11.25,0.007368421052631572,0.05921052631578948,1.8059999999999983,28.52000000000006,2.5351111111111164,0.030499054715067673,0.48163512761557736,0.0005350262136258222
30,1.25,1.23,12.5,0.006578947368421052,0.06578947368421054,1.5375,30.05750000000006,2.4046000000000047,0.025964726813076742,0.5075998544286541,0.000375808444676835
122,2.0,1.03,14.5,0.010526315789473684,0.07631578947368423,2.06,32.117500000000064,2.2150000000000043,0.034788512022723955,0.542388366451378,0.0005886541660607438
123,2.0,0.99,16.5,0.010526315789473684,0.08684210526315791,1.98,34.09750000000006,2.066515151515155,0.03343750184708419,0.5758258682984622,0.0005249224465664462
48,0.8500000000000014,0.98,17.35,0.004473684210526323,0.09131578947368424,0.8330000000000014,34.93050000000006,2.0132853025936632,0.01406739345384908,0.5898932617523113,9.20392570454165e-05
28,0.5499999999999972,0.88,17.9,0.002894736842105248,0.09421052631578948,0.4839999999999975,35.414500000000054,1.9784636871508412,0.008173611562620538,0.5980668733149318,2.7866518314895385e-05
38,1.6000000000000014,0.864,19.5,0.008421052631578954,0.10263157894736843,1.3824000000000012,36.79690000000006,1.8870205128205157,0.023345455835055165,0.621412329149987,0.00022273781097993103
113,2.0,0.8,21.5,0.010526315789473684,0.11315789473684212,1.6,38.39690000000006,1.7859023255813982,0.02702020351279531,0.6484325326627823,0.0002720483322295398
41,1.7100000000000009,0.659,23.21,0.009000000000000005,0.12215789473684213,1.1268900000000006,39.52379000000006,1.7028776389487317,0.019030498210333698,0.667463030873116,0.00010061089434750748
125,2.0,0.5,25.21,0.010526315789473684,0.13268421052631582,1.0,40.52379000000006,1.6074490281634297,0.016887627195497065,0.6843506580686131,4.0466282804403195e-05
96,0.9499999999999886,0.46,26.15999999999999,0.00499999999999994,0.13768421052631577,0.4369999999999948,40.96079000000006,1.5657794342507674,0.00737989308443213,0.6917305511530452,5.663891093328165e-06
5,1.0,0.452,27.15999999999999,0.005263157894736842,0.1429473684210526,0.452,41.41279000000006,1.5247713549337287,0.0076332074923646746,0.6993637586454098,5.617135095215851e-06
53,0.3499999999999943,0.43,27.509999999999984,0.0018421052631578648,0.14478947368421047,0.15049999999999755,41.56329000000006,1.5108429661941143,0.002541587892922267,0.701905346538332,4.892759493421241e-07
40,1.240000000000002,0.371,28.749999999999986,0.006526315789473694,0.15131578947368415,0.4600400000000007,42.02333000000006,1.4616810434782637,0.0077689840150164825,0.7096743305533485,1.5442243187736628e-06
71,0.960000000000008,0.35,29.709999999999994,0.00505263157894741,0.15636842105263157,0.33600000000000274,42.359330000000064,1.4257600134634827,0.00567424273768706,0.7153485732910355,3.864004326696516e-07
126,2.0,0.32,31.709999999999994,0.010526315789473684,0.16689473684210526,0.64,42.999330000000064,1.3560179754020836,0.010808081405118122,0.7261566546961536,7.939186215948982e-08
62,0.7000000000000028,0.31,32.41,0.0036842105263158046,0.17057894736842108,0.2170000000000009,43.21633000000006,1.33342579450787,0.0036646151014228783,0.7298212697975766,3.8398067673430224e-10
32,1.0,0.293,33.41,0.005263157894736842,0.1758421052631579,0.293,43.50933000000006,1.3022846453157757,0.00494807476828064,0.7347693445658572,9.927737657741477e-08
87,0.3499999999999943,0.28,33.75999999999999,0.0018421052631578648,0.17768421052631578,0.09799999999999842,43.60733000000006,1.2916863151658788,0.0016549874651586858,0.7364243320310159,3.501307032806153e-08
59,1.6700000000000017,0.28,35.42999999999999,0.008789473684210534,0.18647368421052632,0.4676000000000005,44.07493000000006,1.2440002822466856,0.007896654476614437,0.7443209865076303,7.97126137452524e-07
39,1.5,0.263,36.92999999999999,0.007894736842105263,0.19436842105263158,0.3945,44.46943000000006,1.204154616842677,0.006662168928623593,0.7509831554362539,1.519223661344557e-06
115,2.0,0.25,38.92999999999999,0.010526315789473684,0.20489473684210527,0.5,44.96943000000006,1.1551356280503484,0.008443813597748533,0.7594269690340024,4.336815378540056e-06
1,1.0,0.245,39.92999999999999,0.005263157894736842,0.2101578947368421,0.245,45.21443000000006,1.132342349110946,0.004137468662896781,0.7635644376968992,1.2671762466806659e-06
119,2.0,0.24,41.92999999999999,0.010526315789473684,0.2206842105263158,0.48,45.694430000000054,1.0897789172430257,0.008106061053838591,0.7716704987507378,5.85763298536409e-06
22,0.5399999999999991,0.239,42.46999999999999,0.00284210526315789,0.22352631578947368,0.12905999999999979,45.82349000000006,1.078961384506712,0.002179517165850848,0.7738500159165886,4.390229866929665e-07
42,1.5499999999999972,0.23,44.01999999999999,0.00815789473684209,0.23168421052631577,0.3564999999999994,46.17999000000005,1.049068378009997,0.006020439095194694,0.7798704550117833,4.5687166200102835e-06
65,1.1099999999999994,0.22,45.12999999999999,0.0058421052631578915,0.23752631578947367,0.2441999999999999,46.42419000000005,1.0286769333037904,0.004123958561140382,0.7839944135729237,2.952028089653646e-06
12,0.5,0.214,45.62999999999999,0.002631578947368421,0.2401578947368421,0.107,46.53119000000005,1.019749945211485,0.0018069761099181862,0.7858013896828419,6.799698395309785e-07
47,1.5,0.214,47.12999999999999,0.007894736842105263,0.24805263157894736,0.321,46.85219000000005,0.9941054530023353,0.005420928329754558,0.7912223180125965,6.119728555778806e-06
66,0.2600000000000051,0.21,47.38999999999999,0.001368421052631606,0.24942105263157896,0.05460000000000107,46.90679000000005,0.9898035450516999,0.0009220644448741579,0.7921443824574707,1.9923422128873617e-07
45,2.0,0.194,49.38999999999999,0.010526315789473684,0.25994736842105265,0.388,47.29479000000005,0.9575782547074317,0.006552399351852862,0.7986967818093235,1.5792011853192965e-05
117,2.0,0.19,51.38999999999999,0.010526315789473684,0.2704736842105263,0.38,47.67479000000005,0.9277055847441148,0.006417298334288885,0.8051140801436123,1.688402444701336e-05
118,2.0,0.19,53.38999999999999,0.010526315789473684,0.28099999999999997,0.38,48.054790000000054,0.9000709870762327,0.006417298334288885,0.8115313784779011,1.688402444701336e-05
46,2.5,0.188,55.88999999999999,0.013157894736842105,0.29415789473684206,0.47,48.52479000000005,0.8682195383789597,0.00793718478188362,0.8194685632597848,2.725581243380261e-05
9,1.0,0.182,56.88999999999999,0.005263157894736842,0.2994210526315789,0.182,48.706790000000055,0.8561573211460725,0.003073548149580466,0.8225421114093653,4.79439083608377e-06
97,1.0500000000000114,0.18,57.940000000000005,0.005526315789473744,0.3049473684210527,0.18900000000000203,48.895790000000055,0.8439038660683474,0.0031917615399489796,0.8257338729493142,5.4501435439741326e-06
43,2.0,0.171,59.940000000000005,0.010526315789473684,0.31547368421052635,0.342,49.237790000000054,0.8214512846179521,0.005775568500859997,0.8315094414501742,2.2569599800270297e-05
120,2.0,0.17,61.940000000000005,0.010526315789473684,0.326,0.34,49.57779000000006,0.8004163706813053,0.005741793246469003,0.8372512346966432,2.2891655964519978e-05
95,2.0,0.16,63.940000000000005,0.010526315789473684,0.3365263157894737,0.32,49.89779000000006,0.7803845792930881,0.005404040702559061,0.8426552753992023,2.6237702066026205e-05
44,2.0,0.155,65.94,0.010526315789473684,0.34705263157894733,0.31,50.20779000000006,0.7614162875341228,0.00523516443060409,0.8478904398298064,2.7996282702467546e-05
35,0.44999999999999574,0.151,66.38999999999999,0.0023684210526315566,0.3494210526315789,0.06794999999999936,50.275740000000056,0.7572788070492554,0.001147514267934015,0.8490379540977404,1.4906133769204893e-06
121,2.0,0.15,68.38999999999999,0.010526315789473684,0.35994736842105257,0.3,50.57574000000005,0.7395195203977198,0.005066288158649119,0.8541042422563895,2.9811901729367705e-05
91,2.0,0.15,70.38999999999999,0.010526315789473684,0.37047368421052623,0.3,50.87574000000005,0.7227694274754946,0.005066288158649119,0.8591705304150385,2.9811901729367705e-05
10,0.9999999999999982,0.145,71.38999999999999,0.0052631578947368324,0.3757368421052631,0.14499999999999974,51.02074000000005,0.7146762851940056,0.0024487059433470704,0.8616192363583857,7.921139786681643e-06
49,2.1499999999999986,0.145,73.53999999999999,0.011315789473684203,0.3870526315789473,0.31174999999999975,51.33249000000005,0.6980213489257554,0.005264717778196207,0.8668839541365819,3.6615468663935976e-05
18,1.0,0.145,74.53999999999999,0.005263157894736842,0.3923157894736842,0.145,51.47749000000005,0.6906022269922197,0.0024487059433470743,0.869332660079929,7.92113978668167e-06
31,0.75,0.142,75.28999999999999,0.003947368421052632,0.3962631578947368,0.10649999999999998,51.58399000000005,0.6851373356355434,0.0017985322963204372,0.8711311923762495,4.617496690954074e-06
36,2.25,0.135,77.53999999999999,0.011842105263157895,0.4081052631578947,0.30375,51.88774000000005,0.6691738457570293,0.005129616760632234,0.8762608091368818,4.505750189653918e-05
8,1.0,0.132,78.53999999999999,0.005263157894736842,0.41336842105263155,0.132,52.01974000000005,0.6623343519225879,0.0022291667898056127,0.8784899759266873,9.20510202480182e-06
50,2.0,0.13,80.53999999999999,0.010526315789473684,0.4238947368421052,0.26,52.27974000000005,0.6491152222498144,0.004390783070829237,0.8828807589975165,3.764476174155652e-05
85,1.0999999999999943,0.13,81.63999999999999,0.005789473684210496,0.4296842105263157,0.14299999999999927,52.42274000000005,0.642120774130329,0.002414930688956068,0.8852956896864725,1.1387540426820729e-05
23,1.1000000000000014,0.127,82.73999999999998,0.0057894736842105336,0.43547368421052624,0.13970000000000019,52.562440000000045,0.6352724196277503,0.0023592015192109433,0.8876548912056835,1.1766767125970976e-05
94,2.0,0.12,84.73999999999998,0.010526315789473684,0.4459999999999999,0.24,52.80244000000005,0.6231111635591227,0.0040530305269192955,0.8917079217326028,4.1903422090403836e-05
88,2.0,0.12,86.73999999999998,0.010526315789473684,0.45652631578947356,0.24,53.04244000000005,0.6115107216970262,0.0040530305269192955,0.8957609522595221,4.1903422090403836e-05
67,1.7399999999999949,0.1,88.47999999999998,0.009157894736842078,0.46568421052631565,0.1739999999999995,53.21644000000005,0.6014516274864383,0.002938447132016481,0.8986993993915386,3.868152850917085e-05
60,1.0,0.1,89.47999999999998,0.005263157894736842,0.4709473684210525,0.1,53.31644000000005,0.5958475637013865,0.0016887627195497068,0.9003881621110883,1.2776300868401071e-05
54,2.0,0.1,91.47999999999998,0.010526315789473684,0.48147368421052616,0.2,53.51644000000005,0.5850069960647143,0.0033775254390994137,0.9037656875501877,5.1105203473604284e-05
110,2.0,0.1,93.47999999999998,0.010526315789473684,0.4919999999999998,0.2,53.716440000000055,0.5746302952503217,0.0033775254390994137,0.9071432129892871,5.1105203473604284e-05
114,2.0,0.1,95.47999999999998,0.010526315789473684,0.5025263157894735,0.2,53.91644000000006,0.5646883116883125,0.0033775254390994137,0.9105207384283865,5.1105203473604284e-05
34,1.7000000000000028,0.098,97.17999999999998,0.008947368421052647,0.5114736842105261,0.16660000000000028,54.08304000000006,0.5565243877341024,0.002813478690769816,0.9133342171191564,3.762460322326917e-05
98,2.0,0.09,99.17999999999998,0.010526315789473684,0.5219999999999998,0.18,54.26304000000006,0.547116757410769,0.0030397728951894716,0.9163739900143458,5.6048324507957434e-05
102,2.0,0.09,101.17999999999998,0.010526315789473684,0.5325263157894735,0.18,54.44304000000006,0.5380810436845234,0.0030397728951894716,0.9194137629095352,5.6048324507957434e-05
80,2.0,0.09,103.17999999999998,0.010526315789473684,0.5430526315789472,0.18,54.62304000000006,0.5293956193060677,0.0030397728951894716,0.9224535358047247,5.6048324507957434e-05
116,2.0,0.09,105.17999999999998,0.010526315789473684,0.553578947368421,0.18,54.80304000000006,0.5210405019965779,0.0030397728951894716,0.9254933086999141,5.6048324507957434e-05
52,1.6500000000000057,0.08,106.82999999999998,0.008684210526315819,0.5622631578947368,0.13200000000000045,54.93504000000006,0.5142285874754289,0.0022291667898056205,0.9277224754897198,4.1667589640259544e-05
69,1.2800000000000011,0.08,108.10999999999999,0.0067368421052631635,0.569,0.10240000000000009,55.03744000000006,0.5090874109703086,0.001729293024818901,0.9294517685145387,2.5075547793058178e-05
84,2.0,0.08,110.10999999999999,0.010526315789473684,0.5795263157894737,0.16,55.19744000000006,0.5012936154754343,0.0027020203512795305,0.9321537888658182,6.121959910414583e-05
81,2.0,0.08,112.10999999999999,0.010526315789473684,0.5900526315789474,0.16,55.357440000000054,0.49377789670859035,0.0027020203512795305,0.9348558092170978,6.121959910414583e-05
7,1.4000000000000004,0.073,113.50999999999999,0.0073684210526315805,0.597421052631579,0.10220000000000001,55.45964000000006,0.48858814201392003,0.0017259154993798005,0.9365817247164776,3.1837868918477176e-05
104,2.0,0.07,115.50999999999999,0.010526315789473684,0.6079473684210527,0.14,55.59964000000006,0.48134049000086626,0.0023642678073695893,0.9389459925238471,6.661902726216953e-05
74,2.0,0.07,117.50999999999999,0.010526315789473684,0.6184736842105264,0.14,55.73964000000006,0.47433954557059027,0.0023642678073695893,0.9413102603312167,6.661902726216953e-05
99,2.0,0.07,119.50999999999999,0.010526315789473684,0.6290000000000001,0.14,55.87964000000006,0.46757292276796975,0.0023642678073695893,0.9436745281385862,6.661902726216953e-05
82,2.0,0.07,121.50999999999999,0.010526315789473684,0.6395263157894738,0.14,56.01964000000006,0.4610290511069053,0.0023642678073695893,0.9460387959459557,6.661902726216953e-05
79,2.0,0.07,123.50999999999999,0.010526315789473684,0.6500526315789475,0.14,56.15964000000006,0.4546971095457863,0.0023642678073695893,0.9484030637533253,6.661902726216953e-05
72,0.8499999999999943,0.07,124.35999999999999,0.004473684210526286,0.6545263157894738,0.05949999999999961,56.21914000000006,0.45206770665808993,0.0010048138181320688,0.9494078775714574,1.203306179922921e-05
11,0.6000000000000014,0.066,124.95999999999998,0.0031578947368421126,0.657684210526316,0.03960000000000009,56.25874000000006,0.450213988476313,0.0006687500369416854,0.9500766276083991,6.1958413370423885e-06
27,1.6000000000000014,0.065,126.55999999999997,0.008421052631578954,0.666105263157895,0.10400000000000009,56.36274000000006,0.4453440265486731,0.0017563132283316964,0.9518329408367308,4.441875131319662e-05
68,0.4200000000000017,0.06,126.97999999999998,0.0022105263157894827,0.6683157894736844,0.0252000000000001,56.38794000000006,0.44406945975744266,0.0004255682053265278,0.9522585090420573,3.1860754561074823e-06
93,1.4000000000000057,0.06,128.38,0.007368421052631609,0.675684210526316,0.08400000000000034,56.47194000000006,0.43988113413304303,0.0014185606844217592,0.9536770697264791,3.540083840119425e-05
101,2.0,0.06,130.38,0.010526315789473684,0.6862105263157897,0.12,56.59194000000006,0.4340538426138983,0.0020265152634596478,0.9557035849899388,7.224660898202849e-05
109,2.0,0.06,132.38,0.010526315789473684,0.6967368421052634,0.12,56.711940000000055,0.428402628795891,0.0020265152634596478,0.9577301002533984,7.224660898202849e-05
57,2.0,0.06,134.38,0.010526315789473684,0.7072631578947371,0.12,56.83194000000005,0.4229196308974554,0.0020265152634596478,0.9597566155168581,7.224660898202849e-05
51,2.0,0.06,136.38,0.010526315789473684,0.7177894736842109,0.12,56.95194000000005,0.41759744830620366,0.0020265152634596478,0.9617831307803177,7.224660898202849e-05
112,2.0,0.06,138.38,0.010526315789473684,0.7283157894736846,0.12,57.07194000000005,0.412429108252638,0.0020265152634596478,0.9638096460437774,7.224660898202849e-05
4,1.0,0.059,139.38,0.005263157894736842,0.7335789473684214,0.059,57.130940000000045,0.4098933849906733,0.0009963700045343268,0.9648060160483117,1.8205478899978832e-05
33,1.0,0.056,140.38,0.005263157894736842,0.7388421052631583,0.056,57.18694000000004,0.4073724177233227,0.0009457071229478358,0.9657517231712596,1.864038116682149e-05
15,1.0,0.056,141.38,0.005263157894736842,0.7441052631578952,0.056,57.24294000000004,0.40488711274579176,0.0009457071229478358,0.9666974302942074,1.864038116682149e-05
37,1.0,0.055,142.38,0.005263157894736842,0.749368421052632,0.055,57.29794000000004,0.40242969518190785,0.0009288194957523387,0.9676262497899597,1.8786489356911553e-05
19,1.7899999999999991,0.054,144.17,0.009421052631578943,0.758789473684211,0.09665999999999995,57.39460000000004,0.3981036276617885,0.0016323580447167457,0.9692586078346764,6.066376336741649e-05
17,1.0,0.053,145.17,0.005263157894736842,0.7640526315789479,0.053,57.44760000000004,0.3957263897499486,0.0008950442413613445,0.9701536520760378,1.908041688880544e-05
16,1.0,0.053,146.17,0.005263157894736842,0.7693157894736847,0.053,57.500600000000034,0.39338167886707287,0.0008950442413613445,0.9710486963173991,1.908041688880544e-05
13,0.5,0.052,146.67,0.002631578947368421,0.7719473684210532,0.026,57.52660000000004,0.3922179041385426,0.00043907830708292373,0.971487774624482,4.8070590576523155e-06
105,2.0,0.05,148.67,0.010526315789473684,0.7824736842105269,0.1,57.62660000000004,0.3876141790542816,0.0016887627195497068,0.9731765373440316,7.810234426372273e-05
78,2.0,0.05,150.67,0.010526315789473684,0.7930000000000006,0.1,57.72660000000004,0.383132674055884,0.0016887627195497068,0.9748653000635813,7.810234426372273e-05
103,2.0,0.05,152.67,0.010526315789473684,0.8035263157894743,0.1,57.82660000000004,0.37876858583873746,0.0016887627195497068,0.976554062783131,7.810234426372273e-05
127,1.5,0.05,154.17,0.007894736842105263,0.8114210526315796,0.07500000000000001,57.901600000000045,0.37556982551728646,0.00126657203966228,0.9778206348227932,4.393256864834404e-05
76,2.0,0.05,156.17,0.010526315789473684,0.8219473684210533,0.1,58.001600000000046,0.371400397003266,0.0016887627195497068,0.9795093975423429,7.810234426372273e-05
56,2.0,0.05,158.17,0.010526315789473684,0.832473684210527,0.1,58.10160000000005,0.3673364101915664,0.0016887627195497068,0.9811981602618925,7.810234426372273e-05
58,1.3299999999999983,0.05,159.5,0.006999999999999991,0.839473684210527,0.06649999999999992,58.168100000000045,0.3646902821316617,0.0011230272085005536,0.9823211874703931,3.45388091920247e-05
70,1.3799999999999955,0.05,160.88,0.007263157894736818,0.8467368421052639,0.06899999999999977,58.23710000000005,0.3619909249129789,0.0011652462764892937,0.9834864337468824,3.718452610395815e-05
90,2.0,0.05,162.88,0.010526315789473684,0.8572631578947376,0.1,58.33710000000005,0.35815999508840896,0.0016887627195497068,0.985175196466432,7.810234426372273e-05
73,1.4500000000000028,0.05,164.32999999999998,0.007631578947368436,0.864894736842106,0.07250000000000015,58.40960000000005,0.35544088115377626,0.0012243529716735398,0.9863995494381056,4.1052544703619414e-05
20,1.2100000000000009,0.047,165.54,0.006368421052631583,0.8712631578947376,0.05687000000000004,58.46647000000005,0.35318635979219554,0.0009603993586079188,0.9873599487967135,2.9246698643030585e-05
2,1.0,0.046,166.54,0.005263157894736842,0.8765263157894745,0.046,58.51247000000005,0.351341839798247,0.000776830850992865,0.9881367796477064,2.0127130343428575e-05
6,1.0,0.044,167.54,0.005263157894736842,0.8817894736842113,0.044,58.55647000000005,0.34950740121762,0.0007430555966018708,0.9888798352443082,2.043132478560505e-05
24,1.0,0.044,168.54,0.005263157894736842,0.8870526315789482,0.044,58.600470000000044,0.3476947312210754,0.0007430555966018708,0.98962289084091,2.043132478560505e-05
83,2.0,0.04,170.54,0.010526315789473684,0.8975789473684219,0.08,58.68047000000004,0.3440862554239477,0.0013510101756397652,0.9909739010165498,8.418623310725223e-05
75,2.0,0.04,172.54,0.010526315789473684,0.9081052631578956,0.08,58.76047000000004,0.3405614350295586,0.0013510101756397652,0.9923249111921896,8.418623310725223e-05
25,1.5,0.032,174.04,0.007894736842105263,0.9160000000000009,0.048,58.80847000000004,0.33790203401516916,0.0008106061053838593,0.9931355172975734,5.018490829496093e-05
89,2.0,0.03,176.04,0.010526315789473684,0.9265263157894746,0.06,58.868470000000045,0.3344039422858444,0.0010132576317298239,0.9941487749293032,9.049827551261699e-05
77,2.0,0.03,178.04,0.010526315789473684,0.9370526315789484,0.06,58.92847000000005,0.330984441698495,0.0010132576317298239,0.995162032561033,9.049827551261699e-05
55,2.0,0.03,180.04,0.010526315789473684,0.9475789473684221,0.06,58.98847000000005,0.32764091313041577,0.0010132576317298239,0.9961752901927627,9.049827551261699e-05
108,1.9499999999999886,0.03,181.98999999999998,0.010263157894736783,0.9578421052631588,0.058499999999999656,59.04697000000005,0.3244517281169298,0.0009879261909365726,0.9971632163836993,8.602992315918053e-05
106,1.5999999999999943,0.03,183.58999999999997,0.008421052631578918,0.9662631578947377,0.04799999999999983,59.09497000000005,0.32188556021569836,0.0008106061053838562,0.9979738224890832,5.7918896328074456e-05
3,1.0,0.029,184.58999999999997,0.005263157894736842,0.9715263157894746,0.029,59.12397000000006,0.3202988785958073,0.000489741188669415,0.9984635636777526,2.2785507049763602e-05
26,2.0,0.023,186.58999999999997,0.010526315789473684,0.9820526315789483,0.046,59.169970000000056,0.3171122246637015,0.000776830850992865,0.9992403945287455,9.505245656566433e-05
107,0.950000000000017,0.02,187.54,0.0050000000000000894,0.9870526315789484,0.019000000000000343,59.188970000000054,0.3156071771355447,0.00032086491671445003,0.9995612594454599,2.1894305127634508e-05
14,0.46000000000000085,0.013,188.0,0.002421052631578952,0.9894736842105274,0.0059800000000000105,59.194950000000055,0.3148667553191492,0.00010098801062907263,0.999662247456089,5.3826998453833065e-06
100,2.0,0.01,190.0,0.010526315789473684,1.000000000000001,0.02,59.21495000000006,0.31165763157894766,0.0003377525439099413,0.9999999999999989,0.00010380682100885238
