,weight,grade,cml_weight,weight_pct,cml_weight_pct,yield,cml_yield,cml_grade,recovery,cml_recovery,distributional_heterogeneity
11,1.5,2.94,1.5,0.008586147681740127,0.008586147681740127,4.41,4.41,2.94,0.09946657945485098,0.09946657945485098,0.008259252879267057
51,1.0,1.935,2.5,0.005724098454493417,0.014310246136233544,1.935,6.345000000000001,2.5380000000000003,0.04364349914855706,0.14311007860340802,0.0014378809489969547
33,2.0,1.37,4.5,0.011448196908986834,0.02575844304522038,2.74,9.085,2.018888888888889,0.061800096985553665,0.20491017558896168,0.0025353138413205718
54,1.0,1.185,5.5,0.005724098454493417,0.031482541499713794,1.185,10.270000000000001,1.8672727272727274,0.026727414207255874,0.23163758979621757,0.0004411392726102396
104,2.0,1.16,7.5,0.011448196908986834,0.042930738408700625,2.32,12.590000000000002,1.678666666666667,0.052327089418424996,0.2839646792146426,0.0016710838527981998
53,1.0,1.15,8.5,0.005724098454493417,0.048654836863194044,1.15,13.740000000000002,1.6164705882352943,0.025937996909995147,0.30990267612463773,0.00040860169076933537
50,1.0,0.905,9.5,0.005724098454493417,0.05437893531768746,0.905,14.645000000000001,1.5415789473684212,0.020412075829170095,0.33031475195380783,0.0002157366793590141
98,1.0,0.73,10.5,0.005724098454493417,0.06010303377218088,0.73,15.375000000000002,1.4642857142857144,0.016464989342866485,0.3467797412966743,0.00011536673707593564
3,1.2999999999999998,0.703,11.8,0.007441327990841442,0.06754436176302232,0.9138999999999998,16.2889,1.3804152542372883,0.020612813370473534,0.3673925546671479,0.000173488027105862
47,1.0,0.533,12.8,0.005724098454493417,0.07326846021751574,0.533,16.821900000000003,1.3142109375000002,0.01202169769828471,0.3794142523654326,3.965975623540067e-05
31,2.5,0.53,15.3,0.014310246136233544,0.08757870635374929,1.3250000000000002,18.146900000000002,1.1860718954248366,0.029885083396298764,0.40929933576173133,0.0002425755556775159
41,1.0999999999999943,0.523,16.399999999999995,0.006296508299942727,0.09387521465369202,0.575299999999997,18.7222,1.1415975609756102,0.012975764888974029,0.42227510065070534,4.4612468582118086e-05
83,2.0,0.494,18.399999999999995,0.011448196908986834,0.10532341156267885,0.988,19.7102,1.0712065217391307,0.022284122562674095,0.44455922321337943,0.0001174172847722377
4,1.2000000000000002,0.468,19.599999999999994,0.006868918145392102,0.11219232970807096,0.5616000000000001,20.2718,1.034275510204082,0.01266676440404633,0.4572259876174258,3.3615021238990834e-05
60,2.0,0.462,21.599999999999994,0.011448196908986834,0.1236405266170578,0.924,21.1958,0.9812870370370372,0.02084061664768306,0.47806660426510883,8.821754854785052e-05
64,2.0,0.442,23.599999999999994,0.011448196908986834,0.13508872352604462,0.884,22.0798,0.935584745762712,0.019938425450813663,0.4980050297159225,7.208398069245095e-05
49,1.0,0.407,24.599999999999994,0.005724098454493417,0.14081282198053804,0.407,22.4868,0.9140975609756099,0.00917979542814611,0.5071848251440686,1.1941841573712376e-05
55,2.0,0.401,26.599999999999994,0.011448196908986834,0.15226101888952487,0.802,23.2888,0.8755187969924814,0.0180889334972314,0.5252737586413,4.40993824344501e-05
97,0.9000000000000057,0.378,27.5,0.005151688609044108,0.15741270749856898,0.34020000000000217,23.629,0.8592363636363637,0.007673136129374266,0.5329468947706743,6.357697597779104e-06
65,2.0,0.377,29.5,0.011448196908986834,0.1688609044075558,0.754,24.383000000000003,0.826542372881356,0.017006304060988124,0.5499531988316624,3.0892555113127904e-05
34,2.0,0.366,31.5,0.011448196908986834,0.18030910131654262,0.732,25.115000000000002,0.7973015873015874,0.016510098902709956,0.5664632977343723,2.562285179405812e-05
35,2.0,0.36,33.5,0.011448196908986834,0.19175729822552945,0.72,25.835,0.7711940298507463,0.016239441543649136,0.5827027392780214,2.2956025149180307e-05
75,2.0,0.348,35.5,0.011448196908986834,0.20320549513451627,0.696,26.531000000000002,0.7473521126760564,0.015698126825527497,0.5984008661035489,1.806190429550734e-05
45,2.0,0.343,37.5,0.011448196908986834,0.2146536920435031,0.686,27.217000000000002,0.7257866666666667,0.015472579026310152,0.6138734451298591,1.619565142623171e-05
9,1.0,0.34,38.5,0.005724098454493417,0.22037779049799652,0.34,27.557000000000002,0.7157662337662338,0.007668625173389871,0.6215420703032489,3.7811841605022093e-06
62,2.0,0.328,40.5,0.011448196908986834,0.23182598740698335,0.656,28.213,0.6966172839506173,0.014795935628658104,0.636338005931907,1.120735453518623e-05
32,1.8999999999999986,0.327,42.4,0.010875787063537486,0.24270177447052083,0.6212999999999995,28.8343,0.6800542452830188,0.01401328476537389,0.6503512906972809,9.843891829028738e-06
63,2.0,0.313,44.4,0.011448196908986834,0.2541499713795077,0.626,29.4603,0.6635202702702703,0.014119292231006055,0.664470582928287,7.134750219312969e-06
46,2.0,0.304,46.4,0.011448196908986834,0.26559816828849453,0.608,30.0683,0.6480237068965518,0.013713306192414827,0.6781838891207018,5.130720065871675e-06
8,1.0,0.301,47.4,0.005724098454493417,0.2713222667429879,0.301,30.3693,0.6407025316455697,0.0067889887564422085,0.684972877877144,1.1339913551845885e-06
84,2.0,0.301,49.4,0.011448196908986834,0.2827704636519748,0.602,30.9713,0.6269493927125506,0.013577977512884417,0.6985508553900284,4.535965420738354e-06
10,1.0,0.286,50.4,0.005724098454493417,0.2884945621064682,0.286,31.2573,0.6201845238095238,0.006450667057616185,0.7050015224476446,5.279019350437697e-07
82,2.0,0.272,52.4,0.011448196908986834,0.29994275901545503,0.544,31.8013,0.606895038167939,0.012269800277423793,0.7172713227250683,6.750320950269582e-07
30,0.8000000000000043,0.256,53.2,0.004579278763594759,0.3045220377790498,0.2048000000000011,32.0061,0.6016184210526316,0.004619218927971335,0.7218905416530397,1.5952167304279743e-09
92,1.0,0.251,54.2,0.005724098454493417,0.3102461362335432,0.251,32.2571,0.5951494464944649,0.005661249760355464,0.7275517914133951,3.949958354846087e-09
78,2.0,0.243,56.2,0.011448196908986834,0.32169433314253004,0.486,32.7431,0.5826174377224199,0.010961623041963168,0.7385134144553582,2.3675412807036503e-07
26,2.0,0.243,58.2,0.011448196908986834,0.3331425300515169,0.486,33.229099999999995,0.5709467353951889,0.010961623041963168,0.7494750374973214,2.3675412807036503e-07
16,1.0,0.231,59.2,0.005724098454493417,0.3388666285060103,0.231,33.4601,0.5652043918918919,0.005210154161920765,0.7546851916592421,2.6413873586800373e-07
88,1.3499999999999943,0.227,60.55,0.007727532913566081,0.3465941614195764,0.3064499999999987,33.766549999999995,0.5576639141205615,0.006911912307015635,0.7615971039662577,6.652369738297166e-07
103,2.0,0.224,62.55,0.011448196908986834,0.35804235832856324,0.448,34.214549999999996,0.5469952038369305,0.010104541404937242,0.7717016453711949,1.8054101135627662e-06
7,1.0,0.221,63.55,0.005724098454493417,0.36376645678305664,0.221,34.43554999999999,0.5418654602675058,0.004984606362703416,0.7766862517338983,5.468485538199518e-07
36,2.0,0.211,65.55,0.011448196908986834,0.3752146536920435,0.422,34.85754999999999,0.5317704042715483,0.009518117126972134,0.7862043688608704,3.7252079649419176e-06
42,1.4000000000000057,0.207,66.95,0.008013737836290818,0.3832283915283343,0.28980000000000117,35.14734999999999,0.5249790888722926,0.006536375221318804,0.7927407440821892,2.1826002961169434e-06
6,1.0,0.196,67.95,0.005724098454493417,0.3889524899828277,0.196,35.34334999999999,0.5201376011773361,0.004420736864660043,0.7971614809468492,1.6987514338529807e-06
13,1.5,0.182,69.45,0.008586147681740127,0.3975386376645679,0.273,35.61634999999999,0.5128344132469401,0.0061574549186336315,0.8033189358654829,5.89854853756586e-06
90,1.3499999999999943,0.179,70.8,0.007727532913566081,0.40526617057813397,0.24164999999999898,35.85799999999999,0.5064689265536721,0.005450362568087219,0.80876929843357,5.1855047823283205e-06
24,2.0,0.174,72.8,0.011448196908986834,0.4167143674871208,0.348,36.20599999999999,0.4973351648351647,0.007849063412763748,0.8166183618463337,1.2953761923635012e-05
58,2.0,0.173,74.8,0.011448196908986834,0.42816256439610767,0.346,36.551999999999985,0.4886631016042779,0.007803953852920279,0.8244223156992541,1.3280507451689308e-05
96,1.0,0.17,75.8,0.005724098454493417,0.43388666285060107,0.17,36.72199999999999,0.48445910290237454,0.0038343125866949356,0.828256628285949,3.571290626130861e-06
86,2.0,0.167,77.8,0.011448196908986834,0.4453348597595879,0.334,37.05599999999999,0.47629820051413874,0.007533296493859461,0.8357899247798085,1.532644526036448e-05
74,2.0,0.161,79.8,0.011448196908986834,0.45678305666857477,0.322,37.37799999999999,0.46839598997493725,0.007262639134798642,0.8430525639146071,1.7518893881067216e-05
95,1.3499999999999943,0.154,81.14999999999999,0.007727532913566081,0.46451058958214086,0.2078999999999991,37.585899999999995,0.4631657424522489,0.004689138745728669,0.8477417026603358,9.231839119148401e-06
25,2.0,0.151,83.14999999999999,0.011448196908986834,0.4759587864911277,0.302,37.887899999999995,0.4556572459410703,0.0068115435363639435,0.8545532461966997,2.149855449785523e-05
29,1.0,0.145,84.14999999999999,0.005724098454493417,0.4816828849456211,0.145,38.0329,0.4519655377302436,0.0032704430886515623,0.8578236892853512,6.020424654324529e-06
85,2.0,0.142,86.14999999999999,0.011448196908986834,0.49313108185460797,0.284,38.3169,0.4447695879280325,0.006405557497772715,0.864229246783124,2.542821223152989e-05
57,2.0,0.138,88.14999999999999,0.011448196908986834,0.5045792787635948,0.276,38.5929,0.43780941576857635,0.0062251192583988365,0.8704543660415228,2.7280540144071844e-05
89,1.0,0.136,89.14999999999999,0.005724098454493417,0.5103033772180882,0.136,38.7289,0.43442400448682006,0.0030674500693559483,0.8735218161108788,7.057780642253522e-06
99,1.75,0.132,90.89999999999999,0.010017172295363481,0.5203205495134516,0.231,38.959900000000005,0.4286017601760177,0.005210154161920765,0.8787319702727995,2.3107423335247083e-05
56,2.0,0.132,92.89999999999999,0.011448196908986834,0.5317687464224384,0.264,39.22390000000001,0.4222163616792251,0.0059544618993380176,0.8846864321721375,3.0181124356241092e-05
69,2.0,0.123,94.89999999999999,0.011448196908986834,0.5432169433314252,0.246,39.46990000000001,0.41591043203371986,0.005548475860746789,0.8902349080328843,3.480670844704663e-05
38,1.0,0.122,95.89999999999999,0.005724098454493417,0.5489410417859186,0.122,39.59190000000001,0.41284567257559973,0.0027516831504516594,0.892986591183336,8.835252739701657e-06
105,2.0,0.121,97.89999999999999,0.011448196908986834,0.5603892386949054,0.242,39.83390000000001,0.4068835546475997,0.005458256741059849,0.8984448479243958,3.587938321534517e-05
59,2.0,0.121,99.89999999999999,0.011448196908986834,0.5718374356038922,0.242,40.075900000000004,0.40116016016016026,0.005458256741059849,0.9039031046654556,3.587938321534517e-05
106,1.5,0.116,101.39999999999999,0.008586147681740127,0.5804235832856324,0.17400000000000002,40.249900000000004,0.3969418145956608,0.003924531706381875,0.9078276363718375,2.1730663501715264e-05
17,2.0,0.115,103.39999999999999,0.011448196908986834,0.5918717801946192,0.23,40.4799,0.3914883945841393,0.00518759938199903,0.9130152357538365,3.919508139492583e-05
40,1.0,0.112,104.39999999999999,0.005724098454493417,0.5975958786491126,0.112,40.5919,0.3888113026819924,0.0025261353512343104,0.9155413711050708,1.0226968009806622e-05
27,2.0,0.105,106.39999999999999,0.011448196908986834,0.6090440755580994,0.21,40.8019,0.38347650375939857,0.004736503783564332,0.9202778748886352,4.50468246098437e-05
61,2.0,0.104,108.39999999999999,0.011448196908986834,0.6204922724670862,0.208,41.0099,0.37832011070110705,0.004691394223720862,0.9249692691123561,4.565438252761747e-05
107,1.5,0.093,109.89999999999999,0.008586147681740127,0.6290784201488263,0.1395,41.1494,0.37442584167424936,0.0031463917990820207,0.9281156609114382,2.9590944062913472e-05
52,1.0,0.093,110.89999999999999,0.005724098454493417,0.6348025186033197,0.093,41.2424,0.37188818755635716,0.002097594532721347,0.9302132554441594,1.315153069462821e-05
44,2.0,0.093,112.89999999999999,0.011448196908986834,0.6462507155123065,0.186,41.4284,0.366947741364039,0.004195189065442694,0.9344084445096021,5.260612277851284e-05
15,1.5,0.091,114.39999999999999,0.008586147681740127,0.6548368631940467,0.1365,41.5649,0.3633295454545455,0.0030787274593168158,0.937487171968919,3.0331677506357228e-05
93,1.0,0.091,115.39999999999999,0.005724098454493417,0.6605609616485401,0.091,41.6559,0.36096967071057195,0.002052484972877877,0.9395396569417969,1.3480745558380991e-05
68,2.0,0.08,117.39999999999999,0.011448196908986834,0.6720091585575269,0.16,41.8159,0.3561831345826235,0.003608764787477586,0.9431484217292745,6.1456695987751e-05
100,2.0,0.077,119.39999999999999,0.011448196908986834,0.6834573554665136,0.154,41.9699,0.35150670016750424,0.0034734361079471767,0.9466218578372216,6.359680983379869e-05
37,1.5,0.077,120.89999999999999,0.008586147681740127,0.6920435031482538,0.11549999999999999,42.0854,0.34810090984284536,0.0026050770809603824,0.949226934918182,3.577320553151176e-05
12,1.0,0.073,121.89999999999999,0.005724098454493417,0.6977676016027472,0.073,42.1584,0.34584413453650537,0.0016464989342866486,0.9508734338524687,1.662681784719047e-05
28,1.7999999999999972,0.07,123.69999999999999,0.010303377218088135,0.7080709788208354,0.1259999999999998,42.2844,0.34183023443815685,0.0028419022701385945,0.9537153361226073,5.56736083988786e-05
19,1.5,0.066,125.19999999999999,0.008586147681740127,0.7166571265025755,0.099,42.383399999999995,0.3385255591054313,0.0022329232122517565,0.955948259334859,4.0363461159705786e-05
67,2.0,0.065,127.19999999999999,0.011448196908986834,0.7281053234115623,0.13,42.5134,0.3342248427672956,0.002932121389825539,0.9588803807246846,7.252354224805834e-05
48,1.0,0.064,128.2,0.005724098454493417,0.7338294218660557,0.064,42.5774,0.33211700468018723,0.0014435059149910344,0.9603238866396756,1.832347248924346e-05
81,2.0,0.062,130.2,0.011448196908986834,0.7452776187750425,0.124,42.7014,0.3279677419354839,0.0027967927102951293,0.9631206793499707,7.484679460914048e-05
18,1.0,0.062,131.2,0.005724098454493417,0.7510017172295359,0.062,42.7634,0.32594054878048784,0.0013983963551475647,0.9645190757051183,1.871169865228512e-05
39,1.0,0.062,132.2,0.005724098454493417,0.7567258156840293,0.062,42.825399999999995,0.32394402420574886,0.0013983963551475647,0.9659174720602659,1.871169865228512e-05
14,2.0,0.061,134.2,0.011448196908986834,0.7681740125930161,0.122,42.947399999999995,0.32002533532041727,0.0027516831504516594,0.9686691552107176,7.562935155239161e-05
20,2.0,0.052,136.2,0.011448196908986834,0.7796222095020029,0.104,43.051399999999994,0.3160895741556534,0.002345697111860431,0.971014852322578,8.285550255668625e-05
77,2.0,0.052,138.2,0.011448196908986834,0.7910704064109897,0.104,43.15539999999999,0.3122677279305354,0.002345697111860431,0.9733605494344384,8.285550255668625e-05
43,1.0,0.051,139.2,0.005724098454493417,0.7967945048654831,0.051,43.206399999999995,0.31039080459770113,0.0011502937760084805,0.9745108432104469,2.09196892369307e-05
79,2.0,0.05,141.2,0.011448196908986834,0.8082427017744699,0.1,43.3064,0.3067025495750708,0.0022554779921734915,0.9767663212026204,8.450608108353791e-05
76,2.0,0.05,143.2,0.011448196908986834,0.8196908986834567,0.1,43.4064,0.3031173184357542,0.0022554779921734915,0.9790217991947939,8.450608108353791e-05
66,2.0,0.048,145.2,0.011448196908986834,0.8311390955924435,0.096,43.502399999999994,0.29960330578512395,0.0021652588724865515,0.9811870580672805,8.617293858950375e-05
71,2.0,0.04,147.2,0.011448196908986834,0.8425872925014303,0.08,43.58239999999999,0.2960760869565217,0.001804382393738793,0.9829914404610193,9.300315840450883e-05
87,1.0,0.04,148.2,0.005724098454493417,0.8483113909559237,0.04,43.62239999999999,0.2943481781376518,0.0009021911968693965,0.9838936316578887,2.325078960112721e-05
21,2.0,0.037,150.2,0.011448196908986834,0.8597595878649105,0.074,43.69639999999999,0.29092143808255655,0.0016690537142083834,0.985562685372097,9.563164162398171e-05
22,2.0,0.035,152.2,0.011448196908986834,0.8712077847738973,0.07,43.76639999999999,0.2875584756898817,0.001578834594521444,0.9871415199666185,9.740431249418967e-05
80,2.0,0.033,154.2,0.011448196908986834,0.8826559816828841,0.066,43.83239999999999,0.2842568093385214,0.0014886154748345044,0.988630135441453,9.91932623435118e-05
2,1.0,0.033,155.2,0.005724098454493417,0.8883800801373775,0.033,43.865399999999994,0.28263788659793815,0.0007443077374172522,0.9893744431788702,2.479831558587795e-05
73,2.0,0.032,157.2,0.011448196908986834,0.8998282770463643,0.064,43.929399999999994,0.27944910941475826,0.0014435059149910344,0.9908179490938612,0.00010009384188534069
70,2.0,0.032,159.2,0.011448196908986834,0.911276473955351,0.064,43.993399999999994,0.2763404522613065,0.0014435059149910344,0.9922614550088522,0.00010009384188534069
5,2.5,0.031,161.7,0.014310246136233544,0.9255867200915846,0.0775,44.070899999999995,0.2725473098330241,0.0017479954439344558,0.9940094504527867,0.0001578101424561689
23,2.0,0.03,163.7,0.011448196908986834,0.9370349170005714,0.06,44.1309,0.2695839951130116,0.0013532867953040947,0.9953627372480908,0.00010190721020333408
0,1.7000000000000002,0.028,165.39999999999998,0.00973096737263881,0.9467658843732102,0.0476,44.1785,0.2671009673518743,0.001073607524274582,0.9964363447723653,7.494987954406912e-05
94,1.0,0.026,166.39999999999998,0.005724098454493417,0.9524899828277036,0.026,44.2045,0.2656520432692308,0.0005864242779651077,0.9970227690503304,2.639569594416585e-05
72,2.0,0.024,168.39999999999998,0.011448196908986834,0.9639381797366904,0.048,44.252500000000005,0.2627820665083136,0.0010826294362432758,0.9981053984865736,0.00010744498903199931
1,1.0,0.019,169.39999999999998,0.005724098454493417,0.9696622781911838,0.019,44.2715,0.26134297520661165,0.00042854081851296334,0.9985339393050866,2.80429306759909e-05
101,2.0,0.017,171.39999999999998,0.011448196908986834,0.9811104751001706,0.034,44.3055,0.2584918319719954,0.0007668625173389871,0.9993008018224256,0.0001140909043861991
91,1.3000000000000114,0.01,172.7,0.007441327990841508,0.9885518030910121,0.013000000000000114,44.3185,0.25662130862767807,0.0002932121389825564,0.9995940139614082,5.109556023159722e-05
102,2.0,0.009,174.7,0.011448196908986834,0.9999999999999989,0.018,44.3365,0.2537864911276474,0.0004059860385912284,0.9999999999999994,0.00012193042090628291
