,weight,grade,cml_weight,weight_pct,cml_weight_pct,yield,cml_yield,cml_grade,recovery,cml_recovery,distributional_heterogeneity
72,1.3500000000000085,6.42,1.3500000000000085,0.008620689655172467,0.008620689655172467,8.667000000000055,8.667000000000055,6.42,0.16499689881218307,0.16499689881218307,0.024453518790317125
90,1.0,5.38,2.3500000000000085,0.006385696040868453,0.01500638569604092,5.38,14.047000000000054,5.977446808510639,0.10242105868345902,0.2674179574956421,0.009222790877893879
102,2.0,4.2,4.3500000000000085,0.012771392081736907,0.027777777777777825,8.4,22.447000000000052,5.160229885057473,0.1599139206210141,0.4273318781166562,0.021650923704931997
54,0.37999999999999545,2.76,4.730000000000004,0.0024265644955299833,0.03020434227330781,1.0487999999999873,23.495800000000038,4.967399577167023,0.019966395231823517,0.4472982733484797,0.0003076456622578273
89,1.0,2.18,5.730000000000004,0.006385696040868453,0.03659003831417626,2.18,25.675800000000038,4.480942408376967,0.04150146987545366,0.4887997432239334,0.0012331175720017389
31,1.1499999999999986,1.405,6.880000000000003,0.007343550446998713,0.04393358876117497,1.615749999999998,27.291550000000036,3.966795058139539,0.030759633005167045,0.5195593762291004,0.0005483129223709552
32,1.1499999999999986,1.145,8.030000000000001,0.007343550446998713,0.051277139208173686,1.3167499999999983,28.608300000000035,3.5626774595267783,0.02506745892591905,0.5446268351550194,0.0003141369317691443
37,1.0,1.085,9.030000000000001,0.006385696040868453,0.05766283524904214,1.085,29.693300000000036,3.2882945736434146,0.020655548080214317,0.5652823832352337,0.00020362867722482336
92,0.9000000000000057,0.962,9.930000000000007,0.005747126436781645,0.06340996168582379,0.8658000000000055,30.559100000000043,3.077452165156095,0.016482556246866054,0.5817649394820997,0.000115249453207249
38,1.0,0.925,10.930000000000007,0.006385696040868453,0.06979565772669225,0.925,31.484100000000044,2.880521500457459,0.01760956863981405,0.5993745081219137,0.0001259753161173618
30,1.0,0.899,11.930000000000007,0.006385696040868453,0.0761813537675607,0.899,32.38310000000004,2.714425817267395,0.01711459698074901,0.6164891051026627,0.00011510931537776982
67,2.0,0.766,13.930000000000007,0.012771392081736907,0.0889527458492976,1.532,33.91510000000004,2.4346805455850697,0.02916525314183257,0.6456543582444954,0.00026875868045772084
57,1.1099999999999994,0.548,15.040000000000006,0.00708812260536398,0.09604086845466159,0.6082799999999997,34.52338000000004,2.2954375000000016,0.011580052337541714,0.657234410582037,2.0177432718822332e-05
70,1.0,0.51,16.040000000000006,0.006385696040868453,0.10242656449553005,0.51,35.03338000000004,2.184125935162096,0.009709059466275856,0.6669434700483129,1.1044744457335617e-05
97,1.0,0.489,17.040000000000006,0.006385696040868453,0.1088122605363985,0.489,35.522380000000034,2.0846467136150246,0.009309274664723319,0.6762527447130362,8.547311969861112e-06
34,0.8500000000000014,0.47,17.890000000000008,0.005427841634738194,0.1142401021711367,0.39950000000000063,35.92188000000004,2.007930687534937,0.007605429915249432,0.6838581746282857,4.741890719419887e-06
85,1.8000000000000114,0.415,19.69000000000002,0.01149425287356329,0.12573435504469999,0.7470000000000047,36.668880000000044,1.862309801929914,0.014220916512368842,0.6980790911406545,7.434694599184335e-06
96,1.0,0.408,20.69000000000002,0.006385696040868453,0.13212005108556843,0.408,37.076880000000045,1.792019333011117,0.0077672475730206835,0.7058463387136752,1.9086846359921736e-06
88,1.0,0.383,21.69000000000002,0.006385696040868453,0.13850574712643687,0.383,37.45988000000005,1.727057630244353,0.007291313285458142,0.7131376519991334,8.201425936982197e-07
21,2.0,0.365,23.69000000000002,0.012771392081736907,0.1512771392081738,0.73,38.189880000000045,1.6120675390460115,0.013897281196826223,0.7270349331959596,1.2676262994766031e-06
103,2.0,0.356,25.69000000000002,0.012771392081736907,0.1640485312899107,0.712,38.90188000000005,1.5142810432074745,0.013554608509781194,0.7405895417057408,6.134279731584496e-07
53,1.1200000000000045,0.347,26.810000000000024,0.007151979565772697,0.1712005108556834,0.38864000000000154,39.29052000000005,1.465517344274525,0.007398684060732281,0.7479882257664731,6.086310783326335e-08
87,1.0,0.324,27.810000000000024,0.006385696040868453,0.17758620689655186,0.324,39.61452000000005,1.4244703344120826,0.006168108366810543,0.7541563341332836,4.734439590193143e-08
26,1.0,0.297,28.810000000000024,0.006385696040868453,0.1839719029374203,0.297,39.911520000000046,1.3853356473446725,0.005654099336242998,0.7598104334695266,5.352337382188268e-07
68,2.0,0.283,30.810000000000024,0.012771392081736907,0.19674329501915722,0.566,40.47752000000005,1.3137786432976313,0.010775152270415948,0.7705855857399425,3.9849733843027406e-06
65,2.0,0.282,32.810000000000024,0.012771392081736907,0.20951468710089413,0.564,41.04152000000005,1.2508844864370625,0.010737077527410944,0.7813226632673534,4.138435705942441e-06
101,2.0,0.281,34.810000000000024,0.012771392081736907,0.22228607918263105,0.562,41.603520000000046,1.1951600114909513,0.010699002784405944,0.7920216660517594,4.294797399691927e-06
48,1.0,0.268,35.810000000000024,0.006385696040868453,0.2286717752234995,0.268,41.87152000000005,1.1692689192962864,0.00510201556267045,0.7971236816144298,1.6478355701066567e-06
20,2.0,0.264,37.810000000000024,0.012771392081736907,0.2414431673052364,0.528,42.399520000000045,1.1213837609098127,0.010051732153320886,0.8071754137677507,7.39655012623184e-06
76,2.0,0.244,39.810000000000024,0.012771392081736907,0.2542145593869733,0.488,42.887520000000045,1.0773051996985687,0.009290237293220817,0.8164656510609716,1.21184386616085e-05
98,2.0,0.239,41.810000000000024,0.012771392081736907,0.2669859514687102,0.478,43.365520000000046,1.0372044965319307,0.009099863578195802,0.8255655146391674,1.3480121552314797e-05
39,1.0,0.237,42.810000000000024,0.006385696040868453,0.27337164750957865,0.237,43.60252000000005,1.018512497080122,0.004511857046092897,0.8300773716852603,3.511272578341468e-06
81,2.0,0.21,44.810000000000024,0.012771392081736907,0.28614303959131554,0.42,44.02252000000005,0.9824262441419332,0.007995696031050704,0.838073067716311,2.2807272768539804e-05
69,2.0,0.201,46.810000000000024,0.012771392081736907,0.2989144316730524,0.402,44.42452000000005,0.9490390942106394,0.007653023344005675,0.8457260910603166,2.619769853538442e-05
47,1.0,0.197,47.810000000000024,0.006385696040868453,0.3053001277139209,0.197,44.621520000000054,0.9333093495084717,0.0037503621859928307,0.8494764532463094,6.9449845266536125e-06
43,1.0,0.192,48.810000000000024,0.006385696040868453,0.31168582375478937,0.192,44.813520000000054,0.9181216963736946,0.003655175328480322,0.8531316285747897,7.455743360780591e-06
95,1.0,0.183,49.810000000000024,0.006385696040868453,0.31807151979565784,0.183,44.996520000000054,0.903363180084321,0.0034838389849578067,0.8566154675597476,8.420774372938408e-06
99,2.0,0.167,51.810000000000024,0.012771392081736907,0.33084291187739473,0.334,45.33052000000006,0.8749376568230078,0.00635848208183556,0.8629739496415831,4.112541466683469e-05
33,0.8500000000000014,0.163,52.660000000000025,0.005427841634738194,0.3362707535121329,0.13855000000000023,45.46907000000006,0.8634460691226745,0.002637627821671612,0.8656115774632548,7.785293122627559e-06
40,1.0,0.158,53.660000000000025,0.006385696040868453,0.3426564495530014,0.158,45.62707000000006,0.8502994781960499,0.003007904697395265,0.8686194821606501,1.140947436004241e-05
71,0.8499999999999943,0.157,54.51000000000002,0.005427841634738149,0.34808429118773954,0.1334499999999991,45.76052000000006,0.8394885342139065,0.0025405372270088317,0.871160019387659,8.336526742893145e-06
61,2.0,0.155,56.51000000000002,0.012771392081736907,0.3608556832694764,0.31,46.07052000000006,0.815263139267387,0.00590158516577552,0.8770616045534345,4.7194247062590915e-05
100,2.0,0.151,58.51000000000002,0.012771392081736907,0.3736270753512133,0.302,46.37252000000006,0.7925571697145795,0.005749286193755507,0.88281089074719,4.9309971102023067e-05
35,1.0,0.142,59.51000000000002,0.006385696040868453,0.3800127713920818,0.142,46.51452000000006,0.7816252730633515,0.002703306753355238,0.8855141975005453,1.3559990864792089e-05
7,2.0,0.13,61.51000000000002,0.012771392081736907,0.39278416347381867,0.26,46.77452000000006,0.7604376524142423,0.004949716590650436,0.8904639140911957,6.117860748786279e-05
86,1.0,0.117,62.51000000000002,0.006385696040868453,0.39916985951468714,0.117,46.89152000000006,0.7501442969124946,0.002227372465792696,0.8926912865569885,1.729165495503083e-05
23,1.0,0.117,63.51000000000002,0.006385696040868453,0.4055555555555556,0.117,47.008520000000054,0.740175090536924,0.002227372465792696,0.8949186590227812,1.729165495503083e-05
12,2.0,0.115,65.51000000000002,0.012771392081736907,0.4183269476372925,0.23,47.23852000000005,0.7210886887498098,0.0043785954455753855,0.8992972544683566,7.043903537596417e-05
1,2.0,0.111,67.51000000000002,0.012771392081736907,0.4310983397190294,0.222,47.46052000000005,0.7030146644941496,0.004226296473555372,0.903523550941912,7.301865895296337e-05
91,1.1999999999999886,0.109,68.71000000000001,0.0076628352490420715,0.43876117496807143,0.13079999999999875,47.59132000000005,0.6926403725804111,0.0024900881925271957,0.9060136391344391,2.6757312110683315e-05
24,1.0,0.104,69.71000000000001,0.006385696040868453,0.4451468710089399,0.104,47.69532000000005,0.6841962415722285,0.0019798866362601745,0.9079935257706993,1.9411156509734766e-05
58,1.0,0.103,70.71000000000001,0.006385696040868453,0.4515325670498084,0.103,47.798320000000054,0.6759768066751527,0.0019608492647576726,0.909954375035457,1.9579268992057978e-05
0,2.5999999999999996,0.103,73.31,0.01660280970625798,0.46813537675606637,0.2677999999999999,48.066120000000055,0.6556557086345662,0.0050982080883699476,0.9150525831238269,0.0001323558583863119
60,2.0,0.102,75.31,0.012771392081736907,0.48090676883780326,0.204,48.270120000000055,0.6409523303678137,0.0038836237865103418,0.9189362069103372,7.899242526963454e-05
8,2.0,0.101,77.31,0.012771392081736907,0.49367816091954014,0.202,48.472120000000054,0.6269838313284187,0.003845549043505339,0.9227817559538425,7.967067394314696e-05
56,1.519999999999996,0.1,78.83,0.009706257982120024,0.5033844189016602,0.1519999999999996,48.624120000000055,0.6168225294938482,0.0028936804683802474,0.9256754364222227,4.6411212380712836e-05
27,1.0,0.088,79.83,0.006385696040868453,0.5097701149425287,0.088,48.712120000000056,0.6101981711136172,0.0016752886922201476,0.9273507251144428,2.2187937390199967e-05
75,2.0,0.086,81.83,0.012771392081736907,0.5225415070242656,0.172,48.88412000000005,0.597386288647196,0.003274427898430288,0.9306251530128731,9.019232869900876e-05
73,2.3999999999999915,0.086,84.22999999999999,0.015325670498084235,0.5378671775223498,0.20639999999999925,49.090520000000055,0.5828151489967952,0.0039293134781163315,0.9345544664909894,0.0001298769533265717
94,1.3300000000000125,0.086,85.56,0.008492975734355123,0.546360153256705,0.11438000000000106,49.20490000000006,0.5750923328658258,0.002177494552456162,0.9367319610434456,3.98853025589199e-05
64,2.0,0.086,87.56,0.012771392081736907,0.5591315453384419,0.172,49.376900000000056,0.5639207400639568,0.003274427898430288,0.9400063889418758,9.019232869900876e-05
42,1.0,0.082,88.56,0.006385696040868453,0.5655172413793104,0.082,49.45890000000006,0.5584789972899735,0.0015610644632051375,0.941567453405081,2.3277069860186017e-05
49,1.0,0.081,89.56,0.006385696040868453,0.5719029374201788,0.081,49.53990000000006,0.5531476105404205,0.0015420270917026358,0.9431094804967836,2.3461128889113098e-05
9,2.0,0.076,91.56,0.012771392081736907,0.5846743295019158,0.152,49.69190000000006,0.5427249890782008,0.0028936804683802548,0.9460031609651638,9.756918671664087e-05
84,2.0,0.075,93.56,0.012771392081736907,0.5974457215836527,0.15,49.84190000000006,0.5327265925609241,0.0028556057253752514,0.948858766690539,9.832281906500795e-05
50,1.0,0.075,94.56,0.006385696040868453,0.6038314176245212,0.075,49.91690000000006,0.5278859983079532,0.0014278028626876257,0.9502865695532267,2.458070476625199e-05
80,2.0,0.074,96.56,0.012771392081736907,0.6166028097062581,0.148,50.064900000000065,0.5184848798674406,0.002817530982370248,0.9531041005355969,9.907935078548484e-05
74,0.4000000000000057,0.074,96.96000000000001,0.0025542784163474176,0.6191570881226055,0.029600000000000418,50.09450000000007,0.5166511963696376,0.0005635061964740576,0.953667606732071,3.963174031419506e-06
11,2.0,0.071,98.96000000000001,0.012771392081736907,0.6319284802043424,0.142,50.23650000000007,0.5076445028294267,0.002703306753355238,0.9563709134854262,0.00010136634217957422
62,2.0,0.067,100.96000000000001,0.012771392081736907,0.6446998722860794,0.134,50.37050000000007,0.4989154120443747,0.002551007781335225,0.9589219212667615,0.00010445625524789719
55,0.6300000000000097,0.067,101.59000000000002,0.004022988505747188,0.6487228607918266,0.04221000000000065,50.41271000000007,0.4962369327689739,0.0008035674511206081,0.9597254887178821,1.0364671926972918e-05
10,2.0,0.065,103.59000000000002,0.012771392081736907,0.6614942528735636,0.13,50.54271000000007,0.4879110918042288,0.002474858295325218,0.9622003470132073,0.00010601860801471745
46,1.0,0.065,104.59000000000002,0.006385696040868453,0.667879948914432,0.065,50.60771000000007,0.48386757816234877,0.001237429147662609,0.9634377761608699,2.650465200367936e-05
16,2.0,0.062,106.59000000000002,0.012771392081736907,0.680651340996169,0.124,50.73171000000007,0.4759518716577546,0.002360634066310208,0.9657984102271802,0.00010838388245577128
66,2.0,0.061,108.59000000000002,0.012771392081736907,0.6934227330779059,0.122,50.85371000000007,0.46830932866746533,0.0023225593233052043,0.9681209695504853,0.00010917810601367548
45,1.0,0.061,109.59000000000002,0.006385696040868453,0.6998084291187744,0.061,50.91471000000007,0.4645926635641944,0.0011612796616526022,0.9692822492121379,2.729452650341887e-05
44,1.0,0.06,110.59000000000002,0.006385696040868453,0.7061941251596429,0.06,50.97471000000007,0.4609341712632251,0.0011422422901501005,0.970424491502288,2.749380723592237e-05
82,2.0,0.054,112.59000000000002,0.012771392081736907,0.7189655172413798,0.108,51.08271000000007,0.4537055688782313,0.002056036122270181,0.9724805276245583,0.0001148188533380791
25,1.0,0.051,113.59000000000002,0.006385696040868453,0.7253512132822483,0.051,51.13371000000007,0.450160313407871,0.0009709059466275854,0.9734514335711859,2.9319951764689032e-05
59,1.0,0.05,114.59000000000002,0.006385696040868453,0.7317369093231167,0.05,51.18371000000007,0.4466682083951484,0.0009518685751250839,0.974403302146311,2.9526480927467014e-05
63,2.0,0.048,116.59000000000002,0.012771392081736907,0.7445083014048537,0.096,51.279710000000065,0.43982940217857497,0.001827587664240161,0.9762308898105512,0.00011976685512842133
79,2.0,0.047,118.59000000000002,0.012771392081736907,0.7572796934865906,0.094,51.37371000000007,0.433204401720213,0.0017895129212351576,0.9780204027317864,0.00012060166989586264
78,2.0,0.047,120.59000000000002,0.012771392081736907,0.7700510855683276,0.094,51.46771000000007,0.4267991541587201,0.0017895129212351576,0.9798099156530216,0.00012060166989586264
51,1.1200000000000045,0.043,121.71000000000002,0.007151979565772697,0.7772030651341003,0.04816000000000019,51.51587000000007,0.4232673568318138,0.0009168398115604843,0.980726755464582,3.887696775455754e-05
36,1.0,0.039,122.71000000000002,0.006385696040868453,0.7835887611749688,0.039,51.55487000000007,0.4201358487490837,0.0007424574885975654,0.9814692129531796,3.184614135783643e-05
6,2.0,0.036,124.71000000000002,0.012771392081736907,0.7963601532567057,0.072,51.626870000000075,0.4139753828883014,0.0013706907481801207,0.9828399037013597,0.00012997599089696352
17,2.0,0.035,126.71000000000002,0.012771392081736907,0.8091315453384427,0.07,51.696870000000075,0.4079936074500834,0.0013326160051751175,0.9841725197065347,0.00013084559812972233
14,2.0,0.035,128.71000000000004,0.012771392081736907,0.8219029374201796,0.07,51.766870000000075,0.40219773133400716,0.0013326160051751175,0.9855051357117098,0.00013084559812972233
2,2.0,0.034,130.71000000000004,0.012771392081736907,0.8346743295019166,0.068,51.83487000000007,0.39656392012852926,0.0012945412621701141,0.9867996769738799,0.00013171810473459097
15,2.0,0.034,132.71000000000004,0.012771392081736907,0.8474457215836535,0.068,51.90287000000007,0.39109991711250136,0.0012945412621701141,0.98809421823605,0.00013171810473459097
19,2.0,0.034,134.71000000000004,0.012771392081736907,0.8602171136653904,0.068,51.97087000000007,0.3857981590082403,0.0012945412621701141,0.9893887594982201,0.00013171810473459097
83,4.0,0.033,138.71000000000004,0.025542784163473813,0.8857598978288642,0.132,52.10287000000007,0.37562446831519036,0.0025129330383302216,0.9919016925365504,0.0005303740428462775
3,2.0,0.033,140.71000000000004,0.012771392081736907,0.8985312899106012,0.066,52.16887000000007,0.37075453059484087,0.0012564665191651108,0.9931581590557155,0.00013259351071156938
22,1.0,0.032,141.71000000000004,0.006385696040868453,0.9049169859514696,0.032,52.200870000000066,0.3683640533483879,0.0006091958880800537,0.9937673549437955,3.33679540151644e-05
13,2.0,0.03,143.71000000000004,0.012771392081736907,0.9176883780332066,0.06,52.26087000000007,0.3636550692366575,0.0011422422901501005,0.9949095972339457,0.00013523712487516345
5,2.0,0.03,145.71000000000004,0.012771392081736907,0.9304597701149435,0.06,52.32087000000007,0.35907535515750505,0.0011422422901501005,0.9960518395240958,0.00013523712487516345
4,2.0,0.025,147.71000000000004,0.012771392081736907,0.9432311621966805,0.05,52.37087000000007,0.3545519599214681,0.0009518685751250839,0.9970037080992209,0.00013970113592334945
77,2.0,0.023,149.71000000000004,0.012771392081736907,0.9560025542784174,0.046,52.41687000000007,0.3501227038941958,0.0008757190891150771,0.997879427188336,0.0001415070359473924
28,1.0,0.021,150.71000000000004,0.006385696040868453,0.9623882503192859,0.021,52.43787000000007,0.3479388892575148,0.00039978480155253526,0.9982792119898886,3.5831133364968635e-05
18,2.0,0.018,152.71000000000004,0.012771392081736907,0.9751596424010228,0.036,52.47387000000007,0.34361777224805223,0.0006853453740900603,0.9989645573639786,0.0001460725250194212
29,1.0,0.016,153.71000000000004,0.006385696040868453,0.9815453384418913,0.016,52.48987000000007,0.34148637043783786,0.00030459794404002685,0.9992691553080186,3.697975406325031e-05
52,1.1199999999999903,0.016,154.83000000000004,0.007151979565772607,0.9886973180076639,0.017919999999999846,52.507790000000064,0.3391318865852874,0.0003411496973248271,0.9996103050053434,4.63874034969404e-05
41,1.0,0.012,155.83000000000004,0.006385696040868453,0.9950830140485324,0.012,52.519790000000064,0.33703259962779986,0.00022844845803002013,0.9998387534633735,3.791169779636973e-05
93,0.7699999999999818,0.011,156.60000000000002,0.004916985951468594,1.0000000000000009,0.008469999999999799,52.52826000000007,0.3354295019157092,0.00016124653662618536,0.9999999999999997,2.2617057381885607e-05
