,weight,grade,cml_weight,weight_pct,cml_weight_pct,yield,cml_yield,cml_grade,recovery,cml_recovery,distributional_heterogeneity
55,1.0,4.13,1.0,0.010351966873706004,0.010351966873706004,4.13,4.13,4.13,0.16170301069080073,0.16170301069080073,0.022907138464524118
73,1.5,3.84,2.5,0.015527950310559008,0.025879917184265012,5.76,9.89,3.9560000000000004,0.2255228429973395,0.3872258536881402,0.044097854954532445
33,1.6000000000000014,1.465,4.100000000000001,0.01656314699792962,0.04244306418219464,2.344000000000002,12.234000000000002,2.98390243902439,0.09177526805308407,0.4790011217412243,0.005656863153615207
72,1.5,0.661,5.600000000000001,0.015527950310559008,0.057971014492753645,0.9915,13.225500000000002,2.3616964285714284,0.03882046854719829,0.5178215902884226,0.0005425414058041733
23,2.3000000000000007,0.56,7.900000000000002,0.02380952380952382,0.08178053830227747,1.2880000000000005,14.513500000000002,1.837151898734177,0.05042941350357177,0.5682510037919943,0.0007086185273232803
66,0.5999999999999943,0.541,8.499999999999996,0.006211180124223544,0.08799171842650101,0.32459999999999695,14.838099999999999,1.7456588235294124,0.01270915188141245,0.5809601556734068,4.2223636957224675e-05
56,2.0,0.52,10.499999999999996,0.020703933747412008,0.10869565217391303,1.04,15.8781,1.5122000000000004,0.040719402207852966,0.6216795578812597,0.00040061897769090663
12,1.0,0.457,11.499999999999996,0.010351966873706004,0.11904761904761903,0.457,16.3351,1.4204434782608701,0.017893045008643083,0.6395726028899028,5.686785943722607e-05
74,2.0,0.435,13.499999999999996,0.020703933747412008,0.13975155279503104,0.87,17.2051,1.2744518518518524,0.034063346077723156,0.673635948967626,0.0001784738978112694
22,0.8000000000000007,0.409,14.299999999999997,0.00828157349896481,0.14803312629399584,0.32720000000000027,17.532300000000003,1.2260349650349656,0.012810950386932213,0.6864468993545583,2.0515254993253257e-05
29,1.0,0.403,15.299999999999997,0.010351966873706004,0.15838509316770186,0.403,17.9353,1.1722418300653599,0.015778768355543024,0.7022256677101013,2.945017432326847e-05
68,0.45000000000000284,0.389,15.75,0.0046583850931677315,0.1630434782608696,0.17505000000000112,18.110350000000004,1.1498634920634923,0.006853780150466065,0.7090794478605674,4.819759457609948e-06
50,1.0,0.35,16.75,0.010351966873706004,0.1733954451345756,0.35,18.460350000000005,1.1021104477611943,0.013703644973796671,0.7227830928343641,1.1233746086627369e-05
5,1.0,0.338,17.75,0.010351966873706004,0.18374741200828162,0.338,18.798350000000006,1.0590619718309864,0.013233805717552215,0.7360168985519163,8.304995121900857e-06
4,1.0,0.328,18.75,0.010351966873706004,0.19409937888198764,0.328,19.126350000000006,1.0200720000000003,0.012842273004015166,0.7488591715559315,6.20162462265539e-06
32,1.3999999999999986,0.314,20.15,0.014492753623188392,0.20859213250517603,0.43959999999999955,19.565950000000004,0.9710148883374693,0.0172117780870886,0.7660709496430201,7.393094035287817e-06
41,1.0,0.305,21.15,0.010351966873706004,0.21894409937888204,0.305,19.870950000000004,0.9395248226950357,0.011941747762879956,0.7780126974059001,2.5274032755827174e-06
6,1.0,0.247,22.15,0.010351966873706004,0.22929606625258805,0.247,20.117950000000004,0.9082595936794585,0.00967085802436508,0.7876835554302651,4.6390926465052015e-07
25,2.0,0.223,24.15,0.020703933747412008,0.25000000000000006,0.446,20.563950000000006,0.8515093167701866,0.01746235902375233,0.8051459144540175,1.0507806689069333e-05
65,0.6500000000000057,0.21,24.800000000000004,0.006728778467908962,0.25672877846790904,0.13650000000000118,20.700450000000007,0.8346955645161291,0.005344421539780748,0.8104903359937983,1.9164441044565845e-06
58,1.0,0.197,25.800000000000004,0.010351966873706004,0.267080745341615,0.197,20.897450000000006,0.8099786821705427,0.007713194456679841,0.8182035304504781,6.9631198688581045e-06
24,2.0,0.167,27.800000000000004,0.020703933747412008,0.28778467908902705,0.334,21.231450000000006,0.7637212230215829,0.013077192632137396,0.8312807230826155,5.816718003942026e-05
53,1.0,0.154,28.800000000000004,0.010351966873706004,0.29813664596273304,0.154,21.385450000000006,0.7425503472222224,0.006029603788470535,0.837310326871086,1.868282264060629e-05
17,1.0,0.148,29.800000000000004,0.010351966873706004,0.308488612836439,0.148,21.533450000000006,0.7225989932885907,0.005794684160348306,0.8431050110314343,2.0768825729468906e-05
30,1.0,0.145,30.800000000000004,0.010351966873706004,0.318840579710145,0.145,21.678450000000005,0.7038457792207793,0.005677224346287192,0.8487822353777215,2.1853217697658032e-05
28,1.0,0.139,31.800000000000004,0.010351966873706004,0.329192546583851,0.139,21.817450000000004,0.6860833333333334,0.005442304718164964,0.8542245400958864,2.4104782481551896e-05
54,1.0,0.121,32.800000000000004,0.010351966873706004,0.339544513457557,0.121,21.938450000000003,0.6688551829268293,0.004737545833798278,0.8589620859296847,3.152172361335856e-05
51,1.0,0.116,33.800000000000004,0.010351966873706004,0.34989648033126297,0.116,22.054450000000003,0.6524985207100592,0.004541779477029754,0.8635038654067144,3.3758277584495555e-05
62,1.0,0.115,34.800000000000004,0.010351966873706004,0.36024844720496896,0.115,22.16945,0.6370531609195402,0.004502626205676049,0.8680064916123905,3.421478625066913e-05
40,1.0,0.114,35.800000000000004,0.010351966873706004,0.37060041407867494,0.114,22.283450000000002,0.6224427374301675,0.004463472934322345,0.8724699645467129,3.4674360874158105e-05
69,0.7000000000000028,0.11,36.50000000000001,0.0072463768115942325,0.3778467908902692,0.07700000000000032,22.360450000000004,0.6126150684931506,0.00301480189423528,0.8754847664409482,1.7906226281221433e-05
70,1.0999999999999943,0.103,37.6,0.011387163561076547,0.38923395445134573,0.11329999999999942,22.473750000000003,0.5977061170212766,0.004436065644374728,0.8799208320853229,4.8317762247576376e-05
26,2.0,0.102,39.6,0.020703933747412008,0.40993788819875776,0.204,22.677750000000003,0.5726704545454546,0.007987267356155774,0.8879080994414786,0.0001617136041065059
59,1.0,0.099,40.6,0.010351966873706004,0.42028985507246375,0.099,22.776750000000003,0.5610036945812809,0.003876173864016773,0.8917842733054954,4.193589510433992e-05
1,1.0,0.097,41.6,0.010351966873706004,0.43064182194616973,0.097,22.873750000000005,0.5498497596153847,0.0037978673213093636,0.8955821406268047,4.295622094272586e-05
49,1.0,0.096,42.6,0.010351966873706004,0.4409937888198757,0.096,22.969750000000005,0.5391960093896715,0.0037587140499556588,0.8993408546767604,4.347098279789191e-05
21,0.8999999999999986,0.093,43.5,0.00931677018633539,0.4503105590062111,0.08369999999999987,23.053450000000005,0.529964367816092,0.0032771288123050846,0.9026179834890655,3.647726792689867e-05
75,2.0,0.083,45.5,0.020703933747412008,0.4710144927536231,0.166,23.219450000000005,0.5103175824175825,0.006499443044714993,0.9091174265337805,0.00020176755612300593
52,1.0,0.08,46.5,0.010351966873706004,0.4813664596273291,0.08,23.299450000000004,0.5010634408602151,0.003132261708296382,0.9122496882420769,5.212414267544238e-05
31,2.0,0.075,48.5,0.020703933747412008,0.5020703933747411,0.15,23.449450000000002,0.4834938144329897,0.005872990703055716,0.9181226789451326,0.00021995687158494028
13,1.0,0.075,49.5,0.010351966873706004,0.5124223602484471,0.075,23.52445,0.4752414141414142,0.002936495351527858,0.9210591742966604,5.498921789623507e-05
9,1.0,0.071,50.5,0.010351966873706004,0.5227743271221531,0.071,23.595450000000003,0.4672366336633664,0.0027798822661130387,0.9238390565627734,5.733646530454631e-05
76,2.0,0.069,52.5,0.020703933747412008,0.5434782608695651,0.138,23.733450000000005,0.4520657142857144,0.005403151446811259,0.9292422080095847,0.00023411393901037717
48,1.0,0.065,53.5,0.010351966873706004,0.5538302277432711,0.065,23.798450000000006,0.44483084112149546,0.0025449626379908104,0.9317871706475754,6.094931513647499e-05
2,1.0,0.063,54.5,0.010351966873706004,0.564182194616977,0.063,23.861450000000005,0.43782477064220193,0.0024666560952834008,0.9342538267428588,6.217812607230769e-05
64,1.0,0.061,55.5,0.010351966873706004,0.574534161490683,0.061,23.922450000000005,0.43103513513513525,0.002388349552575991,0.9366421762954348,6.341920083740198e-05
14,1.0,0.061,56.5,0.010351966873706004,0.584886128364389,0.061,23.983450000000005,0.4244858407079647,0.002388349552575991,0.9390305258480107,6.341920083740198e-05
7,1.0,0.059,57.5,0.010351966873706004,0.595238095238095,0.059,24.042450000000006,0.4181295652173914,0.0023100430098685816,0.9413405688578793,6.467253943175783e-05
8,1.0,0.056,58.5,0.010351966873706004,0.605590062111801,0.056,24.098450000000007,0.41193931623931634,0.0021925831958074676,0.9435331520536868,6.657554200315707e-05
10,1.0,0.054,59.5,0.010351966873706004,0.615942028985507,0.054,24.152450000000005,0.4059235294117648,0.002114276653100058,0.9456474287067869,6.785954017066685e-05
19,2.0,0.053,61.5,0.020703933747412008,0.636645962732919,0.106,24.258450000000007,0.39444634146341473,0.004150246763492706,0.9497976754702796,0.0002740245527615794
15,1.0,0.053,62.5,0.010351966873706004,0.6469979296066249,0.053,24.311450000000008,0.38898320000000014,0.002075123381746353,0.9518727988520259,6.850613819039485e-05
18,2.0,0.051,64.5,0.020703933747412008,0.6677018633540369,0.102,24.413450000000008,0.37850310077519395,0.003993633678077887,0.9558664325301038,0.000279234128407188
27,2.0,0.051,66.5,0.020703933747412008,0.6884057971014489,0.102,24.51545000000001,0.36865338345864673,0.003993633678077887,0.9598600662081818,0.000279234128407188
36,1.0,0.047,67.5,0.010351966873706004,0.6987577639751549,0.047,24.56245000000001,0.3638881481481483,0.0018402037536241244,0.9617002699618059,7.245011141238603e-05
43,2.0,0.046,69.5,0.020703933747412008,0.7194616977225669,0.092,24.654450000000008,0.3547402877697843,0.003602100964540839,0.9653023709263467,0.0002924726845332871
60,1.5,0.046,71.0,0.015527950310559008,0.7349896480331258,0.069,24.723450000000007,0.34821760563380294,0.0027015757234056296,0.9680039466497524,0.000164515885049974
20,2.0,0.044,73.0,0.020703933747412008,0.7556935817805378,0.088,24.811450000000008,0.33988287671232886,0.00344548787912602,0.9714494345288784,0.0002978539537885578
46,1.0,0.044,74.0,0.010351966873706004,0.7660455486542438,0.044,24.85545000000001,0.33588445945945955,0.00172274393956301,0.9731721784684415,7.446348844713945e-05
45,1.0,0.044,75.0,0.010351966873706004,0.7763975155279498,0.044,24.89945000000001,0.33199266666666677,0.00172274393956301,0.9748949224080046,7.446348844713945e-05
63,1.5,0.037,76.5,0.015527950310559008,0.7919254658385088,0.055499999999999994,24.954950000000007,0.32620849673202623,0.002173006560130615,0.9770679289681352,0.00017835452257710635
0,1.6,0.037,78.1,0.016563146997929608,0.8084886128364384,0.0592,25.014150000000008,0.32028361075544187,0.0023178736641393228,0.9793858026322745,0.00020292781235439658
37,1.0,0.037,79.1,0.010351966873706004,0.8188405797101443,0.037,25.051150000000007,0.3167022756005058,0.0014486710400870766,0.9808344736723615,7.926867670093616e-05
44,2.0,0.036,81.1,0.020703933747412008,0.8395445134575563,0.072,25.123150000000006,0.3097799013563503,0.0028190355374667435,0.9836535092098283,0.00031986958398010334
39,1.0,0.034,82.1,0.010351966873706004,0.8498964803312623,0.034,25.157150000000005,0.30642082825822176,0.0013312112260259624,0.9849847204358543,8.137403245515137e-05
34,1.0,0.034,83.1,0.010351966873706004,0.8602484472049683,0.034,25.191150000000004,0.30314259927797843,0.0013312112260259624,0.9863159316618803,8.137403245515137e-05
47,1.0,0.032,84.1,0.010351966873706004,0.8706004140786743,0.032,25.223150000000004,0.2999185493460167,0.0012529046833185528,0.9875688363451988,8.27929327445385e-05
42,2.0,0.03,86.1,0.020703933747412008,0.8913043478260863,0.06,25.283150000000003,0.29364866434378634,0.0023491962812222864,0.9899180326264211,0.0003368963874527487
16,1.0,0.03,87.1,0.010351966873706004,0.9016563146997922,0.03,25.313150000000004,0.29062169919632613,0.0011745981406111432,0.9910926307670322,8.422409686318717e-05
67,1.0,0.029,88.1,0.010351966873706004,0.9120082815734982,0.029,25.342150000000004,0.2876520998864927,0.0011354448692574386,0.9922280756362897,8.494427785848461e-05
71,1.5,0.029,89.6,0.015527950310559008,0.9275362318840572,0.043500000000000004,25.385650000000005,0.2833219866071429,0.001703167303886158,0.9939312429401759,0.00019112462518159037
57,1.0,0.027,90.6,0.010351966873706004,0.9378881987577632,0.027,25.412650000000006,0.2804928256070641,0.001057138326550029,0.994988381266726,8.639383772102567e-05
3,1.0,0.026,91.6,0.010351966873706004,0.9482401656314692,0.026,25.438650000000006,0.27771451965065513,0.0010179850551963242,0.9960063663219223,8.712321658826928e-05
11,1.0,0.024,92.6,0.010351966873706004,0.9585921325051752,0.024,25.462650000000007,0.27497462203023765,0.0009396785124889147,0.9969460448344112,8.859117219470269e-05
38,2.0,0.02,94.6,0.020703933747412008,0.9792960662525871,0.04,25.502650000000006,0.2695840380549684,0.001566130854148191,0.9985121756885593,0.000366255499581417
61,1.0,0.019,95.6,0.010351966873706004,0.9896480331262931,0.019,25.521650000000005,0.26696286610878667,0.0007439121557203907,0.9992560878442797,9.231471546380562e-05
35,1.0,0.019,96.6,0.010351966873706004,0.9999999999999991,0.019,25.540650000000003,0.2643959627329193,0.0007439121557203907,1.0,9.231471546380562e-05
