,weight,grade,cml_weight,weight_pct,cml_weight_pct,yield,cml_yield,cml_grade,recovery,cml_recovery,distributional_heterogeneity
71,1.0,11.6,1.0,0.007886435331230283,0.007886435331230283,11.6,11.6,11.6,0.2752846585758288,0.2752846585758288,0.07150180979436814
78,1.0,3.17,2.0,0.007886435331230283,0.015772870662460567,3.17,14.77,7.385,0.07522865238667045,0.35051331096249927,0.004534974197942016
80,1.0,2.37,3.0,0.007886435331230283,0.02365930599369085,2.37,17.14,5.713333333333334,0.05624350351937192,0.4067568144818712,0.002338406043752579
73,1.0,2.15,4.0,0.007886435331230283,0.031545741324921134,2.15,19.29,4.8225,0.051022587580864816,0.457779402062736,0.00186072763090365
72,1.0,1.67,5.0,0.007886435331230283,0.03943217665615142,1.67,20.96,4.192,0.0396314982604857,0.49741090032322166,0.001007749020382386
63,1.0,1.275,6.0,0.007886435331230283,0.0473186119873817,1.275,22.235,3.705833333333333,0.03025758100725704,0.5276684813304787,0.0005004681588580106
21,2.0,1.16,8.0,0.015772870662460567,0.06309148264984227,2.32,24.555,3.069375,0.055056931715165756,0.5827254130456445,0.0015432374527926682
41,1.0,0.897,9.0,0.007886435331230283,0.07097791798107256,0.897,25.451999999999998,2.828,0.021287098167458485,0.604012511213103,0.00017957776445026762
79,1.0,0.814,10.0,0.007886435331230283,0.07886435331230285,0.814,26.266,2.6266,0.01931738897247626,0.6233299001855792,0.00013066670114831463
47,2.0,0.714,12.0,0.015772870662460567,0.09463722397476342,1.428,27.694,2.3078333333333334,0.033888490728127885,0.657218390913707,0.00032817569036360834
51,1.0,0.623,13.0,0.007886435331230283,0.10252365930599369,0.623,28.317,2.1782307692307694,0.014784684680408736,0.6720030755941158,4.7585844083440926e-05
66,1.0,0.59,14.0,0.007886435331230283,0.11041009463722398,0.59,28.907,2.0647857142857142,0.01400154728963267,0.6860046228837484,3.739459426379587e-05
2,2.0,0.432,16.0,0.015772870662460567,0.12618296529968454,0.864,29.771,1.8606875,0.02050396077668242,0.7065085836604308,2.238321366888773e-05
62,2.0,0.41,18.0,0.015772870662460567,0.14195583596214512,0.82,30.591,1.6995,0.019459777588981,0.7259683612494118,1.359328268482433e-05
75,1.0,0.393,19.0,0.007886435331230283,0.1498422712933754,0.393,30.984,1.6307368421052633,0.009326454381060407,0.7352948156304722,2.073654863873649e-06
70,1.0,0.371,20.0,0.007886435331230283,0.1577287066246057,0.371,31.355,1.56775,0.008804362787209696,0.7440991784176818,8.425908144408359e-07
24,2.0,0.324,22.0,0.015772870662460567,0.17350157728706628,0.648,32.003,1.4546818181818182,0.015377970582511816,0.7594771490001936,1.5594607314353133e-07
3,2.0,0.279,24.0,0.015772870662460567,0.18927444794952686,0.558,32.561,1.3567083333333334,0.01324214133494073,0.7727192903351343,6.4045909291690086e-06
65,1.0,0.277,25.0,0.007886435331230283,0.19716088328075715,0.277,32.838,1.31352,0.006573607795302119,0.7792928981304365,1.7235161390912175e-06
46,2.0,0.271,27.0,0.015772870662460567,0.21293375394321773,0.542,33.38,1.2362962962962964,0.01286243835759476,0.7921553364880312,8.470616201206502e-06
74,1.0,0.265,28.0,0.007886435331230283,0.22082018927444802,0.265,33.645,1.2016071428571429,0.006288830562292641,0.7984441670503238,2.5523409977323007e-06
59,1.0,0.24,29.0,0.007886435331230283,0.2287066246056783,0.24,33.885000000000005,1.1684482758620691,0.005695544660189561,0.8041397117105133,4.80000193245327e-06
44,1.0,0.233,30.0,0.007886435331230283,0.2365930599369086,0.233,34.118,1.1372666666666666,0.0055294246076007,0.8096691363181141,5.555499551304859e-06
37,1.0,0.226,31.0,0.007886435331230283,0.2444794952681389,0.226,34.344,1.1078709677419356,0.005363304555011837,0.815032440873126,6.3661889139007035e-06
12,2.0,0.223,33.0,0.015772870662460567,0.26025236593059947,0.446,34.79,1.0542424242424242,0.010584220493518934,0.8256166613666449,2.692209057565804e-05
64,1.0,0.215,34.0,0.007886435331230283,0.26813880126182976,0.215,35.005,1.0295588235294117,0.005102258758086482,0.8307189201247314,7.751639190442767e-06
1,2.0,0.197,36.0,0.015772870662460567,0.28391167192429034,0.394,35.399,0.9833055555555555,0.00935018581714453,0.8400691059418759,4.12508806222523e-05
68,1.0,0.191,37.0,0.007886435331230283,0.29179810725552063,0.191,35.59,0.961891891891892,0.004532704292067526,0.8446018102339434,1.1247511883043713e-05
40,1.0,0.182,38.0,0.007886435331230283,0.2996845425867509,0.182,35.772000000000006,0.9413684210526317,0.004319121367310417,0.8489209316012538,1.2725728917177673e-05
39,1.0,0.167,39.0,0.007886435331230283,0.3075709779179812,0.167,35.93900000000001,0.9215128205128207,0.00396314982604857,0.8528840814273024,1.5392169155168938e-05
9,2.0,0.163,41.0,0.015772870662460567,0.3233438485804418,0.326,36.26500000000001,0.8845121951219515,0.007736448163424154,0.8606205295907265,6.458408658301867e-05
61,1.0,0.161,42.0,0.007886435331230283,0.3312302839116721,0.161,36.42600000000001,0.8672857142857145,0.003820761209543831,0.8644412908002703,1.6529706063750913e-05
57,2.0,0.147,44.0,0.015772870662460567,0.34700315457413267,0.294,36.720000000000006,0.8345454545454547,0.006977042208732212,0.8714183330090025,7.736659818741736e-05
13,2.0,0.138,46.0,0.015772870662460567,0.36277602523659325,0.276,36.99600000000001,0.8042608695652176,0.006549876359217996,0.8779682093682205,8.506362391764493e-05
69,1.0,0.136,47.0,0.007886435331230283,0.37066246056782354,0.136,37.13200000000001,0.7900425531914896,0.0032274753074407517,0.8811956846756612,2.1705908503268963e-05
23,2.0,0.134,49.0,0.015772870662460567,0.3864353312302841,0.268,37.40000000000001,0.7632653061224492,0.006360024870545011,0.8875557095462062,8.860166590238242e-05
8,2.0,0.12,51.0,0.015772870662460567,0.4022082018927447,0.24,37.640000000000015,0.7380392156862748,0.005695544660189561,0.8932512542063957,0.00010155249935604735
7,2.0,0.118,53.0,0.015772870662460567,0.4179810725552053,0.236,37.87600000000001,0.7146415094339625,0.005600618915853069,0.8988518731222488,0.00010347470559635933
20,2.0,0.114,55.0,0.015772870662460567,0.43375394321766586,0.228,38.10400000000001,0.6928000000000002,0.005410767427180083,0.9042626405494288,0.0001073731834586103
36,1.0,0.11,56.0,0.007886435331230283,0.44164037854889615,0.11,38.21400000000001,0.6823928571428574,0.002610457969253549,0.9068730985186824,2.783593712409099e-05
30,2.0,0.108,58.0,0.015772870662460567,0.45741324921135673,0.216,38.430000000000014,0.662586206896552,0.005125990194170605,0.911999088712853,0.00011335606370605432
38,1.0,0.108,59.0,0.007886435331230283,0.465299684542587,0.108,38.53800000000001,0.6531864406779663,0.0025629950970853027,0.9145620838099383,2.833901592651358e-05
26,2.0,0.106,61.0,0.015772870662460567,0.4810725552050476,0.212,38.750000000000014,0.6352459016393445,0.005031064449834113,0.9195931482597725,0.00011538640070962033
27,2.0,0.099,63.0,0.015772870662460567,0.4968454258675082,0.198,38.948000000000015,0.6182222222222225,0.004698824344656388,0.9242919726044289,0.0001226345018488723
56,2.0,0.097,65.0,0.015772870662460567,0.5126182965299687,0.194,39.14200000000002,0.6021846153846157,0.004603898600319896,0.9288958712047487,0.00012474593692487885
43,1.0,0.093,66.0,0.007886435331230283,0.5205047318611989,0.093,39.23500000000002,0.5944696969696973,0.0022070235558234548,0.9311028947605722,3.225571811462975e-05
19,2.0,0.088,68.0,0.015772870662460567,0.5362776025236595,0.176,39.41100000000002,0.579573529411765,0.004176732750805678,0.9352796275113778,0.00013447041446611982
52,1.0,0.086,69.0,0.007886435331230283,0.5441640378548898,0.086,39.49700000000002,0.5724202898550728,0.0020409035032345926,0.9373205310146124,3.417024235211065e-05
67,1.0,0.082,70.0,0.007886435331230283,0.55205047318612,0.082,39.57900000000002,0.565414285714286,0.0019459777588981002,0.9392665087735106,3.528903616867878e-05
55,2.0,0.073,72.0,0.015772870662460567,0.5678233438485806,0.146,39.72500000000002,0.5517361111111114,0.003464789668281983,0.9427312984417926,0.00015148885775926007
58,1.0,0.066,73.0,0.007886435331230283,0.5757097791798108,0.066,39.791000000000025,0.5450821917808223,0.0015662747815521293,0.9442975732233447,3.994442937370807e-05
49,2.0,0.065,75.0,0.015772870662460567,0.5914826498422714,0.13,39.92100000000003,0.5322800000000004,0.0030850866909360123,0.9473826599142807,0.00016097986210807542
4,2.0,0.065,77.0,0.015772870662460567,0.607255520504732,0.13,40.05100000000003,0.5201428571428576,0.0030850866909360123,0.9504677466052167,0.00016097986210807542
42,1.0,0.062,78.0,0.007886435331230283,0.6151419558359622,0.062,40.11300000000003,0.5142692307692311,0.0014713490372156367,0.9519390956424324,4.115333215965458e-05
25,2.0,0.061,80.0,0.015772870662460567,0.6309148264984228,0.122,40.23500000000003,0.5029375000000004,0.002895235202263027,0.9548343308446954,0.00016583349504573712
22,2.0,0.059,82.0,0.015772870662460567,0.6466876971608834,0.118,40.35300000000003,0.49210975609756136,0.0028003094579265343,0.9576346403026219,0.0001682873442053815
10,2.0,0.056,84.0,0.015772870662460567,0.662460567823344,0.112,40.46500000000003,0.48172619047619086,0.0026579208414217953,0.9602925611440437,0.00017200190880836493
50,1.0,0.055,85.0,0.007886435331230283,0.6703470031545742,0.055,40.52000000000003,0.47670588235294153,0.0013052289846267745,0.9615977901286705,4.3312276976574314e-05
14,2.0,0.054,87.0,0.015772870662460567,0.6861198738170348,0.108,40.62800000000003,0.46698850574712675,0.0025629950970853027,0.9641607852257559,0.00017450081245269847
45,1.0,0.053,88.0,0.007886435331230283,0.694006309148265,0.053,40.681000000000026,0.4622840909090912,0.0012577661124585282,0.9654185513382144,4.393925561189216e-05
35,2.0,0.05,90.0,0.015772870662460567,0.7097791798107256,0.1,40.78100000000003,0.45312222222222254,0.0023731436084123174,0.9677916949466268,0.0001795526851229926
6,2.0,0.05,92.0,0.015772870662460567,0.7255520504731862,0.1,40.88100000000003,0.44435869565217423,0.0023731436084123174,0.9701648385550391,0.0001795526851229926
15,2.0,0.045,94.0,0.015772870662460567,0.7413249211356467,0.09,40.97100000000003,0.4358617021276599,0.0021358292475710853,0.9723006678026102,0.00018596889855141094
53,2.0,0.045,96.0,0.015772870662460567,0.7570977917981073,0.09,41.061000000000035,0.42771875000000037,0.0021358292475710853,0.9744364970501812,0.00018596889855141094
54,2.0,0.044,98.0,0.015772870662460567,0.7728706624605679,0.088,41.149000000000036,0.4198877551020412,0.002088366375402839,0.9765248634255841,0.00018726565758250138
60,1.0,0.043,99.0,0.007886435331230283,0.7807570977917981,0.043,41.192000000000036,0.41608080808080844,0.0010204517516172963,0.9775453151772013,4.714173051551517e-05
32,2.0,0.043,101.0,0.015772870662460567,0.7965299684542587,0.086,41.278000000000034,0.40869306930693106,0.0020409035032345926,0.9795862186804359,0.0001885669220620607
76,1.0,0.042,102.0,0.007886435331230283,0.804416403785489,0.042,41.320000000000036,0.4050980392156866,0.0009967203155331734,0.9805829389959692,4.746817299752224e-05
11,2.0,0.042,104.0,0.015772870662460567,0.8201892744479495,0.084,41.40400000000004,0.398115384615385,0.0019934406310663467,0.9825763796270355,0.00018987269199008896
16,2.0,0.041,106.0,0.015772870662460567,0.8359621451104101,0.082,41.48600000000004,0.39137735849056643,0.0019459777588981002,0.9845223573859336,0.00019118296736658617
18,2.0,0.037,108.0,0.015772870662460567,0.8517350157728707,0.074,41.56000000000004,0.38481481481481516,0.0017561262702251146,0.9862784836561588,0.00019646912335726405
77,1.0,0.037,109.0,0.007886435331230283,0.8596214511041009,0.037,41.59700000000004,0.3816238532110095,0.0008780631351125573,0.9871565467912713,4.911728083931601e-05
33,2.0,0.036,111.0,0.015772870662460567,0.8753943217665615,0.072,41.66900000000004,0.37539639639639677,0.0017086633980568683,0.9888652101893282,0.0001978019259761058
5,2.0,0.035,113.0,0.015772870662460567,0.8911671924290221,0.07,41.73900000000004,0.3693716814159296,0.0016612005258886222,0.9905264107152167,0.00019913923404341643
34,2.0,0.035,115.0,0.015772870662460567,0.9069400630914827,0.07,41.80900000000004,0.3635565217391308,0.0016612005258886222,0.9921876112411053,0.00019913923404341643
0,1.7999999999999998,0.034,116.8,0.01419558359621451,0.9211356466876972,0.0612,41.87020000000004,0.35847773972602776,0.0014523638883483382,0.9936399751294537,0.00016238964852294873
29,2.0,0.033,118.8,0.015772870662460567,0.9369085173501578,0.066,41.93620000000004,0.35299831649831687,0.0015662747815521293,0.9952062499110058,0.00020182736652344456
28,2.0,0.032,120.8,0.015772870662460567,0.9526813880126184,0.064,42.00020000000004,0.34768377483443746,0.001518811909383883,0.9967250618203897,0.000203178190936162
31,2.0,0.026,122.8,0.015772870662460567,0.968454258675079,0.052,42.05220000000004,0.34244462540716647,0.0012340346763744048,0.9979590964967641,0.00021137775183031397
17,2.0,0.022,124.8,0.015772870662460567,0.9842271293375395,0.044,42.09620000000004,0.3373092948717952,0.0010441831877014195,0.9990032796844655,0.00021693423472912698
48,2.0,0.021,126.8,0.015772870662460567,1.0,0.042,42.13820000000004,0.3323201892744483,0.0009967203155331734,0.9999999999999987,0.00021833461907500254
