,weight,grade,cml_weight,weight_pct,cml_weight_pct,yield,cml_yield,cml_grade,recovery,cml_recovery,distributional_heterogeneity
39,0.480000000000004,25.02,0.480000000000004,0.0024155804941875295,0.0024155804941875295,12.0096000000001,12.0096000000001,25.02,0.10481328039839184,0.10481328039839184,0.010485288945671483
59,0.6899999999999977,23.18,1.1700000000000017,0.003472396960394534,0.005887977454582064,15.994199999999948,28.003800000000048,23.9348717948718,0.13958870981114602,0.24440199020953784,0.018527650624083656
40,0.30999999999999517,15.33,1.4799999999999969,0.0015600624024960756,0.007448039857078139,4.752299999999926,32.756099999999975,22.13250000000003,0.04147549897059566,0.2858774891801335,0.0015932420764219815
27,0.29999999999999716,12.18,1.779999999999994,0.0015097378088671793,0.008957777665945318,3.6539999999999653,36.41009999999994,20.455112359550597,0.031890131775889036,0.3177676209560225,0.0009229683375914579
43,1.0,11.45,2.779999999999994,0.005032459362890645,0.013990237028835964,11.45,47.860099999999946,17.215863309352535,0.09992939486423998,0.4176970158202625,0.009005428367547256
36,0.4199999999999946,7.47,3.1999999999999886,0.002113632932414044,0.016103869961250006,3.1373999999999596,50.9974999999999,15.936718750000026,0.02738152693860808,0.44507854275887054,0.0006384664675082564
41,0.44000000000000483,5.81,3.6399999999999935,0.0022142821196719084,0.018318152080921916,2.556400000000028,53.55389999999993,14.712609890109897,0.022310873801829337,0.4673894165606999,0.00040387299723935907
60,1.0,5.14,4.6399999999999935,0.005032459362890645,0.02335061144381256,5.14,58.69389999999993,12.649547413793107,0.04485913446307367,0.5122485510237735,0.0015861640495355381
34,0.7700000000000031,4.8,5.409999999999997,0.0038749937094258126,0.027225605153238373,3.696000000000015,62.38989999999994,11.532329020332714,0.032256685014692796,0.5445052360384663,0.0008055204013474674
137,0.5800000000000125,3.97,5.990000000000009,0.002918826430476637,0.03014443158371501,2.3026000000000497,64.6925,10.800083472454073,0.02009584494448943,0.5646010809829558,0.0002950499650307383
130,0.4200000000000159,3.58,6.410000000000025,0.002113632932414151,0.03225806451612916,1.5036000000000571,66.19610000000006,10.327004680187176,0.013122605949159559,0.5777236869321154,0.00012119748688342848
33,1.3800000000000026,2.57,7.790000000000028,0.006944793920789103,0.039202858436918266,3.5466000000000064,69.74270000000007,8.95284980744542,0.03095280277952089,0.6086764897116362,0.000576384489360944
102,0.8600000000000136,2.3,8.650000000000041,0.004327915052086024,0.04353077348900429,1.9780000000000313,71.72070000000011,8.29141040462425,0.017262912056023566,0.6259394017676598,0.00016731414749187324
96,0.5,2.14,9.150000000000041,0.0025162296814453225,0.046047003170449616,1.07,72.7907000000001,7.955267759562816,0.00933838013141806,0.6352777818990779,4.6541736762063244e-05
53,1.0,1.95,10.150000000000041,0.005032459362890645,0.05107946253334026,1.95,74.7407000000001,7.363615763546778,0.017018543230154407,0.6522963251292323,0.00014366620647308063
91,1.0,1.74,11.150000000000041,0.005032459362890645,0.056111921896230904,1.74,76.4807000000001,6.85925560538115,0.01518577703613778,0.6674821021653701,0.00010308985977387261
101,1.0,1.69,12.150000000000041,0.005032459362890645,0.06114438125912155,1.69,78.1707000000001,6.433802469135789,0.014749404132800487,0.6822315062981705,9.441901566147826e-05
38,1.3800000000000026,1.39,13.530000000000044,0.006944793920789103,0.06808917517991066,1.9182000000000035,80.0889000000001,5.919356984478924,0.01674101006363192,0.6989725163618025,9.59658507172942e-05
35,0.6099999999999994,1.12,14.140000000000043,0.0030698002113632907,0.07115897539127394,0.6831999999999995,80.7721000000001,5.712312588401686,0.00596259935120076,0.7049351157130033,8.368286863444405e-06
134,1.289999999999992,0.99,15.430000000000035,0.006491872578128892,0.07765084796940283,1.2770999999999921,82.04920000000008,5.317511341542443,0.011145836697041058,0.7160809524100443,2.1659382020121886e-05
42,1.259999999999998,0.82,16.690000000000033,0.006340898797242203,0.08399174676664503,1.0331999999999983,83.08240000000008,4.977974835230672,0.009017209674561799,0.7250981620846061,7.162639912059184e-06
44,0.9799999999999969,0.72,17.67000000000003,0.0049318101756328165,0.08892355694227785,0.7055999999999977,83.78800000000008,4.74182229767968,0.006158094411895852,0.7312562564965019,1.5037730281072177e-06
90,1.0,0.71,18.67000000000003,0.005032459362890645,0.0939560163051685,0.71,84.49800000000008,4.525870380289231,0.006196495227389554,0.7374527517238915,1.3549794938397222e-06
88,0.5900000000000034,0.7,19.260000000000034,0.0029691510241054977,0.096925167329274,0.41300000000000237,84.91100000000007,4.408670820353059,0.003604440181566057,0.7410571919054575,4.0359231358694735e-07
17,2.4400000000000013,0.7,21.700000000000035,0.01227920084545318,0.10920436817472719,1.7080000000000009,86.61900000000007,3.991658986175112,0.01490649837800192,0.7559636902834594,6.9026923245366975e-06
46,0.36999999999999744,0.67,22.070000000000032,0.0018620099642695257,0.11106637813899671,0.2478999999999983,86.86690000000007,3.9359719075668305,0.0021635368547462813,0.7581272271382057,9.091846568058151e-08
7,1.8399999999999999,0.64,23.910000000000032,0.009259725227718786,0.1203261033667155,1.1776,88.04450000000007,3.6823295692178983,0.010277454619399913,0.7684046817576056,1.0357731146916375e-06
18,0.3200000000000003,0.63,24.230000000000032,0.001610386996125008,0.1219364903628405,0.20160000000000017,88.24610000000007,3.6420181593066427,0.001759455546255965,0.7701641373038616,2.2221432638145728e-08
87,0.9499999999999886,0.63,25.18000000000002,0.004780836394746055,0.12671732675758657,0.5984999999999928,88.84460000000006,3.5283796664019054,0.005223383652947329,0.7753875209568089,1.9584807574146488e-07
54,0.8799999999999955,0.59,26.060000000000016,0.004428564239343745,0.1311458909969303,0.5191999999999973,89.36380000000005,3.429155794320798,0.004531296228254422,0.7799188171850633,1.0553861545543552e-08
76,1.4399999999999977,0.58,27.500000000000014,0.007246741482562518,0.13839263247949282,0.8351999999999986,90.19900000000005,3.279963636363637,0.0072891729773461224,0.7872079901624094,1.8004317495711266e-09
98,1.1699999999999875,0.56,28.67,0.005887977454581992,0.14428060993407482,0.655199999999993,90.85420000000005,3.1689640739448914,0.00571823052533182,0.7929262206877412,2.8814019989862474e-08
81,2.0,0.55,30.67,0.01006491872578129,0.15434552865985612,1.1,91.95420000000004,2.9981806325399427,0.009600203873420437,0.8025264245611616,2.1595989400476959e-07
45,1.1200000000000045,0.54,31.790000000000006,0.005636354486437545,0.15998188314629366,0.6048000000000024,92.55900000000004,2.9115759672853105,0.0052783666387679114,0.8078047911999295,1.2815529907913625e-07
129,2.5,0.53,34.290000000000006,0.012581148407226612,0.17256303155352026,1.3250000000000002,93.88400000000004,2.7379410906969968,0.011563881938438254,0.8193686731383678,1.0348310685211382e-06
62,2.0,0.51,36.290000000000006,0.01006491872578129,0.18262795027930157,1.02,94.90400000000004,2.615155690272803,0.008902007228080768,0.8282706803664486,1.3523631514840709e-06
89,1.0,0.49,37.290000000000006,0.005032459362890645,0.18766040964219222,0.49,95.39400000000003,2.558165728077233,0.004276454452705467,0.832547134819154,5.715434242240992e-07
97,1.0200000000000102,0.49,38.31000000000002,0.005133108550148509,0.19279351819234072,0.499800000000005,95.89380000000004,2.5031010180109634,0.00436198354175962,0.8369091183609136,5.946337785627648e-07
140,0.8100000000000023,0.46,39.12000000000002,0.004076292083941434,0.19686981027628217,0.37260000000000104,96.26640000000005,2.46079754601227,0.003251850875669513,0.8401609692365831,6.797033058968644e-07
37,0.9299999999999997,0.41,40.05000000000002,0.004680187207488299,0.20154999748377048,0.38129999999999986,96.64770000000004,2.4131760299625467,0.0033277797608501918,0.8434887489974333,1.8290059017222033e-06
95,0.8899999999999864,0.4,40.940000000000005,0.004478888832972605,0.20602888631674307,0.35599999999999454,97.00370000000004,2.3694113336590137,0.0031069750717614753,0.8465957240691948,1.8821473682004692e-06
58,1.0900000000000034,0.38,42.03000000000001,0.005485380705550821,0.2115142670222939,0.4142000000000013,97.41790000000005,2.3178182250773265,0.0036149131312461424,0.850210637200441,3.498648946525224e-06
52,1.0,0.37,43.03000000000001,0.005032459362890645,0.21654672638518455,0.37,97.78790000000005,2.2725517081106212,0.0032291594846959645,0.8534397966851369,3.251890450696948e-06
32,0.9600000000000009,0.37,43.99000000000001,0.0048311609883750235,0.22137788737355957,0.3552000000000003,98.14310000000005,2.2310320527392595,0.0030999931053081286,0.8565397897904451,2.9969422393623125e-06
55,0.8900000000000006,0.34,44.88000000000001,0.004478888832972677,0.22585677620653224,0.3026000000000002,98.44570000000004,2.1935316399286995,0.002640928810997296,0.8591807186014424,3.3780970423797414e-06
50,1.8900000000000006,0.34,46.77000000000001,0.009511348195863321,0.23536812440239557,0.6426000000000003,99.08830000000005,2.118629463331196,0.005608264553690886,0.8647889831551333,1.5234061917794046e-05
48,1.2800000000000011,0.28,48.05000000000001,0.006441547984500032,0.2418096723868956,0.35840000000000033,99.44670000000005,2.0696503642039548,0.0031279209711217158,0.867916904126255,1.0980123983790492e-05
4,1.2100000000000009,0.26,49.26000000000001,0.006089275829097685,0.2478989482159933,0.3146000000000002,99.76130000000005,2.025198944376777,0.0027456583077982463,0.8706625624340533,1.1179778128740596e-05
100,1.0,0.26,50.26000000000001,0.005032459362890645,0.25293140757888394,0.26,100.02130000000005,1.9900775964982098,0.0022691390973539212,0.8729317015314072,7.635938889925948e-06
139,1.039999999999992,0.25,51.300000000000004,0.005233757737406231,0.2581651653162902,0.259999999999998,100.28130000000004,1.954801169590644,0.002269139097353904,0.8752008406287611,8.78896368094571e-06
93,1.0,0.25,52.300000000000004,0.005032459362890645,0.26319762467918084,0.25,100.53130000000004,1.9222045889101345,0.0021818645166864627,0.8773827051454476,8.125890977205845e-06
49,1.0,0.24,53.300000000000004,0.005032459362890645,0.2682300840420715,0.24,100.77130000000004,1.8906435272045035,0.002094589936019004,0.8794772950814665,8.631076769347102e-06
84,2.0,0.23,55.300000000000004,0.01006491872578129,0.2782950027678528,0.46,101.23130000000003,1.830584086799277,0.004014630710703092,0.8834919257921696,3.660598506539889e-05
136,1.710000000000008,0.22,57.01000000000001,0.008605505510543043,0.28690050827839586,0.37620000000000176,101.60750000000003,1.7822750394667604,0.0032832697247098044,0.8867751955168794,2.8326193760003955e-05
47,1.6499999999999986,0.21,58.66000000000001,0.008303557948769557,0.29520406622716544,0.3464999999999997,101.95400000000004,1.7380497783839075,0.0030240642201274344,0.8897992597370069,2.78730540307715e-05
57,2.469999999999999,0.21,61.13000000000001,0.012430174626339888,0.3076342408535053,0.5186999999999997,102.47270000000003,1.6763078684770165,0.00452693249922107,0.894326192236228,6.246123611986556e-05
94,1.0,0.21,62.13000000000001,0.005032459362890645,0.312666700216396,0.21,102.68270000000003,1.6527072267825529,0.0018327661940166285,0.8961589584302446,1.0238036374939045e-05
12,1.0300000000000011,0.21,63.16000000000001,0.0051834331437773705,0.31785013336017337,0.21630000000000024,102.89900000000003,1.629179860671311,0.0018877491798371295,0.8980467076100818,1.0861532790172857e-05
103,1.9799999999999898,0.19,65.14,0.009964269538523427,0.3278144028986968,0.37619999999999804,103.27520000000003,1.5854344488793373,0.003283269724709772,0.9013299773347916,4.4635758512178064e-05
80,2.0,0.19,67.14,0.01006491872578129,0.3378793216244781,0.38,103.65520000000002,1.5438665475126605,0.003316434065363423,0.904646411400155,4.554204521189524e-05
92,1.0,0.19,68.14,0.005032459362890645,0.34291178098736874,0.19,103.84520000000002,1.5239976518931615,0.0016582170326817115,0.9063046284328368,1.138551130297381e-05
138,0.6599999999999966,0.19,68.8,0.003321423179507809,0.34623320416687653,0.12539999999999935,103.97060000000002,1.511200581395349,0.001094423241569924,0.9073990516744067,4.959528723575341e-06
75,2.4399999999999977,0.19,71.24,0.012279200845453163,0.35851240501232967,0.46359999999999957,104.43420000000002,1.4659489051094894,0.004046049559743373,0.9114451012341501,6.778478009338476e-05
0,1.0,0.19,72.24,0.005032459362890645,0.3635448643752203,0.19,104.62420000000002,1.4482862679955706,0.0016582170326817115,0.9131033182668319,1.138551130297381e-05
61,1.25,0.19,73.49,0.006290574203613306,0.3698354385788336,0.2375,104.86170000000001,1.4268839297863658,0.0020727712908521394,0.915176089557684,1.7789861410896578e-05
23,0.740000000000002,0.18,74.22999999999999,0.0037240199285390875,0.3735594585073727,0.13320000000000035,104.99490000000002,1.4144537249090667,0.0011624974144905504,0.9163385869721746,6.561397589977536e-06
25,1.0,0.18,75.22999999999999,0.005032459362890645,0.37859191787026336,0.18,105.17490000000002,1.398044663033365,0.0015709424520142532,0.9179095294241889,1.1982099324283237e-05
123,2.25,0.18,77.47999999999999,0.011323033566503951,0.3899149514367673,0.40499999999999997,105.57990000000002,1.3626729478575121,0.003534620517032069,0.9214441499412209,6.065937782918389e-05
19,1.0,0.17,78.47999999999999,0.005032459362890645,0.39494741079965795,0.17,105.74990000000003,1.3474757900101941,0.0014836678713467948,0.9229278178125677,1.2593921050454021e-05
30,2.0,0.17,80.47999999999999,0.01006491872578129,0.40501232952543925,0.34,106.08990000000003,1.3182144632206765,0.0029673357426935896,0.9258951535552613,5.0375684201816085e-05
2,1.0,0.16,81.47999999999999,0.005032459362890645,0.4100447888883299,0.16,106.24990000000003,1.303999754540992,0.0013963932906793362,0.9272915468459406,1.3220976481486172e-05
24,1.0,0.16,82.47999999999999,0.005032459362890645,0.41507724825122055,0.16,106.40990000000002,1.2901297284190112,0.0013963932906793362,0.9286879401366199,1.3220976481486172e-05
107,2.3700000000000045,0.15,84.85,0.011926928690050851,0.4270041769412714,0.35550000000000065,106.76540000000003,1.2582840306423104,0.0031026113427281557,0.9317905514793481,7.786857664626024e-05
29,2.0,0.15,86.85,0.01006491872578129,0.4370690956670527,0.3,107.06540000000003,1.2327622337363273,0.002618237420023755,0.9344087888993718,5.545306246951873e-05
51,1.5,0.15,88.35,0.007548689044335968,0.4446177847113887,0.22499999999999998,107.29040000000002,1.2143791737408038,0.001963678065017816,0.9363724669643897,3.119234763910429e-05
108,1.3799999999999955,0.15,89.72999999999999,0.006944793920789068,0.45156257863217775,0.20699999999999932,107.49740000000001,1.1980095843084813,0.0018065838198163852,0.938179050784206,2.6401203041737693e-05
5,1.0399999999999991,0.14,90.76999999999998,0.005233757737406267,0.456796336369584,0.1455999999999999,107.64300000000001,1.1858874077338333,0.001270717894518195,0.9394497686787242,1.5705684796318307e-05
132,2.0,0.14,92.76999999999998,0.01006491872578129,0.4668612550953653,0.28,107.92300000000002,1.1633394416298377,0.0024436882586888384,0.941893456937413,5.8083153832538226e-05
128,1.1299999999999955,0.14,93.89999999999998,0.005686679080066406,0.4725479341754317,0.15819999999999937,108.08120000000001,1.1510244941427055,0.001380683866159188,0.9432741408035722,1.8541594782191866e-05
31,1.6599999999999966,0.14,95.55999999999997,0.008353882542398454,0.48090181671783017,0.23239999999999955,108.31360000000001,1.1334616994558397,0.0020282612547117317,0.945302402058284,4.0013484675235416e-05
22,1.3700000000000045,0.13,96.92999999999998,0.006894469327160207,0.48779628604499037,0.1781000000000006,108.49170000000001,1.119278861033736,0.0015543602816874412,0.9468567623399714,2.8516764617540045e-05
127,2.0,0.13,98.92999999999998,0.01006491872578129,0.49786120477077167,0.26,108.75170000000001,1.0992792883857276,0.0022691390973539212,0.9491259014373253,6.077418001500316e-05
56,2.3400000000000034,0.12,101.26999999999998,0.011775954909164128,0.5096371596799358,0.2808000000000004,109.03250000000001,1.0766515256245683,0.002450670225142238,0.9515765716624676,8.69609344380532e-05
1,1.0,0.11,102.26999999999998,0.005032459362890645,0.5146696190428265,0.11,109.14250000000001,1.0671995697663053,0.0009600203873420435,0.9525365920498096,1.658475920956734e-05
28,1.2800000000000011,0.11,103.54999999999998,0.006441547984500032,0.5211111670273265,0.14080000000000012,109.28330000000001,1.055367455335587,0.0012288260957978169,0.9537654181456073,2.7172469488955183e-05
3,1.4600000000000009,0.1,105.00999999999999,0.007347390669820346,0.5284585576971469,0.1460000000000001,109.42930000000001,1.042084563374917,0.001274208877744895,0.9550396270233522,3.6883537079596785e-05
133,2.210000000000008,0.1,107.22,0.011121735191988365,0.5395802928891352,0.2210000000000008,109.65030000000002,1.0226664801343035,0.00192876823275084,0.956968395256103,8.451064151363284e-05
9,1.0,0.1,108.22,0.005032459362890645,0.5446127522520259,0.1,109.75030000000001,1.0141406394381816,0.0008727458066745851,0.9578411410627776,1.7303216869767658e-05
16,1.0399999999999991,0.09,109.25999999999999,0.005233757737406267,0.5498465099894322,0.09359999999999992,109.8439,1.0053441332601136,0.0008168900750474109,0.958658031137825,1.950871994679138e-05
135,1.6999999999999886,0.09,110.95999999999998,0.00855518091691404,0.5584016909063463,0.15299999999999897,109.99690000000001,0.9913202956020191,0.0013353010842121061,0.9599933322220371,5.21266647986561e-05
26,0.8999999999999986,0.09,111.85999999999999,0.004529213426601573,0.5629309043329479,0.08099999999999986,110.07790000000001,0.9840684784552122,0.0007069241034064127,0.9607002563254435,1.4609895670211718e-05
85,2.0900000000000034,0.09,113.94999999999999,0.010517840068441465,0.5734487444013894,0.1881000000000003,110.26600000000002,0.9676700307152263,0.001641634862354897,0.9623418911877984,7.87870188605583e-05
121,2.0,0.09,115.94999999999999,0.01006491872578129,0.5835136631271707,0.18,110.44600000000003,0.9525312634756363,0.0015709424520142532,0.9639128336398127,7.214763293931736e-05
111,1.3000000000000114,0.09,117.25,0.006542197171757896,0.5900558602989285,0.11700000000000102,110.56300000000003,0.9429680170575696,0.0010211125938092735,0.964933946233622,3.0482374916862113e-05
8,1.0,0.08,118.25,0.005032459362890645,0.5950883196618192,0.08,110.64300000000003,0.9356701902748417,0.0006981966453396681,0.9656321428789617,1.8785833304752377e-05
15,1.5199999999999996,0.08,119.77,0.007649338231593778,0.6027376578934129,0.12159999999999997,110.76460000000003,0.9248108875344413,0.0010612589009162952,0.966693401779878,4.340278926729986e-05
99,0.9900000000000091,0.08,120.76,0.0049821347692617845,0.6077197926626747,0.07920000000000073,110.84380000000003,0.9178850612785693,0.0006912146788862777,0.9673846164587643,1.841199522198814e-05
6,1.1600000000000001,0.08,121.92,0.0058376528609531495,0.6135574455236279,0.09280000000000001,110.93660000000003,0.9099130577427823,0.000809908108594015,0.9681945245673583,2.5278217294874803e-05
86,1.960000000000008,0.08,123.88000000000001,0.009863620351265704,0.6234210658748937,0.15680000000000063,111.09340000000003,0.8967823700355184,0.001368465424865755,0.9695629899922241,7.216765722353731e-05
20,1.0,0.08,124.88000000000001,0.005032459362890645,0.6284535252377843,0.08,111.17340000000003,0.8902418321588726,0.0006981966453396681,0.9702611866375638,1.8785833304752377e-05
82,2.0,0.08,126.88000000000001,0.01006491872578129,0.6385184439635656,0.16,111.33340000000003,0.8774700504413621,0.0013963932906793362,0.9716575799282431,7.514333321900951e-05
21,1.0899999999999963,0.07,127.97,0.005485380705550784,0.6440038246691164,0.07629999999999974,111.40970000000003,0.870592326326483,0.0006659050504927062,0.9723234849787358,2.3227345589697497e-05
14,1.0,0.07,128.97,0.005032459362890645,0.6490362840320071,0.07,111.47970000000002,0.8643847406373577,0.0006109220646722096,0.972934407043408,1.9549992079536782e-05
72,2.1700000000000017,0.07,131.14,0.010920436817472708,0.6599567208494798,0.15190000000000015,111.63160000000002,0.8512398962940372,0.001325700880338696,0.9742601079237466,9.20589577033309e-05
83,2.0,0.07,133.14,0.01006491872578129,0.6700216395752611,0.14,111.77160000000002,0.8395042812077514,0.0012218441293444192,0.9754819520530911,7.819996831814713e-05
105,0.6999999999999886,0.07,133.83999999999997,0.0035227215540233944,0.6735443611292845,0.04899999999999921,111.82060000000001,0.8354796772265394,0.0004276454452705398,0.9759095974983616,9.579496118972712e-06
63,1.0,0.07,134.83999999999997,0.005032459362890645,0.6785768204921752,0.07,111.8906,0.8298027291604867,0.0006109220646722096,0.9765205195630338,1.9549992079536782e-05
126,2.0,0.06,136.83999999999997,0.01006491872578129,0.6886417392179565,0.12,112.01060000000001,0.8185515931014326,0.001047294968009502,0.9775678145310432,8.131753823673019e-05
122,2.0,0.06,138.83999999999997,0.01006491872578129,0.6987066579437378,0.12,112.13060000000002,0.8076246038605591,0.001047294968009502,0.9786151094990527,8.131753823673019e-05
13,0.9699999999999989,0.06,139.80999999999997,0.00488148558200392,0.7035881435257417,0.05819999999999993,112.18880000000001,0.8024375938774053,0.0005079380594846079,0.9791230475585373,1.912791793173482e-05
109,1.6200000000000045,0.06,141.42999999999998,0.008152584167882868,0.7117407276936246,0.09720000000000027,112.28600000000002,0.7939333946121758,0.000848308924087699,0.979971356482625,5.3352436837118975e-05
106,2.0,0.06,143.42999999999998,0.01006491872578129,0.7218056464194059,0.12,112.40600000000002,0.7836993655441682,0.001047294968009502,0.9810186514506345,8.131753823673019e-05
74,2.5,0.06,145.92999999999998,0.012581148407226612,0.7343867948266325,0.15,112.55600000000003,0.7713013088467077,0.0013091187100118776,0.9823277701606463,0.00012705865349489092
77,1.6200000000000045,0.06,147.54999999999998,0.008152584167882868,0.7425393789945154,0.09720000000000027,112.65320000000003,0.7634916977295835,0.000848308924087699,0.983176079084734,5.3352436837118975e-05
10,1.0,0.06,148.54999999999998,0.005032459362890645,0.747571838357406,0.06,112.71320000000003,0.7587559744193877,0.000523647484004751,0.9836997265687388,2.0329384559182548e-05
104,1.9300000000000068,0.06,150.48,0.00971264657037898,0.757284484927785,0.1158000000000004,112.82900000000004,0.7497939925571507,0.001010639644129173,0.984710366212868,7.572492454449962e-05
65,2.0,0.05,152.48,0.01006491872578129,0.7673494036535663,0.1,112.92900000000003,0.7406151626442815,0.0008727458066745851,0.9855831120195426,8.449604297475867e-05
131,1.9499999999999886,0.05,154.42999999999998,0.009813295757636701,0.777162699411203,0.09749999999999943,113.02650000000003,0.731894709577155,0.0008509271615077155,0.9864340391810503,8.032405085287902e-05
73,1.8299999999999983,0.05,156.26,0.009209400634089872,0.7863721000452929,0.09149999999999991,113.11800000000002,0.7239088698323309,0.0007985624131072445,0.9872326015941576,7.074219957954219e-05
124,1.75,0.05,158.01,0.008806803885058629,0.7951789039303515,0.08750000000000001,113.20550000000003,0.7164451616986269,0.000763652580840262,0.9879962541749978,6.46922829025496e-05
125,2.0,0.05,160.01,0.01006491872578129,0.8052438226561328,0.1,113.30550000000002,0.7081151178051374,0.0008727458066745851,0.9888689999816724,8.449604297475867e-05
67,2.0,0.05,162.01,0.01006491872578129,0.8153087413819141,0.1,113.40550000000002,0.6999907413122648,0.0008727458066745851,0.9897417457883471,8.449604297475867e-05
66,2.0,0.05,164.01,0.01006491872578129,0.8253736601076954,0.1,113.50550000000001,0.6920645082616915,0.0008727458066745851,0.9906144915950217,8.449604297475867e-05
79,2.0,0.04,166.01,0.01006491872578129,0.8354385788334767,0.08,113.58550000000001,0.6842087826034577,0.0006981966453396681,0.9913126882403613,8.773548253223262e-05
117,2.0,0.04,168.01,0.01006491872578129,0.845503497559258,0.08,113.66550000000001,0.6765400868995894,0.0006981966453396681,0.992010884885701,8.773548253223262e-05
119,1.960000000000008,0.04,169.97,0.009863620351265704,0.8553671179105238,0.07840000000000032,113.74390000000001,0.6691998587986115,0.0006842327124328775,0.9926951175981339,8.426115742395688e-05
114,1.3100000000000023,0.04,171.28,0.006592521765386756,0.8619596396759105,0.05240000000000009,113.79630000000002,0.6643875525455396,0.00045731880269748337,0.9931524364008314,3.7640715393391226e-05
113,1.9000000000000057,0.04,173.18,0.009561672789492255,0.8715213124654028,0.07600000000000023,113.87230000000001,0.6575372444855064,0.0006632868130726867,0.9938157232139041,7.918127298534041e-05
71,2.0,0.04,175.18,0.01006491872578129,0.8815862311911841,0.08,113.95230000000001,0.6504869277314762,0.0006981966453396681,0.9945139198592438,8.773548253223262e-05
120,2.0,0.04,177.18,0.01006491872578129,0.8916511499169654,0.08,114.0323,0.6435957783045491,0.0006981966453396681,0.9952121165045834,8.773548253223262e-05
64,3.0,0.03,180.18,0.015097378088671936,0.9067485280056373,0.09,114.12230000000001,0.6333793983793984,0.0007854712260071266,0.9959975877305906,0.00020483067804559203
112,1.799999999999983,0.03,181.98,0.009058426853203076,0.9158069548588404,0.053999999999999486,114.17630000000001,0.6274112539839544,0.00047128273560427146,0.9964688704661948,7.373904409641172e-05
11,1.0,0.03,182.98,0.005032459362890645,0.9208394142217311,0.03,114.20630000000001,0.6241463547928736,0.0002618237420023755,0.9967306942081972,2.2758964227288e-05
78,2.0,0.03,184.98,0.01006491872578129,0.9309043329475124,0.06,114.26630000000002,0.6177224564817819,0.000523647484004751,0.997254341692202,9.1035856909152e-05
69,2.0,0.03,186.98,0.01006491872578129,0.9409692516732937,0.06,114.32630000000002,0.611435982458017,0.000523647484004751,0.9977779891762067,9.1035856909152e-05
70,2.0,0.03,188.98,0.01006491872578129,0.951034170399075,0.06,114.38630000000002,0.6052825695840831,0.000523647484004751,0.9983016366602115,9.1035856909152e-05
118,2.039999999999992,0.02,191.01999999999998,0.010266217100296876,0.9613003874993719,0.04079999999999984,114.42710000000002,0.5990320385299971,0.0003560802891232293,0.9986577169493348,9.821081161617895e-05
116,2.0,0.02,193.01999999999998,0.01006491872578129,0.9713653062251532,0.04,114.46710000000003,0.5930323282561395,0.00034909832266983405,0.9990068152720046,9.439716610551684e-05
115,1.6899999999999977,0.02,194.70999999999998,0.00850485632328518,0.9798701625484383,0.033799999999999955,114.50090000000003,0.5880586513276156,0.00029498808265600936,0.9993018033546607,6.740193652849148e-05
110,2.0,0.02,196.70999999999998,0.01006491872578129,0.9899350812742196,0.04,114.54090000000004,0.5822830562757361,0.00034909832266983405,0.9996509016773305,9.439716610551684e-05
68,2.0,0.02,198.70999999999998,0.01006491872578129,1.0000000000000009,0.04,114.58090000000004,0.5766237230134369,0.00034909832266983405,1.0000000000000004,9.439716610551684e-05
