,weight,grade,cml_weight,weight_pct,cml_weight_pct,yield,cml_yield,cml_grade,recovery,cml_recovery,distributional_heterogeneity
20,0.9600000000000009,31.74,0.9600000000000009,0.0035819558971680195,0.0035819558971680195,30.470400000000026,30.470400000000026,31.74,0.12538769060468846,0.12538769060468846,0.014836637007638853
110,2.0,8.93,2.960000000000001,0.007462408119100034,0.011044364016268054,17.86,48.330400000000026,16.32783783783784,0.0734950691228121,0.19888275972750058,0.004360312319231157
32,2.0,8.79,4.960000000000001,0.007462408119100034,0.01850677213536809,17.58,65.91040000000002,13.288387096774196,0.07234285079389903,0.2712256105213996,0.00420947184167788
97,1.6000000000000227,7.91,6.560000000000024,0.005969926495280112,0.024476698630648202,12.65600000000018,78.5664000000002,11.976585365853646,0.0520802684668714,0.323305878988271,0.002126163636737094
114,2.0,7.24,8.560000000000024,0.007462408119100034,0.03193910674974824,14.48,93.0464000000002,10.869906542056068,0.05958614786664722,0.38289202685491824,0.002716884245270031
99,1.0999999999999943,7.05,9.660000000000018,0.004104324465504998,0.03604343121525323,7.75499999999996,100.80140000000017,10.434927536231882,0.031912332645431404,0.41480435950034966,0.0007732853189348543
112,2.0,6.22,11.660000000000018,0.007462408119100034,0.043505839334353265,12.44,113.24140000000017,9.711955403087478,0.05119141432742343,0.4659957738277731,0.0019122259839675871
88,0.799999999999983,5.05,12.46,0.00298496324763995,0.046490802581993215,4.039999999999914,117.28140000000008,9.412632423756024,0.01662486446003105,0.4826206382878041,0.00018604690508378829
100,1.0,4.65,13.46,0.003731204059550017,0.050222006641543235,4.65,121.93140000000008,9.058796433878163,0.01913505439087773,0.5017556926786818,0.00023727860502994504
103,0.6399999999999864,4.56,14.099999999999987,0.00238797059811196,0.052609977239655194,2.9183999999999375,124.84980000000002,8.85459574468086,0.012009407039642232,0.5137650997183241,9.257203919840671e-05
146,2.0,4.33,16.099999999999987,0.007462408119100034,0.060072385358755226,8.66,133.5098,8.292534161490691,0.035636466887097026,0.549401566605421,0.0007937775874625482
75,0.2599999999999909,4.0,16.359999999999978,0.0009701130554829704,0.06104249841423819,1.0399999999999636,134.54979999999998,8.224315403422992,0.0042796680788198165,0.5536812346842409,1.0953154452494151e-05
61,0.8099999999999881,3.75,17.169999999999966,0.003022275288235469,0.06406477370247367,3.0374999999999552,137.58729999999994,8.01323820617357,0.012499511335976399,0.5661807460202173,8.981800310460011e-05
67,1.0,3.68,18.169999999999966,0.003731204059550017,0.06779597776202369,3.68,141.26729999999995,7.7747550908090375,0.015143440894286033,0.5813241869145033,0.00013023914957210555
68,1.0000000000000142,3.48,19.16999999999998,0.00373120405955007,0.07152718182157376,3.4800000000000493,144.7473,7.55071987480439,0.014320427802205472,0.5956446147167087,0.00011213165947201694
73,0.8500000000000227,3.41,20.020000000000003,0.003171523450617599,0.07469870527219136,2.8985000000000776,147.64580000000007,7.374915084915087,0.011927517236980772,0.6075721319536895,7.66674271868305e-05
96,1.5999999999999943,3.11,21.619999999999997,0.005969926495280006,0.08066863176747137,4.975999999999982,152.62180000000004,7.059287696577246,0.0204765657309693,0.6280486976846589,0.0002104425819144401
140,2.0,2.81,23.619999999999997,0.007462408119100034,0.08813103988657141,5.62,158.24180000000004,6.699483488569012,0.02312666788746943,0.6511753655721283,0.0002453690340909561
109,2.0,2.73,25.619999999999997,0.007462408119100034,0.09559344800567145,5.46,163.70180000000005,6.389609679937552,0.02246825741380482,0.6736436229859332,0.00022517551305539215
70,1.0,2.65,26.619999999999997,0.003731204059550017,0.09932465206522147,2.65,166.35180000000005,6.249128474830957,0.010904923470070105,0.6845485464560033,5.146225018087268e-05
115,2.0,2.47,28.619999999999997,0.007462408119100034,0.1067870601843215,4.94,171.29180000000005,5.985038434661078,0.02032842337439484,0.7048769698303982,0.00016553434854947867
152,0.7299999999999613,2.43,29.34999999999996,0.0027237789634713683,0.10951083914779287,1.773899999999906,173.06569999999996,5.896616695059632,0.007299714620209938,0.7121766844506081,2.093918713461145e-05
98,0.5999999999999943,2.36,29.949999999999953,0.002238722435729989,0.11174956158352287,1.4159999999999866,174.48169999999996,5.825766277128555,0.0058269326919317445,0.7180036171425399,1.2875252842711465e-05
3,0.7699999999999996,2.0,30.719999999999953,0.0028730271258535114,0.11462258870937637,1.5399999999999991,176.02169999999995,5.729873046875007,0.006337200809021869,0.7243408179515618,1.2000499307156222e-05
95,0.5300000000000011,1.62,31.249999999999954,0.0019775381515615134,0.11660012686093789,0.8586000000000019,176.88029999999995,5.660169600000007,0.003533195204302722,0.7278740131558645,2.4200688657434645e-06
76,0.8700000000000045,1.45,32.11999999999996,0.0032461475318085317,0.11984627439274642,1.2615000000000065,178.14179999999996,5.546133250311338,0.0051911550782994375,0.733065168234164,3.783054355906574e-06
108,2.0,1.32,34.11999999999996,0.007462408119100034,0.12730868251184646,2.64,180.78179999999995,5.2984114888628415,0.010863772815466067,0.74392894104963,1.1569281797685205e-05
111,2.0,1.25,36.11999999999996,0.007462408119100034,0.1347710906309465,2.5,183.28179999999995,5.074246954595796,0.010287663651009533,0.7542166047006396,7.982068820585231e-06
14,1.0,1.22,37.11999999999996,0.003731204059550017,0.13850229469049652,1.22,184.50179999999995,4.970414870689659,0.005020379861692652,0.7592369845623322,1.6619742488301076e-06
15,1.0100000000000016,1.15,38.12999999999997,0.003768516100145523,0.14227081079064205,1.1615000000000018,185.66329999999994,4.869218463152376,0.004779648532259036,0.7640166330945912,1.022388795271789e-06
58,1.0600000000000023,1.11,39.18999999999997,0.003955076303123027,0.14622588709376508,1.1766000000000025,186.83989999999994,4.7675401888236815,0.0048417860207111375,0.7688584191153024,7.862541232651882e-07
16,0.8999999999999986,1.11,40.08999999999997,0.00335808365359501,0.1495839707473601,0.9989999999999986,187.83889999999994,4.685430281865804,0.004110950394943404,0.7729693695102458,5.66808330228549e-07
74,0.5699999999999932,1.07,40.65999999999996,0.0021267863139434844,0.15171075706130357,0.6098999999999928,188.44879999999992,4.634746679783573,0.002509778424300256,0.775479147934546,1.4668295659553366e-07
62,1.0,0.95,41.65999999999996,0.003731204059550017,0.1554419611208536,0.95,189.3987999999999,4.5462986077772465,0.003909312187383622,0.7793884601219296,3.172250520039203e-08
72,1.8699999999999761,0.9,43.52999999999994,0.006977351591358443,0.16241931271221205,1.6829999999999785,191.08179999999987,4.389657707328283,0.006925655169859529,0.7863141152917892,2.6725199957932466e-09
69,1.0,0.88,44.52999999999994,0.003731204059550017,0.16615051677176207,0.88,191.96179999999987,4.310842128901867,0.0036212576051553556,0.7899353728969445,1.2088222833957282e-08
117,2.0,0.87,46.52999999999994,0.007462408119100034,0.1736129248908621,1.74,193.70179999999988,4.162944336986893,0.007160213901102635,0.7970955867980472,9.132134539105917e-08
150,2.0,0.86,48.52999999999994,0.007462408119100034,0.18107533300996215,1.72,195.42179999999988,4.026824644549766,0.007077912591894559,0.8041734993899418,1.47836810441016e-07
77,1.2800000000000011,0.85,49.80999999999994,0.004775941196224026,0.18585127420618616,1.088000000000001,196.50979999999987,3.9451877133105824,0.004477191220919352,0.8086506906108611,8.925154774454271e-08
19,1.0,0.84,50.80999999999994,0.003731204059550017,0.18958247826573618,0.84,197.34979999999987,3.8840740011808723,0.003456654986739203,0.8121073455976003,7.537719338127751e-08
118,2.0,0.83,52.80999999999994,0.007462408119100034,0.19704488638483622,1.66,199.00979999999987,3.768411285741339,0.006831008664270329,0.8189383542618707,3.986652715592472e-07
89,1.960000000000008,0.77,54.769999999999946,0.007313159956718063,0.20435804634155427,1.509200000000006,200.51899999999986,3.661110096768305,0.00621045679284146,0.8251488110547122,1.2159542676234687e-06
136,2.0,0.74,56.769999999999946,0.007462408119100034,0.2118204544606543,1.48,201.99899999999985,3.5581997533908765,0.0060902968813976435,0.8312391079361098,1.8826892486291847e-06
71,2.0,0.71,58.769999999999946,0.007462408119100034,0.21928286257975435,1.42,203.41899999999984,3.4612727582099714,0.005843392953773415,0.8370825008898832,2.62121010555758e-06
121,2.0,0.69,60.769999999999946,0.007462408119100034,0.2267452706988544,1.38,204.79899999999984,3.370067467500412,0.0056787903353572615,0.8427612912252405,3.1812923984834768e-06
86,1.450000000000017,0.67,62.21999999999996,0.005410245886347588,0.23215551658520198,0.9715000000000115,205.77049999999986,3.3071440051430403,0.003997786094782352,0.8467590773200229,1.9950426627885105e-06
151,1.4800000000000182,0.67,63.69999999999998,0.005522182008134093,0.23767769859333607,0.9916000000000122,206.76209999999986,3.245872841444269,0.004080498910536472,0.8508395762305594,2.078450153898672e-06
41,2.0,0.66,65.69999999999999,0.007462408119100034,0.2451401067124361,1.32,208.08209999999985,3.167155251141551,0.0054318864077330335,0.8562714626382925,4.12301842033277e-06
144,2.0,0.62,67.69999999999999,0.007462408119100034,0.2526025148315361,1.24,209.32209999999986,3.0919069423929084,0.005102681170900728,0.8613741438091932,5.568311270058007e-06
6,1.0,0.57,68.69999999999999,0.003731204059550017,0.25633371889108614,0.57,209.89209999999986,3.0551979621542924,0.0023455873124301734,0.8637197311216234,1.919933769898976e-06
45,1.0,0.56,69.69999999999999,0.003731204059550017,0.26006492295063616,0.56,210.45209999999986,3.019398852223815,0.0023044366578261356,0.8660241677794495,2.035665218621915e-06
92,0.6700000000000159,0.55,70.37,0.0024999067198985705,0.26256482967053474,0.36850000000000876,210.82059999999987,2.995887452039219,0.0015164016221588413,0.8675405694016083,9.672822772800346e-07
116,2.0,0.55,72.37,0.007462408119100034,0.2700272377896348,1.1,211.92059999999987,2.928293491778359,0.0045265720064441945,0.8720671414080525,8.619133680374147e-06
113,2.0,0.55,74.37,0.007462408119100034,0.2774896459087348,1.1,213.02059999999986,2.8643350813500046,0.0045265720064441945,0.8765937134144968,8.619133680374147e-06
63,0.7000000000000028,0.55,75.07000000000001,0.0026118428416850225,0.28010148875041985,0.3850000000000016,213.40559999999985,2.842754762221924,0.0015843002022554748,0.8781780136167523,1.0558438758458417e-06
120,2.0,0.52,77.07000000000001,0.007462408119100034,0.2875638968695199,1.04,214.44559999999984,2.7824782665109615,0.004279668078819966,0.8824576816955723,1.0129834164001967e-05
132,2.0,0.44,79.07000000000001,0.007462408119100034,0.2950263049886199,0.88,215.32559999999984,2.7232275199190568,0.0036212576051553556,0.8860789393007276,1.4754437270777465e-05
122,2.0,0.43,81.07000000000001,0.007462408119100034,0.30248871310771996,0.86,216.18559999999985,2.6666535093129373,0.0035389562959472795,0.8896178955966748,1.5393474208600674e-05
0,1.0099999999999998,0.42,82.08000000000001,0.0037685161001455164,0.30625722920786547,0.4241999999999999,216.60979999999986,2.6390082846003877,0.0017456107683032972,0.8913635063649781,4.0921459815956785e-06
18,1.0,0.42,83.08000000000001,0.003731204059550017,0.3099884332674155,0.42,217.02979999999985,2.6122989889263337,0.0017283274933696015,0.8930918338583477,4.011514539354652e-06
119,2.0,0.4,85.08000000000001,0.007462408119100034,0.3174508413865155,0.8,217.82979999999986,2.5602938410907363,0.0032920523683230506,0.8963838862266708,1.739186708803865e-05
91,0.9399999999999977,0.38,86.02000000000001,0.0035073318159770076,0.32095817320249254,0.35719999999999913,218.18699999999987,2.536468263194604,0.0014699013824562386,0.897853787609127,4.151122771436628e-06
139,2.0,0.38,88.02000000000001,0.007462408119100034,0.3284205813215926,0.76,218.94699999999986,2.487468757100657,0.0031274497499068983,0.9009812373590339,1.8791864062637612e-05
107,2.0,0.38,90.02000000000001,0.007462408119100034,0.3358829894406926,0.76,219.70699999999985,2.440646522994888,0.0031274497499068983,0.9041086871089408,1.8791864062637612e-05
7,1.0,0.37,91.02000000000001,0.003731204059550017,0.33961419350024263,0.37,220.07699999999986,2.417897165458139,0.0015225742203494109,0.9056312613292902,4.8780457666072954e-06
17,1.0,0.37,92.02000000000001,0.003731204059550017,0.34334539755979265,0.37,220.44699999999986,2.3956422516844147,0.0015225742203494109,0.9071538355496396,4.8780457666072954e-06
141,2.0,0.36,94.02000000000001,0.007462408119100034,0.3508078056788927,0.72,221.16699999999986,2.352339927674961,0.0029628471314907456,0.9101166826811303,2.0246049081215477e-05
26,0.8100000000000023,0.36,94.83000000000001,0.0030222752882355223,0.3538300809671282,0.2916000000000008,221.45859999999985,2.3353221554360415,0.0011999530882537553,0.911316635769384,3.320858200546387e-06
145,2.0,0.35,96.83000000000001,0.007462408119100034,0.36129248908622824,0.7,222.15859999999984,2.2943158112155304,0.002880545822282669,0.9141971815916667,2.0993462106996495e-05
44,1.0,0.35,97.83000000000001,0.003731204059550017,0.36502369314577826,0.35,222.50859999999983,2.2744413779004375,0.0014402729111413345,0.9156374545028081,5.248365526749124e-06
9,1.0,0.35,98.83000000000001,0.003731204059550017,0.3687548972053283,0.35,222.85859999999983,2.2549691389254254,0.0014402729111413345,0.9170777274139494,5.248365526749124e-06
130,2.0,0.34,100.83000000000001,0.007462408119100034,0.3762173053244283,0.68,223.53859999999983,2.216985024298322,0.0027982445130745933,0.9198759719270241,2.175442214377225e-05
138,2.0,0.34,102.83000000000001,0.007462408119100034,0.38367971344352836,0.68,224.21859999999984,2.180478459593502,0.0027982445130745933,0.9226742164400987,2.175442214377225e-05
8,1.0,0.33,103.83000000000001,0.003731204059550017,0.3874109175030784,0.33,224.54859999999985,2.1626562650486356,0.0013579716019332584,0.924032188042032,5.63223229788568e-06
106,2.0,0.32,105.83000000000001,0.007462408119100034,0.3948733256221784,0.64,225.18859999999984,2.127833317584804,0.0026336418946584406,0.9266658299366904,2.3316983250307923e-05
10,1.0,0.3,106.83000000000001,0.003731204059550017,0.39860452968172844,0.3,225.48859999999985,2.11072357951886,0.001234519638121144,0.9279003495748116,6.233433100205628e-06
43,1.0,0.3,107.83000000000001,0.003731204059550017,0.40233573374127846,0.3,225.78859999999986,2.0939311879810796,0.001234519638121144,0.9291348692129328,6.233433100205628e-06
162,1.9300000000000068,0.28,109.76000000000002,0.0072012238349315584,0.40953695757621,0.540400000000002,226.32899999999987,2.062035349854226,0.002223781374802229,0.931358650587735,2.4774933443898315e-05
48,1.0,0.26,110.76000000000002,0.003731204059550017,0.41326816163576,0.26,226.58899999999986,2.045765619357167,0.0010699170197049914,0.9324285676074401,7.082448708447098e-06
124,2.0,0.25,112.76000000000002,0.007462408119100034,0.42073056975486006,0.5,227.08899999999986,2.0139145086910237,0.0020575327302019067,0.934486100337642,2.9212677969516686e-05
64,0.9099999999999966,0.25,113.67000000000002,0.0033953956941905027,0.42412596544905057,0.22749999999999915,227.31649999999985,1.9997932611946847,0.000936177392241864,0.9354222777298838,6.047754656639146e-06
149,2.0,0.24,115.67000000000002,0.007462408119100034,0.4315883735681506,0.48,227.79649999999984,1.969365436154576,0.00197523142099383,0.9373975091508777,3.01091081162397e-05
153,1.7900000000000205,0.24,117.46000000000004,0.006678855266594607,0.4382672288347452,0.4296000000000049,228.22609999999983,1.9430112378682085,0.0017678321217894984,0.9391653412726673,2.4118148328811458e-05
37,2.0,0.23,119.46000000000004,0.007462408119100034,0.44572963695384527,0.46,228.68609999999984,1.914331993972876,0.0018929301117857542,0.941058271384453,3.101908527395744e-05
137,2.0,0.22,121.46000000000004,0.007462408119100034,0.4531920450729453,0.44,229.12609999999984,1.8864325703935434,0.0018106288025776778,0.9428689001870306,3.1942609442669914e-05
36,2.069999999999993,0.22,123.53000000000003,0.007723592403268509,0.46091563747621384,0.45539999999999853,229.58149999999983,1.858508054723547,0.0018740008106678905,0.9447429009976985,3.4217721800223854e-05
31,2.0,0.21,125.53000000000003,0.007462408119100034,0.4683780455953139,0.42,230.00149999999982,1.8322432884569406,0.0017283274933696015,0.9464712284910681,3.287968062237711e-05
66,1.0,0.2,126.53000000000003,0.003731204059550017,0.4721092496548639,0.2,230.2014999999998,1.819343238757605,0.0008230130920807627,0.9472942415831489,8.457574703269756e-06
1,1.0,0.2,127.53000000000003,0.003731204059550017,0.4758404537144139,0.2,230.4014999999998,1.8066454951776032,0.0008230130920807627,0.9481172546752297,8.457574703269756e-06
28,2.0,0.2,129.53000000000003,0.007462408119100034,0.48330286183351395,0.4,230.8014999999998,1.7818381842044295,0.0016460261841615253,0.9497632808593912,3.383029881307902e-05
87,0.37999999999999545,0.18,129.91000000000003,0.0014178575426289895,0.4847207193761429,0.06839999999999918,230.8698999999998,1.7771526441382477,0.00028147047749161745,0.9500447513368828,1.2913755618115298e-06
154,2.3999999999999986,0.18,132.31000000000003,0.008954889742920035,0.49367560911906294,0.4319999999999997,231.3018999999998,1.7481815433451722,0.0017777082788944462,0.9518224596157773,5.15119337675525e-05
142,2.0,0.18,134.31000000000003,0.007462408119100034,0.501138017238163,0.36,231.6618999999998,1.7248298711935057,0.0014814235657453728,0.9533038831815226,3.577217622746705e-05
21,0.9800000000000004,0.18,135.29000000000002,0.003656579978359018,0.504794597216522,0.17640000000000006,231.8382999999998,1.7136395890309688,0.0007258975472152328,0.9540297807287378,8.588899512214846e-06
65,1.0900000000000034,0.17,136.38000000000002,0.004067012424909531,0.5088616096414315,0.1853000000000006,232.02359999999982,1.7013022437307506,0.0007625216298128291,0.9547923023585506,1.0919659414878834e-05
129,2.0,0.17,138.38000000000002,0.007462408119100034,0.5163240177605315,0.34,232.36359999999982,1.6791704003468693,0.0013991222565372967,0.9561914246150879,3.6763435451153156e-05
4,1.0,0.17,139.38000000000002,0.003731204059550017,0.5200552218200815,0.17,232.5335999999998,1.66834266035299,0.0006995611282686483,0.9568909857433565,9.190858862788289e-06
52,1.8800000000000097,0.17,141.26000000000005,0.007014663631954068,0.5270698854520355,0.31960000000000166,232.85319999999982,1.6484015290952834,0.0013151749211450655,0.9582061606645016,3.248417156463926e-05
78,2.0,0.17,143.26000000000005,0.007462408119100034,0.5345322935711355,0.34,233.19319999999982,1.6277621108474085,0.0013991222565372967,0.9596052829210389,3.6763435451153156e-05
60,1.6300000000000097,0.16,144.89000000000004,0.006081862617066564,0.5406141561882021,0.26080000000000153,233.4539999999998,1.6112499137276537,0.0010732090720733207,0.9606784919931122,2.5086610333773376e-05
102,1.4399999999999977,0.16,146.33000000000004,0.005372933845752016,0.5459870900339541,0.23039999999999963,233.6843999999998,1.5969684958655077,0.0009481110820770371,0.9616266030751892,1.957905648993628e-05
40,2.0,0.16,148.33000000000004,0.007462408119100034,0.5534494981530541,0.32,234.0043999999998,1.577593204341669,0.0013168209473292203,0.9629434240225184,3.7768241685833986e-05
101,1.7700000000000102,0.15,150.10000000000005,0.006604231185403568,0.5600537293384577,0.2655000000000015,234.2698999999998,1.560758827448366,0.0010925498797372186,0.9640359739022556,3.0378630815231915e-05
104,2.0900000000000034,0.15,152.19000000000005,0.007798216484459548,0.5678519458229172,0.3135000000000005,234.5833999999998,1.5413851107168652,0.0012900730218365975,0.9653260469240922,4.235593133008185e-05
105,2.0,0.15,154.19000000000005,0.007462408119100034,0.5753143539420172,0.3,234.88339999999982,1.5233374408197662,0.001234519638121144,0.9665605665622133,3.8786594931509545e-05
51,1.9599999999999937,0.15,156.15000000000003,0.00731315995671801,0.5826275138987352,0.29399999999999904,235.17739999999984,1.506099263528657,0.0012098292453587172,0.9677703958075721,3.725064577222153e-05
2,1.2300000000000004,0.14,157.38000000000002,0.004589380993246522,0.5872168948919818,0.17220000000000008,235.34959999999984,1.495422544160629,0.0007086142722815369,0.9684790100798536,1.5060350342549327e-05
128,2.0,0.13,159.38000000000002,0.007462408119100034,0.5946793030110819,0.26,235.60959999999983,1.478288367423766,0.0010699170197049914,0.9695489270995586,4.086394245584484e-05
167,1.5,0.13,160.88000000000002,0.005596806089325025,0.6002761091004069,0.195,235.80459999999982,1.4657173048234695,0.0008024377647787436,0.9703513648643374,2.298596763141272e-05
163,1.0,0.12,161.88000000000002,0.003731204059550017,0.6040073131599568,0.12,235.92459999999983,1.4574042500617728,0.0004938078552484575,0.9708451727195858,1.0480734183626144e-05
42,2.0,0.12,163.88000000000002,0.007462408119100034,0.6114697212790569,0.24,236.16459999999984,1.4410824993897962,0.000987615710496915,0.9718327884300827,4.1922936734504576e-05
5,1.0,0.12,164.88000000000002,0.003731204059550017,0.6152009253386068,0.12,236.28459999999984,1.4330701115963114,0.0004938078552484575,0.9723265962853311,1.0480734183626144e-05
159,2.0,0.12,166.88000000000002,0.007462408119100034,0.6226633334577069,0.24,236.52459999999985,1.417333413231063,0.000987615710496915,0.973314211995828,4.1922936734504576e-05
123,2.0,0.12,168.88000000000002,0.007462408119100034,0.6301257415768069,0.24,236.76459999999986,1.4019694457603022,0.000987615710496915,0.9743018277063249,4.1922936734504576e-05
81,2.0,0.12,170.88000000000002,0.007462408119100034,0.6375881496959069,0.24,237.00459999999987,1.3869651217228456,0.000987615710496915,0.9752894434168218,4.1922936734504576e-05
83,2.0,0.11,172.88000000000002,0.007462408119100034,0.645050557815007,0.22,237.22459999999987,1.3721922720962507,0.0009053144012888389,0.9761947578181106,4.2995478024159045e-05
13,1.4899999999999984,0.11,174.37000000000003,0.0055594940487295194,0.6506100518637365,0.16389999999999982,237.38849999999988,1.3614067786889936,0.0006744592289601842,0.9768692170470707,2.3863565190358824e-05
49,2.0,0.11,176.37000000000003,0.007462408119100034,0.6580724599828366,0.22,237.60849999999988,1.34721607983217,0.0009053144012888389,0.9777745314483596,4.2995478024159045e-05
22,1.0,0.1,177.37000000000003,0.003731204059550017,0.6618036640423866,0.1,237.70849999999987,1.3401843603766128,0.00041150654604038133,0.9781860379944,1.1020391581202059e-05
38,3.0,0.1,180.37000000000003,0.01119361217865005,0.6729972762210366,0.30000000000000004,238.00849999999988,1.3195570216776618,0.0012345196381211441,0.9794205576325211,9.918352423081852e-05
35,2.0,0.09,182.37000000000003,0.007462408119100034,0.6804596843401366,0.18,238.1884999999999,1.3060728189943513,0.0007407117828726864,0.9801612694153938,4.518120163645215e-05
79,2.0,0.09,184.37000000000003,0.007462408119100034,0.6879220924592366,0.18,238.3684999999999,1.2928811628789925,0.0007407117828726864,0.9809019811982665,4.518120163645215e-05
127,2.0,0.09,186.37000000000003,0.007462408119100034,0.6953845005783367,0.18,238.5484999999999,1.2799726350807525,0.0007407117828726864,0.9816426929811393,4.518120163645215e-05
125,2.0,0.09,188.37000000000003,0.007462408119100034,0.7028469086974367,0.18,238.7284999999999,1.2673382173382166,0.0007407117828726864,0.982383404764012,4.518120163645215e-05
33,2.0,0.09,190.37000000000003,0.007462408119100034,0.7103093168165368,0.18,238.90849999999992,1.2549692703682296,0.0007407117828726864,0.9831241165468847,4.518120163645215e-05
135,2.0,0.08,192.37000000000003,0.007462408119100034,0.7177717249356368,0.16,239.06849999999991,1.2427535478504959,0.0006584104736646101,0.9837825270205494,4.6294383959090794e-05
23,1.0,0.08,193.37000000000003,0.003731204059550017,0.7215029289951868,0.08,239.14849999999993,1.2367404457775244,0.00032920523683230507,0.9841117322573817,1.1573595989772698e-05
147,2.0,0.08,195.37000000000003,0.007462408119100034,0.7289653371142868,0.16,239.30849999999992,1.2248989097609657,0.0006584104736646101,0.9847701427310463,4.6294383959090794e-05
39,2.0,0.08,197.37000000000003,0.007462408119100034,0.7364277452333868,0.16,239.46849999999992,1.2132973602877837,0.0006584104736646101,0.985428553204711,4.6294383959090794e-05
126,2.0,0.08,199.37000000000003,0.007462408119100034,0.7438901533524869,0.16,239.62849999999992,1.201928575011285,0.0006584104736646101,0.9860869636783757,4.6294383959090794e-05
161,2.0,0.08,201.37000000000003,0.007462408119100034,0.7513525614715869,0.16,239.7884999999999,1.190785618513184,0.0006584104736646101,0.9867453741520403,4.6294383959090794e-05
11,1.0,0.08,202.37000000000003,0.003731204059550017,0.7550837655311369,0.08,239.86849999999993,1.1852967337055882,0.00032920523683230507,0.9870745793888727,1.1573595989772698e-05
165,2.0,0.08,204.37000000000003,0.007462408119100034,0.7625461736502369,0.16,240.02849999999992,1.1744801096051274,0.0006584104736646101,0.9877329898625373,4.6294383959090794e-05
82,2.0,0.07,206.37000000000003,0.007462408119100034,0.770008581769337,0.14,240.1684999999999,1.1637762271648004,0.0005761091644565339,0.9883090990269938,4.7421113292724166e-05
90,2.0,0.07,208.37000000000003,0.007462408119100034,0.777470989888437,0.14,240.3084999999999,1.153277823103133,0.0005761091644565339,0.9888852081914503,4.7421113292724166e-05
27,2.0,0.07,210.37000000000003,0.007462408119100034,0.784933398007537,0.14,240.44849999999988,1.1429790369349235,0.0005761091644565339,0.9894613173559068,4.7421113292724166e-05
155,2.0,0.07,212.37000000000003,0.007462408119100034,0.7923958061266371,0.14,240.58849999999987,1.1328742289400566,0.0005761091644565339,0.9900374265203633,4.7421113292724166e-05
80,2.0,0.07,214.37000000000003,0.007462408119100034,0.7998582142457371,0.14,240.72849999999985,1.1229579698651855,0.0005761091644565339,0.9906135356848198,4.7421113292724166e-05
85,1.4099999999999966,0.07,215.78000000000003,0.005260997723965511,0.8051192119697026,0.09869999999999977,240.82719999999986,1.1160774863286673,0.00040615696094185546,0.9910196926457616,2.3569478834316115e-05
24,0.9400000000000013,0.07,216.72000000000003,0.0035073318159770206,0.8086265437856797,0.0658000000000001,240.89299999999986,1.1115402362495377,0.0002707713072945713,0.9912904639530562,1.0475323926362796e-05
148,2.0,0.06,218.72000000000003,0.007462408119100034,0.8160889519047797,0.12,241.01299999999986,1.1019248354059978,0.0004938078552484575,0.9917842718083046,4.856138963735227e-05
50,2.0,0.06,220.72000000000003,0.007462408119100034,0.8235513600238797,0.12,241.13299999999987,1.0924836897426597,0.0004938078552484575,0.9922780796635531,4.856138963735227e-05
157,2.0,0.06,222.72000000000003,0.007462408119100034,0.8310137681429798,0.12,241.25299999999987,1.0832121048850567,0.0004938078552484575,0.9927718875188015,4.856138963735227e-05
46,1.0,0.06,223.72000000000003,0.003731204059550017,0.8347449722025297,0.06,241.31299999999987,1.0786384766672619,0.00024690392762422876,0.9930187914464258,1.2140347409338067e-05
29,2.0,0.06,225.72000000000003,0.007462408119100034,0.8422073803216298,0.12,241.43299999999988,1.069612794612794,0.0004938078552484575,0.9935125993016742,4.856138963735227e-05
164,2.0,0.05,227.72000000000003,0.007462408119100034,0.8496697884407298,0.1,241.53299999999987,1.0606578253996128,0.00041150654604038133,0.9939241058477146,4.971521299297508e-05
84,2.0,0.05,229.72000000000003,0.007462408119100034,0.8571321965598299,0.1,241.63299999999987,1.0518587846073473,0.00041150654604038133,0.994335612393755,4.971521299297508e-05
143,2.0,0.05,231.72000000000003,0.007462408119100034,0.8645946046789299,0.1,241.73299999999986,1.0432116347315719,0.00041150654604038133,0.9947471189397954,4.971521299297508e-05
134,2.0,0.05,233.72000000000003,0.007462408119100034,0.8720570127980299,0.1,241.83299999999986,1.0347124764675673,0.00041150654604038133,0.9951586254858358,4.971521299297508e-05
12,1.0,0.05,234.72000000000003,0.003731204059550017,0.8757882168575799,0.05,241.88299999999987,1.0305172119972728,0.00020575327302019066,0.995364378758856,1.242880324824377e-05
47,1.0,0.05,235.72000000000003,0.003731204059550017,0.8795194209171299,0.05,241.93299999999988,1.0263575428474454,0.00020575327302019066,0.9955701320318762,1.242880324824377e-05
168,2.0,0.05,237.72000000000003,0.007462408119100034,0.8869818290362299,0.1,242.03299999999987,1.0181431936732284,0.00041150654604038133,0.9959816385779166,4.971521299297508e-05
131,2.0,0.05,239.72000000000003,0.007462408119100034,0.89444423715533,0.1,242.13299999999987,1.0100659102285994,0.00041150654604038133,0.9963931451239569,4.971521299297508e-05
133,2.0,0.05,241.72000000000003,0.007462408119100034,0.90190664527443,0.1,242.23299999999986,1.0021222902531848,0.00041150654604038133,0.9968046516699973,4.971521299297508e-05
158,2.0,0.04,243.72000000000003,0.007462408119100034,0.90936905339353,0.08,242.31299999999987,0.9942269817823726,0.00032920523683230507,0.9971338569068297,5.088258335959263e-05
166,1.5,0.04,245.22000000000003,0.005596806089325025,0.914965859482855,0.06,242.37299999999988,0.9883900171274768,0.00024690392762422876,0.9973807608344539,2.8621453139770853e-05
156,2.0,0.04,247.22000000000003,0.007462408119100034,0.9224282676019551,0.08,242.4529999999999,0.98071757948386,0.00032920523683230507,0.9977099660712863,5.088258335959263e-05
25,1.509999999999998,0.04,248.73000000000002,0.005634118129920518,0.9280623857318756,0.06039999999999992,242.51339999999988,0.9750066336991913,0.00024854995380839,0.9979585160250947,2.900434457955171e-05
94,1.0300000000000011,0.04,249.76000000000002,0.003843140181336522,0.9319055259132121,0.04120000000000005,242.55459999999988,0.9711507046764889,0.0001695406969686373,0.9981280567220633,1.3495333171547985e-05
30,2.0,0.04,251.76000000000002,0.007462408119100034,0.9393679340323121,0.08,242.6345999999999,0.9637535748331739,0.00032920523683230507,0.9984572619588956,5.088258335959263e-05
59,1.5,0.04,253.26000000000002,0.005596806089325025,0.9449647401216371,0.06,242.6945999999999,0.9582823975361284,0.00024690392762422876,0.9987041658865199,2.8621453139770853e-05
93,1.9899999999999807,0.03,255.25,0.0074250960785044616,0.9523898362001416,0.05969999999999942,242.7542999999999,0.9510452497551416,0.00024566940798610525,0.998949835294506,5.154416731735028e-05
57,2.0,0.03,257.25,0.007462408119100034,0.9598522443192417,0.06,242.8142999999999,0.9438845481049558,0.00024690392762422876,0.9991967392221303,5.206350073720491e-05
53,2.0,0.02,259.25,0.007462408119100034,0.9673146524383417,0.04,242.85429999999988,0.936757184185149,0.00016460261841615254,0.9993613418405464,5.325796512581192e-05
34,2.0,0.02,261.25,0.007462408119100034,0.9747770605574417,0.04,242.89429999999987,0.9297389473684206,0.00016460261841615254,0.9995259444589625,5.325796512581192e-05
55,1.2099999999999937,0.02,262.46,0.004514756912055497,0.9792918174694972,0.024199999999999874,242.91849999999988,0.9255448449287507,9.958458414177176e-05,0.9996255290431042,1.9493746685175107e-05
56,1.5499999999999972,0.02,264.01,0.005783366292302515,0.9850751837617997,0.030999999999999944,242.9494999999999,0.9202284004393769,0.00012756702927251798,0.9997530960723767,3.1988065303690663e-05
160,2.0,0.02,266.01,0.007462408119100034,0.9925375918808997,0.04,242.98949999999988,0.9134600202999883,0.00016460261841615254,0.9999176986907928,5.325796512581192e-05
54,2.0,0.01,268.01,0.007462408119100034,0.9999999999999998,0.02,243.0094999999999,0.9067180329092194,8.230130920807627e-05,1.0000000000000009,5.446597652541365e-05
