,weight,grade,cml_weight,weight_pct,cml_weight_pct,yield,cml_yield,cml_grade,recovery,cml_recovery,distributional_heterogeneity
73,0.15000000000000568,2.39,0.15000000000000568,0.0009457755359395064,0.0009457755359395064,0.3585000000000136,0.3585000000000136,2.39,0.02908556917659957,0.02908556917659957,0.000791847986138933
77,1.5300000000000011,0.71,1.6800000000000068,0.009646910466582607,0.010592686002522113,1.0863000000000007,1.4448000000000143,0.860000000000005,0.08813292551335826,0.11721849468995783,0.006160054557922697
59,2.219999999999999,0.5,3.9000000000000057,0.013997477931904157,0.02459016393442627,1.1099999999999994,2.5548000000000135,0.6550769230769256,0.09005573719950986,0.2072742318894677,0.005784858802818329
5,0.8000000000000007,0.5,4.700000000000006,0.0050441361916771805,0.02963430012610345,0.40000000000000036,2.954800000000014,0.6286808510638319,0.03245251790973333,0.23972674979920103,0.0007512193884026745
86,2.0,0.5,6.700000000000006,0.012610340479192942,0.04224464060529639,1.0,3.954800000000014,0.5902686567164194,0.08113129477433324,0.3208580445735343,0.004695121177516707
78,2.0500000000000114,0.39,8.750000000000018,0.012925598991172836,0.055170239596469224,0.7995000000000044,4.754300000000018,0.5433485714285724,0.06486447017207979,0.3857225147456141,0.0026976463395468474
22,1.6000000000000014,0.33,10.35000000000002,0.010088272383354361,0.06525851197982359,0.5280000000000005,5.282300000000019,0.510367149758455,0.042837323640847996,0.42855983838646206,0.0010725003582659459
26,1.3000000000000043,0.31,11.650000000000023,0.008196721311475438,0.07345523329129902,0.4030000000000013,5.68530000000002,0.4880085836909879,0.032695911794056405,0.46125575018051845,0.000600210334301786
21,1.1999999999999957,0.23,12.85000000000002,0.007566204287515738,0.08102143757881476,0.275999999999999,5.961300000000019,0.46391439688716035,0.022392237357715897,0.48364798753823435,0.0002198112565986688
47,0.8199999999999932,0.23,13.670000000000012,0.005170239596469063,0.08619167717528382,0.18859999999999844,6.1499000000000175,0.4498829553767382,0.015301362194439123,0.49894934973267346,0.00010263964509509966
20,1.2000000000000028,0.22,14.870000000000015,0.007566204287515783,0.0937578814627996,0.2640000000000006,6.413900000000018,0.43133154001345064,0.02141866182042403,0.5203680115530975,0.00019189057970102647
65,2.0,0.21,16.870000000000015,0.012610340479192942,0.10636822194199255,0.42,6.833900000000018,0.40509187907528227,0.03407514380521996,0.5544431553583175,0.0004607377818250208
23,1.6000000000000014,0.18,18.470000000000017,0.010088272383354361,0.11645649432534691,0.28800000000000026,7.121900000000018,0.3855928532755826,0.023365812895007998,0.5778089682533254,0.00017629308203860348
79,2.0,0.17,20.470000000000017,0.012610340479192942,0.12906683480453984,0.34,7.461900000000018,0.3645285784074261,0.027584640223273307,0.6053936084765987,0.00022422965282556536
90,0.3499999999999943,0.17,20.82000000000001,0.002206809583858729,0.13127364438839856,0.05949999999999904,7.521400000000017,0.3612584053794435,0.0048273120390727505,0.6102209205156714,6.8670331177827154e-06
44,1.0,0.15,21.82000000000001,0.006305170239596471,0.13757881462799504,0.15,7.671400000000017,0.35157653528872657,0.012169694216149987,0.6223906147318214,3.4392641471571084e-05
60,2.219999999999999,0.14,24.04000000000001,0.013997477931904157,0.15157629255989918,0.31079999999999985,7.982200000000017,0.33203826955074933,0.025215606415862762,0.6476062211476842,0.00012584640668260346
25,1.0999999999999943,0.13,25.140000000000004,0.006935687263556082,0.15851197982345527,0.14299999999999927,8.125200000000016,0.3231980906921247,0.011601775152729595,0.6592079963004138,2.1772376189491742e-05
67,2.0,0.12,27.140000000000004,0.012610340479192942,0.1711223203026482,0.24,8.365200000000016,0.30822402358143014,0.019471510745839977,0.6786795070462538,4.707565742792141e-05
64,1.8400000000000034,0.12,28.980000000000008,0.011601513240857527,0.18272383354350574,0.2208000000000004,8.586000000000016,0.2962732919254663,0.017913789886172815,0.6965932969324267,3.9844836446992825e-05
63,1.4799999999999898,0.11,30.459999999999997,0.009331651954602711,0.19205548549810844,0.16279999999999886,8.748800000000015,0.28722258699934394,0.01320817478926136,0.7098014717216881,1.5027429287629945e-05
17,1.8500000000000014,0.1,32.31,0.01166456494325348,0.20372005044136193,0.18500000000000016,8.933800000000016,0.2765026307644697,0.015009289533251664,0.7248107612549397,1.118718258293853e-05
45,1.6800000000000068,0.09,33.99000000000001,0.010592686002522113,0.21431273644388404,0.1512000000000006,9.085000000000017,0.2672844954398357,0.012267051769879236,0.7370778130248189,2.8035007228974117e-06
71,2.0,0.07,35.99000000000001,0.012610340479192942,0.22692307692307698,0.14,9.225000000000017,0.25632120033342637,0.011358381268406655,0.7484361942932255,1.567401865472615e-06
61,2.210000000000008,0.07,38.20000000000002,0.01393442622950825,0.24085750315258522,0.15470000000000056,9.379700000000017,0.24554188481675426,0.012551011301589398,0.7609872055948149,1.9138368627887133e-06
66,2.0,0.06,40.20000000000002,0.012610340479192942,0.25346784363177816,0.12,9.499700000000017,0.23631094527363217,0.009735755372919989,0.770722960967735,8.26323953320627e-06
76,1.6099999999999852,0.06,41.81,0.010151324085750224,0.26361916771752836,0.0965999999999991,9.596300000000015,0.229521645539345,0.00783728307520052,0.7785602440429354,5.354785798505895e-06
58,2.0,0.05,43.81,0.012610340479192942,0.2762295081967213,0.1,9.696300000000015,0.2213261812371608,0.008113129477433326,0.7866733735203688,2.0224906794347718e-05
12,1.8200000000000003,0.05,45.63,0.011475409836065579,0.2877049180327869,0.09100000000000003,9.787300000000014,0.21449265833881248,0.0073829478244643275,0.7940563213448332,1.6748245316399352e-05
34,1.0,0.05,46.63,0.006305170239596471,0.2940100882723834,0.05,9.837300000000015,0.2109650439631142,0.004056564738716663,0.7981128860835498,5.0562266985869295e-06
24,1.6000000000000014,0.04,48.230000000000004,0.010088272383354361,0.30409836065573775,0.06400000000000006,9.901300000000015,0.2052933858594239,0.005192402865557333,0.8033052889491071,2.3969538335294108e-05
80,2.259999999999991,0.04,50.489999999999995,0.014249684741487965,0.3183480453972257,0.09039999999999963,9.991700000000014,0.19789463260051526,0.007334269047599696,0.8106395579967068,4.782297421927617e-05
91,2.0900000000000034,0.04,52.58,0.013177805800756644,0.3315258511979824,0.08360000000000013,10.075300000000015,0.19161848611639434,0.006782576243134271,0.8174221342398411,4.0898961094686855e-05
62,2.030000000000001,0.04,54.61,0.012799495586380842,0.3443253467843632,0.08120000000000005,10.156500000000015,0.18598242080205118,0.006587861135675864,0.824009995375517,3.858440254918493e-05
6,1.3999999999999986,0.04,56.01,0.008827238335435049,0.35315258511979825,0.055999999999999946,10.212500000000015,0.1823335118728801,0.004543352507362658,0.8285533478828797,1.8351677787959483e-05
68,2.0,0.04,58.01,0.012610340479192942,0.3657629255989912,0.08,10.292500000000015,0.1774263058093435,0.00649050358194666,0.8350438514648264,3.745240364889698e-05
18,2.0,0.04,60.01,0.012610340479192942,0.37837326607818417,0.08,10.372500000000015,0.17284619230128337,0.00649050358194666,0.8415343550467731,3.745240364889698e-05
16,1.7199999999999989,0.04,61.73,0.010844892812105923,0.3892181588902901,0.06879999999999996,10.441300000000014,0.16914466223878202,0.005581833080474124,0.8471161881272472,2.769979773872417e-05
74,1.75,0.04,63.48,0.011034047919293823,0.4002522068095839,0.07,10.511300000000015,0.16558443604284837,0.005679190634203328,0.8527953787614505,2.8674496543686753e-05
33,2.0,0.04,65.47999999999999,0.012610340479192942,0.41286254728877686,0.08,10.591300000000015,0.1617486255345146,0.00649050358194666,0.8592858823433972,3.745240364889698e-05
15,1.2100000000000009,0.03,66.69,0.007629255989911735,0.42049180327868857,0.03630000000000003,10.627600000000015,0.15935822462138274,0.002945066000308299,0.8622309483437055,2.1941635858701032e-05
82,2.180000000000007,0.03,68.87,0.013745271122320348,0.4342370744010089,0.06540000000000021,10.693000000000016,0.15526354000290424,0.005305986678241411,0.867536935021947,7.122152192807274e-05
31,1.9099999999999966,0.03,70.78,0.012042875157629238,0.44627994955863814,0.05729999999999989,10.750300000000015,0.1518833003673356,0.004648823190569287,0.8721857582125162,5.467200449158312e-05
51,1.2099999999999937,0.03,71.99,0.00762925598991169,0.45390920554854985,0.03629999999999981,10.786600000000016,0.14983469926378687,0.0029450660003082817,0.8751308242128245,2.1941635858700778e-05
50,1.6599999999999966,0.03,73.64999999999999,0.01046658259773012,0.46437578814628,0.04979999999999989,10.836400000000015,0.14713374066530913,0.004040338479761787,0.8791711626925863,4.129661346372258e-05
49,1.6700000000000017,0.03,75.32,0.010529634300126116,0.4749054224464061,0.05010000000000005,10.886500000000016,0.14453664365374425,0.0040646778681941,0.8832358405607804,4.179566166677915e-05
72,2.1999999999999886,0.03,77.51999999999998,0.013871374527112163,0.4887767969735183,0.06599999999999966,10.952500000000015,0.14128611971104255,0.005354665455105967,0.8885905060158864,7.253433341719265e-05
48,1.6700000000000017,0.03,79.18999999999998,0.010529634300126116,0.4993064312736444,0.05010000000000005,11.002600000000015,0.13893926000757695,0.0040646778681941,0.8926551838840805,4.179566166677915e-05
19,2.0,0.03,81.18999999999998,0.012610340479192942,0.5119167717528373,0.06,11.062600000000016,0.13625569651434927,0.004867877686459994,0.8975230615705405,5.994573009685405e-05
42,2.1899999999999977,0.03,83.37999999999998,0.013808322824716257,0.5257250945775536,0.06569999999999993,11.128300000000015,0.1334648596785802,0.005330326066673688,0.9028533876372142,7.187642902938029e-05
69,2.0,0.03,85.37999999999998,0.012610340479192942,0.5383354350567465,0.06,11.188300000000016,0.13104122745373645,0.004867877686459994,0.9077212653236743,5.994573009685405e-05
14,2.009999999999998,0.03,87.38999999999999,0.012673392181588894,0.5510088272383354,0.06029999999999994,11.248600000000016,0.1287172445359883,0.00489221707489229,0.9126134823985665,6.0546686041074893e-05
38,1.0799999999999983,0.03,88.46999999999998,0.006809583858764177,0.5578184110970996,0.03239999999999995,11.281000000000015,0.12751215101164257,0.0026286539506883934,0.9152421363492549,1.7480174896242585e-05
46,1.5,0.03,89.96999999999998,0.009457755359394705,0.5672761664564944,0.045,11.326000000000015,0.1258864065799713,0.003650908264844996,0.9188930446140999,3.37194731794804e-05
81,1.740000000000009,0.02,91.71,0.010970996216897917,0.5782471626733923,0.034800000000000185,11.360800000000015,0.12387743975575201,0.002823369058146812,0.9217164136722468,6.638382831801858e-05
84,2.0,0.02,93.71,0.012610340479192942,0.5908575031525852,0.04,11.400800000000014,0.12166044178849658,0.00324525179097333,0.9249616654632201,8.77048861382189e-05
87,2.0,0.02,95.71,0.012610340479192942,0.6034678436317782,0.04,11.440800000000014,0.11953609863128214,0.00324525179097333,0.9282069172541935,8.77048861382189e-05
75,1.710000000000008,0.02,97.42,0.010781841109710014,0.6142496847414882,0.03420000000000016,11.475000000000014,0.11778895504003299,0.00277469028128221,0.9309816075354757,6.411446438919208e-05
88,2.0,0.02,99.42,0.012610340479192942,0.6268600252206812,0.04,11.515000000000013,0.11582176624421658,0.00324525179097333,0.934226859326449,8.77048861382189e-05
70,2.0,0.02,101.42,0.012610340479192942,0.6394703656998741,0.04,11.555000000000012,0.11393216328140418,0.00324525179097333,0.9374721111174223,8.77048861382189e-05
92,0.21000000000000796,0.02,101.63000000000001,0.001324085750315309,0.6407944514501894,0.004200000000000159,11.559200000000013,0.11373806946767698,0.0003407514380522126,0.9378128625554746,9.669463696739369e-07
57,2.0,0.02,103.63000000000001,0.012610340479192942,0.6534047919293824,0.04,11.599200000000012,0.1119289780951463,0.00324525179097333,0.9410581143464479,8.77048861382189e-05
40,1.289999999999992,0.02,104.92,0.008133669609079396,0.6615384615384617,0.02579999999999984,11.625000000000012,0.11079870377430436,0.002093187405177785,0.9431513017516258,3.648742525565207e-05
4,2.0,0.02,106.92,0.012610340479192942,0.6741488020176547,0.04,11.665000000000012,0.10910026187803976,0.00324525179097333,0.9463965535425991,8.77048861382189e-05
10,1.75,0.02,108.67,0.011034047919293823,0.6851828499369486,0.035,11.700000000000012,0.10766540903653272,0.002839595317101664,0.9492361488597008,6.714905344957385e-05
13,1.8200000000000003,0.02,110.49000000000001,0.011475409836065579,0.6966582597730141,0.03640000000000001,11.736400000000012,0.10622137750022637,0.002953179129785731,0.9521893279894865,7.26284162110591e-05
27,2.0,0.02,112.49000000000001,0.012610340479192942,0.7092686002522071,0.04,11.776400000000011,0.10468841674815549,0.00324525179097333,0.9554345797804599,8.77048861382189e-05
28,2.6000000000000014,0.02,115.09,0.01639344262295083,0.7256620428751579,0.05200000000000003,11.828400000000011,0.1027752193935182,0.004218827328265331,0.9596534071087252,0.0001482212575735901
32,2.0,0.02,117.09,0.012610340479192942,0.7382723833543509,0.04,11.86840000000001,0.10136134597318311,0.00324525179097333,0.9628986588996985,8.77048861382189e-05
39,1.0,0.02,118.09,0.006305170239596471,0.7445775535939473,0.02,11.88840000000001,0.10067236853247531,0.001622625895486665,0.9645212847951852,2.1926221534554725e-05
29,2.6700000000000017,0.02,120.76,0.016834804539722588,0.7614123581336699,0.05340000000000004,11.94180000000001,0.09888870486916206,0.004332411140949398,0.9688536959361346,0.00015630984069768737
53,2.0,0.02,122.76,0.012610340479192942,0.7740226986128629,0.04,11.981800000000009,0.09760345389377655,0.00324525179097333,0.9720989477271079,8.77048861382189e-05
54,2.0,0.01,124.76,0.012610340479192942,0.7866330390920558,0.02,12.001800000000008,0.0961991022763707,0.001622625895486665,0.9737215736225946,0.0001207298717729916
37,1.1800000000000068,0.01,125.94000000000001,0.007440100882723878,0.7940731399747797,0.011800000000000069,12.01360000000001,0.09539145624900752,0.000957349278337138,0.9746789229009317,4.202606836417886e-05
2,2.0,0.01,127.94000000000001,0.012610340479192942,0.8066834804539726,0.02,12.033600000000009,0.09405658902610604,0.001622625895486665,0.9763015487964184,0.0001207298717729916
3,2.0,0.01,129.94,0.012610340479192942,0.8192938209331656,0.02,12.053600000000008,0.09276281360627989,0.001622625895486665,0.9779241746919051,0.0001207298717729916
89,1.3499999999999943,0.01,131.29,0.0085119798234552,0.8278058007566208,0.013499999999999943,12.067100000000009,0.09191179830908683,0.0010952724794534943,0.9790194471713586,5.5007547826568835e-05
55,2.0,0.01,133.29,0.012610340479192942,0.8404161412358138,0.02,12.087100000000008,0.09068272188461257,0.001622625895486665,0.9806420730668453,0.0001207298717729916
8,2.210000000000001,0.01,135.5,0.013934426229508206,0.854350567465322,0.02210000000000001,12.109200000000008,0.08936678966789674,0.0017930016145127656,0.982435074681358,0.00014741419168161717
85,2.0,0.01,137.5,0.012610340479192942,0.866960907944515,0.02,12.129200000000008,0.0882123636363637,0.001622625895486665,0.9840577005768447,0.0001207298717729916
9,1.9499999999999993,0.01,139.45,0.012295081967213113,0.879255989911728,0.019499999999999993,12.148700000000009,0.08711868053065622,0.0015820602480994977,0.9856397608249442,0.00011476883435420007
83,1.8199999999999932,0.01,141.26999999999998,0.011475409836065533,0.8907313997477936,0.01819999999999993,12.166900000000009,0.08612515042117938,0.0014765895648928596,0.987116350389837,9.99764068152136e-05
0,1.5999999999999996,0.01,142.86999999999998,0.01008827238335435,0.9008196721311479,0.015999999999999997,12.182900000000009,0.08527262546370834,0.0012981007163893317,0.9884144511062264,7.726711793471458e-05
11,1.8200000000000003,0.01,144.68999999999997,0.011475409836065579,0.9122950819672134,0.018200000000000004,12.20110000000001,0.08432579998617742,0.0014765895648928655,0.9898910406711192,9.997640681521438e-05
52,1.7900000000000063,0.01,146.47999999999996,0.011286254728877721,0.9235813366960911,0.01790000000000006,12.21900000000001,0.08341753140360468,0.00145225017646057,0.9913432908475798,9.670764553696127e-05
1,2.0,0.01,148.47999999999996,0.012610340479192942,0.9361916771752841,0.02,12.23900000000001,0.0824286099137932,0.001622625895486665,0.9929659167430664,0.0001207298717729916
56,2.0,0.01,150.47999999999996,0.012610340479192942,0.948802017654477,0.02,12.25900000000001,0.08146597554492299,0.001622625895486665,0.9945885426385531,0.0001207298717729916
30,2.219999999999999,0.01,152.69999999999996,0.013997477931904157,0.9627994955863812,0.02219999999999999,12.281200000000009,0.0804269810085135,0.0018011147439901973,0.9963896573825434,0.0001487512750115028
43,1.0,0.01,153.69999999999996,0.006305170239596471,0.9691046658259777,0.01,12.291200000000009,0.0799687703318153,0.0008113129477433325,0.9972009703302867,3.01824679432479e-05
35,1.0,0.01,154.69999999999996,0.006305170239596471,0.9754098360655741,0.01,12.301200000000009,0.07951648351648359,0.0008113129477433325,0.9980122832780299,3.01824679432479e-05
36,1.0,0.01,155.69999999999996,0.006305170239596471,0.9817150063051705,0.01,12.311200000000008,0.07907000642260766,0.0008113129477433325,0.9988235962257732,3.01824679432479e-05
7,1.6400000000000006,0.005,157.33999999999997,0.010340479192938215,0.9920554854981087,0.008200000000000002,12.319400000000009,0.07829795347654767,0.0006652766171495329,0.9994888728429228,9.360954488254794e-05
41,1.2600000000000051,0.005,158.59999999999997,0.007944514501891585,1.0000000000000002,0.006300000000000026,12.325700000000008,0.07771563682219426,0.0005111271570783015,1.000000000000001,5.5255247418030276e-05
