,weight,grade,cml_weight,weight_pct,cml_weight_pct,yield,cml_yield,cml_grade,recovery,cml_recovery,distributional_heterogeneity
158,1.5,4.85,1.5,0.0027979854504756587,0.0027979854504756587,7.2749999999999995,7.2749999999999995,4.85,0.06360630712272601,0.06360630712272601,0.0036976519845958707
196,1.1999999999999886,2.98,2.6999999999999886,0.002238388360380506,0.005036373810856165,3.5759999999999663,10.850999999999965,4.018888888888893,0.03126545075888194,0.09487175788160795,0.0008425703514864954
170,1.2999999999999545,2.14,3.999999999999943,0.002424920723745486,0.0074612945346016505,2.7819999999999028,13.632999999999868,3.4082500000000153,0.024323401569129564,0.11919515945073753,0.00047954346333565335
330,1.7999999999999545,2.06,5.799999999999898,0.0033575825405707054,0.010818877075172356,3.7079999999999065,17.340999999999774,2.98982758620691,0.03241954457884015,0.15161470402957766,0.0008445976375138142
41,1.3999999999999986,1.77,7.199999999999896,0.0026114530871106123,0.013430330162282967,2.4779999999999975,19.81899999999977,2.752638888888897,0.021665488529225417,0.1732801925588031,0.000363056266629367
130,1.3799999999999955,1.755,8.579999999999892,0.0025741466144375974,0.016004476776720566,2.421899999999992,22.240899999999762,2.592179487179492,0.0211749986557429,0.194455191214546,0.0003459916966625316
192,2.0,1.715,10.579999999999892,0.003730647267300878,0.019735124044021446,3.43,25.67089999999976,2.4263610586011364,0.029988953048927867,0.22444414426347387,0.0006894986225214251
156,1.5,1.69,12.079999999999892,0.0027979854504756587,0.022533109494497106,2.535,28.20589999999976,2.3349254966887427,0.02216384722420762,0.24660799148768148,0.0003750366022392927
175,1.1000000000000227,1.645,13.179999999999914,0.0020518559970155253,0.02458496549151263,1.8095000000000374,30.0153999999998,2.2773444613050073,0.01582070278193472,0.2624286942696162,0.0001895811417865796
305,1.3000000000000114,1.56,14.479999999999926,0.0024249207237455918,0.02700988621525822,2.028000000000018,32.04339999999982,2.2129419889502753,0.017731077779366253,0.28015977204898246,0.00023427844381132605
72,1.6599999999999966,1.24,16.139999999999922,0.0030964372318597225,0.030106323447117944,2.058399999999996,34.10179999999982,2.112874845105327,0.017996869083356556,0.29815664113233903,0.00022202286936110136
304,1.6999999999999886,1.2,17.83999999999991,0.0031710501772057253,0.03327737362432367,2.0399999999999863,36.141799999999805,2.025885650224214,0.017835995399362224,0.31599263653170123,0.00021506061836885072
229,1.5,1.165,19.33999999999991,0.0027979854504756587,0.03607535907479933,1.7475,37.88929999999981,1.959115822130299,0.015278628411953774,0.331271264943655,0.00015576644873189322
169,1.2000000000000455,0.995,20.539999999999957,0.0022383883603806116,0.03831374743517994,1.1940000000000452,39.08329999999985,1.9027896786757514,0.01043930318962718,0.34171056813328216,6.725500403655625e-05
308,1.3999999999999773,0.971,21.939999999999934,0.0026114530871105724,0.04092520052229052,1.359399999999978,40.44269999999983,1.8433318140382842,0.011885417718574891,0.35359598585185703,8.600641998565108e-05
301,1.6000000000000227,0.97,23.539999999999957,0.002984517813840745,0.04390971833613126,1.552000000000022,41.99469999999985,1.7839719626168196,0.013569345519515075,0.3671653313713721,0.00011203857755881088
168,0.8999999999999773,0.916,24.439999999999934,0.0016787912702853527,0.04558850960641662,0.8243999999999793,42.81909999999983,1.752009001636659,0.0072078404937421315,0.3743731718651142,3.057038531540799e-05
177,1.6200000000000045,0.882,26.05999999999994,0.0030218242865137196,0.04861033389293034,1.428840000000004,44.24793999999983,1.697925556408286,0.012492541012953415,0.38686571287806765,8.969447531246458e-05
309,1.6000000000000227,0.818,27.65999999999996,0.002984517813840745,0.05159485170677108,1.3088000000000186,45.55673999999985,1.6470260303687605,0.011443015087591064,0.3983087279656587,7.154617613004155e-05
174,0.5,0.803,28.15999999999996,0.0009326618168252195,0.0525275135235963,0.4015,45.95823999999985,1.6320397727272695,0.003510368702374501,0.40181909666803317,6.644572787808174e-06
226,1.5699999999999932,0.782,29.729999999999954,0.0029285581048311767,0.05545607162842748,1.2277399999999947,47.185979999999844,1.5871503531786046,0.010734296564516192,0.41255339323254936,6.092955290100578e-05
314,1.5,0.75,31.229999999999954,0.0027979854504756587,0.05825405707890314,1.125,48.310979999999844,1.5469414024975958,0.009836026874648351,0.4223894201071977,4.953402708837078e-05
179,2.5,0.743,33.729999999999954,0.004663309084126098,0.06291736616302923,1.8575,50.168479999999846,1.4873548769641243,0.01624037326191939,0.4386297933691171,0.00013402841497674463
310,1.8000000000000114,0.704,35.529999999999966,0.0033575825405708117,0.06627494870360004,1.2672000000000079,51.435679999999856,1.447669012102446,0.011079300671603972,0.44970909404072107,5.962493089512625e-05
117,2.009999999999991,0.675,37.53999999999996,0.0037493005036373654,0.0700242492072374,1.356749999999994,52.79242999999985,1.4062980820458153,0.01186224841082586,0.4615713424515469,6.581992374475415e-05
37,0.9399999999999977,0.656,38.479999999999954,0.0017534042156314084,0.0717776534228688,0.6166399999999985,53.40906999999984,1.3879695945945922,0.005391366766207241,0.4669627092177541,1.323477151939221e-05
237,1.420000000000016,0.629,39.89999999999997,0.002648759559783653,0.07442641298265246,0.89318000000001,54.30224999999985,1.3609586466165386,0.007809193319020901,0.47477190253677504,2.6630076583475466e-05
306,1.1999999999999886,0.627,41.09999999999996,0.002238388360380506,0.07666480134303297,0.7523999999999929,55.054649999999846,1.3395291970802896,0.006578334773764755,0.4813502373105398,1.8835134871046807e-05
184,1.6000000000000227,0.598,42.69999999999998,0.002984517813840745,0.07964931915687372,0.9568000000000135,56.01144999999986,1.3117435597189668,0.008365431567701045,0.4897156688782408,2.8954232826482944e-05
321,1.3999999999999773,0.593,44.09999999999996,0.0026114530871105724,0.08226077224398429,0.8301999999999865,56.841649999999845,1.288926303854873,0.0072585506767403815,0.49697421955498117,2.159551600754317e-05
76,1.5999999999999943,0.589,45.69999999999995,0.002984517813840692,0.08524529005782498,0.9423999999999966,57.784049999999844,1.2644212253829301,0.008239530423705399,0.5052137499786866,2.7615157529837067e-05
183,1.1999999999999886,0.579,46.89999999999994,0.002238388360380506,0.0874836784182055,0.6947999999999934,58.47884999999984,1.2468837953091665,0.0060747301977827645,0.5112884801764694,1.4717518693402933e-05
227,1.1000000000000227,0.573,47.999999999999964,0.0020518559970155253,0.08953553441522102,0.630300000000013,59.10914999999985,1.2314406249999978,0.005510797990303097,0.5167992781667725,1.1964279712928193e-05
125,1.0800000000000125,0.567,49.07999999999998,0.0020145495243424974,0.09155008393956351,0.612360000000007,59.72150999999986,1.2168196821515869,0.005353946148408653,0.5221532243151812,1.115156981282443e-05
19,1.6500000000000021,0.565,50.729999999999976,0.0030777839955232283,0.09462786793508675,0.9322500000000011,60.65375999999986,1.1956191602601989,0.00815078760345861,0.5303040119186399,2.5735365606125398e-05
218,1.25,0.547,51.979999999999976,0.002331654542063049,0.0969595224771498,0.6837500000000001,61.33750999999987,1.1800213543670623,0.005978118556036277,0.5362821304746761,1.3296699805201742e-05
228,1.8999999999999773,0.534,53.87999999999995,0.003544114903935792,0.10050363738108559,1.014599999999988,62.352109999999854,1.1572403489235321,0.008870784770682755,0.5451529152453588,2.83734118693101e-05
118,1.7900000000000205,0.53,55.66999999999997,0.003338929304234324,0.10384256668531991,0.9487000000000109,63.30080999999986,1.1370722112448337,0.008294612174203554,0.5534475274195624,2.455879270770646e-05
166,1.5,0.52,57.16999999999997,0.0027979854504756587,0.10664055213579557,0.78,64.08080999999986,1.1208817561658193,0.006819645299756191,0.5602671727193186,1.6173747943315107e-05
18,1.4499999999999993,0.518,58.619999999999976,0.0027047192687931353,0.1093452714045887,0.7510999999999997,64.83190999999985,1.1059691231661528,0.006566968698265221,0.5668341414175838,1.4916970655457448e-05
15,1.6900000000000013,0.515,60.309999999999974,0.0031523969408692445,0.11249766834545795,0.8703500000000007,65.70225999999985,1.0894090532250023,0.007609587546977956,0.5744437289645618,1.9866548099183735e-05
88,1.9000000000000057,0.515,62.20999999999998,0.0035441149039358447,0.11604178324939379,0.9785000000000029,66.68075999999985,1.0718656164603741,0.00855515759719417,0.5829988865617559,2.5110548873657643e-05
94,2.0,0.511,64.20999999999998,0.003730647267300878,0.11977243051669467,1.022,67.70275999999986,1.0543958884908873,0.008935483969680547,0.5919343705314365,2.7090325098438465e-05
322,1.1999999999999886,0.505,65.40999999999997,0.002238388360380506,0.12201081887707518,0.6059999999999942,68.30875999999985,1.0443167711359103,0.0052983398098105285,0.597232710341247,9.363302872868897e-06
66,1.5999999999999943,0.499,67.00999999999996,0.002984517813840692,0.12499533669091588,0.7983999999999971,69.10715999999985,1.031296224444111,0.006980518983750414,0.6042132293249974,1.5968025349919867e-05
17,1.5,0.482,68.50999999999996,0.0027979854504756587,0.12779332214139152,0.723,69.83015999999985,1.0192695956794613,0.0063212866047740075,0.6105345159297715,1.2413651023880072e-05
279,1.1000000000000227,0.476,69.60999999999999,0.0020518559970155253,0.12984517813840704,0.5236000000000108,70.35375999999987,1.010684671742564,0.00457790548583643,0.615112421415608,6.380926019972349e-06
176,1.3999999999999773,0.472,71.00999999999996,0.0026114530871105724,0.13245663122551762,0.6607999999999893,71.01455999999986,1.0000642163075608,0.0057774636077933565,0.6208898850234014,1.0023622617074065e-05
65,1.4000000000000057,0.47,72.40999999999997,0.0026114530871106253,0.13506808431262826,0.6580000000000026,71.67255999999986,0.9898157713023048,0.005752982829794348,0.6266428678531957,9.869209124166453e-06
167,2.0,0.466,74.40999999999997,0.003730647267300878,0.13879873157992914,0.932,72.60455999999986,0.9757365945437427,0.00814860181970868,0.6347914696729043,1.951832242714082e-05
191,2.0,0.465,76.40999999999997,0.003730647267300878,0.14252937884723002,0.93,73.53455999999987,0.9623682764036108,0.008131115549709305,0.6429225852226137,1.936412110448257e-05
73,1.0,0.438,77.40999999999997,0.001865323633650439,0.14439470248088046,0.438,73.97255999999987,0.9555943676527568,0.003829493129863092,0.6467520783524768,3.857961809852265e-06
16,1.8999999999999986,0.436,79.30999999999997,0.0035441149039358317,0.1479388173848163,0.8283999999999994,74.80095999999988,0.9431466397679977,0.007242813033741057,0.6539948913862179,1.3680367855424667e-05
77,1.4000000000000057,0.429,80.70999999999998,0.0026114530871106253,0.15055027047192693,0.6006000000000025,75.40155999999988,0.9342282245074947,0.005251126880812289,0.6592460182670302,6.967877737155327e-06
71,1.8400000000000034,0.415,82.54999999999998,0.003432195485916814,0.15398246595784373,0.7636000000000014,76.16515999999987,0.9226548758328272,0.006676257885761329,0.6659222761527915,1.0523940854084953e-05
91,0.5999999999999943,0.407,83.14999999999998,0.001119194180190253,0.15510166013803398,0.24419999999999767,76.40935999999986,0.9189339747444364,0.0021350735669236486,0.6680573497197152,1.0320109283898199e-06
104,1.0,0.393,84.14999999999998,0.001865323633650439,0.15696698377168442,0.393,76.80235999999987,0.9126840166369564,0.0034360520548771577,0.6714934017745924,2.46718777324938e-06
95,2.0,0.39,86.14999999999998,0.003730647267300878,0.1606976310389853,0.78,77.58235999999987,0.9005497388276249,0.006819645299756191,0.6783130470743486,9.541908844512792e-06
13,1.2299999999999986,0.373,87.37999999999998,0.0022943480693900374,0.16299197910837535,0.4587899999999995,78.04114999999986,0.8931237125200261,0.004011262906506588,0.6823243099808551,2.947796557910953e-06
195,1.5,0.371,88.87999999999998,0.0027979854504756587,0.165789964558851,0.5565,78.59764999999986,0.8843119936993685,0.004865554627326052,0.6871898646081812,4.274842301061811e-06
93,2.0,0.369,90.87999999999998,0.003730647267300878,0.16952061182615188,0.738,79.33564999999986,0.8729715008802803,0.006452433629769319,0.6936422982379505,7.408121002919184e-06
126,1.5,0.368,92.37999999999998,0.0027979854504756587,0.17231859727662754,0.552,79.88764999999987,0.8647721368261516,0.004826210519827459,0.698468508757778,4.11369693194711e-06
248,1.1000000000000227,0.368,93.48,0.0020518559970155253,0.17437045327364306,0.4048000000000084,80.29244999999987,0.8589265083440294,0.0035392210478735428,0.7020077298056515,2.212254794513871e-06
320,1.6000000000000227,0.363,95.08000000000003,0.002984517813840745,0.1773549710874838,0.5808000000000082,80.87324999999989,0.8505810896087491,0.005078012807818528,0.70708574261347,4.382721289810037e-06
307,1.8000000000000114,0.36,96.88000000000004,0.0033575825405708117,0.1807125536280546,0.648000000000004,81.5212499999999,0.8414662469033842,0.005665551479797486,0.7127512940932675,5.326720624435101e-06
98,1.460000000000008,0.354,98.34000000000005,0.002723372505129656,0.18343592613318427,0.5168400000000027,82.0380899999999,0.834229103111652,0.004518801893238472,0.717270095986506,3.2235666876847994e-06
268,1.1999999999999886,0.348,99.54000000000003,0.002238388360380506,0.18567431449356478,0.41759999999999603,82.45568999999989,0.8283673899939709,0.0036511331758694336,0.7209212291623754,1.995847913690844e-06
96,1.6800000000000068,0.34,101.22000000000004,0.0031337437045327503,0.18880805819809754,0.5712000000000024,83.0268899999999,0.8202617071724941,0.0049940787118214775,0.7259153078741969,3.460846339343947e-06
219,1.6000000000000227,0.336,102.82000000000006,0.002984517813840745,0.19179257601193828,0.5376000000000076,83.5644899999999,0.8127260260649665,0.004700309375832026,0.7306156172500289,2.9439406842004805e-06
151,2.1000000000000227,0.332,104.92000000000009,0.0039171796306659646,0.19570975564260423,0.6972000000000076,84.26168999999992,0.8031041746092246,0.006095713721782138,0.7367113309718111,4.746010786155373e-06
106,1.740000000000009,0.325,106.6600000000001,0.003245663122551781,0.19895541876515602,0.565500000000003,84.82718999999992,0.7953046127882978,0.004944242842323265,0.7416555738141344,2.88517306441897e-06
134,2.9399999999999977,0.323,109.6000000000001,0.005484051482932286,0.2044394702480883,0.9496199999999992,85.77680999999991,0.7826351277372248,0.008302655858403165,0.7499582296725376,7.94453062542358e-06
319,1.3000000000000114,0.314,110.9000000000001,0.0024249207237455918,0.2068643909718339,0.40820000000000356,86.18500999999992,0.7771416591523881,0.0035689477068724376,0.75352717737941,1.3087977381223117e-06
139,1.5,0.313,112.4000000000001,0.0027979854504756587,0.20966237642230956,0.46950000000000003,86.65450999999992,0.7709475978647672,0.004104901882353246,0.7576320792617632,1.7080305599116431e-06
189,1.8000000000000114,0.313,114.20000000000012,0.0033575825405708117,0.21301995896288037,0.5634000000000036,87.21790999999992,0.7637295096322226,0.004925882258823926,0.7625579615205872,2.4595640062727973e-06
155,1.5999999999999943,0.309,115.80000000000011,0.002984517813840692,0.21600447677672105,0.49439999999999823,87.71230999999992,0.7574465457685651,0.004322605943845447,0.7668805674644327,1.790479843659622e-06
295,1.6000000000000227,0.309,117.40000000000013,0.002984517813840745,0.2189889945905618,0.494400000000007,88.20670999999993,0.7513348381601348,0.004322605943845524,0.7712031734082782,1.7904798436596854e-06
188,2.1999999999999886,0.308,119.60000000000012,0.004103711994030945,0.22309270658459274,0.6775999999999965,88.88430999999993,0.7431798494983264,0.005924348275788169,0.7771275216840663,3.314716470450766e-06
190,2.0,0.301,121.60000000000012,0.003730647267300878,0.22682335385189362,0.602,89.48630999999993,0.7359071546052619,0.005263367269811829,0.7823908889538781,2.349230606097169e-06
205,2.0,0.287,123.60000000000012,0.003730647267300878,0.2305540011191945,0.574,90.06030999999993,0.7286432847896427,0.005018559489820581,0.7874094484436986,1.65871789291564e-06
75,1.8700000000000045,0.284,125.47000000000013,0.0034881551949263296,0.23404215631412081,0.5310800000000012,90.59138999999993,0.7220163385669869,0.0046433041356340075,0.7920527525793326,1.3343690752180714e-06
85,1.4000000000000057,0.277,126.87000000000013,0.0026114530871106253,0.23665360940123145,0.3878000000000016,90.97918999999993,0.7171056199259072,0.003390587752878797,0.7954433403322114,6.070508274016806e-07
315,1.5,0.274,128.37000000000012,0.0027979854504756587,0.2394515948517071,0.41100000000000003,91.39018999999993,0.7119279426657307,0.0035934284848715315,0.799036768817083,6.327296209689137e-07
186,1.5,0.272,129.87000000000012,0.0027979854504756587,0.24224958030218277,0.40800000000000003,91.79818999999993,0.7068467698467688,0.0035671990798724694,0.8026039678969554,5.916896076498138e-07
84,2.109999999999985,0.271,131.9800000000001,0.003935832867002399,0.24618541316918516,0.571809999999996,92.36999999999993,0.6998787695105309,0.004999412024171232,0.8076033799211266,1.1312006235639633e-06
48,1.5499999999999972,0.269,133.5300000000001,0.0028912516321581753,0.24907666480134333,0.41694999999999927,92.78694999999993,0.6948771811577913,0.003645450138119665,0.8112488300592463,5.688153863945429e-07
97,1.3199999999999932,0.263,134.85000000000008,0.0024622271964185667,0.2515388919977619,0.34715999999999825,93.13410999999994,0.690649684835001,0.003035266746491471,0.8142840968057378,3.283743259477558e-07
101,1.0999999999999943,0.262,135.95000000000007,0.0020518559970154723,0.2535907479947774,0.2881999999999985,93.42230999999994,0.6871813902169908,0.0025197715069099026,0.8168038683126476,2.1894492439976463e-07
213,2.0,0.256,137.95000000000007,0.003730647267300878,0.25732139526207826,0.512,93.93430999999994,0.680930119608553,0.004476485119839961,0.8212803534324876,5.562741022801107e-07
231,2.0,0.252,139.95000000000007,0.003730647267300878,0.26105204252937914,0.504,94.43830999999994,0.674800357270453,0.004406540039842461,0.82568689347233,4.5683103997394866e-07
62,1.5999999999999943,0.249,141.55000000000007,0.002984517813840692,0.2640365603432198,0.3983999999999986,94.83670999999994,0.6699873542917689,0.0034832649838754575,0.8291701584562055,2.487487396176871e-07
161,2.099999999999966,0.246,143.65000000000003,0.003917179630665859,0.26795373997388566,0.5165999999999916,95.35330999999994,0.6637891402714926,0.00451670354083845,0.8336868619970439,3.594289188686332e-07
83,1.0300000000000153,0.241,144.68000000000006,0.0019212833426599809,0.26987502331654567,0.2482300000000037,95.60153999999994,0.6607792369366872,0.0021703084009724416,0.8358571703980163,6.20134796675244e-08
99,1.539999999999992,0.241,146.22000000000006,0.002872598395821661,0.2727476217123673,0.3711399999999981,95.97267999999994,0.6563580905484879,0.003244927123783974,0.8391020975218003,1.386286816660335e-07
281,0.6999999999999886,0.238,146.92000000000004,0.0013057265435552862,0.2740533482559226,0.16659999999999728,96.13927999999994,0.6543648243942276,0.001456606290947901,0.8405587038127482,2.2764698173259288e-08
230,1.5,0.233,148.42000000000004,0.0027979854504756587,0.27685133370639825,0.34950000000000003,96.48877999999995,0.6501063199029775,0.003055725682390755,0.843614429495139,6.643002714764754e-08
187,2.0,0.229,150.42000000000004,0.003730647267300878,0.28058198097369913,0.458,96.94677999999995,0.644507246376811,0.004004355829856841,0.8476187853249958,7.491637721645101e-08
185,2.6999999999999886,0.229,153.12000000000003,0.005036373810856165,0.2856183547845553,0.6182999999999974,97.56507999999994,0.6371805120167183,0.005405880370306712,0.8530246656953026,1.365350974769808e-07
194,2.0,0.225,155.12000000000003,0.003730647267300878,0.28934900205185615,0.45,98.01507999999994,0.6318661681279004,0.003934410749859341,0.8569590764451619,4.151955682435291e-08
240,2.0,0.223,157.12000000000003,0.003730647267300878,0.29307964931915703,0.446,98.46107999999994,0.6266616598777999,0.0038994382098605914,0.8608585146550225,2.84903822901963e-08
280,1.1999999999999886,0.22,158.32000000000002,0.002238388360380506,0.2953180376795375,0.2639999999999975,98.72507999999993,0.6235793329964624,0.002308187639917458,0.86316670229494,4.871939423877612e-09
278,1.6000000000000227,0.216,159.92000000000004,0.002984517813840745,0.29830255549337825,0.3456000000000049,99.07067999999994,0.6195015007503747,0.0030216274558920167,0.8661883297508319,1.3771255331735067e-09
159,1.5,0.215,161.42000000000004,0.0027979854504756587,0.3011005409438539,0.3225,99.39317999999994,0.6157426589022421,0.002819661037399194,0.8690079907882311,4.698310684797432e-10
100,1.9000000000000057,0.215,163.32000000000005,0.0035441149039358447,0.30464465584778977,0.4085000000000012,99.80167999999995,0.6110805780063674,0.0035715706473723233,0.8725795614356034,7.538178476497258e-10
328,1.7999999999999545,0.215,165.12,0.0033575825405707054,0.3080022383883605,0.38699999999999024,100.18867999999993,0.6067628391472865,0.0033835932448789477,0.8759631546804824,6.765567386107959e-10
133,1.960000000000008,0.212,167.08,0.0036560343219548754,0.3116582727103154,0.41552000000000167,100.60419999999993,0.6021319128561164,0.003632947455070133,0.8795961021355525,5.330034225538186e-10
116,1.259999999999991,0.207,168.34,0.002350307778399536,0.31400858048871494,0.2608199999999981,100.86501999999993,0.5991744089342992,0.0022803844706184573,0.881876486606171,4.8892689710475e-09
311,1.1999999999999886,0.205,169.54,0.002238388360380506,0.3162469688490954,0.24599999999999766,101.11101999999993,0.5963844520467142,0.0021508112099230857,0.8840272978160941,7.669757282241571e-09
193,2.0,0.2,171.54,0.003730647267300878,0.3199776161163963,0.4,101.51101999999993,0.5917629707356881,0.00349725399987497,0.8875245518159691,5.447241727974162e-08
204,2.0,0.196,173.54,0.003730647267300878,0.3237082633836972,0.392,101.90301999999993,0.5872019131036068,0.00342730891987747,0.8909518607358466,9.201415301756411e-08
64,1.5999999999999943,0.194,175.14,0.002984517813840692,0.32669278119753786,0.3103999999999989,102.21341999999993,0.5836097978759845,0.002713869103902967,0.8936657298397496,7.325072419095487e-08
82,1.4599999999999937,0.193,176.59999999999997,0.0027233725051296295,0.32941615370266747,0.2817799999999988,102.49519999999993,0.5803805209513021,0.002463640580211912,0.8961293704199614,6.74606728214629e-08
212,1.6000000000000227,0.192,178.2,0.002984517813840745,0.3324006715165082,0.30720000000000436,102.80239999999993,0.5768933782267113,0.002685891071904015,0.8988152614918654,8.917793099974643e-08
105,2.0,0.19,180.2,0.003730647267300878,0.3361313187838091,0.38,103.18239999999993,0.5725993340732516,0.003322391299881221,0.9021376527917466,1.666729349337601e-07
236,3.0,0.189,183.2,0.0055959709009513175,0.3417272896847604,0.567,103.74939999999992,0.5663176855895192,0.004957357544822769,0.9070950103365694,4.0782701862576756e-07
214,1.0,0.183,184.2,0.001865323633650439,0.34359261331841084,0.183,103.93239999999993,0.5642366992399562,0.0015999937049427987,0.9086950040415122,7.039997106800163e-08
221,1.8000000000000114,0.183,186.0,0.0033575825405708117,0.3469501958589817,0.3294000000000021,104.26179999999994,0.5605473118279567,0.002879988668897056,0.9115749927104092,2.2809590626032817e-07
316,1.3999999999999773,0.182,187.39999999999998,0.0026114530871105724,0.34956164894609226,0.25479999999999586,104.51659999999993,0.5577193169690499,0.0022277507979203194,0.9138027435083296,1.4722744672984051e-07
112,2.0,0.181,189.39999999999998,0.003730647267300878,0.35329229621339314,0.362,104.87859999999992,0.5537412882787748,0.0031650148698868473,0.9169677583782164,3.1994000900434414e-07
294,1.3999999999999773,0.181,190.79999999999995,0.0026114530871105724,0.3559037493005037,0.25339999999999585,105.13199999999992,0.5510062893081759,0.002215510408920757,0.9191832687871372,1.5677060441212355e-07
269,1.1000000000000227,0.179,191.89999999999998,0.0020518559970155253,0.35795560529751924,0.19690000000000407,105.32889999999992,0.5488738926524228,0.0017215232814384895,0.9209047920685757,1.0911970298049906e-07
68,1.9000000000000057,0.179,193.79999999999998,0.0035441149039358447,0.3614997202014551,0.340100000000001,105.66899999999993,0.5452476780185755,0.002973540213393702,0.9238783322819694,3.2555547748726255e-07
239,1.6999999999999886,0.177,195.49999999999997,0.0031710501772057253,0.3646707703786608,0.30089999999999795,105.96989999999992,0.5420455242966749,0.002630809321405928,0.9265091416033753,2.918601822752972e-07
103,1.25,0.177,196.74999999999997,0.002331654542063049,0.3670024249207238,0.22125,106.19114999999992,0.5397263024142309,0.0019344186186808427,0.9284435602220561,1.577963788253142e-07
129,1.5400000000000205,0.177,198.29,0.0028725983958217145,0.36987502331654554,0.2725800000000036,106.46372999999993,0.5369092238640372,0.0023832037382148295,0.930826763960271,2.3950713089416003e-07
251,1.2000000000000455,0.175,199.49000000000004,0.0022383883603806116,0.37211341167692613,0.21000000000000796,106.67372999999994,0.5347322171537416,0.0018360583499344287,0.9326628223102054,1.6186943730562593e-07
222,1.1999999999999886,0.174,200.69000000000003,0.002238388360380506,0.3743518000373066,0.20879999999999801,106.88252999999993,0.5325752653345952,0.0018255665879347168,0.9344883888981401,1.7042181580528278e-07
313,1.8000000000000114,0.172,202.49000000000004,0.0033575825405708117,0.37770938257787745,0.30960000000000193,107.19212999999993,0.5293699935799294,0.0027068745959032436,0.9371952634940434,4.2342082925349113e-07
140,1.5,0.171,203.99000000000004,0.0027979854504756587,0.3805073680283531,0.2565,107.44862999999994,0.5267347909211232,0.0022426141274198242,0.9394378776214631,3.084373064727878e-07
74,1.1299999999999955,0.171,205.12000000000003,0.0021078157060249875,0.3826151837343781,0.19322999999999924,107.64185999999994,0.5247750585023397,0.0016894359759895942,0.9411273135974527,1.750415985044887e-07
86,1.5500000000000114,0.167,206.67000000000004,0.0028912516321582017,0.3855064353665363,0.2588500000000019,107.90070999999993,0.522091788842115,0.0022631604946691066,0.9433904740921218,3.9449847699234576e-07
90,1.0,0.167,207.67000000000004,0.001865323633650439,0.3873717590001867,0.167,108.06770999999993,0.5203819039822791,0.0014601035449478,0.9448505776370697,1.642033202881748e-07
61,1.7000000000000028,0.165,209.37000000000006,0.0031710501772057517,0.3905428091773925,0.28050000000000047,108.34820999999994,0.517496346181401,0.0024524493674123265,0.947303027004482,5.163871238357664e-07
87,1.4499999999999886,0.159,210.82000000000005,0.0027047192687931153,0.3932475284461856,0.2305499999999982,108.57875999999993,0.5150306422540551,0.00201572977417792,0.94931875677866,4.747065236901027e-07
39,1.6000000000000014,0.158,212.42000000000004,0.0029845178138407052,0.3962320462600263,0.25280000000000025,108.83155999999993,0.5123413991149605,0.002210264527920983,0.9515290213065809,5.994681507574875e-07
138,1.6000000000000227,0.158,214.02000000000007,0.002984517813840745,0.399216564073867,0.2528000000000036,109.08435999999993,0.5096923651995136,0.002210264527921012,0.953739285834502,5.994681507575035e-07
206,1.8999999999999773,0.153,215.92000000000004,0.003544114903935792,0.4027606789778028,0.2906999999999965,109.37505999999993,0.5065536309744345,0.0025416293444091038,0.9562809151789111,1.0049772970595371e-06
249,1.8999999999999773,0.151,217.82000000000002,0.003544114903935792,0.4063047938817386,0.28689999999999655,109.66195999999994,0.5034522082453399,0.0025084054314102916,0.9587893206103214,1.0726941114790497e-06
153,2.0,0.15,219.82000000000002,0.003730647267300878,0.4100354411490395,0.3,109.96195999999993,0.5002363752160855,0.0026229404999062273,0.9614122611102276,1.2270142825319077e-06
31,1.5,0.147,221.32000000000002,0.0027979854504756587,0.41283342659951516,0.22049999999999997,110.18245999999994,0.4978423097776971,0.0019278612674310767,0.9633401223776586,7.571160939190008e-07
53,1.2000000000000028,0.147,222.52000000000004,0.0022383883603805323,0.4150718149598957,0.17640000000000042,110.35885999999994,0.4959502966025522,0.0015422890139448653,0.9648824113916035,4.845543001081628e-07
24,2.1000000000000014,0.146,224.62000000000003,0.003917179630665925,0.4189889945905616,0.3066000000000002,110.66545999999994,0.4926785682485973,0.002680645190904166,0.9675630565825076,1.529017420716927e-06
318,1.6999999999999886,0.144,226.32000000000002,0.0031710501772057253,0.4221600447677673,0.24479999999999835,110.91025999999994,0.4900594733121241,0.002140319447923467,0.9697033760304311,1.062405836286736e-06
181,1.8000000000000114,0.143,228.12000000000003,0.0033575825405708117,0.42551762730833814,0.2574000000000016,111.16765999999994,0.4873209714185513,0.0022504829489195573,0.9719538589793507,1.2256695058343749e-06
152,2.0,0.141,230.12000000000003,0.003730647267300878,0.429248274575639,0.282,111.44965999999994,0.48431105510168576,0.002465564069911853,0.9744194230492625,1.6004354963160386e-06
220,1.3999999999999773,0.14,231.52,0.0026114530871105724,0.4318597276627496,0.19599999999999684,111.64565999999994,0.48222900829301973,0.0017136544599387076,0.9761330775092013,8.060423749516851e-07
102,1.75,0.14,233.27,0.0032643163588882682,0.43512404402163785,0.24500000000000002,111.89065999999994,0.4796615938611906,0.002142068074923419,0.9782751455841248,1.2594412108620489e-06
132,2.5999999999999943,0.14,235.87,0.004849841447491131,0.43997388546912897,0.3639999999999992,112.25465999999994,0.4759174969262727,0.0031825011398862154,0.9814576467240109,2.780023701364054e-06
201,1.8999999999999773,0.138,237.76999999999998,0.003544114903935792,0.44351800037306477,0.2621999999999969,112.51685999999994,0.4732172267317153,0.0022924499969180154,0.983750096720929,1.5666650394598191e-06
317,1.6000000000000227,0.136,239.37,0.002984517813840745,0.4465025181869055,0.2176000000000031,112.73445999999994,0.47096319505368234,0.0019025061759320105,0.985652602896861,1.170749184569942e-06
42,1.7999999999999972,0.133,241.17000000000002,0.003357582540570785,0.4498601007274763,0.23939999999999964,112.97385999999995,0.46844076792304157,0.0020931065189251663,0.9877457094157861,1.5988996093167317e-06
35,1.4400000000000048,0.133,242.61,0.002686066032456641,0.4525461667599329,0.19152000000000066,113.16537999999994,0.4664497753596304,0.0016744852151401412,0.9894201946309262,1.0232957499627185e-06
182,1.1999999999999886,0.132,243.81,0.002238388360380506,0.4547845551203134,0.15839999999999851,113.32377999999994,0.4648036585866041,0.001384912583950475,0.9908051072148767,7.284209009528439e-07
160,2.1000000000000227,0.13,245.91000000000003,0.0039171796306659646,0.45870173475097936,0.27300000000000296,113.59677999999994,0.4619445325525596,0.0023868758549146925,0.9931919830697914,2.3418296460785987e-06
78,1.25,0.128,247.16000000000003,0.002331654542063049,0.4610333892930424,0.16,113.75677999999994,0.46025562388736013,0.0013989015999499878,0.9945908846697414,8.700280510205713e-07
235,2.0,0.127,249.16000000000003,0.003730647267300878,0.46476403656034326,0.254,114.01077999999994,0.45758059078503743,0.0022207562899206057,0.996811640959662,2.2797707635743545e-06
30,2.0,0.127,251.16000000000003,0.003730647267300878,0.46849468382764414,0.254,114.26477999999994,0.4549481605351168,0.0022207562899206057,0.9990323972495826,2.2797707635743545e-06
234,1.0,0.126,252.16000000000003,0.001865323633650439,0.4703600074612946,0.126,114.39077999999995,0.45364363895939064,0.0011016350099606153,1.0001340322595431,5.832203139532571e-07
246,1.5,0.126,253.66000000000003,0.0027979854504756587,0.47315799291177024,0.189,114.57977999999994,0.45170614207994925,0.0016524525149409232,1.001786484774484,1.3122457063948284e-06
312,1.1999999999999886,0.126,254.86,0.002238388360380506,0.4753963812721507,0.15119999999999856,114.73097999999995,0.45017256532998484,0.001321962011952726,1.0031084467864366,8.398372520926742e-07
131,1.4000000000000057,0.123,256.26,0.0026114530871106253,0.47800783435926136,0.17220000000000069,114.90317999999995,0.44838515570124077,0.0015055678469461805,1.0046140146333828,1.2229821644135717e-06
271,1.3500000000000227,0.123,257.61,0.002518186905428135,0.4805260212646895,0.1660500000000028,115.06922999999995,0.44667998136718273,0.0014517975666981213,1.006065812200081,1.1371862217570365e-06
141,2.799999999999983,0.123,260.40999999999997,0.005222906174221198,0.48574892743891074,0.3443999999999979,115.41362999999994,0.4431996851119387,0.00301113569389233,1.0090769478939732,4.891928657654189e-06
180,2.1999999999999886,0.122,262.60999999999996,0.004103711994030945,0.48985263943294166,0.2683999999999986,115.68202999999994,0.440508853432847,0.002346657433916092,1.0114236053278893,3.0872407272203974e-06
67,1.4000000000000057,0.121,264.01,0.0026114530871106253,0.4924640925200523,0.1694000000000007,115.85142999999994,0.43881455247907253,0.0014810870689470556,1.0129046923968363,1.2777273350189636e-06
63,1.7000000000000028,0.12,265.71,0.0031710501772057517,0.49563514269725806,0.20400000000000032,116.05542999999993,0.43677479206653846,0.0017835995399362373,1.0146882919367726,1.9250192708595813e-06
92,0.5,0.12,266.21,0.0009326618168252195,0.4965678045140833,0.06,116.11542999999993,0.4361798204425076,0.0005245880999812454,1.015212880036754,1.6652415837885598e-07
20,1.8999999999999986,0.119,268.10999999999996,0.0035441149039358317,0.5001119194180191,0.22609999999999983,116.34152999999993,0.43393208011636997,0.001976822823429325,1.0171897028601833,2.456404465618414e-06
303,1.8999999999999773,0.119,270.00999999999993,0.003544114903935792,0.5036560343219549,0.22609999999999728,116.56762999999994,0.4317159734824635,0.0019768228234293026,1.0191665256836127,2.4564044656183585e-06
242,1.25,0.118,271.25999999999993,0.002331654542063049,0.505987688864018,0.1475,116.71512999999993,0.4302703310477032,0.001289612412453895,1.0204561380960666,1.0858517998803806e-06
284,0.8999999999999773,0.118,272.1599999999999,0.0016787912702853527,0.5076664801343034,0.10619999999999731,116.82132999999993,0.42923769106407983,0.0009285209369667809,1.0213846590330333,5.629055730579609e-07
209,1.6999999999999886,0.118,273.8599999999999,0.0031710501772057253,0.5108375303115091,0.20059999999999864,117.02192999999993,0.42730566712919,0.0017538728809372854,1.0231385319139705,2.0083914890587253e-06
89,2.0,0.115,275.8599999999999,0.003730647267300878,0.51456817757881,0.23,117.25192999999993,0.42504143406075534,0.002010921049928108,1.0251494529638987,2.957458262719258e-06
14,1.7800000000000011,0.114,277.6399999999999,0.003320276067897784,0.5178884536467078,0.20292000000000013,117.45484999999994,0.42304729145656245,0.0017741569541365732,1.0269236099180352,2.3904843139377506e-06
241,1.0500000000000114,0.113,278.6899999999999,0.0019585898153329823,0.5198470434620408,0.11865000000000128,117.57349999999994,0.42187914887509415,0.001037372967712924,1.027960982885748,8.486404803390374e-07
208,1.0500000000000114,0.113,279.7399999999999,0.0019585898153329823,0.5218056332773738,0.11865000000000128,117.69214999999994,0.4207197755058268,0.001037372967712924,1.028998355853461,8.486404803390374e-07
282,1.3999999999999773,0.109,281.1399999999999,0.0026114530871105724,0.5244170863644844,0.15259999999999752,117.84474999999993,0.4191674966209006,0.0013342024009522792,1.0303325582544134,1.6313693152918303e-06
123,1.8000000000000114,0.109,282.9399999999999,0.0033575825405708117,0.5277746689050552,0.19620000000000123,118.04094999999994,0.4171942814731038,0.0017154030869386834,1.032047961341352,2.6967533579315154e-06
38,2.259999999999998,0.109,285.1999999999999,0.004215631412049989,0.5319903003171051,0.24633999999999978,118.28728999999994,0.4147520687237026,0.002153783875822998,1.034201745217175,4.251215262645311e-06
323,1.5000000000000568,0.108,286.69999999999993,0.0027979854504757646,0.5347882857675809,0.16200000000000614,118.44928999999995,0.4131471573072898,0.0014163878699494164,1.0356181330871244,1.9088118745162593e-06
149,1.9000000000000057,0.108,288.5999999999999,0.0035441149039358447,0.5383324006715167,0.2052000000000006,118.65448999999995,0.41113821898821895,0.0017940913019358648,1.0374122243890602,3.062582607556985e-06
60,1.5,0.107,290.0999999999999,0.0027979854504756587,0.5411303861219923,0.1605,118.81498999999995,0.4095656325405032,0.0014032731674498316,1.03881549755651,1.945222352423115e-06
40,1.6000000000000014,0.104,291.69999999999993,0.0029845178138407052,0.544114903935833,0.16640000000000013,118.98138999999995,0.4078895783339046,0.0014548576639479885,1.040270355220458,2.3398601741698085e-06
287,1.3600000000000136,0.102,293.05999999999995,0.0025368401417646225,0.5466517440775975,0.13872000000000137,119.12010999999995,0.4064700402647921,0.0012128476871566514,1.0414832029076146,1.7529560198588404e-06
27,1.0,0.102,294.05999999999995,0.001865323633650439,0.548517067711248,0.102,119.22210999999996,0.405434639189281,0.0008917997699681172,1.0423750026775829,9.47748713158956e-07
120,2.930000000000007,0.102,296.98999999999995,0.005465398246595799,0.5539824659578437,0.2988600000000007,119.52096999999996,0.40244105862150237,0.0026129733260065896,1.0449879760035894,8.13632792759836e-06
267,1.8000000000000114,0.101,298.78999999999996,0.0033575825405708117,0.5573400484984146,0.18180000000000116,119.70276999999996,0.40062508785434575,0.0015895019429431837,1.0465774779465327,3.1261089997072693e-06
217,1.25,0.1,300.03999999999996,0.002331654542063049,0.5596717030404776,0.125,119.82776999999996,0.39937265031329144,0.001092891874960928,1.0476703698214935,1.5345329454059599e-06
157,1.5,0.1,301.53999999999996,0.0027979854504756587,0.5624696884909532,0.15000000000000002,119.97776999999996,0.39788343171718504,0.0013114702499531139,1.0489818400714466,2.209727441384582e-06
36,1.4600000000000009,0.099,302.99999999999994,0.0027233725051296425,0.5651930609960829,0.14454000000000009,120.12230999999997,0.39644326732673263,0.001263732732854821,1.0502455728043014,2.1305482648064926e-06
233,1.8999999999999773,0.099,304.8999999999999,0.003544114903935792,0.5687371759000187,0.18809999999999777,120.31040999999996,0.3945897343391276,0.001644583693441185,1.0518901564977425,3.608218819643107e-06
57,1.1999999999999886,0.098,306.0999999999999,0.002238388360380506,0.5709755642603992,0.11759999999999889,120.42800999999996,0.39342701731460306,0.0010281926759632314,1.0529183491737057,1.464573594582195e-06
225,1.4300000000000068,0.096,307.5299999999999,0.0026674127961201404,0.5736429770565193,0.13728000000000065,120.56528999999996,0.3920439957077358,0.0012002575727570954,1.0541186067464627,2.1525444494414676e-06
108,1.460000000000008,0.096,308.9899999999999,0.002723372505129656,0.576366349561649,0.14016000000000076,120.70544999999996,0.39064516651024306,0.001225437801556196,1.055344044548019,2.243808376169709e-06
59,2.0999999999999943,0.095,311.0899999999999,0.003917179630665912,0.580283529192315,0.19949999999999946,120.90494999999996,0.3886494262110643,0.0017442554324376364,1.0570882999804565,4.721599571245992e-06
215,2.1999999999999886,0.094,313.2899999999999,0.004103711994030945,0.5843872411863459,0.20679999999999893,121.11174999999996,0.3865803249385553,0.00180808031793535,1.058896380298392,5.26992479229347e-06
211,1.3999999999999773,0.094,314.6899999999999,0.0026114530871105724,0.5869986942734564,0.13159999999999786,121.24334999999995,0.38527868696177187,0.0011505965659588462,1.0600469768643508,2.1341017753915234e-06
250,0.8999999999999773,0.094,315.58999999999986,0.0016787912702853527,0.5886774855437418,0.08459999999999786,121.32794999999994,0.3844480179980354,0.0007396692209735373,1.0607866460853244,8.819502235036238e-07
232,1.1000000000000227,0.093,316.6899999999999,0.0020518559970155253,0.5907293415407573,0.10230000000000211,121.43024999999994,0.3834356942120054,0.000894422710468042,1.0616810687957925,1.3396518128081088e-06
162,1.8000000000000114,0.093,318.4899999999999,0.0033575825405708117,0.5940869240813281,0.16740000000000105,121.59764999999994,0.38179424785707555,0.001463600798947684,1.0631446695947402,3.5871668376017754e-06
299,1.3999999999999773,0.093,319.8899999999999,0.0026114530871105724,0.5966983771684387,0.13019999999999787,121.72784999999995,0.38053033855387786,0.0011383561769592841,1.0642830257716995,2.1700145066972723e-06
80,1.8000000000000114,0.092,321.6899999999999,0.0033575825405708117,0.6000559597090095,0.16560000000000105,121.89344999999994,0.37891588174951035,0.0014478631559482467,1.0657308889276478,3.6470281280031886e-06
128,2.319999999999993,0.092,324.0099999999999,0.004327550830069006,0.6043835105390785,0.21343999999999938,122.10688999999995,0.37686148575661244,0.0018661347343332784,1.067597023661981,6.058569196346914e-06
210,1.3000000000000114,0.09,325.3099999999999,0.0024249207237455918,0.606808431262824,0.11700000000000102,122.22388999999995,0.3757151332575082,0.0010229467949634376,1.0686199704569443,1.9655308969848693e-06
127,2.1599999999999966,0.089,327.4699999999999,0.004029099048684942,0.610837530311509,0.1922399999999997,122.41612999999995,0.3738239533392371,0.0016807802723399078,1.0703007507292843,5.51460107533464e-06
247,1.5,0.089,328.9699999999999,0.0027979854504756587,0.6136355157619846,0.1335,122.54962999999995,0.3725252454631121,0.0011672085224582712,1.0714679592517427,2.659433388953828e-06
165,2.0,0.089,330.9699999999999,0.003730647267300878,0.6173661630292855,0.178,122.72762999999995,0.370811946702118,0.0015562780299443614,1.073024237281687,4.7278815803623605e-06
266,1.099999999999966,0.088,332.0699999999999,0.0020518559970154194,0.6194180190263009,0.096799999999997,122.82442999999995,0.36987511669226364,0.0008463354679697164,1.0738705727496567,1.4532797459506317e-06
150,1.8999999999999773,0.087,333.96999999999986,0.003544114903935792,0.6229621339302367,0.165299999999998,122.98972999999995,0.36826580231757344,0.0014452402154483137,1.075315812965105,4.405274957973408e-06
32,1.3500000000000014,0.087,335.3199999999999,0.0025181869054280953,0.6254803208356647,0.11745000000000011,123.10717999999996,0.36713342478826194,0.001026881205713289,1.0763426941708183,2.2239926900018683e-06
200,2.0,0.084,337.3199999999999,0.003730647267300878,0.6292109681029656,0.168,123.27517999999996,0.3654547017668683,0.0014688466799474874,1.0778115408507658,5.115741896952145e-06
245,0.6999999999999886,0.084,338.01999999999987,0.0013057265435552862,0.6305166946465209,0.05879999999999905,123.33397999999997,0.36487184190284605,0.0005140963379816122,1.0783256371887475,6.266783823766174e-07
9,1.5,0.084,339.51999999999987,0.0027979854504756587,0.6333146800969965,0.126,123.45997999999997,0.3636309495758719,0.0011016350099606153,1.0794272721987082,2.8776048170355815e-06
58,1.3000000000000114,0.084,340.8199999999999,0.0024249207237455918,0.6357396008207421,0.10920000000000096,123.56917999999997,0.36256434481544514,0.0009547503419658752,1.080382022540674,2.161400951462319e-06
124,1.4199999999999875,0.083,342.2399999999999,0.0026487595597836,0.6383883603805257,0.11785999999999897,123.68703999999997,0.3614043945769051,0.0010304658910631507,1.081412488431737,2.6188743982206924e-06
10,1.5,0.082,343.7399999999999,0.0027979854504756587,0.6411863458310013,0.123,123.81003999999997,0.3601851399313435,0.001075405604961553,1.0824878940366987,2.9672813241714005e-06
21,1.5500000000000007,0.08,345.2899999999999,0.0028912516321581818,0.6440775974631595,0.12400000000000005,123.93403999999997,0.35892739436415766,0.001084148739961241,1.08357204277666,3.265620862986549e-06
164,2.0,0.08,347.2899999999999,0.003730647267300878,0.6478082447304604,0.16,124.09403999999996,0.3573210861239886,0.0013989015999499878,1.08497094437661,5.43703785720965e-06
329,1.2000000000000455,0.079,348.48999999999995,0.0022383883603806116,0.650046633090841,0.09480000000000359,124.18883999999997,0.3563627076817125,0.0008288491979703992,1.0857997935745805,1.986800650368084e-06
203,1.900000000000034,0.079,350.39,0.003544114903935898,0.6535907479947769,0.1501000000000027,124.33893999999998,0.354858700305374,0.001312344563453106,1.0871121381380335,4.980798852658678e-06
135,0.8999999999999773,0.078,351.28999999999996,0.0016787912702853527,0.6552695392650623,0.07019999999999822,124.40913999999998,0.35414939224002956,0.0006137680769780417,1.0877259062150115,1.1342744022825024e-06
264,1.1999999999999886,0.078,352.48999999999995,0.002238388360380506,0.6575079276254427,0.09359999999999911,124.50273999999997,0.3532092825328378,0.0008183574359707351,1.0885442636509823,2.0164878262800682e-06
51,2.0,0.077,354.48999999999995,0.003730647267300878,0.6612385748927436,0.154,124.65673999999997,0.35165093514626644,0.0013464427899518632,1.0898907064409342,5.68443098981109e-06
256,1.3999999999999773,0.077,355.88999999999993,0.0026114530871105724,0.6638500279798542,0.10779999999999824,124.76453999999997,0.3505705133608699,0.000942509952966289,1.0908332163939005,2.785371185007344e-06
198,2.0,0.077,357.88999999999993,0.003730647267300878,0.667580675247155,0.154,124.91853999999996,0.34904171672860373,0.0013464427899518632,1.0921796591838524,5.68443098981109e-06
334,1.8999999999999773,0.077,359.7899999999999,0.003544114903935792,0.6711247901510908,0.14629999999999824,125.06483999999996,0.3476051029767364,0.0012791206504542548,1.0934587798343067,5.1301989683043865e-06
216,1.3000000000000114,0.076,361.0899999999999,0.0024249207237455918,0.6735497108748364,0.09880000000000086,125.16363999999996,0.3466272674402503,0.000863821737969125,1.0943226015722758,2.4370300433923143e-06
137,2.3999999999999773,0.076,363.4899999999999,0.004476776720761012,0.6780264875955974,0.18239999999999826,125.34603999999996,0.3448404082643264,0.001594747823942971,1.0959173493962187,8.306090562094212e-06
121,1.0300000000000011,0.076,364.51999999999987,0.0019212833426599544,0.6799477709382573,0.07828000000000009,125.42431999999997,0.34408076374410185,0.0006844126077755323,1.0966017620039943,1.5298492148135304e-06
285,1.1000000000000227,0.076,365.6199999999999,0.0020518559970155253,0.6819996269352728,0.08360000000000173,125.50791999999997,0.34327421913462064,0.0007309260859738837,1.097332688089968,1.7448558298844794e-06
70,1.5,0.075,367.1199999999999,0.0027979854504756587,0.6847976123857484,0.11249999999999999,125.62041999999997,0.3421780889082589,0.0009836026874648351,1.0983162907774329,3.291984810710791e-06
79,1.3499999999999943,0.075,368.4699999999999,0.0025181869054280823,0.6873157992911765,0.10124999999999958,125.72166999999996,0.3411992021060059,0.000885242418718348,1.0992015331961513,2.666507696675718e-06
270,1.1999999999999886,0.074,369.6699999999999,0.002238388360380506,0.689554187651557,0.08879999999999916,125.81046999999997,0.34033183650282683,0.0007763903879722359,1.0999779235841236,2.1374380713258927e-06
81,1.5999999999999943,0.073,371.26999999999987,0.002984517813840692,0.6925387054653976,0.11679999999999957,125.92726999999996,0.33917976135965744,0.0010211981679634874,1.1009991217520871,3.854624031887392e-06
11,1.6000000000000227,0.072,372.8699999999999,0.002984517813840745,0.6955232232792384,0.11520000000000163,126.04246999999997,0.33803328237723607,0.0010072091519640056,1.102006330904051,3.909749544332783e-06
144,2.299999999999983,0.072,375.16999999999985,0.004290244357395978,0.6998134676366344,0.16559999999999875,126.20806999999996,0.3364023509342432,0.0014478631559482265,1.1034541940599993,8.079130894343565e-06
302,1.1000000000000227,0.071,376.26999999999987,0.0020518559970155253,0.70186532363365,0.07810000000000161,126.28616999999997,0.3356264650384033,0.0006828388434756019,1.104137032903475,1.874207966686555e-06
22,1.4499999999999993,0.07,377.71999999999986,0.0027047192687931353,0.7045700429024431,0.10149999999999997,126.38766999999997,0.33460677221222074,0.0008874282024682733,1.1050244611059432,3.3025468197441543e-06
298,1.1000000000000227,0.07,378.8199999999999,0.0020518559970155253,0.7066218988994586,0.0770000000000016,126.46466999999997,0.3338384193020432,0.0006732213949759456,1.1056976825009193,1.9006333659408303e-06
277,1.3999999999999773,0.069,380.21999999999986,0.0026114530871105724,0.7092333519865691,0.09659999999999844,126.56126999999996,0.33286326337383626,0.0008445868409697916,1.1065422693418892,3.121816331751614e-06
257,1.1000000000000227,0.068,381.3199999999999,0.0020518559970155253,0.7112852079835846,0.07480000000000155,126.63606999999996,0.33209920801426623,0.0006539864979766329,1.1071962558398658,1.954039136343244e-06
261,1.1000000000000227,0.067,382.4199999999999,0.0020518559970155253,0.7133370639806002,0.07370000000000153,126.70976999999996,0.3313366717221902,0.0006443690494769765,1.1078406248893429,1.9810195074913815e-06
119,2.1699999999999875,0.067,384.5899999999999,0.004047752285021429,0.7173848162656216,0.14538999999999916,126.85515999999997,0.32984518578226163,0.0012711643976045474,1.1091117892869473,7.709440296550145e-06
258,0.8999999999999773,0.067,385.4899999999999,0.0016787912702853527,0.7190636075359069,0.06029999999999848,126.91545999999997,0.3292315235155257,0.0005272110404811384,1.1096390003274283,1.326137025675927e-06
332,1.8999999999999773,0.066,387.3899999999999,0.003544114903935792,0.7226077224398427,0.1253999999999985,127.04085999999997,0.3279404734247141,0.00109638912896079,1.1107353894563892,5.991361469476974e-06
224,2.0,0.066,389.3899999999999,0.003730647267300878,0.7263383697071436,0.132,127.17285999999997,0.3265950846195331,0.0011540938199587401,1.111889483276348,6.638627667010656e-06
115,1.990000000000009,0.066,391.3799999999999,0.0037119940309643905,0.7300503637381079,0.1313400000000006,127.30419999999997,0.32527007000868724,0.0011483233508589514,1.1130378066272069,6.572407356032285e-06
12,1.3999999999999773,0.065,392.77999999999986,0.0026114530871105724,0.7326618168252185,0.09099999999999853,127.39519999999996,0.3243423799582464,0.0007956252849715427,1.1138334319121783,3.2972306070210582e-06
273,1.1999999999999886,0.065,393.97999999999985,0.002238388360380506,0.734900205185599,0.07799999999999926,127.47319999999996,0.3235524645921113,0.0006819645299756126,1.114515396442154,2.422455139852239e-06
223,1.0,0.064,394.97999999999985,0.001865323633650439,0.7367655288192494,0.064,127.53719999999996,0.32289533647273283,0.0005595606399799952,1.1150749570821339,1.7050169956391998e-06
1,1.2000000000000455,0.063,396.1799999999999,0.0022383883603806116,0.73900391717963,0.07560000000000286,127.61279999999996,0.3221081326669696,0.0006609810059763942,1.1157359380881102,2.4882139617285126e-06
69,1.0999999999999943,0.062,397.27999999999986,0.0020518559970154723,0.7410557731766455,0.06819999999999965,127.68099999999997,0.32138793797825216,0.0005962818069786792,1.116332219895089,2.1186962227012664e-06
107,1.259999999999991,0.061,398.53999999999985,0.002350307778399536,0.743406080955045,0.07685999999999944,127.75785999999997,0.32056471119586494,0.0006719973560759706,1.117004217251165,2.816725873679905e-06
56,0.9000000000000057,0.06,399.4399999999998,0.0016787912702854058,0.7450848722253304,0.05400000000000034,127.81185999999997,0.31997761866613267,0.0004721292899831239,1.1174763465411481,1.4560331347070246e-06
286,1.1399999999999864,0.06,400.5799999999998,0.002126468942361475,0.7472113411676918,0.06839999999999918,127.88025999999996,0.31923775525488046,0.0005980304339786126,1.1180743769751267,2.33612427390763e-06
333,2.2000000000000455,0.059,402.77999999999986,0.0041037119940310505,0.7513150531617229,0.12980000000000266,128.01005999999995,0.31781632653061226,0.001134858922959451,1.119209235898086,8.814088557611269e-06
296,1.5,0.059,404.27999999999986,0.0027979854504756587,0.7541130386121985,0.0885,128.09855999999996,0.31685604036806175,0.000773767447472337,1.1199830033455584,4.097458523682756e-06
50,2.0,0.058,406.27999999999986,0.003730647267300878,0.7578436858794994,0.116,128.21455999999998,0.31558176626956785,0.0010142036599637412,1.120997207005522,7.379065871842798e-06
238,2.579999999999984,0.057,408.85999999999984,0.004812534974818103,0.7626562208543175,0.1470599999999991,128.36162,0.31395005625397454,0.0012857654330540248,1.122282972438576,1.2438103400714808e-05
114,2.25,0.057,411.10999999999984,0.004196978175713488,0.766853199030031,0.12825,128.48987,0.31254377173992376,0.0011213070637099121,1.123404279502286,9.459752789213314e-06
113,1.0,0.057,412.10999999999984,0.001865323633650439,0.7687185226636815,0.057,128.54686999999998,0.31192368542379467,0.0004983586949821832,1.1239026381972683,1.8685931435483088e-06
327,1.2999999999999545,0.057,413.4099999999998,0.002424920723745486,0.7711434433874269,0.0740999999999974,128.62096999999997,0.3111220580053701,0.0006478663034768154,1.1245505045007451,3.157922412596421e-06
243,1.3999999999999773,0.057,414.8099999999998,0.0026114530871105724,0.7737548964745374,0.0797999999999987,128.70076999999998,0.3102643861044817,0.0006977021729750451,1.1252482066737202,3.662442561354566e-06
7,1.7999999999999545,0.056,416.60999999999973,0.0033575825405707054,0.7771124790151082,0.10079999999999746,128.80156999999997,0.309165814550779,0.0008813080079684702,1.1261295146816885,6.1319355608144196e-06
324,2.099999999999909,0.056,418.70999999999964,0.003917179630665752,0.7810296586457739,0.1175999999999949,128.91916999999995,0.3078960855962362,0.0010281926759631965,1.1271577073576518,8.346245624441548e-06
244,0.9000000000000341,0.056,419.6099999999997,0.0016787912702854587,0.7827084499160594,0.05040000000000191,128.96956999999995,0.3073558065823027,0.00044065400398426286,1.127598361361636,1.5329838902037984e-06
263,1.3999999999999773,0.055,421.00999999999965,0.0026114530871105724,0.7853199030031699,0.07699999999999875,129.04656999999995,0.3065166385596543,0.0006732213949759208,1.1282715827566119,3.7567420923951546e-06
49,2.0,0.055,423.00999999999965,0.003730647267300878,0.7890505502704708,0.11,129.15656999999996,0.3053274627077376,0.0009617448499656167,1.1292333276065776,7.666820596725056e-06
47,1.25,0.055,424.25999999999965,0.002331654542063049,0.7913822048125339,0.06875,129.22531999999995,0.3045899212746902,0.0006010905312285105,1.1298344181378062,2.9948517955957247e-06
297,1.5,0.055,425.75999999999965,0.0027979854504756587,0.7941801902630095,0.0825,129.30781999999996,0.3037105881247653,0.0007213086374742126,1.1305557267752804,4.312586585657844e-06
293,1.5,0.054,427.25999999999965,0.0027979854504756587,0.7969781757134851,0.081,129.38881999999995,0.3028339184571457,0.0007081939349746814,1.131263920710255,4.367228578259872e-06
207,2.4499999999999886,0.053,429.70999999999964,0.004570042902443555,0.8015482186159286,0.12984999999999938,129.51866999999996,0.30140948546694296,0.0011352960797094067,1.1323992167899644,1.1797485736282325e-05
122,1.7699999999999818,0.053,431.4799999999996,0.003301622831561243,0.8048498414474898,0.09380999999999903,129.61247999999995,0.3003904700101976,0.0008201934943206688,1.133219410284285,6.157491555718196e-06
331,1.2000000000000455,0.053,432.67999999999967,0.0022383883603806116,0.8070882298078704,0.0636000000000024,129.67607999999996,0.2997043542571879,0.0005560633859801412,1.1337754736702652,2.8302173194915437e-06
111,1.3600000000000136,0.052,434.0399999999997,0.0025368401417646225,0.809625069949635,0.07072000000000071,129.74679999999995,0.2989282093816239,0.0006183145071779008,1.134393788177443,3.680740610566384e-06
109,1.539999999999992,0.051,435.5799999999997,0.002872598395821661,0.8124976683454567,0.07853999999999958,129.82533999999995,0.2980516552642455,0.0006866858228754466,1.1350804740003184,4.77821377656434e-06
33,2.1499999999999986,0.051,437.7299999999997,0.004010445812348442,0.8165081141578051,0.10964999999999991,129.93498999999994,0.2968382107691957,0.0009586847527157253,1.136039158753034,9.3132455650906e-06
142,1.200000000000017,0.05,438.9299999999997,0.0022383883603805587,0.8187465025181857,0.06000000000000086,129.99498999999994,0.29616337456997704,0.000524588099981253,1.1365637468530154,2.937111332544728e-06
110,1.6399999999999864,0.049,440.5699999999997,0.0030591307591866946,0.8218056332773724,0.08035999999999933,130.07534999999996,0.2952433211521439,0.0007025983285748756,1.1372663451815903,5.5532450965252466e-06
29,1.7000000000000028,0.049,442.2699999999997,0.0031710501772057517,0.8249766834545782,0.08330000000000014,130.15864999999997,0.29429680964116955,0.0007283031454739636,1.1379946483270642,5.9670130610344595e-06
143,1.0999999999999943,0.049,443.36999999999966,0.0020518559970154723,0.8270285394515937,0.053899999999999726,130.21254999999996,0.29368822879310746,0.00047125497648314976,1.1384659033035474,2.4982995861078195e-06
325,1.2000000000000455,0.049,444.5699999999997,0.0022383883603806116,0.8292669278119743,0.05880000000000223,130.27134999999996,0.2930277571586028,0.0005140963379816401,1.138979999641529,2.9731829785087357e-06
136,2.1000000000000227,0.049,446.66999999999973,0.0039171796306659646,0.8331841074426403,0.10290000000000112,130.37424999999996,0.29188047104126097,0.0008996685914678457,1.139879668232997,9.105372871682508e-06
259,1.0,0.049,447.66999999999973,0.001865323633650439,0.8350494310762907,0.049,130.42324999999997,0.2913379274912325,0.0004284136149846838,1.1403080818479816,2.0647104017420206e-06
45,1.2000000000000028,0.048,448.8699999999997,0.0022383883603805323,0.8372878194366712,0.05760000000000014,130.48084999999998,0.29068739278633027,0.0005036045759819969,1.1408116864239637,3.0094747786121036e-06
199,1.900000000000034,0.048,450.76999999999975,0.003544114903935898,0.8408319343406071,0.09120000000000164,130.57205,0.2896644630299267,0.0007973739119715074,1.1416090603359352,7.544586076937522e-06
43,2.299999999999997,0.045,453.06999999999977,0.004290244357396005,0.8451221786980031,0.10349999999999987,130.67555,0.2884224292052002,0.0009049144724676473,1.1425139748084028,1.1460458429789042e-05
202,2.0,0.045,455.06999999999977,0.003730647267300878,0.848852825965304,0.09,130.76555,0.28735260509372196,0.0007868821499718682,1.1433008569583747,8.665753066003078e-06
326,1.7000000000000455,0.044,456.7699999999998,0.003171050177205831,0.8520238761425099,0.07480000000000199,130.84035,0.2864468988768966,0.0006539864979766368,1.1439548434563513,6.335609565294809e-06
54,1.5,0.044,458.2699999999998,0.0027979854504756587,0.8548218615929855,0.066,130.90635,0.28565332664149967,0.0005770469099793701,1.1445318903663306,4.932568000661784e-06
163,2.0,0.044,460.2699999999998,0.003730647267300878,0.8585525088602863,0.088,130.99435,0.28460327633780186,0.0007693958799724933,1.1453012862463032,8.769009778954283e-06
6,1.3999999999999773,0.043,461.6699999999998,0.0026114530871105724,0.8611639619473969,0.06019999999999902,131.05455,0.2838706218727664,0.0005263367269811743,1.1458276229732844,4.347710235279268e-06
255,1.6000000000000227,0.042,463.2699999999998,0.002984517813840745,0.8641484797612377,0.06720000000000095,131.12175000000002,0.2830352710082675,0.0005875386719790032,1.1464151616452634,5.745509006520251e-06
23,1.5,0.042,464.7699999999998,0.0027979854504756587,0.8669464652117133,0.063,131.18475,0.2822573530993826,0.0005508175049803077,1.1469659791502436,5.049763775261796e-06
291,0.8000000000000114,0.042,465.5699999999998,0.0014922589069203726,0.8684387241186337,0.03360000000000048,131.21835000000002,0.2818445131773956,0.0002937693359895016,1.147259748486233,1.4363772516300628e-06
5,1.6000000000000227,0.041,467.16999999999985,0.002984517813840745,0.8714232419324744,0.06560000000000094,131.28395,0.28101965023439013,0.0005735496559795032,1.1478332981422126,5.812767458220829e-06
253,1.8999999999999773,0.04,469.0699999999998,0.003544114903935792,0.8749673568364102,0.0759999999999991,131.35995,0.28004338371671617,0.0006644782599762363,1.1484977764021889,8.292307201234651e-06
335,1.6000000000000227,0.039,470.66999999999985,0.002984517813840745,0.877951874650251,0.062400000000000885,131.42235,0.27922397858372117,0.000545571623980503,1.1490433480261695,5.948458517033792e-06
262,1.6000000000000227,0.039,472.26999999999987,0.002984517813840745,0.8809363924640918,0.062400000000000885,131.48475,0.27841012556376654,0.000545571623980503,1.14958891965015,5.948458517033792e-06
44,2.200000000000003,0.039,474.46999999999986,0.004103711994030972,0.8850401044581228,0.08580000000000011,131.57055,0.2773000400446815,0.000750160982973182,1.1503390806331233,1.1246304383766719e-05
4,0.7000000000000455,0.039,475.1699999999999,0.0013057265435553922,0.8863458310016782,0.027300000000001774,131.59785,0.27694898667845197,0.0002386875854914822,1.1505777682186147,1.1385721380261146e-06
276,1.5,0.039,476.6699999999999,0.0027979854504756587,0.8891438164521538,0.058499999999999996,131.65635,0.2762002013971931,0.0005114733974817142,1.1510892416160965,5.2281373684865815e-06
55,1.5,0.039,478.1699999999999,0.0027979854504756587,0.8919418019026294,0.058499999999999996,131.71485,0.2754561139343749,0.0005114733974817142,1.1516007150135783,5.2281373684865815e-06
288,1.6000000000000227,0.038,479.7699999999999,0.002984517813840745,0.8949263197164702,0.06080000000000086,131.77565,0.2746642141025909,0.000531582607981003,1.1521322976215593,6.0168911241461745e-06
252,0.8999999999999773,0.038,480.6699999999999,0.0016787912702853527,0.8966051109867555,0.034199999999999134,131.80985,0.27422108723240485,0.0002990152169893023,1.1524313128385486,1.903781957249225e-06
265,1.400000000000034,0.036,482.06999999999994,0.002611453087110678,0.8992165640738662,0.05040000000000122,131.86025,0.2735292592362106,0.00044065400398425684,1.152871966842533,4.712368659302512e-06
292,1.5,0.036,483.56999999999994,0.0027979854504756587,0.9020145495243418,0.05399999999999999,131.91425,0.27279246024360493,0.00047212928998312085,1.153344096132516,5.40960687930109e-06
300,1.8999999999999773,0.036,485.4699999999999,0.003544114903935792,0.9055586644282776,0.06839999999999917,131.98265,0.27186571775804896,0.0005980304339786125,1.1539421265664946,8.679413704122874e-06
46,1.7000000000000028,0.035,487.1699999999999,0.0031710501772057517,0.9087297146054834,0.05950000000000011,132.04215000000002,0.27103916497321273,0.0005202165324814027,1.154462343098976,7.026919012002576e-06
272,1.6499999999999773,0.034,488.8199999999999,0.003077783995523182,0.9118074986010065,0.056099999999999234,132.09825,0.27023904504725677,0.0004904898734824578,1.1549528329724585,6.6940908739464825e-06
260,1.8999999999999773,0.034,490.71999999999986,0.003544114903935792,0.9153516135049423,0.06459999999999923,132.16285000000002,0.2693243601238997,0.0005648065209798008,1.1555176394934383,8.876278440751842e-06
3,2.2999999999999545,0.034,493.0199999999998,0.004290244357395925,0.9196418578623382,0.07819999999999847,132.24105000000003,0.2682265425337716,0.0006837131569755432,1.1562013526504138,1.300706729960568e-05
283,1.1000000000000227,0.034,494.11999999999983,0.0020518559970155253,0.9216937138593537,0.03740000000000077,132.27845000000002,0.26770511211851383,0.00032699324898831643,1.156528345899402,2.9751514995319746e-06
2,1.7999999999999545,0.034,495.9199999999998,0.0033575825405707054,0.9250512963999244,0.06119999999999846,132.33965,0.26685685191159875,0.0005350798619808569,1.1570634257613828,7.96652137064687e-06
28,1.6999999999999957,0.034,497.6199999999998,0.0031710501772057383,0.9282223465771302,0.05779999999999986,132.39745,0.26606135203569,0.0005053532029819319,1.1575687789643647,7.1059403583859574e-06
290,1.1999999999999886,0.033,498.81999999999977,0.002238388360380506,0.9304607349375107,0.03959999999999963,132.43705,0.2655006816085964,0.00034622814598761877,1.1579150071103523,3.580270276931336e-06
274,1.8000000000000114,0.032,500.6199999999998,0.0033575825405708117,0.9338183174780815,0.057600000000000366,132.49465,0.26466112021093857,0.0005036045759819988,1.1584186116863344,8.145190222358502e-06
172,2.1000000000000227,0.032,502.7199999999998,0.0039171796306659646,0.9377354971087475,0.06720000000000073,132.56185000000002,0.2636892305856144,0.0005875386719790013,1.1590061503583133,1.108650891376584e-05
52,1.7999999999999972,0.032,504.5199999999998,0.003357582540570785,0.9410930796493183,0.05759999999999991,132.61945000000003,0.2628626218980419,0.0005036045759819948,1.1595097549342954,8.145190222358374e-06
275,1.5,0.031,506.0199999999998,0.0027979854504756587,0.9438910650997939,0.0465,132.66595000000004,0.2621753092763134,0.00040655577748546524,1.159916310711781,5.718935880857983e-06
26,2.1000000000000014,0.031,508.11999999999983,0.003917179630665925,0.9478082447304599,0.06510000000000005,132.73105000000004,0.26121988900259796,0.0005691780884796517,1.1604854888002605,1.1209114326481664e-05
171,2.1000000000000227,0.03,510.21999999999986,0.0039171796306659646,0.9517254243611258,0.06300000000000068,132.79405000000003,0.26026821763161,0.0005508175049803136,1.1610363063052407,1.1332393961250813e-05
289,1.3999999999999773,0.03,511.61999999999983,0.0026114530871105724,0.9543368774482364,0.041999999999999316,132.83605000000003,0.2596381103162505,0.00036721166998686584,1.1614035179752276,5.036619538333422e-06
154,1.5999999999999943,0.029,513.2199999999998,0.002984517813840692,0.957321395262077,0.04639999999999984,132.88245000000003,0.2589190795370408,0.00040568146398549507,1.161809199439213,6.650396919334475e-06
254,1.1000000000000227,0.029,514.3199999999998,0.0020518559970155253,0.9593732512590926,0.031900000000000664,132.91435000000004,0.2584273409550476,0.00027890600649003463,1.162088105445703,3.1433516689043375e-06
25,1.8999999999999986,0.028,516.2199999999998,0.0035441149039358317,0.9629173661630284,0.05319999999999996,132.96755000000005,0.25757922978575043,0.00046513478198337066,1.1625532402276864,9.48011859137839e-06
34,1.2999999999999972,0.026,517.5199999999998,0.0024249207237455653,0.9653422868867739,0.03379999999999993,133.00135000000006,0.25699750734271165,0.0002955179629894343,1.162848758190676,4.534356117515834e-06
148,1.9000000000000057,0.024,519.4199999999997,0.0035441149039358447,0.9688864017907097,0.04560000000000014,133.04695000000007,0.2561452196680916,0.0003986869559857478,1.1632474451466617,9.893716975745558e-06
147,2.0999999999999943,0.022,521.5199999999998,0.003917179630665912,0.9728035814213757,0.04619999999999987,133.09315000000007,0.25520238917011834,0.00040393283698555787,1.1636513779836473,1.2342903033305285e-05
197,2.1999999999999886,0.021,523.7199999999998,0.004103711994030945,0.9769072934154066,0.04619999999999976,133.13935000000006,0.2542185709921334,0.0004039328369855569,1.1640553108206328,1.3688365810907484e-05
8,1.2000000000000455,0.018,524.9199999999998,0.0022383883603806116,0.9791456817757872,0.021600000000000816,133.16095000000007,0.25367856054255905,0.00018885171599325551,1.1642441625366262,4.200600456686585e-06
0,1.3999999999999773,0.017,526.3199999999998,0.0026114530871105724,0.9817571348628977,0.023799999999999617,133.18475000000007,0.25304900060799534,0.00020808661299255733,1.1644522491496188,5.776170408914459e-06
145,2.1000000000000227,0.015,528.4199999999998,0.0039171796306659646,0.9856743144935637,0.03150000000000034,133.21625000000006,0.2521029673365885,0.0002754087524901568,1.1647276579021089,1.3262495129129395e-05
173,3.3999999999999773,0.011,531.8199999999998,0.0063421003544114505,0.9920164148479751,0.037399999999999746,133.25365000000005,0.2505615621826936,0.00032699324898830743,1.165054651151097,3.618151348971198e-05
178,2.180000000000007,0.01,533.9999999999998,0.00406640552135797,0.996082820369333,0.02180000000000007,133.27545000000006,0.2495794943820227,0.00019060034299318645,1.1652452514940903,1.5021865780639271e-05
146,2.0999999999999943,-9.0,536.0999999999998,0.003917179630665912,0.999999999999999,-18.89999999999995,114.37545000000011,0.21334722999440434,-0.16524525149409186,0.9999999999999984,0.028615928104038416
