,weight,grade,cml_weight,weight_pct,cml_weight_pct,yield,cml_yield,cml_grade,recovery,cml_recovery,distributional_heterogeneity
78,1.4000000000000057,10.8,1.4000000000000057,0.0025225225225225328,0.0025225225225225328,15.120000000000063,15.120000000000063,10.8,0.08727203715618538,0.08727203715618538,0.007182480230641433
207,1.1000000000000227,8.22,2.5000000000000284,0.001981981981982023,0.004504504504504556,9.042000000000188,24.16200000000025,9.66479999999999,0.052190063489830775,0.13946210064601616,0.0025208514486987836
213,1.1000000000000227,5.68,3.600000000000051,0.001981981981982023,0.006486486486486578,6.248000000000129,30.41000000000038,8.447222222222209,0.03606320688835021,0.17552530753436638,0.0011615298911184515
134,2.079999999999984,4.58,5.680000000000035,0.0037477477477477193,0.010234234234234297,9.526399999999928,39.936400000000305,7.031056338028179,0.054986000976499645,0.23051130851086601,0.0026253585939337073
222,1.5,4.33,7.180000000000035,0.002702702702702703,0.012936936936937,6.495,46.4314000000003,6.466768802228422,0.03748888104030566,0.26800018955117166,0.0012100782033355178
203,1.1800000000000068,3.98,8.360000000000042,0.0021261261261261385,0.015063063063063138,4.696400000000027,51.12780000000033,6.115765550239243,0.02710743355160778,0.29510762310277944,0.0006240657206864243
201,1.829999999999984,3.92,10.190000000000026,0.0032972972972972686,0.018360360360360407,7.173599999999937,58.301400000000264,5.721432777232592,0.04140573318410075,0.33651335628688017,0.0014522528857386118
215,2.2000000000000455,3.24,12.390000000000072,0.003963963963964046,0.022324324324324452,7.1280000000001476,65.42940000000041,5.280823244552061,0.041142531802202356,0.3776558880890825,0.0013822459065024884
217,1.6000000000000227,2.47,13.990000000000094,0.0028828828828829237,0.025207207207207375,3.9520000000000564,69.38140000000047,4.959356683345247,0.022810786431299475,0.400466674520382,0.00039712133983499316
204,1.5600000000000023,2.23,15.550000000000097,0.0028108108108108147,0.02801801801801819,3.478800000000005,72.86020000000048,4.68554340836013,0.020079494898077834,0.4205461694184598,0.0002982074501058293
33,1.4600000000000009,1.95,17.010000000000097,0.002630630630630632,0.030648648648648823,2.8470000000000018,75.70720000000048,4.450746619635511,0.016432770488337228,0.43697893990679704,0.000190499064651693
196,1.5,1.83,18.510000000000097,0.002702702702702703,0.033351351351351526,2.745,78.45220000000049,4.238368449486768,0.01584403055514073,0.45282297046193776,0.00017269449772526355
2,1.0999999999999996,1.675,19.6100000000001,0.0019819819819819813,0.03533333333333351,1.8424999999999994,80.29470000000049,4.094579296277414,0.0106348365383777,0.46345780700031547,7.487189197413817e-05
220,2.0600000000000023,1.59,21.6700000000001,0.003711711711711716,0.039045045045045225,3.275400000000004,83.5701000000005,3.8564882325796077,0.01890547820776248,0.482363285208078,0.00023085054033651476
149,1.3000000000000114,1.59,22.970000000000113,0.0023423423423423627,0.041387387387387585,2.0670000000000184,85.63710000000052,3.7282150631258206,0.011930641587423017,0.494293926795501,9.193548241321423e-05
180,1.3000000000000114,1.59,24.270000000000124,0.0023423423423423627,0.043729729729729945,2.0670000000000184,87.70410000000054,3.61368355995056,0.011930641587423017,0.506224568382924,9.193548241321423e-05
316,1.5,1.525,25.770000000000124,0.002702702702702703,0.04643243243243265,2.2874999999999996,89.99160000000053,3.4921071012805625,0.013203358795950608,0.5194279271788745,0.00011026377838866441
205,1.4099999999999682,1.515,27.180000000000092,0.002540540540540483,0.04897297297297313,2.136149999999952,92.12775000000049,3.389541942604863,0.012329772630369074,0.5317576998092436,9.582906490852984e-05
166,1.5,1.505,28.680000000000092,0.002702702702702703,0.05167567567567583,2.2575,94.38525000000048,3.29097803347281,0.013030199992069289,0.5447878998013129,0.00010665720026187421
10,1.6999999999999993,1.48,30.38000000000009,0.0030630630630630617,0.05473873873873889,2.515999999999999,96.90125000000049,3.189639565503627,0.014522251685513321,0.5593101514868263,0.0001313130038848935
8,1.1600000000000001,1.315,31.54000000000009,0.0020900900900900905,0.05682882882882898,1.5254,98.42665000000049,3.120692771084344,0.008804547981352157,0.5681146994681784,4.508394477353147e-05
75,1.2999999999999972,1.29,32.84000000000009,0.002342342342342337,0.05917117117117132,1.6769999999999963,100.10365000000048,3.0482232034104815,0.009679577136965737,0.5777942766051442,5.3835014431432295e-05
11,1.3000000000000007,1.215,34.140000000000086,0.0023423423423423436,0.06151351351351367,1.579500000000001,101.68315000000048,2.9784168131224438,0.009116811024351476,0.5869110876294956,4.5893425923522555e-05
216,1.3999999999999773,1.115,35.54000000000006,0.0025225225225224816,0.06403603603603615,1.5609999999999746,103.24415000000046,2.9050126617895407,0.009010029761957843,0.5959211173914535,4.2087750181726233e-05
76,1.0,1.1,36.54000000000006,0.0018018018018018018,0.06583783783783795,1.1,104.34415000000045,2.8556143951833683,0.006349156142315048,0.6022702735337685,2.067843149818466e-05
268,1.0,1.085,37.54000000000006,0.0018018018018018018,0.06763963963963975,1.085,105.42915000000045,2.808448321790098,0.006262576740374387,0.6085328502741428,1.9898513052597258e-05
210,1.6999999999999886,1.065,39.24000000000005,0.0030630630630630426,0.07070270270270279,1.8104999999999878,107.23965000000044,2.732916666666674,0.01045013381423756,0.6189829840883804,5.456881428285805e-05
202,1.4499999999999886,1.03,40.69000000000004,0.002612612612612592,0.07331531531531538,1.4934999999999883,108.73315000000042,2.67223273531581,0.008620422453224953,0.6276034065416053,3.609377908095873e-05
35,1.3699999999999974,0.992,42.06000000000004,0.002468468468468464,0.07578378378378384,1.3590399999999974,110.09219000000041,2.617503328578229,0.007844324694228931,0.6354477312358342,2.8899830160047596e-05
12,1.8000000000000007,0.966,43.86000000000004,0.0032432432432432444,0.07902702702702707,1.7388000000000006,111.83099000000041,2.549726174190613,0.01003628427296128,0.6454840155087955,4.614540643143267e-05
209,1.1999999999999886,0.925,45.06000000000003,0.002162162162162142,0.08118918918918921,1.1099999999999894,112.9409900000004,2.5064578339991193,0.006406875743608759,0.6518908912524043,1.8017593388517376e-05
138,0.5,0.92,45.56000000000003,0.0009009009009009009,0.08209009009009012,0.46,113.40099000000039,2.489047190518005,0.0026551016595135653,0.6545459929119178,3.0772203015172477e-06
9,1.8399999999999999,0.859,47.400000000000034,0.003315315315315315,0.08540540540540544,1.5805599999999997,114.9815500000004,2.42577109704642,0.009122929302088608,0.6636689222140064,3.37283802193648e-05
5,1.6999999999999993,0.819,49.10000000000004,0.0030630630630630617,0.0884684684684685,1.3922999999999994,116.3738500000004,2.3701395112016357,0.008036300088132033,0.6717052223021385,2.473308650751687e-05
212,1.7999999999999545,0.77,50.89999999999999,0.003243243243243161,0.09171171171171165,1.385999999999965,117.75985000000037,2.313553045186648,0.007999936739316758,0.6797051590414552,2.2626133015588856e-05
67,2.1000000000000085,0.749,53.0,0.0037837837837837993,0.09549549549549545,1.5729000000000064,119.33275000000037,2.251561320754724,0.009078716087497617,0.6887838751289529,2.8036308100912117e-05
200,1.2700000000000387,0.741,54.27000000000004,0.002288288288288358,0.0977837837837838,0.9410700000000286,120.2738200000004,2.21621190344574,0.005431818518953275,0.6942156936479061,9.881782311104232e-06
55,1.4000000000000057,0.696,55.670000000000044,0.0025225225225225328,0.10030630630630634,0.9744000000000039,121.2482200000004,2.1779813184839285,0.005624197950065279,0.6998398915979714,9.620390457822478e-06
38,2.0999999999999943,0.654,57.77000000000004,0.0037837837837837733,0.10409009009009011,1.3733999999999964,122.62162000000039,2.1225830015579072,0.007927210041686785,0.7077671016396583,1.716798115468015e-05
264,1.0,0.65,58.77000000000004,0.0018018018018018018,0.10589189189189191,0.65,123.2716200000004,2.0975262889229254,0.0037517740840952553,0.7115188757237535,3.8023919017127405e-06
132,1.6999999999999886,0.582,60.47000000000003,0.0030630630630630426,0.10895495495495496,0.9893999999999933,124.26102000000039,2.054920125682162,0.005710777352005877,0.7172296530757594,7.010390955872064e-06
3,2.0999999999999996,0.58,62.57000000000003,0.0037837837837837833,0.11273873873873874,1.2179999999999997,125.47902000000039,2.00541825155826,0.007030247437581569,0.7242599005133409,1.053952625543007e-05
100,1.5,0.575,64.07000000000002,0.002702702702702703,0.11544144144144144,0.8624999999999999,126.34152000000039,1.9719294521617035,0.0049783156115879345,0.7292382161249288,5.178414111085108e-06
181,1.099999999999966,0.574,65.16999999999999,0.0019819819819819205,0.11742342342342336,0.6313999999999804,126.97292000000037,1.948333895964407,0.003644415625688724,0.7328826317506175,2.7636856197282793e-06
208,1.8000000000000114,0.533,66.97,0.003243243243243264,0.12066666666666663,0.9594000000000061,127.93232000000037,1.910292967000155,0.005537618548124632,0.7384202502987421,5.264158039649473e-06
13,1.1999999999999993,0.501,68.17,0.002162162162162161,0.12282882882882878,0.6011999999999996,128.53352000000038,1.8854851107525359,0.00347010242978164,0.7418903527285238,1.7107077436605155e-06
1,1.25,0.488,69.42,0.0022522522522522522,0.12508108108108104,0.61,129.1435200000004,1.8603215211754593,0.0035208956789201623,0.7454112484074439,1.6094561440276977e-06
73,3.0,0.485,72.42,0.005405405405405406,0.13048648648648645,1.455,130.5985200000004,1.8033487986744048,0.008398201988243995,0.7538094503956879,8.956831386250334e-06
211,1.400000000000034,0.467,73.82000000000004,0.002522522522522584,0.13300900900900903,0.6538000000000159,131.25232000000042,1.778004876727179,0.003773707532586981,0.7575831579282749,1.565463929409846e-06
269,1.1999999999999886,0.465,75.02000000000002,0.002162162162162142,0.13517117117117117,0.5579999999999947,131.81032000000042,1.7570023993601755,0.0032207537521925116,0.7608039116804675,1.1206161544830274e-06
64,1.1000000000000085,0.431,76.12000000000003,0.0019819819819819973,0.13715315315315316,0.4741000000000037,132.2844200000004,1.7378405149763578,0.0027364862973378065,0.7635403979778053,5.692767618905387e-07
74,1.2000000000000028,0.429,77.32000000000004,0.0021621621621621674,0.13931531531531532,0.5148000000000013,132.79922000000042,1.7175274185204392,0.002971405074603449,0.7665118030524087,6.548740913364484e-07
265,1.0,0.42,78.32000000000004,0.0018018018018018018,0.14111711711711714,0.42,133.2192200000004,1.700960418794693,0.0024242232543384722,0.7689360263067472,3.874084645778592e-07
34,1.6300000000000026,0.401,79.95000000000005,0.0029369369369369415,0.14405405405405408,0.653630000000001,133.8728500000004,1.6744571607254575,0.0037727262993649006,0.772708752606112,6.985438583477352e-07
101,1.5,0.398,81.45000000000005,0.002702702702702703,0.14675675675675678,0.597,134.4698500000004,1.6509496623695559,0.0034458601972382572,0.7761546128033503,5.522830616843636e-07
113,1.1999999999999886,0.398,82.65000000000003,0.002162162162162142,0.14891891891891892,0.4775999999999955,134.9474500000004,1.6327580157289818,0.00275668815779058,0.7789113009611409,3.53461159477986e-07
297,1.0,0.393,83.65000000000003,0.0018018018018018018,0.15072072072072074,0.393,135.3404500000004,1.617937238493728,0.002268380330845285,0.7811796812919862,2.1769552376438075e-07
195,1.1999999999999886,0.348,84.85000000000002,0.002162162162162142,0.15288288288288288,0.41759999999999603,135.7580500000004,1.5999770182675352,0.002410370550027944,0.7835900518420141,6.160740380694064e-08
198,0.8999999999999773,0.344,85.75,0.0016216216216215806,0.15450450450450445,0.30959999999999216,136.06765000000038,1.5867947521865935,0.0017869988560551716,0.7853770506980693,2.734962966890295e-08
206,1.5,0.342,87.25,0.002702702702702703,0.15720720720720716,0.513,136.5806500000004,1.5653942693409786,0.002961015546370563,0.7883380662444398,6.67255252037766e-08
37,1.5,0.337,88.75,0.002702702702702703,0.15990990990990986,0.5055000000000001,137.0861500000004,1.5446326760563425,0.0029177258454002332,0.7912557920898401,4.6234951895522656e-08
26,1.6000000000000014,0.335,90.35,0.0028828828828828855,0.16279279279279274,0.5360000000000005,137.6221500000004,1.5232114001106853,0.003093770629346244,0.7943495627191863,4.447364160839393e-08
36,2.0,0.296,92.35,0.0036036036036036037,0.16639639639639633,0.592,138.21415000000042,1.4966340010828416,0.0034170003965913708,0.7977665631157776,3.482075686725017e-08
97,1.6999999999999886,0.295,94.04999999999998,0.0030630630630630426,0.16945945945945937,0.5014999999999966,138.7156500000004,1.4749138755980908,0.002894638004882704,0.8006612011206603,2.8367000223050276e-08
95,1.8000000000000114,0.292,95.85,0.003243243243243264,0.17270270270270263,0.5256000000000033,139.2412500000004,1.4526995305164363,0.003033742244000736,0.8036949433646611,4.3890668683617494e-08
179,1.3000000000000114,0.291,97.15,0.0023423423423423627,0.175045045045045,0.3783000000000033,139.6195500000004,1.4371544004117385,0.0021835325169434574,0.8058784758816046,2.5220560643230762e-08
99,1.5999999999999943,0.278,98.75,0.0028828828828828725,0.1779279279279279,0.4447999999999985,140.0643500000004,1.418373164556966,0.0025673678655470213,0.8084458437471516,9.954972616444258e-08
98,1.4000000000000057,0.273,100.15,0.0025225225225225328,0.1804504504504504,0.3822000000000016,140.4465500000004,1.4023619570644072,0.002206043161448019,0.8106518869085996,1.0015918598613226e-07
56,1.4000000000000057,0.272,101.55000000000001,0.0025225225225225328,0.18297297297297294,0.3808000000000016,140.8273500000004,1.3867784342688367,0.002197962417266891,0.8128498493258665,1.0533926192355324e-07
77,1.0999999999999943,0.27,102.65,0.0019819819819819717,0.1849549549549549,0.2969999999999985,141.1243500000004,1.3748110082805687,0.001714272158425054,0.8145641214842915,7.166854962887597e-08
6,1.3000000000000007,0.251,103.95,0.0023423423423423436,0.18729729729729724,0.3263000000000002,141.4506500000004,1.3607566137566176,0.0018833905902158191,0.8164475120745073,2.1063671078000666e-07
90,1.9000000000000057,0.249,105.85000000000001,0.0034234234234234336,0.1907207207207207,0.4731000000000014,141.92375000000038,1.3408006613131824,0.002730714337208416,0.8191782264117157,4.798458781248443e-07
14,2.0,0.244,107.85000000000001,0.0036036036036036037,0.19432432432432428,0.488,142.41175000000038,1.3204612888270781,0.0028167165431361297,0.8219949429548518,6.191912459311412e-07
125,1.299999999999983,0.241,109.14999999999999,0.0023423423423423115,0.1966666666666666,0.31329999999999586,142.72505000000038,1.3076046724690829,0.0018083551085338891,0.8238032980633857,2.8514236587037064e-07
225,1.1000000000000227,0.241,110.25000000000001,0.001981981981982023,0.19864864864864862,0.2651000000000055,142.9901500000004,1.2969628117913867,0.0015301466302979582,0.8253334446936836,2.041551850314626e-07
199,2.0,0.24,112.25000000000001,0.0036036036036036037,0.2022522522522522,0.48,143.4701500000004,1.2781305122494464,0.002770540862101111,0.8281039855557848,6.939935312796478e-07
188,1.6800000000000068,0.236,113.93000000000002,0.0030270270270270393,0.20527927927927925,0.3964800000000016,143.86663000000038,1.2627633634687998,0.002288466752095527,0.8303924523078803,5.454712797069104e-07
86,1.4000000000000057,0.229,115.33000000000003,0.0025225225225225328,0.20780180180180177,0.32060000000000133,144.1872300000004,1.2502144281626668,0.001850490417478375,0.8322429427253587,4.516271502100818e-07
21,1.5,0.225,116.83000000000003,0.002702702702702703,0.21050450450450447,0.3375,144.5247300000004,1.2370515278609977,0.001948036543664844,0.8341909792690235,5.695210115969543e-07
245,1.8000000000000114,0.221,118.63000000000004,0.003243243243243264,0.21374774774774774,0.39780000000000254,144.9225300000004,1.2216347466913964,0.002296085739466311,0.8364870650084898,8.971073369609885e-07
178,1.6999999999999886,0.22,120.33000000000003,0.0030630630630630426,0.21681081081081077,0.3739999999999975,145.2965300000004,1.207483836117347,0.0021587130883871015,0.8386457780968769,8.178488766963749e-07
57,0.7999999999999972,0.22,121.13000000000002,0.0014414414414414363,0.2182522522522522,0.17599999999999938,145.47253000000038,1.2009620242714467,0.001015864982770404,0.8396616430796473,1.8111532217497686e-07
183,2.3000000000000114,0.216,123.43000000000004,0.004144144144144164,0.22239639639639636,0.49680000000000246,145.96933000000038,1.1826081989791812,0.0028675097922746646,0.842529152871922,1.629795268373258e-06
197,1.1000000000000227,0.214,124.53000000000006,0.001981981981982023,0.22437837837837837,0.23540000000000486,146.20473000000038,1.1740522765598675,0.001358719414455448,0.8438878722863774,3.88456228079818e-07
194,1.8000000000000114,0.213,126.33000000000007,0.003243243243243264,0.22762162162162164,0.3834000000000024,146.58813000000038,1.1603588221325125,0.0022129695136032766,0.8461008417999807,1.0614639579862887e-06
68,1.0,0.213,127.33000000000007,0.0018018018018018018,0.22942342342342345,0.213,146.80113000000037,1.1529186366135262,0.0012294275075573683,0.8473302693075381,3.2761233271181334e-07
58,1.5,0.211,128.83000000000007,0.002702702702702703,0.23212612612612615,0.3165,147.11763000000036,1.1419516416983644,0.0018268253809479204,0.849157094688486,7.671610827643303e-07
15,1.0,0.207,129.83000000000007,0.0018018018018018018,0.23392792792792796,0.207,147.32463000000035,1.1347502888392536,0.0011947957467811042,0.850351890435267,3.6845635083178995e-07
108,1.4000000000000057,0.205,131.23000000000008,0.0025225225225225328,0.2364504504504505,0.28700000000000114,147.61163000000036,1.124831440981485,0.0016565525571312961,0.8520084429923983,7.499039809596992e-07
150,1.1999999999999886,0.203,132.43000000000006,0.002162162162162142,0.23861261261261263,0.2435999999999977,147.85523000000035,1.1164783659291722,0.001406049487516301,0.8534144924799146,5.717063767600869e-07
247,2.0,0.193,134.43000000000006,0.0036036036036036037,0.24221621621621622,0.386,148.24123000000034,1.1027391951201388,0.002227976609939644,0.8556424690898543,1.8923496256969434e-06
4,1.1000000000000014,0.189,135.53000000000006,0.0019819819819819847,0.2441981981981982,0.20790000000000028,148.44913000000034,1.095323028111859,0.0011999905108975456,0.8568424596007519,6.11510660848805e-07
267,1.8999999999999773,0.187,137.43000000000004,0.0034234234234233824,0.2476216216216216,0.35529999999999573,148.80443000000034,1.0827652623153627,0.0020507774339677356,0.8588932370347196,1.884157012368671e-06
139,1.3000000000000114,0.183,138.73000000000005,0.0023423423423423627,0.24996396396396398,0.23790000000000208,149.04233000000033,1.0743338138830842,0.0013731493147788754,0.8602663863494985,9.393351246776786e-07
82,1.5,0.182,140.23000000000005,0.002702702702702703,0.2526666666666667,0.273,149.31533000000033,1.0647887755829728,0.0015757451153200072,0.8618421314648185,1.2700334037594257e-06
0,1.75,0.179,141.98000000000005,0.003153153153153153,0.2558198198198199,0.31325,149.62858000000034,1.053870826877027,0.001808066510527444,0.8636501979753459,1.8092580761701015e-06
53,1.0999999999999943,0.179,143.08000000000004,0.0019819819819819717,0.25780180180180184,0.19689999999999896,149.82548000000034,1.0471448140900217,0.0011364989494743875,0.8647866969248204,7.148415582582205e-07
46,1.3900000000000006,0.174,144.47000000000003,0.0025045045045045057,0.26030630630630636,0.24186000000000007,150.06734000000034,1.038743960683881,0.0013960062768911979,0.8661827032017115,1.2287683206218438e-06
102,1.3000000000000114,0.174,145.77000000000004,0.0023423423423423627,0.26264864864864873,0.22620000000000196,150.29354000000035,1.0310320367702566,0.00130561738126516,0.8674883205829766,1.0747986449205273e-06
31,1.7000000000000028,0.172,147.47000000000003,0.003063063063063068,0.2657117117117118,0.2924000000000005,150.58594000000033,1.0211293144368367,0.0016877211418299298,0.8691760417248066,1.8915654003012598e-06
22,1.1199999999999974,0.17,148.59000000000003,0.0020180180180180136,0.2677297297297298,0.19039999999999957,150.77634000000035,1.014713910761157,0.0010989812086334384,0.87027502293344,8.446286570037793e-07
229,1.1000000000000227,0.169,149.69000000000005,0.001981981981982023,0.2697117117117118,0.18590000000000387,150.96224000000035,1.0084991649408799,0.0010730073880512653,0.8713480303214912,8.262348124115857e-07
248,1.1999999999999886,0.167,150.89000000000004,0.002162162162162142,0.27187387387387396,0.2003999999999981,151.16264000000035,1.0018068791835133,0.001156700809927203,0.8725047311314185,1.0109525308381108e-06
184,2.079999999999984,0.167,152.97000000000003,0.0037477477477477193,0.2756216216216217,0.34735999999999734,151.51000000000036,0.9904556448976946,0.002004948070540489,0.874509679201959,3.0373507148736243e-06
32,1.5399999999999991,0.167,154.51000000000002,0.0027747747747747732,0.27839639639639646,0.25717999999999985,151.76718000000037,0.9822482687204734,0.001484432706073257,0.8759941119080322,1.6649826542609072e-06
27,1.6700000000000017,0.166,156.18,0.0030090090090090123,0.2814054054054055,0.2772200000000003,152.04440000000037,0.9735202970931,0.0016001027870659811,0.8775942146950982,1.985016742229785e-06
223,1.3700000000000045,0.164,157.55,0.002468468468468477,0.28387387387387397,0.22468000000000077,152.26908000000037,0.9664809901618556,0.0012968440018684996,0.8788910586969667,1.3727038907356804e-06
133,1.6200000000000045,0.161,159.17000000000002,0.002918918918918927,0.2867927927927929,0.2608200000000007,152.52990000000037,0.9582829678959625,0.0015054426409441956,0.8803965013379109,1.9979151883973e-06
176,1.8000000000000114,0.161,160.97000000000003,0.003243243243243264,0.29003603603603617,0.28980000000000183,152.81970000000038,0.9493675840218696,0.0016727140454935567,0.8820692153834044,2.466561960984338e-06
54,1.5999999999999943,0.159,162.57000000000002,0.0028828828828828725,0.292918918918919,0.2543999999999991,153.07410000000039,0.9415888540321115,0.001468386656913584,0.8835376020403181,2.000799573281361e-06
142,1.5500000000000114,0.157,164.12000000000003,0.0027927927927928133,0.29571171171171184,0.2433500000000018,153.31745000000038,0.9341789544235946,0.00140460649748398,0.884942208537802,1.927061190483263e-06
89,1.4000000000000057,0.154,165.52000000000004,0.0025225225225225328,0.2982342342342344,0.21560000000000087,153.53305000000037,0.9275800507491562,0.0012444346038937542,0.8861866431416958,1.633508727744843e-06
80,1.2000000000000028,0.154,166.72000000000003,0.0021621621621621674,0.30039639639639654,0.18480000000000044,153.71785000000037,0.9220120561420366,0.0010666582319089305,0.8872533013736047,1.2001288612002887e-06
182,1.3000000000000114,0.151,168.02000000000004,0.0023423423423423627,0.3027387387387389,0.19630000000000172,153.91415000000038,0.9160466015950502,0.001133035773396777,0.8883863371470014,1.4624223776949445e-06
177,1.1999999999999886,0.147,169.22000000000003,0.002162162162162142,0.30490090090090105,0.1763999999999983,154.09055000000038,0.9105930150100482,0.0010181737668221488,0.8894045109138236,1.3087094486725715e-06
40,1.2999999999999972,0.147,170.52000000000004,0.002342342342342337,0.30724324324324337,0.19109999999999958,154.28165000000038,0.9047715810462136,0.0011030215807240026,0.8905075324945475,1.535915950178249e-06
140,1.6999999999999886,0.143,172.22000000000003,0.0030630630630630426,0.3103063063063064,0.24309999999999835,154.52475000000038,0.8972520613169223,0.001403163507451616,0.8919106960019991,2.755266534719011e-06
321,1.3999999999999773,0.139,173.62,0.0025225225225224816,0.3128288288288289,0.19459999999999686,154.7193500000004,0.8911378297431194,0.0011232234411768076,0.8930339194431759,1.9580379190548472e-06
122,1.5999999999999943,0.137,175.22,0.0028828828828828725,0.31571171171171175,0.21919999999999923,154.9385500000004,0.8842515123844332,0.001265213660359503,0.8942991331035354,2.616853713499362e-06
92,1.0999999999999943,0.136,176.32,0.0019819819819819717,0.3176936936936937,0.14959999999999923,155.08815000000038,0.8795834278584415,0.0008634852353548419,0.8951626183388902,1.2510349722154735e-06
42,1.1500000000000057,0.136,177.47,0.002072072072072082,0.3197657657657658,0.1564000000000008,155.24455000000037,0.8747650307094178,0.0009027345642346167,0.8960653529031248,1.3673502072355348e-06
29,1.3999999999999986,0.136,178.87,0.00252252252252252,0.3222882882882883,0.19039999999999982,155.43495000000038,0.8689827807905204,0.00109898120863344,0.8971643341117582,2.026469872349048e-06
317,2.0,0.13,180.87,0.0036036036036036037,0.32589189189189194,0.26,155.69495000000038,0.8608113562227034,0.001500709633638102,0.8986650437453964,4.422163048917267e-06
114,2.0,0.13,182.87,0.0036036036036036037,0.32949549549549556,0.26,155.95495000000037,0.8528186689998379,0.001500709633638102,0.9001657533790345,4.422163048917267e-06
69,2.0999999999999943,0.126,184.97,0.0037837837837837733,0.33327927927927936,0.2645999999999993,156.21955000000037,0.844566956803808,0.0015272606502332335,0.9016930140292677,5.091896652248748e-06
174,1.5,0.125,186.47,0.002702702702702703,0.33598198198198204,0.1875,156.40705000000037,0.8387786239073329,0.0010822425242582466,0.902775256553526,2.6258911899242377e-06
143,1.5,0.125,187.97,0.002702702702702703,0.3386846846846847,0.1875,156.59455000000037,0.8330826727669328,0.0010822425242582466,0.9038574990777842,2.6258911899242377e-06
81,2.3000000000000114,0.125,190.27,0.004144144144144164,0.34282882882882887,0.2875000000000014,156.88205000000036,0.8245233089819748,0.0016594385371959863,0.9055169376149802,6.173761953199714e-06
43,1.7099999999999937,0.125,191.98000000000002,0.0030810810810810696,0.34590990990990994,0.21374999999999922,157.09580000000037,0.818292530471926,0.0012337564776543966,0.9067506940926346,3.4126081904255146e-06
296,1.0,0.125,192.98000000000002,0.0018018018018018018,0.3477117117117117,0.125,157.22080000000037,0.814699968908697,0.0007214950161721645,0.9074721891088068,1.167062751077439e-06
119,1.4000000000000057,0.124,194.38000000000002,0.0025225225225225328,0.3502342342342343,0.1736000000000007,157.39440000000036,0.8097252803786416,0.001002012278459906,0.9084742013872666,2.311951402299388e-06
224,1.5299999999999727,0.124,195.91,0.0027567567567567076,0.35299099099099096,0.1897199999999966,157.58412000000035,0.8043699658006246,0.0010950562757454448,0.9095692576630121,2.7612484885930616e-06
226,0.8999999999999773,0.121,196.80999999999997,0.0016216216216215806,0.35461261261261257,0.10889999999999725,157.69302000000036,0.8012449570651917,0.0006285664580891738,0.9101978241211013,9.861585578183752e-07
16,1.3599999999999994,0.12,198.16999999999996,0.0024504504504504494,0.357063063063063,0.16319999999999993,157.85622000000035,0.7965697128727879,0.0009419838931143775,0.9111398080142157,2.2754713546013406e-06
187,1.3199999999999932,0.12,199.48999999999995,0.002378378378378366,0.35944144144144136,0.15839999999999918,158.01462000000035,0.7920929369893247,0.000914278484493362,0.912054086498709,2.14358849927408e-06
47,1.4200000000000017,0.116,200.90999999999997,0.0025585585585585617,0.36199999999999993,0.1647200000000002,158.17934000000034,0.7873144193917693,0.0009507572725110326,0.91300484377122,2.5850249754160887e-06
83,1.0999999999999943,0.116,202.00999999999996,0.0019819819819819717,0.3639819819819819,0.12759999999999935,158.30694000000034,0.7836589277758546,0.0007365021125085418,0.9137413458837286,1.5512201052635524e-06
30,1.2999999999999972,0.116,203.30999999999995,0.002342342342342337,0.3663243243243242,0.15079999999999968,158.45774000000034,0.7793897988293758,0.0008704115875100974,0.9146117574712387,2.1665801470210075e-06
186,1.5500000000000114,0.115,204.85999999999996,0.0027927927927928133,0.36911711711711703,0.17825000000000132,158.63599000000033,0.7743629307819992,0.0010288518930615142,0.9156406093643003,3.111487497744865e-06
315,1.8000000000000114,0.114,206.65999999999997,0.003243243243243264,0.3723603603603603,0.2052000000000013,158.84119000000032,0.7686111971353932,0.0011844062185482327,0.9168250155828485,4.238809894255088e-06
190,1.6000000000000227,0.112,208.26,0.0028828828828829237,0.3752432432432432,0.17920000000000255,159.02039000000033,0.7635666474599075,0.0010343352551844297,0.9178593508380329,3.417128331869731e-06
79,1.7999999999999972,0.111,210.06,0.0032432432432432383,0.3784864864864865,0.1997999999999997,159.22019000000034,0.7579748167190343,0.001153237633849586,0.9190125884718825,4.368123447296932e-06
45,1.0999999999999943,0.111,211.16,0.0019819819819819717,0.38046846846846843,0.12209999999999938,159.34229000000033,0.7546045179011193,0.0007047563317969666,0.9197173448036795,1.6313053614905092e-06
250,1.0,0.107,212.16,0.0018018018018018018,0.3822702702702702,0.107,159.44929000000033,0.7515520833333349,0.0006175997338433727,0.9203349445375228,1.4023345377570197e-06
49,1.5,0.107,213.66,0.002702702702702703,0.38497297297297295,0.1605,159.60979000000034,0.7470270055227949,0.0009263996007650592,0.9212613441382879,3.1552527099532945e-06
44,1.190000000000012,0.107,214.85000000000002,0.0021441441441441655,0.3871171171171171,0.12733000000000128,159.73712000000035,0.7434820572492452,0.0007349436832736209,0.9219962878215615,1.9858459389177552e-06
52,1.9000000000000057,0.105,216.75000000000003,0.0034234234234234336,0.39054054054054055,0.1995000000000006,159.93662000000035,0.7378852133794709,0.001151506045810778,0.9231477938673723,5.161608570698367e-06
50,1.75,0.105,218.50000000000003,0.003153153153153153,0.3936936936936937,0.18375,160.12037000000035,0.7328163386727704,0.0010605976737730817,0.9242083915411454,4.378788434283561e-06
141,1.4499999999999886,0.104,219.95000000000002,0.002612612612612592,0.3963063063063063,0.15079999999999882,160.27117000000035,0.7286709252102767,0.0008704115875100924,0.9250788031286555,3.0352644118682013e-06
107,1.6999999999999886,0.103,221.65,0.0030630630630630426,0.39936936936936934,0.1750999999999988,160.44627000000034,0.723872185878639,0.001010670218653961,0.9260894733473095,4.2123163877816e-06
39,2.1000000000000085,0.102,223.75,0.0037837837837837993,0.40315315315315314,0.21420000000000086,160.66047000000034,0.7180356201117334,0.0012363538597126259,0.9273258272070222,6.489399218053263e-06
318,1.2000000000000455,0.101,224.95000000000005,0.002162162162162244,0.4053153153153154,0.1212000000000046,160.78167000000036,0.7147440320071141,0.0006995615676805572,0.9280253887747028,2.1392004989781834e-06
41,1.8499999999999943,0.1,226.80000000000004,0.003333333333333323,0.4086486486486487,0.18499999999999944,160.96667000000036,0.7097295855379203,0.0010678126239348,0.9290932013986376,5.1325840847135855e-06
106,1.3000000000000114,0.1,228.10000000000005,0.0023423423423423627,0.41099099099099107,0.13000000000000114,161.09667000000036,0.7062545813239821,0.0007503548168190577,0.9298435562154567,2.534424281421816e-06
193,2.1999999999999886,0.099,230.30000000000004,0.003963963963963943,0.414954954954955,0.21779999999999888,161.31447000000037,0.7004536257056029,0.001257132916178373,0.931100689131635,7.326934321255929e-06
66,1.5,0.098,231.80000000000004,0.002702702702702703,0.4176576576576577,0.14700000000000002,161.46147000000036,0.6965550905953423,0.0008484781390184655,0.9319491672706535,3.4381487325699997e-06
103,1.799999999999983,0.098,233.60000000000002,0.0032432432432432127,0.42090090090090093,0.17639999999999834,161.63787000000036,0.6919429366438371,0.0010181737668221488,0.9329673410374756,4.950934174900705e-06
189,1.3999999999999773,0.098,235.0,0.0025225225225224816,0.42342342342342343,0.13719999999999777,161.77507000000037,0.688404553191491,0.0007919129297505548,0.9337592539672261,2.995009562594214e-06
72,1.4000000000000057,0.095,236.4,0.0025225225225225328,0.425945945945946,0.13300000000000053,161.90807000000038,0.6848903130287664,0.000767670697207186,0.9345269246644333,3.079504928812603e-06
123,1.9000000000000057,0.095,238.3,0.0034234234234234336,0.4293693693693694,0.18050000000000055,162.08857000000037,0.6801870331514912,0.0010418388033526086,0.935568763467786,5.671945302557895e-06
124,2.3000000000000114,0.095,240.60000000000002,0.004144144144144164,0.4335135135135136,0.21850000000000108,162.30707000000038,0.6745929758936009,0.0012611732882689497,0.9368299367560549,8.311520955825869e-06
249,1.1999999999999886,0.093,241.8,0.002162162162162142,0.4356756756756757,0.11159999999999894,162.4186700000004,0.6717066583953697,0.0006441507504385023,0.9374740875064934,2.3043586461231963e-06
87,1.0,0.093,242.8,0.0018018018018018018,0.4374774774774775,0.093,162.51167000000038,0.6693231878088978,0.0005367922920320904,0.9380108797985255,1.6002490598078055e-06
91,1.0,0.093,243.8,0.0018018018018018018,0.4392792792792793,0.093,162.60467000000037,0.6669592698933567,0.0005367922920320904,0.9385476720905576,1.6002490598078055e-06
104,1.200000000000017,0.09,245.00000000000003,0.002162162162162193,0.4414414414414415,0.10800000000000153,162.71267000000037,0.6641333469387769,0.0006233716939727589,0.9391710437845303,2.367876104990657e-06
70,1.2000000000000028,0.09,246.20000000000005,0.0021621621621621674,0.4436036036036036,0.10800000000000025,162.82067000000038,0.6613349715678324,0.0006233716939727515,0.9397944154785031,2.367876104990601e-06
262,1.0,0.089,247.20000000000005,0.0018018018018018018,0.4454054054054054,0.089,162.90967000000038,0.6590197006472506,0.0005137044515145811,0.9403081199300176,1.6591947838169588e-06
71,1.5999999999999943,0.089,248.80000000000004,0.0028828828828828725,0.44828828828828826,0.1423999999999995,163.05207000000038,0.6553539790996799,0.0008219271224233269,0.941130047052441,4.247538646571384e-06
84,0.9000000000000057,0.089,249.70000000000005,0.001621621621621632,0.44990990990990987,0.0801000000000005,163.13217000000037,0.6533126551862248,0.0004623340063631259,0.941592381058804,1.3439477748917536e-06
151,1.6699999999999875,0.088,251.37000000000003,0.0030090090090089867,0.45291891891891883,0.1469599999999989,163.27913000000038,0.6495569479253704,0.0008482472606132839,0.9424406283194173,4.668891333330053e-06
131,1.3000000000000114,0.088,252.67000000000004,0.0023423423423423627,0.4552612612612612,0.11440000000000099,163.39353000000037,0.6466677088692775,0.0006603122388007706,0.9431009405582181,2.829225269220139e-06
243,2.099999999999966,0.087,254.77,0.003783783783783722,0.45904504504504495,0.18269999999999703,163.57623000000038,0.6420545197629249,0.0010545371156372185,0.9441554776738553,7.448787375588793e-06
246,2.1000000000000227,0.087,256.87,0.003783783783783825,0.46282882882882875,0.18270000000000197,163.7589300000004,0.6375167594503071,0.0010545371156372469,0.9452100147894926,7.448787375589195e-06
295,2.2000000000000455,0.087,259.07000000000005,0.003963963963964046,0.4667927927927928,0.19140000000000396,163.9503300000004,0.6328418188134496,0.001104753168762841,0.9463147679582554,8.175086371395105e-06
128,2.5,0.087,261.57000000000005,0.0045045045045045045,0.4712972972972973,0.21749999999999997,164.1678300000004,0.6276248422984302,0.001255401328139566,0.947570169286395,1.055667145066473e-05
59,1.2000000000000028,0.086,262.77000000000004,0.0021621621621621674,0.47345945945945944,0.10320000000000024,164.2710300000004,0.6251513871446526,0.0005956662853517403,0.9481658355717468,2.453909332064068e-06
240,1.8000000000000114,0.086,264.57000000000005,0.003243243243243264,0.4767027027027027,0.15480000000000096,164.4258300000004,0.6214832747477051,0.000893499428027614,0.9490593349997745,5.521295997144197e-06
121,2.5,0.085,267.07000000000005,0.0045045045045045045,0.4812072072072072,0.21250000000000002,164.6383300000004,0.6164613397236693,0.0012265415274926796,0.9502858765272671,1.0745041278660223e-05
109,1.5999999999999943,0.084,268.6700000000001,0.0028828828828828725,0.4840900900900901,0.13439999999999952,164.7727300000004,0.6132903934194378,0.0007757514413883085,0.9510616279686555,4.440002911734959e-06
330,1.7999999999999545,0.083,270.47,0.003243243243243161,0.48733333333333323,0.14939999999999623,164.92213000000038,0.6097612674233754,0.0008623308433289492,0.9519239588119844,5.668743856065252e-06
137,2.5,0.083,272.97,0.0045045045045045045,0.49183783783783774,0.20750000000000002,165.1296300000004,0.6049369161446326,0.001197681726845793,0.9531216405388302,1.0935076882842474e-05
51,1.25,0.082,274.22,0.0022522522522522522,0.49409009009009,0.10250000000000001,165.23213000000038,0.6025531689884048,0.0005916259132611749,0.9537132664520914,2.757679837750908e-06
304,1.6000000000000227,0.08,275.82000000000005,0.0028828828828829237,0.4969729729729729,0.12800000000000183,165.3601300000004,0.5995218983394981,0.000738810896560307,0.9544520773486518,4.597044682533411e-06
160,1.2700000000000102,0.079,277.09000000000003,0.0022882882882883067,0.4992612612612612,0.10033000000000081,165.4604600000004,0.5971361651449002,0.0005791007597804308,0.9550311781084322,2.9213220076068608e-06
85,1.799999999999983,0.077,278.89,0.0032432432432432127,0.5025045045045045,0.1385999999999987,165.5990600000004,0.5937791243859601,0.0007999936739316884,0.9558311717823639,5.9694684579409465e-06
192,0.5,0.076,279.39,0.0009009009009009009,0.5034054054054053,0.038,165.63706000000042,0.5928525000894822,0.000219334484916338,0.9560505062672802,4.6453277939804213e-07
165,1.5,0.075,280.89,0.002702702702702703,0.506108108108108,0.11249999999999999,165.74956000000043,0.5900870803517406,0.000649345514554948,0.9566998517818351,4.216275742118053e-06
94,1.5999999999999943,0.075,282.49,0.0028828828828828725,0.5089909909909909,0.11999999999999957,165.86956000000043,0.5871696697228236,0.0006926352155252754,0.9573924869973605,4.797184844365395e-06
147,1.5600000000000023,0.074,284.05,0.0028108108108108147,0.5118018018018017,0.11544000000000017,165.98500000000044,0.5843513465939111,0.0006663150773353183,0.9580588020746957,4.598861950894608e-06
115,1.4000000000000057,0.074,285.45000000000005,0.0025225225225225328,0.5143243243243242,0.10360000000000041,166.08860000000044,0.5818483096864614,0.0005979750694034923,0.9586567771440992,3.7038828993069844e-06
7,1.6999999999999993,0.074,287.15000000000003,0.0030630630630630617,0.5173873873873872,0.12579999999999994,166.21440000000044,0.5788417203552165,0.0007261125842756659,0.9593828897283749,5.461337540304638e-06
105,1.6999999999999886,0.072,288.85,0.0030630630630630426,0.5204504504504502,0.12239999999999918,166.33680000000044,0.5758587502163768,0.0007064879198357786,0.9600893776482107,5.553446405676599e-06
251,1.1000000000000227,0.072,289.95000000000005,0.001981981981982023,0.5224324324324323,0.07920000000000163,166.41600000000045,0.5739472322814293,0.00045713924224669277,0.9605465168904573,2.325145380923547e-06
20,1.5,0.071,291.45000000000005,0.002702702702702703,0.525135135135135,0.10649999999999998,166.52250000000046,0.5713587236232645,0.000614713753778684,0.961161230644236,4.359697850828827e-06
175,1.5,0.071,292.95000000000005,0.002702702702702703,0.5278378378378377,0.10649999999999998,166.62900000000047,0.568796722990273,0.000614713753778684,0.9617759443980146,4.359697850828827e-06
227,1.1000000000000227,0.07,294.05000000000007,0.001981981981982023,0.5298198198198197,0.0770000000000016,166.70600000000047,0.5669307940826405,0.0004444409299620625,0.9622203853279767,2.364032486646646e-06
146,1.6399999999999864,0.07,295.69000000000005,0.0029549549549549303,0.5327747747747746,0.11479999999999906,166.82080000000047,0.5641746423619346,0.0006626210228525104,0.9628830063508292,5.254794856268142e-06
148,1.4399999999999977,0.066,297.13000000000005,0.0025945945945945906,0.5353693693693692,0.09503999999999986,166.9158400000005,0.5617603069363594,0.0005485670906960193,0.9634315734415253,4.186228546709418e-06
329,2.1000000000000227,0.065,299.2300000000001,0.003783783783783825,0.539153153153153,0.13650000000000148,167.0523400000005,0.5582740366941833,0.0007878725576600121,0.9642194459991853,8.975484074814685e-06
270,1.1999999999999886,0.064,300.43000000000006,0.002162162162162142,0.5413153153153152,0.07679999999999927,167.1291400000005,0.5562997703291963,0.0004432865379361736,0.9646627325371214,2.954533411558211e-06
48,0.6899999999999977,0.064,301.12000000000006,0.0012432432432432391,0.5425585585585584,0.04415999999999985,167.1733000000005,0.5551716923485669,0.0002548897593133014,0.9649176222964347,9.768426091964456e-07
65,1.8999999999999915,0.063,303.02000000000004,0.003423423423423408,0.5459819819819818,0.11969999999999946,167.2930000000005,0.5520856709128126,0.0006909036274864615,0.9656085259239212,7.4666644351872916e-06
130,1.3000000000000114,0.06,304.32000000000005,0.0023423423423423627,0.5483243243243241,0.07800000000000068,167.3710000000005,0.5499835699263947,0.00045021289009143455,0.9660587388140126,3.5801538640753973e-06
145,1.3600000000000136,0.06,305.68000000000006,0.002450450450450475,0.5507747747747745,0.08160000000000081,167.4526000000005,0.5478035854488369,0.0004709919465571936,0.9665297307605698,3.918255968635428e-06
112,1.8000000000000114,0.059,307.4800000000001,0.003243243243243264,0.5540180180180178,0.10620000000000067,167.5588000000005,0.5449421100559401,0.0006129821657398748,0.9671427129263097,6.918273335829288e-06
63,1.0999999999999943,0.059,308.58000000000004,0.0019819819819819717,0.5559999999999997,0.06489999999999967,167.6237000000005,0.5432098645408013,0.00037460021239658583,0.9675173131387063,2.5836761531954462e-06
302,1.8000000000000114,0.055,310.38000000000005,0.003243243243243264,0.5592432432432429,0.09900000000000063,167.7227000000005,0.5403785682067158,0.0005714240528083579,0.9680887371915147,7.138617786376235e-06
111,1.4000000000000057,0.055,311.7800000000001,0.0025225225225225328,0.5617657657657654,0.07700000000000032,167.79970000000048,0.5381990506126129,0.0004444409299620551,0.9685331781214768,4.318423105338691e-06
25,1.6000000000000014,0.054,313.3800000000001,0.0028828828828828855,0.5646486486486483,0.08640000000000007,167.88610000000048,0.5357269130129568,0.0004986973551782005,0.9690318754766549,5.684340630516467e-06
24,1.3999999999999986,0.054,314.7800000000001,0.00252252252252252,0.5671711711711708,0.07559999999999992,167.9617000000005,0.5335844081580801,0.00043636018578092456,0.9694682356624359,4.352073295239153e-06
301,2.0,0.054,316.7800000000001,0.0036036036036036037,0.5707747747747743,0.108,168.0697000000005,0.5305565376602073,0.0006233716939727501,0.9700916073564086,8.881782235181965e-06
17,1.6400000000000006,0.053,318.4200000000001,0.002954954954954956,0.5737297297297292,0.08692000000000003,168.1566200000005,0.5280969160228643,0.0005016987744454765,0.9705933061308541,6.01846588720796e-06
110,1.5999999999999943,0.053,320.0200000000001,0.0028828828828828725,0.5766126126126121,0.0847999999999997,168.2414200000005,0.5257215799012576,0.0004894622189711946,0.9710827683498253,5.728462474439418e-06
62,1.6700000000000017,0.052,321.6900000000001,0.0030090090090090123,0.5796216216216211,0.08684000000000008,168.32826000000048,0.5232623333022488,0.0005012370176351265,0.9715840053674605,6.288920360719343e-06
28,1.3299999999999983,0.05,323.0200000000001,0.0023963963963963934,0.5820180180180176,0.06649999999999992,168.39476000000047,0.5213137267042302,0.00038383534860359105,0.9719678407160641,4.050401971092863e-06
191,1.5,0.049,324.5200000000001,0.002702702702702703,0.5847207207207202,0.07350000000000001,168.46826000000047,0.519130592875633,0.00042423906950923276,0.9723920797855734,5.1913965277851874e-06
271,1.5,0.048,326.0200000000001,0.002702702702702703,0.5874234234234229,0.07200000000000001,168.54026000000047,0.516962947058464,0.00041558112931516675,0.9728076609148886,5.230925091454678e-06
126,1.9000000000000057,0.047,327.9200000000001,0.0034234234234234336,0.5908468468468463,0.08930000000000027,168.62956000000048,0.5142399365698964,0.0005154360395533958,0.973323096954442,8.456390624747307e-06
144,1.5,0.046,329.4200000000001,0.002702702702702703,0.593549549549549,0.069,168.69856000000047,0.512107825875783,0.0003982652489270348,0.973721362203369,5.310431978364083e-06
218,1.3999999999999773,0.046,330.82000000000005,0.0025225225225224816,0.5960720720720715,0.06439999999999896,168.76296000000048,0.5101353001632322,0.00037171423233189313,0.9740930764357009,4.625976301152562e-06
261,2.0,0.046,332.82000000000005,0.0036036036036036037,0.599675675675675,0.092,168.8549600000005,0.507346193137433,0.000531020331902713,0.9746240967676035,9.44076796153615e-06
252,1.8999999999999773,0.045,334.72,0.0034234234234233824,0.6030990990990984,0.08549999999999898,168.94046000000048,0.5047217375717031,0.0004935025910617546,0.9751175993586653,8.584436083906656e-06
171,1.1000000000000227,0.044,335.82000000000005,0.001981981981982023,0.6050810810810805,0.048400000000001,168.9888600000005,0.5032126139003051,0.00027936287026186784,0.9753969622289271,2.89891183959473e-06
23,1.8800000000000026,0.044,337.70000000000005,0.003387387387387392,0.6084684684684679,0.08272000000000011,169.0715800000005,0.5006561445069603,0.0004774565419020922,0.9758744187708293,8.467697525506793e-06
308,2.0,0.042,339.70000000000005,0.0036036036036036037,0.6120720720720715,0.084,169.1555800000005,0.49795578451575057,0.00048484465086769455,0.976359263421697,9.726657405270386e-06
116,1.5999999999999943,0.042,341.30000000000007,0.0028828828828828725,0.6149549549549543,0.06719999999999976,169.2227800000005,0.49581828303545405,0.00038787572069415424,0.9767471391423912,6.225060739373003e-06
117,2.5,0.042,343.80000000000007,0.0045045045045045045,0.6194594594594588,0.10500000000000001,169.3277800000005,0.4925182664339746,0.0006060558135846182,0.9773531949559758,1.5197902195734978e-05
152,2.460000000000008,0.04,346.2600000000001,0.004432432432432447,0.6238918918918912,0.09840000000000032,169.4261800000005,0.48930335585975987,0.0005679608767307297,0.9779211558327066,1.4934140404827651e-05
285,1.8000000000000114,0.04,348.0600000000001,0.003243243243243264,0.6271351351351344,0.07200000000000045,169.4981800000005,0.48697977360225375,0.00041558112931516935,0.9783367369620217,7.995673030544301e-06
290,2.0,0.039,350.0600000000001,0.0036036036036036037,0.630738738738738,0.078,169.5761800000005,0.48442032794378237,0.0004502128900914306,0.9787869498521131,9.943872992064813e-06
93,1.5999999999999943,0.039,351.6600000000001,0.0028828828828828725,0.6336216216216208,0.062399999999999775,169.6385800000005,0.48239373258260954,0.0003601703120731432,0.9791471201641863,6.364078714921435e-06
88,1.0,0.038,352.6600000000001,0.0018018018018018018,0.6354234234234226,0.038,169.6765800000005,0.4811336131117804,0.000219334484916338,0.9793664546491025,2.504202809010679e-06
276,2.0,0.038,354.6600000000001,0.0036036036036036037,0.6390270270270262,0.076,169.7525800000005,0.4786346923814371,0.000438668969832676,0.9798051236189352,1.0016811236042716e-05
161,1.0,0.038,355.6600000000001,0.0018018018018018018,0.640828828828828,0.038,169.79058000000052,0.47739577124219895,0.000219334484916338,0.9800244581038515,2.504202809010679e-06
293,2.099999999999966,0.037,357.76000000000005,0.003783783783783722,0.6446126126126117,0.07769999999999873,169.8682800000005,0.4748107110912357,0.00044848130205261006,0.9804729394059042,1.1124242644641717e-05
172,1.1999999999999886,0.036,358.96000000000004,0.002162162162162142,0.6467747747747739,0.043199999999999586,169.91148000000052,0.4733437708936943,0.00024934867758909766,0.9807222880834933,3.658855426764471e-06
135,0.6300000000000239,0.036,359.59000000000003,0.0011351351351351782,0.647909909909909,0.02268000000000086,169.93416000000053,0.47257754665035323,0.00013090805573428248,0.9808531961392275,1.0084720270020528e-06
319,2.0,0.035,361.59000000000003,0.0036036036036036037,0.6515135135135126,0.07,170.00416000000052,0.4701572499239484,0.00040403720905641215,0.981257233348284,1.0237225113115711e-05
127,1.6500000000000057,0.035,363.24,0.0029729729729729834,0.6544864864864856,0.057750000000000204,170.06191000000052,0.46818056932056085,0.00033333069747154114,0.9815905640457555,6.967711342614429e-06
170,1.6499999999999773,0.034,364.89,0.002972972972972932,0.6574594594594585,0.056099999999999234,170.1180100000005,0.46621724355285293,0.000323806963258063,0.9819143710090136,7.0180805470286005e-06
228,1.3999999999999773,0.034,366.28999999999996,0.0025225225225224816,0.659981981981981,0.04759999999999923,170.1656100000005,0.4645652624969301,0.0002747453021583558,0.9821891163111719,5.052502432387874e-06
292,2.0,0.033,368.28999999999996,0.0036036036036036037,0.6635855855855846,0.066,170.2316100000005,0.46222164598550197,0.00038094936853890285,0.9825700656797108,1.0385500318780449e-05
266,1.6000000000000227,0.033,369.89,0.0028828828828829237,0.6664684684684675,0.052800000000000756,170.2844100000005,0.4603650004055273,0.00030475949483112664,0.9828748251745419,6.646720204019677e-06
328,1.7999999999999545,0.032,371.68999999999994,0.003243243243243161,0.6697117117117107,0.05759999999999855,170.3420100000005,0.45829053781377094,0.000332464903452125,0.9832072900779941,8.47263054339666e-06
118,1.5,0.031,373.18999999999994,0.002702702702702703,0.6724144144144134,0.0465,170.3885100000005,0.45657308609555597,0.0002683961460160452,0.9834756862240102,5.92584841192765e-06
303,2.5,0.031,375.68999999999994,0.0045045045045045045,0.6769189189189179,0.0775,170.4660100000005,0.453741142963615,0.00044732691002674196,0.9839230131340369,1.646069003313236e-05
19,1.8800000000000026,0.031,377.56999999999994,0.003387387387387392,0.6803063063063053,0.05828000000000008,170.5242900000005,0.4516362263951069,0.00033638983634011043,0.984259402970377,9.308586056496507e-06
164,1.5,0.031,379.06999999999994,0.002702702702702703,0.683009009009008,0.0465,170.5707900000005,0.44997174664310163,0.0002683961460160452,0.984527799116393,5.92584841192765e-06
219,1.0400000000000205,0.031,380.10999999999996,0.0018738738738739108,0.6848828828828819,0.032240000000000636,170.6030300000005,0.44882541895767153,0.00018608799457112832,0.9847138871109641,2.8486211743738656e-06
253,2.0,0.03,382.10999999999996,0.0036036036036036037,0.6884864864864855,0.06,170.6630300000005,0.44663324697076895,0.0003463176077626389,0.9850602047187267,1.0609912058701663e-05
159,1.1299999999999955,0.03,383.23999999999995,0.0020360360360360276,0.6905225225225216,0.03389999999999986,170.6969300000005,0.4454047855129958,0.0001956694483858902,0.9852558741671126,3.3869491769390108e-06
327,1.8000000000000682,0.03,385.04,0.0032432432432433662,0.6937657657657649,0.054000000000002046,170.7509300000005,0.443462835030128,0.00031168584698638686,0.985567560014099,8.594028767548998e-06
61,1.3299999999999983,0.03,386.37,0.0023963963963963934,0.6961621621621613,0.03989999999999995,170.79083000000048,0.44203957346585004,0.00023030120916215459,0.9857978612232611,4.691968360159331e-06
120,1.5999999999999943,0.029,387.97,0.0028828828828828725,0.6990450450450442,0.04639999999999984,170.8372300000005,0.4403361857875621,0.0002678189500031065,0.9860656801732641,6.838559373048588e-06
60,1.0999999999999943,0.029,389.07000000000005,0.0019819819819819717,0.7010270270270261,0.03189999999999984,170.8691300000005,0.4391732336083493,0.00018412552812713544,0.9862498057013913,3.232287828667486e-06
323,2.0,0.029,391.07000000000005,0.0036036036036036037,0.7046306306306297,0.058,170.9271300000005,0.43707553634899243,0.0003347736875038843,0.9865845793888952,1.0685249020388494e-05
331,2.1000000000000227,0.026,393.1700000000001,0.003783783783783825,0.7084144144144136,0.054600000000000586,170.98173000000048,0.4348798992802107,0.0003151490230640048,0.9868997284119592,1.2031427103273838e-05
18,1.1199999999999974,0.026,394.2900000000001,0.0020180180180180136,0.7104324324324316,0.02911999999999993,171.0108500000005,0.4337184559588132,0.00016807947896746702,0.9870678078909266,3.422272598264469e-06
153,1.4699999999999989,0.025,395.7600000000001,0.0026486486486486465,0.7130810810810803,0.03674999999999997,171.0476000000005,0.4322003234283416,0.00021211953475461616,0.9872799274256813,5.936674122853228e-06
185,2.3700000000000045,0.024,398.1300000000001,0.004270270270270279,0.7173513513513505,0.05688000000000011,171.1044800000005,0.4297703765101863,0.00032830909215898237,0.9876082365178402,1.5539057929736594e-05
173,1.8000000000000114,0.024,399.9300000000001,0.003243243243243264,0.7205945945945937,0.04320000000000027,171.14768000000052,0.42794409021578894,0.0002493486775891016,0.9878575851954293,8.963404670253521e-06
162,1.5999999999999943,0.023,401.5300000000001,0.0028828828828828725,0.7234774774774766,0.03679999999999987,171.18448000000052,0.4263304858914663,0.00021240813276108444,0.9880699933281905,7.131435391038025e-06
306,2.1000000000000227,0.023,403.6300000000001,0.003783783783783825,0.7272612612612604,0.04830000000000052,171.23278000000053,0.4242320441988962,0.00027878567424892734,0.9883487790024393,1.2285011747843202e-05
320,2.3999999999999773,0.023,406.0300000000001,0.004324324324324284,0.7315855855855847,0.05519999999999948,171.28798000000054,0.4218604044036168,0.0003186121991416248,0.988667391201581,1.6045729629835367e-05
244,2.0,0.023,408.0300000000001,0.0036036036036036037,0.7351891891891883,0.046,171.33398000000054,0.41990535009680785,0.0002655101659513565,0.9889329013675323,1.1142867798496993e-05
238,1.900000000000034,0.022,409.9300000000001,0.0034234234234234847,0.7386126126126118,0.041800000000000746,171.37578000000053,0.4180610835996401,0.0002412679334079761,0.9891741693009403,1.0126113562635842e-05
136,1.6699999999999875,0.022,411.60000000000014,0.0030090090090089867,0.7416216216216208,0.036739999999999724,171.41252000000054,0.4164541302235192,0.00021206181515332097,0.9893862311160936,7.82291360521708e-06
263,1.8000000000000114,0.021,413.40000000000015,0.003243243243243264,0.744864864864864,0.03780000000000024,171.45032000000054,0.41473226898887394,0.00021818009289046393,0.989604411208984,9.151007063622405e-06
256,1.8999999999999773,0.021,415.3000000000001,0.0034234234234233824,0.7482882882882874,0.039899999999999526,171.49022000000053,0.41293094148808207,0.00023030120916215215,0.9898347124181461,1.0196029475208541e-05
129,1.049999999999983,0.021,416.35000000000014,0.001891891891891861,0.7501801801801793,0.022049999999999643,171.51227000000054,0.4119425243184832,0.00012727172085276776,0.9899619841389989,3.113884348038039e-06
272,1.900000000000034,0.021,418.25000000000017,0.0034234234234234847,0.7536036036036028,0.03990000000000072,171.55217000000053,0.4101665750149443,0.00023030120916215903,0.9901922853481611,1.019602947520915e-05
255,1.900000000000034,0.021,420.1500000000002,0.0034234234234234847,0.7570270270270263,0.03990000000000072,171.59207000000052,0.4084066880875888,0.00023030120916215903,0.9904225865573232,1.019602947520915e-05
260,2.0,0.02,422.1500000000002,0.0036036036036036037,0.7606306306306299,0.04,171.6320700000005,0.4065665521733991,0.00023087840517509262,0.9906534649624983,1.1375275264114637e-05
273,2.1999999999999886,0.02,424.3500000000002,0.003963963963963943,0.7645945945945938,0.043999999999999775,171.67607000000052,0.40456243666784597,0.0002539662456926006,0.9909074312081909,1.3764083069578567e-05
230,1.599999999999966,0.02,425.95000000000016,0.0028828828828828213,0.7674774774774766,0.03199999999999932,171.70807000000053,0.4031179011621093,0.00018470272414007017,0.991092133932331,7.280176169033056e-06
305,2.099999999999966,0.02,428.0500000000001,0.003783783783783722,0.7712612612612604,0.041999999999999316,171.75007000000053,0.4012383366429167,0.0002424223254338433,0.9913345562577648,1.2541240978685981e-05
163,1.4000000000000057,0.02,429.45000000000016,0.0025225225225225328,0.7737837837837829,0.028000000000000115,171.77807000000053,0.3999955058796145,0.0001616148836225655,0.9914961711413873,5.573884879416218e-06
299,3.0,0.019,432.45000000000016,0.005405405405405406,0.7791891891891882,0.056999999999999995,171.8350700000005,0.3973524569314382,0.00032900172737450697,0.9918251728687618,2.576987430232563e-05
221,2.0,0.019,434.45000000000016,0.0036036036036036037,0.7827927927927918,0.038,171.87307000000052,0.39561070318793984,0.000219334484916338,0.9920445073536781,1.145327746770028e-05
282,2.1000000000000227,0.019,436.5500000000002,0.003783783783783825,0.7865765765765756,0.03990000000000043,171.9129700000005,0.3937990379108932,0.00023030120916215735,0.9922748085628402,1.2627238408139833e-05
167,1.5,0.019,438.0500000000002,0.002702702702702703,0.7892792792792783,0.028499999999999998,171.94147000000052,0.39251562607008433,0.00016450086368725348,0.9924393094265275,6.442468575581407e-06
284,2.0,0.018,440.0500000000002,0.0036036036036036037,0.7928828828828819,0.036,171.97747000000052,0.390813475741394,0.00020779056465758335,0.9926470999911851,1.1531546195475804e-05
332,3.0,0.018,443.0500000000002,0.005405405405405406,0.7982882882882874,0.05399999999999999,172.03147000000052,0.38828906443968053,0.000311685846986375,0.9929587858381714,2.594597893982056e-05
281,2.0,0.018,445.0500000000002,0.0036036036036036037,0.8018918918918909,0.036,172.06747000000053,0.386625030895406,0.00020779056465758335,0.993166576402829,1.1531546195475804e-05
254,1.8999999999999773,0.018,446.95000000000016,0.0034234234234233824,0.8053153153153143,0.034199999999999585,172.10167000000052,0.38505799306410216,0.00019740103642470179,0.9933639774392538,1.0407220441416662e-05
340,2.0,0.017,448.95000000000016,0.0036036036036036037,0.8089189189189179,0.034,172.13567000000052,0.38341835393696505,0.00019624664439882875,0.9935602240836526,1.1610081447441208e-05
286,2.1000000000000227,0.017,451.0500000000002,0.003783783783783825,0.8127027027027017,0.03570000000000039,172.1713700000005,0.3817123822192671,0.0002060589766187724,0.9937662830602714,1.2800114795804208e-05
283,1.8999999999999773,0.017,452.95000000000016,0.0034234234234233824,0.8161261261261251,0.032299999999999614,172.2036700000005,0.3801825146263394,0.00018643431217888506,0.9939527173724503,1.047809850631544e-05
214,2.3999999999999773,0.017,455.35000000000014,0.004324324324324284,0.8204504504504494,0.040799999999999614,172.2444700000005,0.37826829911057525,0.00023549597327859225,0.9941882133457288,1.671851728431502e-05
336,2.1000000000000227,0.016,457.45000000000016,0.003783783783783825,0.8242342342342333,0.033600000000000366,172.2780700000005,0.3766052464750255,0.0001939378603470799,0.9943821512060759,1.2886993754015412e-05
233,2.0,0.016,459.45000000000016,0.0036036036036036037,0.8278378378378368,0.032,172.3100700000005,0.37503552073131013,0.0001847027241400741,0.9945668539302159,1.1688883223596494e-05
258,1.8999999999999773,0.016,461.35000000000014,0.0034234234234233824,0.8312612612612602,0.030399999999999636,172.3404700000005,0.37355688739568754,0.00017546758793306828,0.994742321518149,1.0549217109295584e-05
333,2.0,0.015,463.35000000000014,0.0036036036036036037,0.8348648648648638,0.03,172.3704700000005,0.3720092154958464,0.00017315880388131945,0.9949154803220304,1.1767951523941661e-05
279,2.0,0.015,465.35000000000014,0.0036036036036036037,0.8384684684684673,0.03,172.4004700000005,0.370474846889439,0.00017315880388131945,0.9950886391259117,1.1767951523941661e-05
291,1.900000000000034,0.015,467.25000000000017,0.0034234234234234847,0.8418918918918908,0.02850000000000051,172.4289700000005,0.3690293632958811,0.00016450086368725644,0.995253139989599,1.062057625035773e-05
275,2.0,0.015,469.25000000000017,0.0036036036036036037,0.8454954954954944,0.03,172.4589700000005,0.36752044752264346,0.00017315880388131945,0.9954262987934803,1.1767951523941661e-05
168,1.8000000000000114,0.014,471.0500000000002,0.003243243243243264,0.8487387387387376,0.02520000000000016,172.48417000000052,0.3661695573718298,0.00014545339526030927,0.9955717521887406,9.596301942266253e-06
242,2.1000000000000227,0.014,473.1500000000002,0.003783783783783825,0.8525225225225215,0.029400000000000318,172.51357000000053,0.36460650956356433,0.00016969562780369492,0.9957414478165443,1.3061633199195851e-05
257,2.1000000000000227,0.014,475.2500000000002,0.003783783783783825,0.8563063063063053,0.029400000000000318,172.54297000000054,0.3630572751183597,0.00016969562780369492,0.995911143444348,1.3061633199195851e-05
294,2.0,0.014,477.2500000000002,0.0036036036036036037,0.8599099099099089,0.028,172.57097000000053,0.3615944892613943,0.00016161488362256485,0.9960727583279705,1.1847286348476708e-05
156,1.5999999999999943,0.013,478.85000000000025,0.0028828828828828725,0.8627927927927918,0.020799999999999926,172.59177000000054,0.36042971703038623,0.00012005677069104774,0.9961928150986615,7.633208126208994e-06
309,2.099999999999966,0.013,480.9500000000002,0.003783783783783722,0.8665765765765755,0.027299999999999554,172.61907000000053,0.3589127144193793,0.00015757451153199814,0.9963503896101935,1.314939368616438e-05
277,2.1000000000000227,0.013,483.05000000000024,0.003783783783783825,0.8703603603603594,0.027300000000000293,172.64637000000053,0.357408901770004,0.0001575745115320024,0.9965079641217255,1.314939368616509e-05
325,3.0,0.013,486.05000000000024,0.005405405405405406,0.8757657657657647,0.039,172.68537000000052,0.3552831395946928,0.0002251064450457153,0.9967330705667712,2.683549731870368e-05
241,3.0,0.012,489.05000000000024,0.005405405405405406,0.88117117117117,0.036000000000000004,172.72137000000052,0.35317732338206814,0.00020779056465758337,0.9969408611314288,2.7015200032762003e-05
239,1.599999999999966,0.012,490.6500000000002,0.0028828828828828213,0.8840540540540529,0.019199999999999592,172.74057000000053,0.3520647508407224,0.0001108216344840421,0.9970516827659128,7.684323564874199e-06
232,2.099999999999966,0.012,492.75000000000017,0.003783783783783722,0.8878378378378367,0.02519999999999959,172.76577000000054,0.35061546423135564,0.000145453395260306,0.9971971361611731,1.3237448016052952e-05
339,2.0,0.012,494.75000000000017,0.0036036036036036037,0.8914414414414402,0.024,172.78977000000054,0.34924662961091557,0.00013852704310505557,0.9973356632042781,1.2006755570116445e-05
235,2.0,0.011,496.75000000000017,0.0036036036036036037,0.8950450450450438,0.022,172.81177000000054,0.3478847911424267,0.00012698312284630092,0.9974626463271244,1.2086889967221138e-05
326,2.3999999999999773,0.011,499.15000000000015,0.004324324324324284,0.8993693693693681,0.02639999999999975,172.83817000000053,0.3462649904838235,0.00015237974741555969,0.99761502607454,1.7405121552798107e-05
307,2.0,0.011,501.15000000000015,0.0036036036036036037,0.9029729729729716,0.022,172.86017000000052,0.34492700788187264,0.00012698312284630092,0.9977420091973863,1.2086889967221138e-05
96,0.9000000000000057,0.011,502.0500000000002,0.001621621621621632,0.9045945945945932,0.009900000000000062,172.8700700000005,0.3443283935862971,5.714240528083578e-05,0.9977991516026672,2.4475952183623115e-06
300,2.099999999999966,0.011,504.15000000000015,0.003783783783783722,0.908378378378377,0.023099999999999624,172.8931700000005,0.34293993851036486,0.00013333227898861382,0.9979324838816558,1.3325796188860872e-05
157,1.5,0.01,505.65000000000015,0.002702702702702703,0.9110810810810797,0.015,172.9081700000005,0.34195227924453764,8.657940194065972e-05,0.9980190632835965,6.844101124790086e-06
337,1.8999999999999773,0.01,507.5500000000001,0.0034234234234233824,0.914504504504503,0.018999999999999774,172.9271700000005,0.34070962466752136,0.00010966724245816768,0.9981287305260547,1.0980980026885165e-05
259,2.0,0.01,509.5500000000001,0.0036036036036036037,0.9181081081081066,0.02,172.9471700000005,0.339411578844079,0.00011543920258754631,0.9982441697286422,1.2167290888515709e-05
155,1.4000000000000057,0.01,510.95000000000016,0.0025225225225225328,0.9206306306306291,0.014000000000000058,172.96117000000052,0.33850899305215865,8.080744181128275e-05,0.9983249771704534,5.961972535372746e-06
288,1.0,0.009,511.95000000000016,0.0018018018018018018,0.9224324324324309,0.009,172.9701700000005,0.3378653579451127,5.1947641164395837e-05,0.9983769248116178,3.0619895835000405e-06
280,2.0,0.009,513.9500000000002,0.0036036036036036037,0.9260360360360345,0.018,172.9881700000005,0.3365856017122297,0.00010389528232879167,0.9984808200939466,1.2247958334000162e-05
169,1.4499999999999886,0.008,515.4000000000001,0.002612612612612592,0.928648648648647,0.011599999999999909,172.9997700000005,0.33566117578579835,6.695473750077633e-05,0.9985477748314473,6.480374017118805e-06
154,0.9000000000000057,0.008,516.3000000000001,0.001621621621621632,0.9302702702702687,0.007200000000000046,173.0069700000005,0.3350900058105762,4.155811293151694e-05,0.9985893329443788,2.4966006914941167e-06
322,2.0,0.008,518.3000000000001,0.0036036036036036037,0.9338738738738722,0.016,173.0229700000005,0.33382784101871593,9.235136207003705e-05,0.9986816843064489,1.2328892303674494e-05
274,2.0,0.008,520.3000000000001,0.0036036036036036037,0.9374774774774758,0.016,173.0389700000005,0.3325753795886997,9.235136207003705e-05,0.998774035668519,1.2328892303674494e-05
313,1.400000000000034,0.008,521.7,0.002522522522522584,0.9399999999999984,0.011200000000000272,173.0501700000005,0.3317043703277755,6.464595344902751e-05,0.998838681621968,6.041157228800796e-06
231,1.900000000000034,0.007,523.6000000000001,0.0034234234234234847,0.9434234234234219,0.013300000000000239,173.06347000000048,0.3305261077158144,7.676706972071967e-05,0.9989154486916887,1.1200108749779086e-05
335,2.0,0.007,525.6000000000001,0.0036036036036036037,0.9470270270270255,0.014,173.0774700000005,0.3292950342465762,8.080744181128242e-05,0.9989962561335,1.241009279753871e-05
334,2.0,0.007,527.6000000000001,0.0036036036036036037,0.950630630630629,0.014,173.0914700000005,0.328073294162245,8.080744181128242e-05,0.9990770635753112,1.241009279753871e-05
341,2.0,0.007,529.6000000000001,0.0036036036036036037,0.9542342342342326,0.014,173.1054700000005,0.32686078172205524,8.080744181128242e-05,0.9991578710171225,1.241009279753871e-05
237,2.3999999999999773,0.007,532.0000000000001,0.004324324324324284,0.9585585585585569,0.016799999999999843,173.1222700000005,0.3254178007518806,9.696893017353799e-05,0.999254839947296,1.7870533628455402e-05
158,1.0999999999999943,0.007,533.1000000000001,0.0019819819819819717,0.9605405405405388,0.00769999999999996,173.1299700000005,0.3247607765897589,4.44440929962051e-05,0.9992992840402922,3.7540530712554206e-06
287,2.2999999999999545,0.007,535.4000000000001,0.004144144144144062,0.9646846846846829,0.01609999999999968,173.1460700000005,0.32339572282405765,9.292855808297293e-05,0.9993922125983752,1.6412347724744294e-05
278,2.099999999999966,0.007,537.5,0.003783783783783722,0.9684684684684667,0.014699999999999762,173.1607700000005,0.3221595720930242,8.484781390184517e-05,0.999477060412277,1.3682127309285984e-05
234,2.1999999999999886,0.006,539.7,0.003963963963963943,0.9724324324324306,0.013199999999999932,173.1739700000005,0.32087079859181117,7.618987370778017e-05,0.9995532502859849,1.511478737686714e-05
314,1.8999999999999773,0.006,541.6,0.0034234234234233824,0.975855855855854,0.011399999999999863,173.18537000000052,0.31976619276218704,6.580034547490061e-05,0.9996190506314597,1.1273632733572238e-05
312,2.0,0.006,543.6,0.0036036036036036037,0.9794594594594576,0.012,173.19737000000052,0.318611791758647,6.926352155252779e-05,0.9996883141530123,1.2491559815592806e-05
289,2.0,0.006,545.6,0.0036036036036036037,0.9830630630630611,0.012,173.20937000000052,0.31746585410557276,6.926352155252779e-05,0.9997575776745649,1.2491559815592806e-05
311,2.0,0.006,547.6,0.0036036036036036037,0.9866666666666647,0.012,173.22137000000052,0.3163282870708556,6.926352155252779e-05,0.9998268411961174,1.2491559815592806e-05
324,1.0,0.005,548.6,0.0018018018018018018,0.9884684684684665,0.005,173.22637000000051,0.3157607911046309,2.8859800646886578e-05,0.9998557009967644,3.1433233394591953e-06
236,1.900000000000034,0.005,550.5,0.0034234234234234847,0.99189189189189,0.009500000000000172,173.23587000000052,0.3146882288828347,5.483362122908549e-05,0.9999105346179934,1.1347397255448102e-05
338,2.0,0.005,552.5,0.0036036036036036037,0.9954954954954935,0.01,173.2458700000005,0.3135671855203629,5.7719601293773156e-05,0.9999682542192871,1.2573293357836781e-05
298,0.5,0.003,553.0,0.0009009009009009009,0.9963963963963944,0.0015,173.2473700000005,0.31328638336347286,8.657940194065973e-06,0.9999769121594813,7.960975009308986e-07
310,2.0,0.002,555.0,0.0036036036036036037,0.999999999999998,0.004,173.2513700000005,0.3121646306306315,2.3087840517509262e-05,0.9999999999999988,1.2820093129707995e-05
