,weight,grade,cml_weight,weight_pct,cml_weight_pct,yield,cml_yield,cml_grade,recovery,cml_recovery,distributional_heterogeneity
31,1.0,2.743,1.0,0.02470355731225296,0.02470355731225296,2.743,2.743,2.743,0.25026755727732936,0.25026755727732936,0.050879118080244985
32,1.0,2.4,2.0,0.02470355731225296,0.04940711462450592,2.4,5.143,2.5715,0.2189727077891325,0.4692402650664619,0.03774050282700847
24,1.0,1.406,3.0,0.02470355731225296,0.07411067193675888,1.406,6.5489999999999995,2.183,0.12828151131313345,0.5975217763795954,0.010728392555008515
33,1.0,1.063,4.0,0.02470355731225296,0.09881422924901184,1.063,7.611999999999999,1.9029999999999998,0.0969866618249366,0.694508438204532,0.005224847197991545
34,1.0,0.411,5.0,0.02470355731225296,0.1235177865612648,0.411,8.023,1.6046,0.03749907620888894,0.7320075144134209,0.00016372530383416834
28,1.0,0.309,6.0,0.02470355731225296,0.14822134387351776,0.309,8.331999999999999,1.3886666666666665,0.028192736127850813,0.7602002505412717,1.2174368807216795e-05
10,1.0,0.309,7.0,0.02470355731225296,0.17292490118577072,0.309,8.640999999999998,1.2344285714285712,0.028192736127850813,0.7883929866691225,1.2174368807216795e-05
0,0.3999999999999986,0.274,7.399999999999999,0.00988142292490115,0.18280632411067188,0.10959999999999961,8.750599999999999,1.1825135135135136,0.009999753655703682,0.7983927403248262,1.400216185226154e-08
29,1.0,0.274,8.399999999999999,0.02470355731225296,0.20750988142292484,0.274,9.0246,1.074357142857143,0.024999384139259298,0.8233921244640855,8.751351157663524e-08
16,1.0,0.274,9.399999999999999,0.02470355731225296,0.2322134387351778,0.274,9.2986,0.989212765957447,0.024999384139259298,0.8483915086033448,8.751351157663524e-08
25,0.19999999999998863,0.206,9.599999999999987,0.004940711462450312,0.23715415019762812,0.041199999999997655,9.339799999999999,0.9728958333333345,0.0037590314837132274,0.852150540087058,1.3963675721480757e-06
15,1.0,0.171,10.599999999999987,0.02470355731225296,0.2618577075098811,0.171,9.510799999999998,0.8972452830188689,0.015601805429975694,0.8677523455170337,8.284188732653782e-05
18,1.0,0.137,11.599999999999987,0.02470355731225296,0.28656126482213407,0.137,9.647799999999998,0.8317068965517249,0.012499692069629649,0.8802520375866634,0.0001489343268601094
14,1.0,0.137,12.599999999999987,0.02470355731225296,0.311264822134387,0.137,9.784799999999999,0.7765714285714292,0.012499692069629649,0.892751729656293,0.0001489343268601094
36,0.8500000000000227,0.137,13.45000000000001,0.02099802371541558,0.3322628458498026,0.11645000000000312,9.901250000000003,0.736152416356877,0.010624738259185485,0.9033764679154785,0.00010760505115643481
13,1.0,0.069,14.45000000000001,0.02470355731225296,0.3569664031620555,0.069,9.970250000000004,0.6899826989619375,0.00629546534893756,0.9096719332644161,0.0003388578497298771
35,1.0,0.069,15.45000000000001,0.02470355731225296,0.38166996047430846,0.069,10.039250000000004,0.6497896440129448,0.00629546534893756,0.9159673986133536,0.0003388578497298771
41,1.0,0.069,16.45000000000001,0.02470355731225296,0.4063735177865614,0.069,10.108250000000005,0.614483282674772,0.00629546534893756,0.9222628639622912,0.0003388578497298771
40,1.0,0.069,17.45000000000001,0.02470355731225296,0.4310770750988143,0.069,10.177250000000006,0.5832234957020057,0.00629546534893756,0.9285583293112287,0.0003388578497298771
39,1.0,0.034,18.45000000000001,0.02470355731225296,0.45578063241106725,0.034,10.211250000000007,0.5534552845528456,0.0031021133603460443,0.9316604426715748,0.00046662238080737595
30,1.0,0.034,19.45000000000001,0.02470355731225296,0.4804841897233202,0.034,10.245250000000008,0.5267480719794345,0.0031021133603460443,0.9347625560319208,0.00046662238080737595
37,1.0,0.034,20.45000000000001,0.02470355731225296,0.5051877470355731,0.034,10.279250000000008,0.5026528117359415,0.0031021133603460443,0.9378646693922669,0.00046662238080737595
38,1.0,0.034,21.45000000000001,0.02470355731225296,0.529891304347826,0.034,10.313250000000009,0.480804195804196,0.0031021133603460443,0.9409667827526129,0.00046662238080737595
27,0.4000000000000057,0.034,21.850000000000016,0.009881422924901325,0.5397727272727274,0.013600000000000194,10.32685000000001,0.47262471395881017,0.0012408453441384352,0.9422076280967514,7.465958092918229e-05
26,1.0,0.034,22.850000000000016,0.02470355731225296,0.5644762845849803,0.034,10.36085000000001,0.4534288840262583,0.0031021133603460443,0.9453097414570975,0.00046662238080737595
21,0.7999999999999972,0.034,23.650000000000013,0.0197628458498023,0.5842391304347826,0.027199999999999905,10.38805000000001,0.43924101479915456,0.0024816906882768265,0.9477914321453743,0.0002986383237167185
23,1.0,0.034,24.650000000000013,0.02470355731225296,0.6089426877470355,0.034,10.422050000000011,0.4228012170385398,0.0031021133603460443,0.9508935455057204,0.00046662238080737595
8,1.0,0.034,25.650000000000013,0.02470355731225296,0.6336462450592885,0.034,10.456050000000012,0.4076432748538014,0.0031021133603460443,0.9539956588660664,0.00046662238080737595
2,1.0,0.034,26.650000000000013,0.02470355731225296,0.6583498023715414,0.034,10.490050000000013,0.3936228893058164,0.0031021133603460443,0.9570977722264125,0.00046662238080737595
3,0.6300000000000026,0.034,27.280000000000015,0.015563241106719429,0.6739130434782609,0.02142000000000009,10.511470000000013,0.3853178152492671,0.0019543314170180157,0.9590521036434305,0.00018520242294244903
4,1.0,0.034,28.280000000000015,0.02470355731225296,0.6986166007905138,0.034,10.545470000000014,0.37289497878359296,0.0031021133603460443,0.9621542170037766,0.00046662238080737595
5,1.0,0.034,29.280000000000015,0.02470355731225296,0.7233201581027667,0.034,10.579470000000015,0.3613206967213118,0.0031021133603460443,0.9652563303641226,0.00046662238080737595
6,1.0,0.034,30.280000000000015,0.02470355731225296,0.7480237154150197,0.034,10.613470000000016,0.35051089828269516,0.0031021133603460443,0.9683584437244687,0.00046662238080737595
7,1.0,0.034,31.280000000000015,0.02470355731225296,0.7727272727272726,0.034,10.647470000000016,0.3403922634271103,0.0031021133603460443,0.9714605570848147,0.00046662238080737595
9,1.0,0.034,32.280000000000015,0.02470355731225296,0.7974308300395255,0.034,10.681470000000017,0.3309005576208182,0.0031021133603460443,0.9745626704451608,0.00046662238080737595
22,1.0,0.034,33.280000000000015,0.02470355731225296,0.8221343873517785,0.034,10.715470000000018,0.32197926682692346,0.0031021133603460443,0.9776647838055068,0.00046662238080737595
11,1.0,0.034,34.280000000000015,0.02470355731225296,0.8468379446640314,0.034,10.749470000000018,0.31357847141190237,0.0031021133603460443,0.9807668971658529,0.00046662238080737595
12,1.0,0.034,35.280000000000015,0.02470355731225296,0.8715415019762843,0.034,10.783470000000019,0.30565391156462624,0.0031021133603460443,0.9838690105261989,0.00046662238080737595
17,1.0,0.034,36.280000000000015,0.02470355731225296,0.8962450592885373,0.034,10.81747000000002,0.2981662072767369,0.0031021133603460443,0.986971123886545,0.00046662238080737595
19,1.0,0.034,37.280000000000015,0.02470355731225296,0.9209486166007902,0.034,10.85147000000002,0.29108020386266137,0.0031021133603460443,0.990073237246891,0.00046662238080737595
20,1.1999999999999886,0.034,38.480000000000004,0.029644268774703275,0.9505928853754935,0.040799999999999614,10.89227000000002,0.28306314968815016,0.0037225360324152175,0.9937957732793062,0.0006719362283626087
1,1.0,0.034,39.480000000000004,0.02470355731225296,0.9752964426877464,0.034,10.92627000000002,0.2767545592705172,0.0031021133603460443,0.9968978866396523,0.00046662238080737595
42,1.0,0.034,40.480000000000004,0.02470355731225296,0.9999999999999993,0.034,10.96027000000002,0.2707576581027673,0.0031021133603460443,0.9999999999999983,0.00046662238080737595
