,weight,grade,cml_weight,weight_pct,cml_weight_pct,yield,cml_yield,cml_grade,recovery,cml_recovery,distributional_heterogeneity
8,1.9000000000000057,30.48,1.9000000000000057,0.12250161186331435,0.12250161186331435,57.91200000000018,57.91200000000018,30.48,0.44336683797955506,0.44336683797955506,0.10295449333062628
4,1.5,14.0,3.4000000000000057,0.09671179883945841,0.21921341070277275,21.0,78.91200000000018,23.209411764705894,0.16077330428185224,0.6041401422614073,0.004103876479545859
3,2.2300000000000004,8.95,5.630000000000006,0.14377820760799487,0.36299161831076765,19.9585,98.87050000000018,17.561367673179408,0.15279971397663564,0.7569398562380429,8.138757715942652e-05
9,0.9699999999999989,7.31,6.600000000000005,0.0625402965828497,0.42553191489361736,7.090699999999991,105.96120000000016,16.054727272727284,0.05428548898434897,0.8112253452223919,6.814184848826525e-05
2,1.5,4.21,8.100000000000005,0.09671179883945841,0.5222437137330758,6.3149999999999995,112.27620000000016,13.86125925925927,0.048346829359042706,0.8595721745814345,0.002339170272841541
6,2.799999999999997,2.88,10.900000000000002,0.18052869116698883,0.7027724049000645,8.063999999999991,120.34020000000015,11.04038532110093,0.0617369488442312,0.9213091234256657,0.014111478044076448
7,1.5,2.42,12.400000000000002,0.09671179883945841,0.7994842037395229,3.63,123.97020000000015,9.997596774193559,0.02779081402586303,0.9490999374515288,0.004750102147675844
1,0.7100000000000009,2.35,13.110000000000003,0.0457769181173437,0.8452611218568666,1.668500000000002,125.63870000000016,9.583424866514122,0.012773821818774801,0.9618737592703036,0.0010892043652926122
0,1.5,2.09,14.610000000000003,0.09671179883945841,0.941972920696325,3.135,128.77370000000016,8.814079397672836,0.0240011575677908,0.9858749168380944,0.005286837354137133
5,0.8999999999999986,2.05,15.510000000000002,0.05802707930367495,0.9999999999999999,1.8449999999999969,130.61870000000016,8.42157962604772,0.014125083161905567,0.9999999999999999,0.0019273852652319336
